plane 0.003859857482185273 2.9675613965872945 0.011454364060461646
analyse 2.969121140142518E-4 1.4512139072192063 4.308829890793368E-4
bring 2.969121140142518E-4 1.3361445774344192 3.9671751111473256E-4
accuracy 0.0011876484560570072 1.0539121097502027 0.0012516770899646114
remote 0.0029691211401425177 2.9675613965872945 0.00881104927727819
without 5.938242280285036E-4 0.32850406697203605 1.9507367397389314E-4
via 0.0011876484560570072 0.9021060968821986 0.0010713849131617562
iot 0.0020783847980997625 4.0661736852554045 0.008451073573868121
offer 2.969121140142518E-4 1.0059028905638423 2.98664753730357E-4
robot 8.907363420427554E-4 3.0853444322436783 0.002748228413518716
path 8.907363420427554E-4 2.169053700369523 0.0019320549587614518
would 5.938242280285036E-4 0.5013468798114469 2.977119238785314E-4
record 2.969121140142518E-4 0.8340526336371831 2.4764033065237026E-4
visual 5.938242280285036E-4 1.157452788691043 6.873235087238973E-4
near 2.969121140142518E-4 1.79749014393704 5.336965985561283E-4
diagnostic 2.969121140142518E-4 2.0292917579943643 6.025213058178042E-4
calculate 2.969121140142518E-4 0.7221347174331975 2.1441054555617503E-4
energy 8.907363420427554E-4 1.8689491079191851 0.0016647408918520057
addition 5.938242280285036E-4 0.7953381214564925 4.722910459955419E-4
thus 0.0017814726840855108 0.8881198549074587 0.001582161261711625
raw 5.938242280285036E-4 2.2744142160273495 0.001350602266049495
require 5.938242280285036E-4 0.3127557100038969 1.8572191805457062E-4
analysis 5.938242280285036E-4 0.13434805253107854 7.977912858140056E-5
packet 0.0014845605700712589 4.0661736852554045 0.0060364811241915145
easy 5.938242280285036E-4 1.3805963400052528 8.198315558225967E-4
version 8.907363420427554E-4 1.293584963015623 0.001152243138078049
ehr 0.0017814726840855108 2.8622008809294686 0.005098932685741334
delay 5.938242280285036E-4 2.0292917579943643 0.0012050426116356084
size 0.004750593824228029 0.12136085700426753 5.765361377874942E-4
unsupervised 5.938242280285036E-4 2.0292917579943643 0.0012050426116356084
broadband 0.0020783847980997625 4.471638793363569 0.009293786090720006
applicability 8.907363420427554E-4 2.5257286443082556 0.002249758293623743
detail 5.938242280285036E-4 1.0216512475319812 6.066812633800364E-4
sdn 0.009204275534441805 5.1647859739235145 0.04753811318041239
appropriate 8.907363420427554E-4 1.0539121097502027 9.387578174734585E-4
treatment 8.907363420427554E-4 0.9162907318741551 8.161734547572641E-4
compare 5.938242280285036E-4 0.17435338714477774 1.0353526552540246E-4
be 2.969121140142518E-4 0.017291497110061043 5.13405496141955E-6
role 0.0011876484560570072 0.664976303593249 7.897580802770179E-4
depict 2.969121140142518E-4 1.7635885922613586 5.236308171797383E-4
authenticate 2.969121140142518E-4 4.471638793363569 0.0013276837272457153
sustainable 8.907363420427554E-4 3.2188758248682006 0.002867169677732958
hop 2.969121140142518E-4 5.1647859739235145 0.001533487521948787
customize 2.969121140142518E-4 3.2188758248682006 9.55723225910986E-4
virus 5.938242280285036E-4 2.8622008809294686 0.0016996442285804447
example 0.0014845605700712589 0.6988778552689304 0.001037526507228222
result 2.969121140142518E-4 0.058840500022933395 1.7470457251464787E-5
how 8.907363420427554E-4 0.5496654570822546 4.896069985887066E-4
see 2.969121140142518E-4 0.5696661237889241 1.691407730964739E-4
same 0.0017814726840855108 0.2972515234679317 5.295454693609235E-4
pave 2.969121140142518E-4 3.5553480614894135 0.0010556259089932938
aspect 2.969121140142518E-4 0.9452782687474074 2.8066456910552477E-4
term 5.938242280285036E-4 0.4643056081310978 2.7571591931775403E-4
after 5.938242280285036E-4 0.12136085700426753 7.206701722343677E-5
panel 5.938242280285036E-4 2.6798793241355137 0.0015913772708643194
cisco 0.0011876484560570072 5.1647859739235145 0.006133950087795148
connect 0.0020783847980997625 1.293584963015623 0.0026885673221821145
completion 8.907363420427554E-4 2.7668907011251433 0.0024645701019523247
contain 8.907363420427554E-4 0.6429973968744738 5.727411492349826E-4
set 2.969121140142518E-4 0.5108256237659907 1.5167031584500913E-4
address 5.938242280285036E-4 0.7827593392496325 4.6482146036201454E-4
charge 5.938242280285036E-4 3.2188758248682006 0.001911446451821972
mitigate 5.938242280285036E-4 1.8689491079191851 0.0011098272612346705
column 0.0014845605700712589 2.456735772821304 0.0036471730594140497
staff 8.907363420427554E-4 2.2744142160273495 0.0020259033990742423
medicine 5.938242280285036E-4 2.073743520565198 0.00123143914522874
procedure 2.969121140142518E-4 0.8080771472339223 2.3992789407182967E-4
possible 5.938242280285036E-4 0.38566248081198473 2.290157249477344E-4
blood 8.907363420427554E-4 1.906689435902032 0.0016983575735469408
sample 5.938242280285036E-4 0.6321864807702582 3.75407648913455E-4
the 0.1089667458432304 0.017291497110061043 0.0018841981708409747
fast 2.969121140142518E-4 1.3581234841531944 4.0324331477232617E-4
meet 5.938242280285036E-4 1.1394342831883648 6.76623683603542E-4
stage 5.938242280285036E-4 1.3581234841531944 8.064866295446523E-4
pathway 2.969121140142518E-4 2.073743520565198 6.1571957261437E-4
information 0.002672209026128266 0.3049735695618419 8.149531253137105E-4
emerge 2.969121140142518E-4 1.293584963015623 3.8408104602601637E-4
analytic 2.969121140142518E-4 2.392197251683733 7.102723431365003E-4
naive 5.938242280285036E-4 2.6798793241355137 0.0015913772708643194
surgery 5.938242280285036E-4 1.6094379124341003 9.55723225910986E-4
essential 5.938242280285036E-4 1.252762968495368 7.439210026694585E-4
discuss 5.938242280285036E-4 0.7827593392496325 4.6482146036201454E-4
represent 2.969121140142518E-4 0.4285875255290187 1.2725282824495806E-4
register 2.969121140142518E-4 2.331572629867298 6.92272158511668E-4
standard 0.0020783847980997625 0.7221347174331975 0.0015008738188932252
communicate 8.907363420427554E-4 2.2744142160273495 0.0020259033990742423
reader 5.938242280285036E-4 2.456735772821304 0.00145886922376562
isp 8.907363420427554E-4 5.1647859739235145 0.004600462565846361
historical 5.938242280285036E-4 2.392197251683733 0.0014205446862730006
promise 2.969121140142518E-4 2.5998366164619773 7.719229858853852E-4
language 5.938242280285036E-4 0.664976303593249 3.9487904013850894E-4
dn 2.969121140142518E-4 5.1647859739235145 0.001533487521948787
good 8.907363420427554E-4 0.2160260835453457 1.9242228344300389E-4
predefined 8.907363420427554E-4 2.2203469947570738 0.0019777437601755407
meaningful 5.938242280285036E-4 1.730798769438368 0.0010277902431344227
deploy 5.938242280285036E-4 2.7668907011251433 0.0016430467346348833
compute 2.969121140142518E-4 1.2729656758128876 3.7795892987318514E-4
ethereum 0.0014845605700712589 5.1647859739235145 0.007667437609743934
act 2.969121140142518E-4 1.121734706088964 3.3305662294802967E-4
transmission 5.938242280285036E-4 2.8622008809294686 0.0016996442285804447
shortage 2.969121140142518E-4 3.373026504695459 0.0010014924301352313
contact 8.907363420427554E-4 1.9867321435755685 0.0017696545221872642
discharge 5.938242280285036E-4 2.331572629867298 0.001384544317023336
surgical 0.0011876484560570072 1.6384254493073527 0.0019458734552343857
implement 2.969121140142518E-4 1.0376515888784226 3.0809132686413973E-4
train 2.969121140142518E-4 1.252762968495368 3.719605013347293E-4
which 0.0035629453681710215 0.023122417420854212 8.238391005054945E-5
add 5.938242280285036E-4 0.7827593392496325 4.6482146036201454E-4
area 8.907363420427554E-4 0.664976303593249 5.923185602077634E-4
test 2.969121140142518E-4 0.44628710262841953 1.3250804709869938E-4
need 0.0011876484560570072 0.27443684570176036 3.259344960828508E-4
its 0.0020783847980997625 0.19497267434751336 4.052282424087273E-4
cryptography 8.907363420427554E-4 5.1647859739235145 0.004600462565846361
gather 2.969121140142518E-4 1.6682784124570338 4.953320702069578E-4
list 5.938242280285036E-4 0.8472978603872037 5.031459978546341E-4
take 2.969121140142518E-4 0.368995428326773 1.095592126860965E-4
emulator 8.907363420427554E-4 4.471638793363569 0.003983051181737146
external 5.938242280285036E-4 1.4759065198095778 8.764290497681579E-4
guideline 2.969121140142518E-4 1.5538680612792897 4.6136225097366084E-4
authority 8.907363420427554E-4 3.373026504695459 0.003004477290405694
pharmacy 5.938242280285036E-4 3.5553480614894135 0.0021112518179865875
final 5.938242280285036E-4 0.6988778552689304 4.1501060289128887E-4
exchange 5.938242280285036E-4 1.6682784124570338 9.906641404139156E-4
carry 2.969121140142518E-4 0.8472978603872037 2.5157299892731704E-4
useful 5.938242280285036E-4 0.9162907318741551 5.441156365048427E-4
fog 0.0029691211401425177 5.1647859739235145 0.015334875219487868
trust 5.938242280285036E-4 2.331572629867298 0.001384544317023336
pivoting 5.938242280285036E-4 5.1647859739235145 0.003066975043897574
some 0.0011876484560570072 0.2160260835453457 2.5656304459067183E-4
deep 0.0011876484560570072 1.157452788691043 0.0013746470174477946
analytical 5.938242280285036E-4 1.9459101490553132 0.0011555285920756017
neural 0.0011876484560570072 1.5271998141971284 0.0018137765014217676
united 5.938242280285036E-4 1.5812670354674039 9.389946766433516E-4
inbound 5.938242280285036E-4 4.471638793363569 0.0026553674544914307
compelling 8.907363420427554E-4 5.1647859739235145 0.004600462565846361
session 0.0011876484560570072 2.7668907011251433 0.0032860934692697666
additional 8.907363420427554E-4 0.5300569856938783 4.721410205111742E-4
deem 2.969121140142518E-4 2.456735772821304 7.2943461188281E-4
for 0.022268408551068885 0.017291497110061043 3.8505412210646623E-4
olsr 5.938242280285036E-4 5.1647859739235145 0.003066975043897574
back 8.907363420427554E-4 1.6094379124341003 0.001433584838866479
training 5.938242280285036E-4 1.0059028905638423 5.97329507460714E-4
emr 5.938242280285036E-4 4.471638793363569 0.0026553674544914307
introductory 5.938242280285036E-4 3.5553480614894135 0.0021112518179865875
interface 0.0011876484560570072 1.9459101490553132 0.0023110571841512034
representation 8.907363420427554E-4 1.2135422553420867 0.0010809461894377257
miss 2.969121140142518E-4 1.4512139072192063 4.308829890793368E-4
prevent 5.938242280285036E-4 1.1944940603713923 7.093195132846748E-4
random 8.907363420427554E-4 1.2329603411991883 0.0010982425842035526
alert 2.969121140142518E-4 3.373026504695459 0.0010014924301352313
provider 2.969121140142518E-4 1.9459101490553132 5.777642960378009E-4
responsible 0.0011876484560570072 1.6682784124570338 0.001981328280827831
company 5.938242280285036E-4 1.6990500711237875 0.0010089370968668573
divide 5.938242280285036E-4 1.0059028905638423 5.97329507460714E-4
end 0.0032660332541567696 0.8607208807193443 0.002811143018976481
hard 5.938242280285036E-4 1.6990500711237875 0.0010089370968668573
reinforcement 5.938242280285036E-4 3.5553480614894135 0.0021112518179865875
satellite 0.0020783847980997625 3.7784916128036232 0.007853159527798505
sit 2.969121140142518E-4 3.373026504695459 0.0010014924301352313
over 0.0032660332541567696 0.3364722366212129 0.0010989295139053866
telemedicine 5.938242280285036E-4 4.471638793363569 0.0026553674544914307
outperform 2.969121140142518E-4 2.0292917579943643 6.025213058178042E-4
historic 5.938242280285036E-4 3.2188758248682006 0.001911446451821972
practical 5.938242280285036E-4 1.5538680612792897 9.227245019473217E-4
identify 2.969121140142518E-4 0.3049735695618419 9.055034725707896E-5
perform 5.938242280285036E-4 0.2669461739726028 1.5851910568444346E-4
go 2.969121140142518E-4 1.5012243277938677 4.4573168877490136E-4
multiple 5.938242280285036E-4 0.5108256237659907 3.0334063169001825E-4
mobile 8.907363420427554E-4 2.331572629867298 0.002076816475535004
monitor 8.907363420427554E-4 1.9867321435755685 0.0017696545221872642
home 5.938242280285036E-4 2.120263536200091 0.0012590638576010043
with 0.012470308788598575 0.017291497110061043 2.1563030837962107E-4
modify 2.969121140142518E-4 1.5812670354674039 4.694973383216758E-4
environment 5.938242280285036E-4 1.3361445774344192 7.934350222294651E-4
form 0.0017814726840855108 0.5013468798114469 8.931357716355943E-4
management 0.0014845605700712589 0.9452782687474074 0.0014033228455276239
service 0.0014845605700712589 1.2329603411991883 0.0018304043070059208
publish 2.969121140142518E-4 0.03488725900044054 1.0358449821983533E-5
there 0.0017814726840855108 0.12136085700426753 2.1620105167031035E-4
automate 2.969121140142518E-4 1.4759065198095778 4.3821452488407894E-4
well 5.938242280285036E-4 0.3127557100038969 1.8572191805457062E-4
personnel 5.938242280285036E-4 3.2188758248682006 0.001911446451821972
assign 2.969121140142518E-4 1.0704414117014134 3.178270224766667E-4
explain 2.969121140142518E-4 0.9751312318970885 2.8952827550388614E-4
big 0.0011876484560570072 1.3581234841531944 0.0016129732590893047
expert 5.938242280285036E-4 1.6094379124341003 9.55723225910986E-4
practice 2.969121140142518E-4 1.0376515888784226 3.0809132686413973E-4
advanced 5.938242280285036E-4 1.4512139072192063 8.617659781586736E-4
simulation 0.0014845605700712589 2.331572629867298 0.00346136079255834
channel 0.0011876484560570072 2.456735772821304 0.00291773844753124
focus 8.907363420427554E-4 0.4285875255290187 3.8175848473487415E-4
approach 2.969121140142518E-4 0.40261203912575794 1.1954039166441745E-4
variation 5.938242280285036E-4 1.1944940603713923 7.093195132846748E-4
number 8.907363420427554E-4 0.14750613710858965 1.3138907699696228E-4
reinforce 2.969121140142518E-4 3.0853444322436783 9.160761378395719E-4
personalised 5.938242280285036E-4 4.0661736852554045 0.002414592449676606
bottleneck 2.969121140142518E-4 3.7784916128036232 0.0011218799325426435
fingerprint 5.938242280285036E-4 5.1647859739235145 0.003066975043897574
classifier 2.969121140142518E-4 2.0292917579943643 6.025213058178042E-4
context 5.938242280285036E-4 0.8881198549074587 5.273870872372083E-4
modem 5.938242280285036E-4 5.1647859739235145 0.003066975043897574
block 2.969121140142518E-4 1.906689435902032 5.661191911823136E-4
model 2.969121140142518E-4 0.41985384556026406 1.246596928623112E-4
flow 2.969121140142518E-4 1.4035858582299516 4.167416443675629E-4
order 8.907363420427554E-4 0.5900749954201312 5.256012429514233E-4
algorithm 8.907363420427554E-4 0.8472978603872037 7.547189967819511E-4
reduce 8.907363420427554E-4 0.3941013494578493 3.5104039441019835E-4
similar 8.907363420427554E-4 0.20895891632225325 1.8612730076210206E-4
mapping 0.0011876484560570072 2.0292917579943643 0.002410085223271217
wearable 5.938242280285036E-4 4.0661736852554045 0.002414592449676606
issue 2.969121140142518E-4 0.7953381214564925 2.3614552299777096E-4
fabrication 5.938242280285036E-4 4.0661736852554045 0.002414592449676606
topology 0.0017814726840855108 3.373026504695459 0.006008954580811388
distant 5.938242280285036E-4 2.9675613965872945 0.001762209855455638
unclonable 8.907363420427554E-4 5.1647859739235145 0.004600462565846361
understand 5.938242280285036E-4 1.0704414117014134 6.356540449533334E-4
handle 5.938242280285036E-4 1.5812670354674039 9.389946766433516E-4
decentralize 2.969121140142518E-4 4.471638793363569 0.0013276837272457153
resonance 5.938242280285036E-4 3.373026504695459 0.0020029848602704627
propose 2.969121140142518E-4 0.6214911916535102 1.8452826355508023E-4
operative 5.938242280285036E-4 2.6798793241355137 0.0015913772708643194
intelligence 8.907363420427554E-4 1.9459101490553132 0.0017332928881134027
traditional 0.0011876484560570072 1.1758019273592397 0.0013964393436570544
system 0.004453681710213777 0.36076492919025743 0.001606732166821218
operate 5.938242280285036E-4 2.169053700369523 0.0012880366391743012
physically 8.907363420427554E-4 2.5998366164619773 0.0023157689576561555
field 5.938242280285036E-4 0.6988778552689304 4.1501060289128887E-4
even 5.938242280285036E-4 0.377294231141468 2.2404645554719002E-4
remotely 0.0011876484560570072 4.0661736852554045 0.004829184899353212
partial 5.938242280285036E-4 1.6682784124570338 9.906641404139156E-4
become 2.969121140142518E-4 0.6321864807702582 1.877038244567275E-4
vaccination 5.938242280285036E-4 3.5553480614894135 0.0021112518179865875
server 0.0032660332541567696 3.373026504695459 0.011016416731487545
other 0.0059382422802850355 0.0408219945202552 2.4241089382574346E-4
wait 2.969121140142518E-4 2.8622008809294686 8.498221142902223E-4
aim 2.969121140142518E-4 0.6109090823229731 1.8138630710302055E-4
against 5.938242280285036E-4 0.9600933545325481 5.701266950905868E-4
tailor 2.969121140142518E-4 2.8622008809294686 8.498221142902223E-4
eventually 5.938242280285036E-4 2.073743520565198 0.00123143914522874
air 5.938242280285036E-4 2.5257286443082556 0.0014998388624158287
cell 5.938242280285036E-4 1.3361445774344192 7.934350222294651E-4
notify 2.969121140142518E-4 4.0661736852554045 0.001207296224838303
local 0.0014845605700712589 1.0704414117014134 0.0015891351123833333
sparsely 5.938242280285036E-4 3.5553480614894135 0.0021112518179865875
healthcare 0.006235154394299287 1.9867321435755685 0.012387581655310849
mention 2.969121140142518E-4 0.8881198549074587 2.6369354361860414E-4
world 5.938242280285036E-4 1.4035858582299516 8.334832887351257E-4
tumour 5.938242280285036E-4 4.0661736852554045 0.002414592449676606
have 0.004156769596199525 0.017291497110061043 7.18767694598737E-5
administer 5.938242280285036E-4 2.0292917579943643 0.0012050426116356084
share 8.907363420427554E-4 1.0539121097502027 9.387578174734585E-4
ability 5.938242280285036E-4 0.8881198549074587 5.273870872372083E-4
map 2.969121140142518E-4 1.4512139072192063 4.308829890793368E-4
bundle 5.938242280285036E-4 4.0661736852554045 0.002414592449676606
table 0.0011876484560570072 0.18117935221517753 2.151773779277643E-4
may 0.005344418052256532 0.15415067982725836 8.238456760364163E-4
reminder 2.969121140142518E-4 3.7784916128036232 0.0011218799325426435
within 8.907363420427554E-4 0.3127557100038969 2.785828770818559E-4
could 0.004156769596199525 0.22314355131420976 9.275563296908957E-4
forward 2.969121140142518E-4 1.730798769438368 5.138951215672114E-4
health 0.003859857482185273 0.990398704027877 0.0038227978480885987
trigger 5.938242280285036E-4 2.073743520565198 0.00123143914522874
computation 8.907363420427554E-4 2.5257286443082556 0.002249758293623743
framework 0.002672209026128266 1.4035858582299516 0.0037506747993080653
carcinoma 5.938242280285036E-4 3.7784916128036232 0.002243759865085287
future 0.0023752969121140144 0.48265474679929443 0.0011464483296895354
instruction 5.938242280285036E-4 2.392197251683733 0.0014205446862730006
machine 0.0014845605700712589 1.0539121097502027 0.001564596362455764
constraint 2.969121140142518E-4 1.6682784124570338 4.953320702069578E-4
phr 5.938242280285036E-4 5.1647859739235145 0.003066975043897574
iomt 0.013954869358669833 5.1647859739235145 0.07207391353159298
northbound 5.938242280285036E-4 5.1647859739235145 0.003066975043897574
transaction 2.969121140142518E-4 3.373026504695459 0.0010014924301352313
entity 8.907363420427554E-4 1.9867321435755685 0.0017696545221872642
specialize 2.969121140142518E-4 2.331572629867298 6.92272158511668E-4
covid 5.938242280285036E-4 3.7784916128036232 0.002243759865085287
use 0.004156769596199525 0.03488725900044054 1.4501829750776946E-4
precision 5.938242280285036E-4 1.8689491079191851 0.0011098272612346705
several 0.0023752969121140144 0.3526016185510966 8.375335357508234E-4
screen 5.938242280285036E-4 1.7635885922613586 0.0010472616343594767
networking 0.0017814726840855108 3.2188758248682006 0.005734339355465916
serve 5.938242280285036E-4 1.1944940603713923 7.093195132846748E-4
while 0.0011876484560570072 0.20895891632225325 2.4816973434946943E-4
lab 8.907363420427554E-4 2.8622008809294686 0.002549466342870667
upon 5.938242280285036E-4 1.5538680612792897 9.227245019473217E-4
trial 2.969121140142518E-4 1.79749014393704 5.336965985561283E-4
associate 2.969121140142518E-4 0.38566248081198473 1.145078624738672E-4
second 0.0011876484560570072 0.4373981552111735 5.194752437187334E-4
that 0.007422802850356294 0.017291497110061043 1.2835137403548874E-4
high 5.938242280285036E-4 0.11492996667397702 6.824819873751606E-5
download 5.938242280285036E-4 0.24480504809538922 1.453711687027252E-4
optimize 2.969121140142518E-4 1.9867321435755685 5.898848407290881E-4
solution 5.938242280285036E-4 1.0216512475319812 6.066812633800364E-4
outbound 5.938242280285036E-4 5.1647859739235145 0.003066975043897574
find 0.0011876484560570072 0.16083966797805488 1.9102098334685853E-4
function 5.938242280285036E-4 0.5496654570822546 3.2640466572580437E-4
than 8.907363420427554E-4 0.058840500022933395 5.2411371754394355E-5
raise 2.969121140142518E-4 1.730798769438368 5.138951215672114E-4
host 5.938242280285036E-4 2.2744142160273495 0.001350602266049495
directly 0.0011876484560570072 0.7703368192510752 9.148893340274053E-4
communication 8.907363420427554E-4 1.5538680612792897 0.0013840867529209826
different 0.002672209026128266 0.18805223150293962 5.025148704057175E-4
cable 8.907363420427554E-4 5.1647859739235145 0.004600462565846361
traffic 0.0011876484560570072 2.9675613965872945 0.003524419710911276
tower 5.938242280285036E-4 5.1647859739235145 0.003066975043897574
all 0.006235154394299287 0.017291497110061043 1.0781515418981053E-4
new 0.0011876484560570072 0.36076492919025743 4.2846191115232475E-4
read 5.938242280285036E-4 1.3581234841531944 8.064866295446523E-4
author 2.969121140142518E-4 0.017291497110061043 5.13405496141955E-6
diagnosis 0.0011876484560570072 1.4512139072192063 0.0017235319563173473
difficult 5.938242280285036E-4 0.7703368192510752 4.574446670137027E-4
nfc 5.938242280285036E-4 5.1647859739235145 0.003066975043897574
establishment 5.938242280285036E-4 4.0661736852554045 0.002414592449676606
less 5.938242280285036E-4 0.36076492919025743 2.1423095557616237E-4
tool 2.969121140142518E-4 0.8743265327751228 2.5959813918501274E-4
establish 5.938242280285036E-4 0.9600933545325481 5.701266950905868E-4
entry 2.969121140142518E-4 1.6682784124570338 4.953320702069578E-4
clinical 8.907363420427554E-4 0.9452782687474074 8.419937073165743E-4
condition 2.969121140142518E-4 0.8607208807193443 2.5555845627058915E-4
task 2.969121140142518E-4 1.0216512475319812 3.033406316900182E-4
hybrid 5.938242280285036E-4 2.073743520565198 0.00123143914522874
background 5.938242280285036E-4 1.6094379124341003 9.55723225910986E-4
improve 5.938242280285036E-4 0.377294231141468 2.2404645554719002E-4
survey 5.938242280285036E-4 1.3805963400052528 8.198315558225967E-4
sensor 0.0011876484560570072 2.6798793241355137 0.003182754541728639
try 2.969121140142518E-4 1.3581234841531944 4.0324331477232617E-4
present 5.938242280285036E-4 0.083381608939051 4.9514019560006535E-5
repetitive 5.938242280285036E-4 4.0661736852554045 0.002414592449676606
collect 2.969121140142518E-4 0.6761496041913742 2.007570083703605E-4
datum 2.969121140142518E-4 0.167573700159399 4.975466156751752E-5
facilitate 2.969121140142518E-4 1.2729656758128876 3.7795892987318514E-4
centric 8.907363420427554E-4 4.471638793363569 0.003983051181737146
locate 2.969121140142518E-4 1.5812670354674039 4.694973383216758E-4
blend 5.938242280285036E-4 4.0661736852554045 0.002414592449676606
financial 5.938242280285036E-4 1.8689491079191851 0.0011098272612346705
latency 5.938242280285036E-4 4.0661736852554045 0.002414592449676606
technique 2.969121140142518E-4 0.7953381214564925 2.3614552299777096E-4
storage 0.0014845605700712589 2.6798793241355137 0.003978443177160798
investigate 2.969121140142518E-4 0.653926467406664 1.9415868984758435E-4
around 0.0014845605700712589 1.0216512475319812 0.0015167031584500908
effective 5.938242280285036E-4 0.8472978603872037 5.031459978546341E-4
transform 2.969121140142518E-4 1.5012243277938677 4.4573168877490136E-4
and 0.047505938242280284 0.017291497110061043 8.21448793827128E-4
unstructured 8.907363420427554E-4 1.6990500711237875 0.0015134056453002859
design 5.938242280285036E-4 0.6004377824556778 3.5655450264588946E-4
define 5.938242280285036E-4 0.3526016185510966 2.0938338393770584E-4
predict 8.907363420427554E-4 1.1043429633770947 9.8367841155917E-4
convolution 2.969121140142518E-4 3.7784916128036232 0.0011218799325426435
physical 0.0014845605700712589 1.3146383722134554 0.0019516602912907591
fulfil 5.938242280285036E-4 2.331572629867298 0.001384544317023336
make 8.907363420427554E-4 0.2521310881874621 2.2458232320735937E-4
fight 5.938242280285036E-4 3.7784916128036232 0.002243759865085287
crm 0.0014845605700712589 5.1647859739235145 0.007667437609743934
influx 5.938242280285036E-4 4.471638793363569 0.0026553674544914307
determine 2.969121140142518E-4 0.40261203912575794 1.1954039166441745E-4
nature 5.938242280285036E-4 1.0216512475319812 6.066812633800364E-4
emulation 2.969121140142518E-4 5.1647859739235145 0.001533487521948787
automatic 5.938242280285036E-4 1.5812670354674039 9.389946766433516E-4
coronavirus 5.938242280285036E-4 3.373026504695459 0.0020029848602704627
control 0.0035629453681710215 0.5398131606392429 0.00192332480037735
requirement 2.969121140142518E-4 1.6990500711237875 5.044685484334287E-4
specific 5.938242280285036E-4 0.40261203912575794 2.390807833288349E-4
any 0.0011876484560570072 0.2669461739726028 3.170382113688869E-4
intelligent 5.938242280285036E-4 2.5998366164619773 0.0015438459717707705
doctor 5.938242280285036E-4 3.0853444322436783 0.0018321522756791439
application 0.002672209026128266 0.7703368192510752 0.0020585010015616617
due 0.0011876484560570072 0.20895891632225325 2.4816973434946943E-4
harness 2.969121140142518E-4 4.0661736852554045 0.001207296224838303
strategy 5.938242280285036E-4 0.9021060968821986 5.356924565808781E-4
tamper 2.969121140142518E-4 5.1647859739235145 0.001533487521948787
reason 5.938242280285036E-4 0.7221347174331975 4.2882109111235005E-4
nation 2.969121140142518E-4 2.9675613965872945 8.81104927727819E-4
shift 5.938242280285036E-4 1.5538680612792897 9.227245019473217E-4
about 0.0014845605700712589 0.377294231141468 5.60116138867975E-4
wherein 5.938242280285036E-4 3.373026504695459 0.0020029848602704627
professional 2.969121140142518E-4 1.5538680612792897 4.6136225097366084E-4
concern 0.0014845605700712589 1.0539121097502027 0.001564596362455764
integrity 8.907363420427554E-4 3.5553480614894135 0.0031668777269798815
contribution 2.969121140142518E-4 1.2135422553420867 3.603153964792419E-4
qos 5.938242280285036E-4 4.471638793363569 0.0026553674544914307
merge 2.969121140142518E-4 2.331572629867298 6.92272158511668E-4
above 5.938242280285036E-4 0.9021060968821986 5.356924565808781E-4
magnetic 5.938242280285036E-4 2.9675613965872945 0.001762209855455638
pivot 8.907363420427554E-4 4.471638793363569 0.003983051181737146
state 8.907363420427554E-4 0.6761496041913742 6.022710251110815E-4
they 8.907363420427554E-4 0.05279818556697083 4.70292626784182E-5
element 2.969121140142518E-4 1.1758019273592397 3.491098359142636E-4
encompass 2.969121140142518E-4 2.5257286443082556 7.499194312079144E-4
environmental 5.938242280285036E-4 2.120263536200091 0.0012590638576010043
remain 5.938242280285036E-4 0.7104386776700063 4.218756993289824E-4
module 2.969121140142518E-4 2.331572629867298 6.92272158511668E-4
then 0.0023752969121140144 0.4285875255290187 0.0010180226259596645
vulnerability 2.969121140142518E-4 3.7784916128036232 0.0011218799325426435
monitoring 0.0011876484560570072 1.8325814637483102 0.002176462546019371
demand 8.907363420427554E-4 1.3805963400052528 0.0012297473337338951
each 0.0014845605700712589 0.13434805253107854 1.994478214535014E-4
benefit 5.938242280285036E-4 1.0059028905638423 5.97329507460714E-4
carcinom 5.938242280285036E-4 5.1647859739235145 0.003066975043897574
node 2.969121140142518E-4 1.9459101490553132 5.777642960378009E-4
vswitch 5.938242280285036E-4 5.1647859739235145 0.003066975043897574
thereby 8.907363420427554E-4 1.730798769438368 0.0015416853647016342
shortening 5.938242280285036E-4 4.471638793363569 0.0026553674544914307
adopt 5.938242280285036E-4 1.293584963015623 7.681620920520327E-4
unique 8.907363420427554E-4 1.157452788691043 0.001030985263085846
miscreant 2.969121140142518E-4 5.1647859739235145 0.001533487521948787
processing 0.0017814726840855108 0.7221347174331975 0.00128646327333705
device 0.004156769596199525 2.331572629867298 0.009691810219163353
access 5.938242280285036E-4 1.1394342831883648 6.76623683603542E-4
activity 2.969121140142518E-4 1.0872485300177945 3.228172595064711E-4
reside 0.0011876484560570072 3.7784916128036232 0.004487519730170574
automatically 5.938242280285036E-4 1.4759065198095778 8.764290497681579E-4
overcome 2.969121140142518E-4 1.8689491079191851 5.549136306173352E-4
association 5.938242280285036E-4 1.0376515888784226 6.161826537282795E-4
industry 5.938242280285036E-4 1.7635885922613586 0.0010472616343594767
two 8.907363420427554E-4 0.11492996667397702 1.0237229810627407E-4
long 5.938242280285036E-4 0.44628710262841953 2.6501609419739877E-4
augment 5.938242280285036E-4 2.2203469947570738 0.0013184958401170272
into 0.0017814726840855108 0.10854016857520597 1.93361345442766E-4
offline 5.938242280285036E-4 2.7668907011251433 0.0016430467346348833
routing 0.0011876484560570072 5.1647859739235145 0.006133950087795148
current 8.907363420427554E-4 0.4919571394616079 4.382041028458503E-4
default 5.938242280285036E-4 2.5257286443082556 0.0014998388624158287
attack 2.969121140142518E-4 2.392197251683733 7.102723431365003E-4
structured 5.938242280285036E-4 1.3805963400052528 8.198315558225967E-4
where 0.003859857482185273 0.32850406697203605 0.0012679788808303053
sachin 0.005047505938242281 5.1647859739235145 0.02606928787312938
distribute 2.969121140142518E-4 1.5812670354674039 4.694973383216758E-4
mechanism 5.938242280285036E-4 1.1043429633770947 6.557856077061133E-4
key 5.938242280285036E-4 0.9751312318970885 5.790565510077723E-4
creation 8.907363420427554E-4 1.9867321435755685 0.0017696545221872642
redirect 2.969121140142518E-4 5.1647859739235145 0.001533487521948787
receive 5.938242280285036E-4 0.653926467406664 3.883173796951687E-4
controller 0.0020783847980997625 2.5257286443082556 0.005249436018455401
participate 2.969121140142518E-4 1.5812670354674039 4.694973383216758E-4
malware 5.938242280285036E-4 5.1647859739235145 0.003066975043897574
necessary 8.907363420427554E-4 0.8607208807193443 7.666753688117674E-4
though 5.938242280285036E-4 1.1043429633770947 6.557856077061133E-4
decision 2.969121140142518E-4 0.9452782687474074 2.8066456910552477E-4
bandwidth 5.938242280285036E-4 4.471638793363569 0.0026553674544914307
store 2.969121140142518E-4 1.730798769438368 5.138951215672114E-4
many 8.907363420427554E-4 0.20194134366360675 1.7987649376212004E-4
cardiovascular 5.938242280285036E-4 2.9675613965872945 0.001762209855455638
such 0.006532066508313539 0.10219094089654716 6.67518022483384E-4
face 5.938242280285036E-4 1.5538680612792897 9.227245019473217E-4
nlp 0.0011876484560570072 0.41119578281714936 4.883560365999399E-4
assist 5.938242280285036E-4 2.073743520565198 0.00123143914522874
discretely 5.938242280285036E-4 4.471638793363569 0.0026553674544914307
rfid 8.907363420427554E-4 5.1647859739235145 0.004600462565846361
vast 8.907363420427554E-4 1.8689491079191851 0.0016647408918520057
describe 5.938242280285036E-4 0.28958865072236245 1.7196475696102284E-4
thing 8.907363420427554E-4 2.073743520565198 0.0018471587178431098
operation 5.938242280285036E-4 1.5271998141971284 9.068882507108838E-4
open 5.938242280285036E-4 0.8881198549074587 5.273870872372083E-4
through 0.003859857482185273 0.2595111954850846 0.0010016762296039489
but 5.938242280285036E-4 0.083381608939051 4.9514019560006535E-5
forwards 5.938242280285036E-4 4.0661736852554045 0.002414592449676606
medical 0.010688836104513063 0.9600933545325481 0.010262280511630561
treat 2.969121140142518E-4 0.7827593392496325 2.3241073018100727E-4
consortium 5.938242280285036E-4 4.471638793363569 0.0026553674544914307
invest 5.938242280285036E-4 3.2188758248682006 0.001911446451821972
run 5.938242280285036E-4 1.5012243277938677 8.914633775498027E-4
source 5.938242280285036E-4 0.7703368192510752 4.574446670137027E-4
incorporate 5.938242280285036E-4 1.6384254493073527 9.729367276171928E-4
secure 0.0014845605700712589 2.5257286443082556 0.003749597156039572
research 5.938242280285036E-4 0.40261203912575794 2.390807833288349E-4
frequency 5.938242280285036E-4 1.0216512475319812 6.066812633800364E-4
vulnerable 5.938242280285036E-4 2.6798793241355137 0.0015913772708643194
view 5.938242280285036E-4 1.121734706088964 6.661132458960593E-4
continue 5.938242280285036E-4 1.5812670354674039 9.389946766433516E-4
scheduling 8.907363420427554E-4 3.373026504695459 0.003004477290405694
huge 5.938242280285036E-4 1.9459101490553132 0.0011555285920756017
ict 8.907363420427554E-4 4.471638793363569 0.003983051181737146
generate 8.907363420427554E-4 0.7953381214564925 7.084365689933129E-4
sector 5.938242280285036E-4 2.073743520565198 0.00123143914522874
recurrent 5.938242280285036E-4 1.9867321435755685 0.0011797696814581761
actual 8.907363420427554E-4 1.293584963015623 0.001152243138078049
accountable 8.907363420427554E-4 4.0661736852554045 0.003621888674514909
ensure 0.0011876484560570072 1.0216512475319812 0.0012133625267600728
last 5.938242280285036E-4 0.7459453661269161 4.429604311917554E-4
this 0.015736342042755345 0.017291497110061043 2.7210491295523616E-4
collection 0.002672209026128266 0.9600933545325481 0.0025655701279076403
dense 5.938242280285036E-4 2.456735772821304 0.00145886922376562
discrete 8.907363420427554E-4 2.392197251683733 0.002130817029409501
extract 5.938242280285036E-4 0.8080771472339223 4.7985578814365934E-4
measure 5.938242280285036E-4 0.48265474679929443 2.8661208242238386E-4
blockchain 0.010095011876484561 4.471638793363569 0.04514124672635432
once 5.938242280285036E-4 1.4271163556401458 8.47456268194861E-4
sahshanu 0.005047505938242281 5.1647859739235145 0.02606928787312938
know 5.938242280285036E-4 0.6214911916535102 3.6905652711016046E-4
support 5.938242280285036E-4 0.5300569856938783 3.147606803407828E-4
internet 0.00831353919239905 2.2744142160273495 0.01890843172469293
vitals 5.938242280285036E-4 5.1647859739235145 0.003066975043897574
full 0.004750593824228029 0.14750613710858965 7.007417439837988E-4
allow 8.907363420427554E-4 0.5398131606392429 4.808312000943375E-4
next 5.938242280285036E-4 0.8080771472339223 4.7985578814365934E-4
away 8.907363420427554E-4 2.331572629867298 0.002076816475535004
distance 5.938242280285036E-4 1.4035858582299516 8.334832887351257E-4
idea 2.969121140142518E-4 1.2329603411991883 3.660808614011842E-4
show 0.0020783847980997625 0.0771896386911299 1.6042977162645763E-4
recording 5.938242280285036E-4 2.5998366164619773 0.0015438459717707705
privacy 0.0023752969121140144 2.5998366164619773 0.006175383887083082
hcc 5.938242280285036E-4 4.471638793363569 0.0026553674544914307
rule 5.938242280285036E-4 1.1043429633770947 6.557856077061133E-4
detect 0.0014845605700712589 0.8881198549074587 0.0013184677180930206
learning 0.0020783847980997625 0.9306794693262548 0.0019343100609512422
we 2.969121140142518E-4 0.19497267434751336 5.7889748915532475E-5
speed 2.969121140142518E-4 1.730798769438368 5.138951215672114E-4
scalability 5.938242280285036E-4 3.7784916128036232 0.002243759865085287
conclusion 5.938242280285036E-4 0.28958865072236245 1.7196475696102284E-4
not 0.0014845605700712589 0.03488725900044054 5.1792249109917666E-5
central 5.938242280285036E-4 1.3805963400052528 8.198315558225967E-4
initiation 0.0011876484560570072 2.5257286443082556 0.0029996777248316574
decentralization 5.938242280285036E-4 4.471638793363569 0.0026553674544914307
street 5.938242280285036E-4 2.7668907011251433 0.0016430467346348833
examination 5.938242280285036E-4 1.5012243277938677 8.914633775498027E-4
factor 5.938242280285036E-4 0.38566248081198473 2.290157249477344E-4
every 8.907363420427554E-4 1.0539121097502027 9.387578174734585E-4
early 5.938242280285036E-4 0.6214911916535102 3.6905652711016046E-4
enhance 2.969121140142518E-4 1.1944940603713923 3.546597566423374E-4
overview 0.0020783847980997625 1.4271163556401458 0.0029660969386820133
delivery 5.938242280285036E-4 2.2744142160273495 0.001350602266049495
figure 0.015142517814726841 0.18805223150293962 0.002847584265632399
disease 5.938242280285036E-4 1.1758019273592397 6.982196718285272E-4
green 5.938242280285036E-4 2.169053700369523 0.0012880366391743012
previous 0.0011876484560570072 0.32850406697203605 3.901473479477863E-4
apply 5.938242280285036E-4 0.41119578281714936 2.4417801829996994E-4
wan 5.938242280285036E-4 3.5553480614894135 0.0021112518179865875
introduce 2.969121140142518E-4 0.7339691750802005 2.1792433939435884E-4
argue 2.969121140142518E-4 1.6990500711237875 5.044685484334287E-4
technology 8.907363420427554E-4 1.293584963015623 0.001152243138078049
configure 5.938242280285036E-4 3.7784916128036232 0.002243759865085287
way 8.907363420427554E-4 0.8340526336371831 7.429209919571108E-4
target 5.938242280285036E-4 0.8743265327751228 5.191962783700255E-4
manage 5.938242280285036E-4 1.4035858582299516 8.334832887351257E-4
artificial 8.907363420427554E-4 1.5012243277938677 0.001337195066324704
what 5.938242280285036E-4 0.8209805520698303 4.875181425592817E-4
detailed 0.0011876484560570072 1.1394342831883648 0.001353247367207084
infrastructure 0.0017814726840855108 2.5257286443082556 0.004499516587247486
short 8.907363420427554E-4 0.9452782687474074 8.419937073165743E-4
relational 5.938242280285036E-4 2.7668907011251433 0.0016430467346348833
risk 5.938242280285036E-4 0.758066726659261 4.501583887525303E-4
time 0.004453681710213777 0.167573700159399 7.463199235127629E-4
rise 5.938242280285036E-4 1.7635885922613586 0.0010472616343594767
gateway 0.0014845605700712589 5.1647859739235145 0.007667437609743934
base 2.969121140142518E-4 0.14090545307723773 4.183653594929862E-5
puf 0.0032660332541567696 5.1647859739235145 0.016868362741436656
play 5.938242280285036E-4 0.9600933545325481 5.701266950905868E-4
discard 2.969121140142518E-4 3.0853444322436783 9.160761378395719E-4
ecosystem 0.0017814726840855108 4.471638793363569 0.007966102363474292
software 5.938242280285036E-4 1.157452788691043 6.873235087238973E-4
heartbeat 5.938242280285036E-4 5.1647859739235145 0.003066975043897574
reach 8.907363420427554E-4 1.0376515888784226 9.242739805924192E-4
experimental 0.0014845605700712589 1.4512139072192063 0.002154414945396684
decide 2.969121140142518E-4 1.6384254493073527 4.864683638085964E-4
during 5.938242280285036E-4 0.28958865072236245 1.7196475696102284E-4
beyond 5.938242280285036E-4 1.5538680612792897 9.227245019473217E-4
three 0.0017814726840855108 0.22314355131420976 3.9752414129609815E-4
when 5.938242280285036E-4 0.14750613710858965 8.759271799797485E-5
consist 5.938242280285036E-4 0.7459453661269161 4.429604311917554E-4
relate 2.969121140142518E-4 0.27443684570176036 8.14836240207127E-5
problem 0.0011876484560570072 0.7221347174331975 8.576421822247001E-4
connectivity 8.907363420427554E-4 3.2188758248682006 0.002867169677732958
slice 2.969121140142518E-4 3.7784916128036232 0.0011218799325426435
review 8.907363420427554E-4 0.4734380916943703 4.21708513979546E-4
enable 8.907363420427554E-4 0.9751312318970885 8.685848265116584E-4
far 0.0011876484560570072 1.3361445774344192 0.0015868700444589302
safety 5.938242280285036E-4 1.8325814637483102 0.0010882312730096854
connection 5.938242280285036E-4 1.906689435902032 0.0011322383823646272
attain 2.969121140142518E-4 2.6798793241355137 7.956886354321597E-4
presence 5.938242280285036E-4 0.9751312318970885 5.790565510077723E-4
simulate 5.938242280285036E-4 2.5998366164619773 0.0015438459717707705
case 0.010391923990498812 0.24480504809538922 0.002543995452297691
between 0.0029691211401425177 0.058840500022933395 1.7470457251464783E-4
hardware 5.938242280285036E-4 2.9675613965872945 0.001762209855455638
generation 5.938242280285036E-4 1.6682784124570338 9.906641404139156E-4
resultant 5.938242280285036E-4 3.0853444322436783 0.0018321522756791439
efficiency 5.938242280285036E-4 1.6384254493073527 9.729367276171928E-4
goal 0.0011876484560570072 1.3146383722134554 0.0015613282330326074
researcher 2.969121140142518E-4 1.0539121097502027 3.1291927249115284E-4
natural 5.938242280285036E-4 0.6429973968744738 3.8182743282332173E-4
method 0.0014845605700712589 0.0958817717032825 1.4234229765926738E-4
briefly 5.938242280285036E-4 2.331572629867298 0.001384544317023336
work 0.0029691211401425177 0.4285875255290187 0.0012725282824495804
arise 5.938242280285036E-4 1.79749014393704 0.0010673931971122567
contract 5.938242280285036E-4 3.5553480614894135 0.0021112518179865875
simulated 0.0020783847980997625 2.8622008809294686 0.0059487548000315554
conclude 2.969121140142518E-4 1.252762968495368 3.719605013347293E-4
come 0.0011876484560570072 0.990398704027877 0.001176245491719569
exist 2.969121140142518E-4 0.664976303593249 1.9743952006925447E-4
insight 2.969121140142518E-4 1.0539121097502027 3.1291927249115284E-4
provide 0.0014845605700712589 0.167573700159399 2.487733078375876E-4
spectrum 5.938242280285036E-4 2.7668907011251433 0.0016430467346348833
exact 5.938242280285036E-4 1.5271998141971284 9.068882507108838E-4
registration 0.0011876484560570072 3.7784916128036232 0.004487519730170574
lenovo 8.907363420427554E-4 5.1647859739235145 0.004600462565846361
care 0.0017814726840855108 1.1758019273592397 0.0020946590154855816
study 0.0020783847980997625 0.07103577311675174 1.476396709671206E-4
signature 5.938242280285036E-4 3.7784916128036232 0.002243759865085287
enterprise 5.938242280285036E-4 3.5553480614894135 0.0021112518179865875
reliability 5.938242280285036E-4 2.0292917579943643 0.0012050426116356084
secret 5.938242280285036E-4 5.1647859739235145 0.003066975043897574
smart 0.003859857482185273 2.5257286443082556 0.009748952605702887
layer 0.004453681710213777 1.4759065198095778 0.006573217873261184
derive 5.938242280285036E-4 1.2329603411991883 7.321617228023684E-4
gain 5.938242280285036E-4 0.9751312318970885 5.790565510077723E-4
vehicle 2.969121140142518E-4 2.7668907011251433 8.215233673174417E-4
out 8.907363420427554E-4 0.368995428326773 3.286776380582895E-4
cope 5.938242280285036E-4 2.120263536200091 0.0012590638576010043
lot 2.969121140142518E-4 1.9459101490553132 5.777642960378009E-4
across 5.938242280285036E-4 0.7703368192510752 4.574446670137027E-4
feature 2.969121140142518E-4 0.7221347174331975 2.1441054555617503E-4
saturate 5.938242280285036E-4 3.5553480614894135 0.0021112518179865875
low 2.969121140142518E-4 0.28958865072236245 8.598237848051142E-5
web 5.938242280285036E-4 1.6384254493073527 9.729367276171928E-4
tomography 5.938242280285036E-4 2.5257286443082556 0.0014998388624158287
get 0.0014845605700712589 1.121734706088964 0.0016652831147401484
place 2.969121140142518E-4 0.9600933545325481 2.850633475452934E-4
power 8.907363420427554E-4 1.4759065198095778 0.0013146435746522367
event 0.0014845605700712589 1.157452788691043 0.0017183087718097433
architecture 0.004156769596199525 1.6682784124570338 0.006934648982897409
wherever 5.938242280285036E-4 5.1647859739235145 0.003066975043897574
ledger 5.938242280285036E-4 5.1647859739235145 0.003066975043897574
include 5.938242280285036E-4 0.0771896386911299 4.5837077607559324E-5
stress 5.938242280285036E-4 1.8689491079191851 0.0011098272612346705
means 5.938242280285036E-4 0.6988778552689304 4.1501060289128887E-4
chain 5.938242280285036E-4 2.120263536200091 0.0012590638576010043
initial 5.938242280285036E-4 0.6988778552689304 4.1501060289128887E-4
more 8.907363420427554E-4 0.05279818556697083 4.70292626784182E-5
display 0.004750593824228029 0.16083966797805488 7.640839333874341E-4
csvdisplay 5.938242280285036E-4 0.2669461739726028 1.5851910568444346E-4
brain 8.907363420427554E-4 2.5257286443082556 0.002249758293623743
lead 2.969121140142518E-4 0.3127557100038969 9.286095902728531E-5
hepatocellular 8.907363420427554E-4 4.471638793363569 0.003983051181737146
filter 2.969121140142518E-4 1.8325814637483102 5.441156365048427E-4
help 8.907363420427554E-4 0.6874491594453075 6.123359496246801E-4
organized 5.938242280285036E-4 1.6990500711237875 0.0010089370968668573
motorola 0.0014845605700712589 5.1647859739235145 0.007667437609743934
prevalent 8.907363420427554E-4 2.5998366164619773 0.0023157689576561555
certain 5.938242280285036E-4 0.8209805520698303 4.875181425592817E-4
sharma 0.005047505938242281 3.7784916128036232 0.019071958853224942
first 0.0014845605700712589 0.167573700159399 2.487733078375876E-4
small 2.969121140142518E-4 0.45525577261118 1.3517095386317697E-4
door 5.938242280285036E-4 3.7784916128036232 0.002243759865085287
quick 5.938242280285036E-4 2.456735772821304 0.00145886922376562
before 5.938242280285036E-4 0.5203950747821414 3.090232035523405E-4
sound 5.938242280285036E-4 2.7668907011251433 0.0016430467346348833
section 0.0023752969121140144 0.6988778552689304 0.0016600424115651555
openflow 0.0014845605700712589 5.1647859739235145 0.007667437609743934
clearly 5.938242280285036E-4 1.6384254493073527 9.729367276171928E-4
centralized 5.938242280285036E-4 3.5553480614894135 0.0021112518179865875
drug 5.938242280285036E-4 1.906689435902032 0.0011322383823646272
cloud 0.003859857482185273 2.5998366164619773 0.010034998816510007
reference 0.0011876484560570072 1.2135422553420867 0.0014412615859169676
router 8.907363420427554E-4 5.1647859739235145 0.004600462565846361
protocol 0.0014845605700712589 1.6384254493073527 0.002432341819042982
major 5.938242280285036E-4 0.7104386776700063 4.218756993289824E-4
should 5.938242280285036E-4 0.368995428326773 2.19118425372193E-4
only 8.907363420427554E-4 0.10854016857520597 9.6680672721383E-5
create 2.969121140142518E-4 0.7339691750802005 2.1792433939435884E-4
few 5.938242280285036E-4 0.5013468798114469 2.977119238785314E-4
from 0.008016627078384799 0.023122417420854212 1.8536379761373628E-4
consider 2.969121140142518E-4 0.17435338714477774 5.176763276270123E-5
razdan 0.005047505938242281 5.1647859739235145 0.02606928787312938
development 0.0011876484560570072 0.5596157879354227 6.646268265266303E-4
resource 5.938242280285036E-4 1.1043429633770947 6.557856077061133E-4
like 0.0011876484560570072 0.7703368192510752 9.148893340274053E-4
tree 8.907363420427554E-4 1.730798769438368 0.0015416853647016342
capture 2.969121140142518E-4 0.990398704027877 2.9406137292989224E-4
towards 5.938242280285036E-4 1.5012243277938677 8.914633775498027E-4
tracer 0.0011876484560570072 5.1647859739235145 0.006133950087795148
important 0.0017814726840855108 0.2669461739726028 4.755573170533304E-4
market 2.969121140142518E-4 2.0292917579943643 6.025213058178042E-4
most 5.938242280285036E-4 0.0771896386911299 4.5837077607559324E-5
nutrition 5.938242280285036E-4 4.471638793363569 0.0026553674544914307
insertion 5.938242280285036E-4 3.0853444322436783 0.0018321522756791439
send 2.969121140142518E-4 1.9459101490553132 5.777642960378009E-4
classify 2.969121140142518E-4 0.9162907318741551 2.7205781825242136E-4
note 2.969121140142518E-4 0.5013468798114469 1.488559619392657E-4
request 8.907363420427554E-4 2.073743520565198 0.0018471587178431098
ease 2.969121140142518E-4 2.5998366164619773 7.719229858853852E-4
critical 5.938242280285036E-4 1.2135422553420867 7.206307929584838E-4
configuration 5.938242280285036E-4 3.0853444322436783 0.0018321522756791439
credentials 5.938242280285036E-4 5.1647859739235145 0.003066975043897574
part 8.907363420427554E-4 0.4285875255290187 3.8175848473487415E-4
link 5.938242280285036E-4 1.0872485300177945 6.456345190129422E-4
interact 5.938242280285036E-4 1.7635885922613586 0.0010472616343594767
why 8.907363420427554E-4 1.4271163556401458 0.0012711844022922916
error 5.938242280285036E-4 1.2329603411991883 7.321617228023684E-4
platform 5.938242280285036E-4 1.4759065198095778 8.764290497681579E-4
point 0.0011876484560570072 0.5108256237659907 6.066812633800365E-4
network 0.0032660332541567696 0.990398704027877 0.0032346751022288146
integrated 5.938242280285036E-4 1.6384254493073527 9.729367276171928E-4
can 0.0086104513064133 0.0958817717032825 8.255853264237508E-4
highlight 2.969121140142518E-4 0.9306794693262548 2.763300087073203E-4
security 0.005047505938242281 2.0292917579943643 0.01024286219890267
database 5.938242280285036E-4 1.2329603411991883 7.321617228023684E-4
trace 2.969121140142518E-4 2.7668907011251433 8.215233673174417E-4
administrator 8.907363420427554E-4 4.471638793363569 0.003983051181737146
paper 0.002672209026128266 0.8340526336371831 0.002228762975871332
patient 0.004453681710213777 0.8743265327751228 0.003893972087775191
telehealth 0.0011876484560570072 5.1647859739235145 0.006133950087795148
securely 0.0017814726840855108 5.1647859739235145 0.009200925131692721
parameter 2.969121140142518E-4 1.0539121097502027 3.1291927249115284E-4
hospital 0.0011876484560570072 1.3805963400052528 0.0016396631116451935
lte 5.938242280285036E-4 5.1647859739235145 0.003066975043897574
track 2.969121140142518E-4 1.906689435902032 5.661191911823136E-4
regimen 5.938242280285036E-4 3.2188758248682006 0.001911446451821972
introduction 5.938242280285036E-4 0.10219094089654716 6.0683456589398555E-5
dhcp 5.938242280285036E-4 5.1647859739235145 0.003066975043897574
smooth 5.938242280285036E-4 2.6798793241355137 0.0015913772708643194
authentication 0.0086104513064133 5.1647859739235145 0.04447113813651482
process 0.0023752969121140144 0.41985384556026406 9.972775428984896E-4
cost 5.938242280285036E-4 1.1944940603713923 7.093195132846748E-4
will 0.004156769596199525 0.3526016185510966 0.0014656836875639409
satisfy 5.938242280285036E-4 1.7635885922613586 0.0010472616343594767
advantage 2.969121140142518E-4 1.0376515888784226 3.0809132686413973E-4
crowded 5.938242280285036E-4 4.471638793363569 0.0026553674544914307
also 0.0023752969121140144 0.05279818556697083 1.2541136714244852E-4
clean 2.969121140142518E-4 2.2203469947570738 6.592479200585136E-4
follow 8.907363420427554E-4 0.0958817717032825 8.540537859556043E-5
command 2.969121140142518E-4 2.9675613965872945 8.81104927727819E-4
ddo 2.969121140142518E-4 5.1647859739235145 0.001533487521948787
spread 5.938242280285036E-4 2.073743520565198 0.00123143914522874
performance 0.0014845605700712589 0.7703368192510752 0.0011436116675342565
currently 0.0011876484560570072 1.4035858582299516 0.0016669665774702515
third 5.938242280285036E-4 0.990398704027877 5.881227458597845E-4
build 2.969121140142518E-4 0.9162907318741551 2.7205781825242136E-4
response 0.0011876484560570072 1.0539121097502027 0.0012516770899646114
approve 2.969121140142518E-4 1.3805963400052528 4.099157779112984E-4
various 0.0023752969121140144 0.5798184952529422 0.0013772410813609078
challenge 2.969121140142518E-4 0.9751312318970885 2.8952827550388614E-4
wireless 0.0029691211401425177 4.471638793363569 0.013276837272457152
growth 5.938242280285036E-4 1.4512139072192063 8.617659781586736E-4
further 0.0029691211401425177 0.27443684570176036 8.14836240207127E-4
front 5.938242280285036E-4 3.373026504695459 0.0020029848602704627
user 2.969121140142518E-4 1.293584963015623 3.8408104602601637E-4
methodology 8.907363420427554E-4 1.252762968495368 0.0011158815040041878
account 8.907363420427554E-4 0.7459453661269161 6.644406467876331E-4
