modality 4.1296716911005574E-4 2.8622008809294686 0.0011819949952217503
analyse 2.0648358455502787E-4 1.4512139072192063 2.9965184951872935E-4
accuracy 6.194507536650836E-4 1.0539121097502027 6.528466506815214E-4
annotate 2.0648358455502787E-4 1.8689491079191851 3.8590731115407495E-4
spontaneous 4.1296716911005574E-4 2.7668907011251433 0.0011426350200805877
without 0.0010324179227751394 0.32850406697203605 3.391534864464547E-4
via 0.0014453850918851952 0.9021060968821986 0.0013038907037322713
would 8.259343382201115E-4 0.5013468798114469 4.1407960339578514E-4
understanding 4.1296716911005574E-4 0.990398704027877 4.090021490926603E-4
visual 4.1296716911005574E-4 1.157452788691043 4.779900015242796E-4
schilling 4.1296716911005574E-4 5.1647859739235145 0.002132887042710516
calculate 6.194507536650836E-4 0.7221347174331975 4.4732689496171634E-4
silence 0.0012389015073301672 4.471638793363569 0.005539920041334176
because 4.1296716911005574E-4 0.34450440831847723 1.422690102492163E-4
thus 4.1296716911005574E-4 0.8881198549074587 3.667643423115667E-4
virtually 4.1296716911005574E-4 3.2188758248682006 0.0013292900371126163
pool 2.0648358455502787E-4 2.331572629867298 4.814314742653929E-4
groot 6.194507536650836E-4 5.1647859739235145 0.003199330564065774
noun 2.0648358455502787E-4 2.5998366164619773 5.368235838244843E-4
raw 4.1296716911005574E-4 2.2744142160273495 9.392584001764813E-4
require 2.0648358455502787E-4 0.3127557100038969 6.457892009165742E-5
analysis 0.0039231881065455295 0.13434805253107854 5.270726818274814E-4
normalise 2.0648358455502787E-4 3.0853444322436783 6.37072977956572E-4
herbst 4.1296716911005574E-4 5.1647859739235145 0.002132887042710516
stop 2.0648358455502787E-4 1.7635885922613586 3.641520942104808E-4
size 0.0024778030146603344 0.12136085700426753 3.007082973469359E-4
left 0.0020648358455502788 1.2729656758128876 0.0026284651575735857
harking 6.194507536650836E-4 5.1647859739235145 0.003199330564065774
notch 4.1296716911005574E-4 4.0661736852554045 0.0016791962359097273
fourier 4.1296716911005574E-4 4.0661736852554045 0.0016791962359097273
detail 4.1296716911005574E-4 1.0216512475319812 4.219084235110391E-4
much 6.194507536650836E-4 0.7827593392496325 4.848808626365677E-4
appropriate 6.194507536650836E-4 1.0539121097502027 6.528466506815214E-4
statistical 0.0014453850918851952 0.653926467406664 9.451755671787423E-4
role 4.1296716911005574E-4 0.664976303593249 2.74613381620173E-4
independent 6.194507536650836E-4 1.0059028905638423 6.231073036736582E-4
achieve 4.1296716911005574E-4 0.6109090823229731 2.522853943105402E-4
least 6.194507536650836E-4 0.653926467406664 4.050752430766038E-4
turn 2.0648358455502787E-4 1.4035858582299516 2.8981743923806556E-4
manual 6.194507536650836E-4 1.4512139072192063 8.98955548556188E-4
subsequently 8.259343382201115E-4 1.79749014393704 0.0014846088324898122
measurement 0.0010324179227751394 1.5012243277938677 0.00154989090212045
laterality 4.1296716911005574E-4 4.471638793363569 0.0018466400137780586
example 4.1296716911005574E-4 0.6988778552689304 2.8861360944411747E-4
result 6.194507536650836E-4 0.058840500022933395 3.644879208523646E-5
same 0.0026842865992153624 0.2972515234679317 7.979082810413199E-4
aspect 4.1296716911005574E-4 0.9452782687474074 3.903688906658713E-4
particle 2.0648358455502787E-4 2.7668907011251433 5.713175100402939E-4
after 0.0039231881065455295 0.12136085700426753 4.761214707993151E-4
wikipedia 4.1296716911005574E-4 2.6798793241355137 0.0011067021780448126
connect 2.0648358455502787E-4 1.293584963015623 2.67104060089949E-4
sharpen 2.0648358455502787E-4 4.471638793363569 9.233200068890293E-4
address 4.1296716911005574E-4 0.7827593392496325 3.232539084243785E-4
mitigate 2.0648358455502787E-4 1.8689491079191851 3.8590731115407495E-4
electrophysiological 8.259343382201115E-4 4.471638793363569 0.0036932800275561173
gegen 8.259343382201115E-4 5.1647859739235145 0.004265774085421032
onset 0.003303737352880446 2.169053700369523 0.0071659837303143445
blood 4.1296716911005574E-4 1.906689435902032 7.874001387165113E-4
the 0.07990914722279578 0.017291497110061043 0.0013817487882704157
webmaus 4.1296716911005574E-4 5.1647859739235145 0.002132887042710516
component 0.0012389015073301672 0.9600933545325481 0.0011894611041080505
fast 4.1296716911005574E-4 1.3581234841531944 5.608604105526304E-4
information 0.0012389015073301672 0.3049735695618419 3.778322150260275E-4
emerge 4.1296716911005574E-4 1.293584963015623 5.34208120179898E-4
exploit 4.1296716911005574E-4 1.8689491079191851 7.718146223081499E-4
novel 8.259343382201115E-4 1.3805963400052528 0.0011402819244313465
discuss 6.194507536650836E-4 0.7827593392496325 4.848808626365677E-4
standard 6.194507536650836E-4 0.7221347174331975 4.4732689496171634E-4
frontal 0.001858352260995251 5.1647859739235145 0.009597991692197322
couple 2.0648358455502787E-4 2.331572629867298 4.814314742653929E-4
correct 4.1296716911005574E-4 1.4759065198095778 6.095009373568357E-4
loudness 4.1296716911005574E-4 5.1647859739235145 0.002132887042710516
repetition 0.0014453850918851952 5.1647859739235145 0.0074651046494868065
good 6.194507536650836E-4 0.2160260835453457 1.338175202634807E-4
deploy 4.1296716911005574E-4 2.7668907011251433 0.0011426350200805877
compute 4.1296716911005574E-4 1.2729656758128876 5.256930315147171E-4
assessment 8.259343382201115E-4 1.2729656758128876 0.0010513860630294342
syntactic 4.1296716911005574E-4 2.2203469947570738 9.169304128668485E-4
andrea 2.0648358455502787E-4 5.1647859739235145 0.001066443521355258
besides 4.1296716911005574E-4 1.8689491079191851 7.718146223081499E-4
preposition 2.0648358455502787E-4 4.0661736852554045 8.395981179548636E-4
serious 4.1296716911005574E-4 2.120263536200091 8.755992303118278E-4
implement 2.0648358455502787E-4 1.0376515888784226 2.142580195908368E-4
female 4.1296716911005574E-4 2.0292917579943643 8.38030872597301E-4
area 2.0648358455502787E-4 0.664976303593249 1.373066908100865E-4
add 2.0648358455502787E-4 0.7827593392496325 1.6162695421218924E-4
cornelissen 4.1296716911005574E-4 5.1647859739235145 0.002132887042710516
need 0.0010324179227751394 0.27443684570176036 2.833335181723729E-4
pay 2.0648358455502787E-4 1.8689491079191851 3.8590731115407495E-4
often 4.1296716911005574E-4 0.5900749954201312 2.436816004212807E-4
unnaturalness 4.1296716911005574E-4 5.1647859739235145 0.002132887042710516
check 4.1296716911005574E-4 1.5812670354674039 6.530113712440239E-4
gather 2.0648358455502787E-4 1.6682784124570338 3.444721066398996E-4
consent 4.1296716911005574E-4 1.4035858582299516 5.796348784761311E-4
list 2.0648358455502787E-4 0.8472978603872037 1.7495309939855538E-4
respect 6.194507536650836E-4 1.5812670354674039 9.795170568660358E-4
external 4.1296716911005574E-4 1.4759065198095778 6.095009373568357E-4
mutual 4.1296716911005574E-4 2.7668907011251433 0.0011426350200805877
circumstance 2.0648358455502787E-4 2.7668907011251433 5.713175100402939E-4
pragmatic 4.1296716911005574E-4 2.8622008809294686 0.0011819949952217503
activation 0.0012389015073301672 2.073743520565198 0.0025691639734443912
alignment 0.003097253768325418 2.9675613965872945 0.009191290718317037
neural 0.0022713194301053068 1.5271998141971284 0.003468758611639152
production 4.1296716911005574E-4 1.6094379124341003 6.646450185563081E-4
atla 2.0648358455502787E-4 3.5553480614894135 7.341210120771038E-4
choose 2.0648358455502787E-4 0.7221347174331975 1.4910896498723878E-4
facilitation 4.1296716911005574E-4 4.471638793363569 0.0018466400137780586
interface 4.1296716911005574E-4 1.9459101490553132 8.035970055978993E-4
representation 6.194507536650836E-4 1.2135422553420867 7.517296646760809E-4
prevent 0.0010324179227751394 1.1944940603713923 0.0012332170765758748
previously 0.0012389015073301672 0.8340526336371831 0.0010333090650058018
mixture 4.1296716911005574E-4 2.5998366164619773 0.0010736471676489685
tomasello 4.1296716911005574E-4 5.1647859739235145 0.002132887042710516
patrick 0.0022713194301053068 4.471638793363569 0.010156520075779323
end 2.0648358455502787E-4 0.8607208807193443 1.777247327522908E-4
projection 0.0020648358455502788 2.2744142160273495 0.0046962920008824065
multiple 8.259343382201115E-4 0.5108256237659907 4.219084235110392E-4
perform 0.0010324179227751394 0.2669461739726028 2.7560001442556554E-4
label 2.0648358455502787E-4 1.1394342831883648 2.352744751576223E-4
neurological 4.1296716911005574E-4 3.373026504695459 0.0013929492069772698
versus 4.1296716911005574E-4 1.6094379124341003 6.646450185563081E-4
significance 4.1296716911005574E-4 1.2329603411991883 5.091721417299972E-4
with 0.015692752426182118 0.017291497110061043 2.713511832262315E-4
service 4.1296716911005574E-4 1.2329603411991883 5.091721417299972E-4
there 0.0020648358455502788 0.12136085700426753 2.505902477891132E-4
kriegeskorte 6.194507536650836E-4 5.1647859739235145 0.003199330564065774
well 0.0010324179227751394 0.3127557100038969 3.228946004582871E-4
age 2.0648358455502787E-4 0.9452782687474074 1.9518444533293564E-4
irrelevant 4.1296716911005574E-4 2.392197251683733 9.878989269806867E-4
channel 8.259343382201115E-4 2.456735772821304 0.002029102434706838
focus 4.1296716911005574E-4 0.4285875255290187 1.769925771336026E-4
entire 4.1296716911005574E-4 1.1944940603713923 4.932868306303499E-4
approach 0.0020648358455502788 0.40261203912575794 8.313277702369563E-4
wiring 8.259343382201115E-4 4.471638793363569 0.0036932800275561173
number 0.005988023952095809 0.14750613710858965 8.832702820873633E-4
per 0.0010324179227751394 0.7339691750802005 7.577629311172833E-4
write 2.0648358455502787E-4 0.9162907318741551 1.8919899481192548E-4
utterance 4.1296716911005574E-4 3.0853444322436783 0.001274145955913144
order 0.003716704521990502 0.5900749954201312 0.0021931344037915265
splitting 4.1296716911005574E-4 3.373026504695459 0.0013929492069772698
similar 0.0014453850918851952 0.20895891632225325 3.020261024686708E-4
silicone 8.259343382201115E-4 2.7668907011251433 0.0022852700401611754
modulate 4.1296716911005574E-4 3.373026504695459 0.0013929492069772698
period 8.259343382201115E-4 0.7953381214564925 6.568970650063948E-4
lexical 4.1296716911005574E-4 2.120263536200091 8.755992303118278E-4
byte 2.0648358455502787E-4 4.471638793363569 9.233200068890293E-4
testing 0.0010324179227751394 1.293584963015623 0.0013355203004497451
analysable 4.1296716911005574E-4 5.1647859739235145 0.002132887042710516
understand 2.0648358455502787E-4 1.0704414117014134 2.2102857974425218E-4
resonance 4.1296716911005574E-4 3.373026504695459 0.0013929492069772698
propose 2.0648358455502787E-4 0.6214911916535102 1.2832772902199261E-4
system 6.194507536650836E-4 0.36076492919025743 2.234761072828355E-4
even 0.0024778030146603344 0.377294231141468 9.348607833362824E-4
spot 4.1296716911005574E-4 3.0853444322436783 0.001274145955913144
intelligibility 4.1296716911005574E-4 5.1647859739235145 0.002132887042710516
neurophysiological 4.1296716911005574E-4 5.1647859739235145 0.002132887042710516
other 0.0020648358455502788 0.0408219945202552 8.429071757227999E-5
hundred 2.0648358455502787E-4 2.073743520565198 4.2819399557406524E-4
against 4.1296716911005574E-4 0.9600933545325481 3.964870347026835E-4
gut 8.259343382201115E-4 5.1647859739235145 0.004265774085421032
artefact 4.1296716911005574E-4 3.7784916128036232 0.0015603929848456012
characterise 2.0648358455502787E-4 2.6798793241355137 5.533510890224063E-4
epoch 4.1296716911005574E-4 2.6798793241355137 0.0011067021780448126
matter 4.1296716911005574E-4 1.9867321435755685 8.204551491123554E-4
restrict 2.0648358455502787E-4 1.906689435902032 3.9370006935825566E-4
valid 6.194507536650836E-4 1.79749014393704 0.0011134566243673591
conjunction 2.0648358455502787E-4 2.331572629867298 4.814314742653929E-4
native 6.194507536650836E-4 2.7668907011251433 0.0017139525301208816
too 6.194507536650836E-4 1.3361445774344192 8.276757654972656E-4
yield 2.0648358455502787E-4 1.4512139072192063 2.9965184951872935E-4
have 0.0022713194301053068 0.017291497110061043 3.927451336169141E-5
noise 0.0010324179227751394 2.331572629867298 0.0024071573713269644
erf 0.004955606029320669 5.1647859739235145 0.02559464451252619
speak 2.0648358455502787E-4 2.120263536200091 4.377996151559139E-4
linear 4.1296716911005574E-4 1.3146383722134554 5.429024869764424E-4
robust 4.1296716911005574E-4 1.6682784124570338 6.889442132797992E-4
question 6.194507536650836E-4 0.8743265327751228 5.416022296769292E-4
neuronal 0.0043361552756555856 3.7784916128036232 0.016384126340878814
television 4.1296716911005574E-4 3.5553480614894135 0.0014682420241542075
analogue 0.0020648358455502788 3.5553480614894135 0.007341210120771038
produce 2.0648358455502787E-4 0.8607208807193443 1.777247327522908E-4
picture 4.1296716911005574E-4 2.392197251683733 9.878989269806867E-4
future 4.1296716911005574E-4 0.48265474679929443 1.9932056444323535E-4
cite 2.0648358455502787E-4 2.2744142160273495 4.696292000882406E-4
pfurtscheller 4.1296716911005574E-4 5.1647859739235145 0.002132887042710516
thousand 2.0648358455502787E-4 2.456735772821304 5.072756086767095E-4
shed 4.1296716911005574E-4 3.5553480614894135 0.0014682420241542075
adverbial 4.1296716911005574E-4 5.1647859739235145 0.002132887042710516
almost 4.1296716911005574E-4 1.1043429633770947 4.5605738731244877E-4
untrained 4.1296716911005574E-4 4.0661736852554045 0.0016791962359097273
equally 4.1296716911005574E-4 2.073743520565198 8.563879911481305E-4
screen 6.194507536650836E-4 1.7635885922613586 0.0010924562826314425
lab 4.1296716911005574E-4 2.8622008809294686 0.0011819949952217503
hamilton 4.1296716911005574E-4 3.7784916128036232 0.0015603929848456012
associate 2.0648358455502787E-4 0.38566248081198473 7.963297146644326E-5
correspond 6.194507536650836E-4 0.8743265327751228 5.416022296769292E-4
trial 2.0648358455502787E-4 1.79749014393704 3.7115220812245306E-4
perception 4.1296716911005574E-4 1.252762968495368 5.17349976665442E-4
lai 6.194507536650836E-4 4.471638793363569 0.002769960020667088
whether 0.0012389015073301672 0.5300569856938783 6.566883985470307E-4
function 0.007846376213091059 0.5496654570822546 0.004312881967608027
rms 4.1296716911005574E-4 5.1647859739235145 0.002132887042710516
all 0.007020441874870948 0.017291497110061043 1.2139395039068253E-4
new 8.259343382201115E-4 0.36076492919025743 2.9796814304378067E-4
lau 6.194507536650836E-4 5.1647859739235145 0.003199330564065774
read 4.1296716911005574E-4 1.3581234841531944 5.608604105526304E-4
comparison 8.259343382201115E-4 0.6988778552689304 5.772272188882349E-4
already 6.194507536650836E-4 1.157452788691043 7.169850022864194E-4
acoustic 4.1296716911005574E-4 5.1647859739235145 0.002132887042710516
applicable 4.1296716911005574E-4 2.120263536200091 8.755992303118278E-4
less 6.194507536650836E-4 0.36076492919025743 2.234761072828355E-4
tool 4.1296716911005574E-4 0.8743265327751228 3.6106815311795287E-4
achim 0.0022713194301053068 5.1647859739235145 0.011730878734907838
condition 0.0014453850918851952 0.8607208807193443 0.0012440731292660356
unit 2.0648358455502787E-4 1.1043429633770947 2.2802869365622438E-4
contemporary 4.1296716911005574E-4 2.6798793241355137 0.0011067021780448126
ethic 2.0648358455502787E-4 1.9867321435755685 4.102275745561777E-4
improve 4.1296716911005574E-4 0.377294231141468 1.5581013055604708E-4
strenuous 4.1296716911005574E-4 5.1647859739235145 0.002132887042710516
individually 4.1296716911005574E-4 2.5998366164619773 0.0010736471676489685
amplifier 4.1296716911005574E-4 5.1647859739235145 0.002132887042710516
sensor 8.259343382201115E-4 2.6798793241355137 0.002213404356089625
basic 4.1296716911005574E-4 1.1944940603713923 4.932868306303499E-4
lateralisation 4.1296716911005574E-4 5.1647859739235145 0.002132887042710516
weisz 4.1296716911005574E-4 5.1647859739235145 0.002132887042710516
boundary 2.0648358455502787E-4 2.169053700369523 4.4787398314464653E-4
locate 2.0648358455502787E-4 1.5812670354674039 3.2650568562201196E-4
university 4.1296716911005574E-4 1.1043429633770947 4.5605738731244877E-4
cause 2.0648358455502787E-4 0.5398131606392429 1.1146255639876995E-4
technique 2.0648358455502787E-4 0.7953381214564925 1.642242662515987E-4
respective 8.259343382201115E-4 1.9459101490553132 0.0016071940111957986
leipzig 4.1296716911005574E-4 5.1647859739235145 0.002132887042710516
similarly 4.1296716911005574E-4 2.0292917579943643 8.38030872597301E-4
pronoun 2.0648358455502787E-4 4.471638793363569 9.233200068890293E-4
and 0.04088374974189552 0.017291497110061043 7.069412405104453E-4
spitzer 4.1296716911005574E-4 5.1647859739235145 0.002132887042710516
design 4.1296716911005574E-4 0.6004377824556778 2.4796109124744075E-4
define 2.0648358455502787E-4 0.3526016185510966 7.280644611833504E-5
construction 6.194507536650836E-4 1.730798769438368 0.0010721446021711963
possibility 6.194507536650836E-4 1.0704414117014134 6.630857392327565E-4
stimulation 0.003303737352880446 3.7784916128036232 0.01248314387876481
permutation 0.001858352260995251 4.471638793363569 0.008309880062001264
electroencephalography 4.1296716911005574E-4 4.471638793363569 0.0018466400137780586
accord 2.0648358455502787E-4 0.4919571394616079 1.0158107360347056E-4
aforementioned 6.194507536650836E-4 2.0292917579943643 0.0012570463088959515
localisation 6.194507536650836E-4 4.471638793363569 0.002769960020667088
automatic 6.194507536650836E-4 1.5812670354674039 9.795170568660358E-4
specific 6.194507536650836E-4 0.40261203912575794 2.493983310710869E-4
any 6.194507536650836E-4 0.2669461739726028 1.653600086553393E-4
analogy 6.194507536650836E-4 3.373026504695459 0.002089423810465905
conduct 2.0648358455502787E-4 0.5798184952529422 1.1972300129112991E-4
stable 4.1296716911005574E-4 1.8689491079191851 7.718146223081499E-4
engage 4.1296716911005574E-4 1.79749014393704 7.423044162449061E-4
martin 0.0024778030146603344 3.2188758248682006 0.007975740222675698
strategy 4.1296716911005574E-4 0.9021060968821986 3.7254020106636325E-4
hypothesis 4.1296716911005574E-4 1.8325814637483102 7.567959792477019E-4
cluster 8.259343382201115E-4 1.8689491079191851 0.0015436292446162998
reason 6.194507536650836E-4 0.7221347174331975 4.4732689496171634E-4
discussion 6.194507536650836E-4 0.23031204079282225 1.4266696724725723E-4
professional 6.194507536650836E-4 1.5538680612792897 9.625447416555583E-4
let 4.1296716911005574E-4 1.79749014393704 7.423044162449061E-4
press 2.0648358455502787E-4 2.9675613965872945 6.127527145544692E-4
fully 8.259343382201115E-4 1.2729656758128876 0.0010513860630294342
mohr 4.1296716911005574E-4 5.1647859739235145 0.002132887042710516
environmental 4.1296716911005574E-4 2.120263536200091 8.755992303118278E-4
separately 4.1296716911005574E-4 2.331572629867298 9.628629485307858E-4
remain 2.0648358455502787E-4 0.7104386776700063 1.4669392477183695E-4
sampling 8.259343382201115E-4 1.8689491079191851 0.0015436292446162998
each 0.003303737352880446 0.13434805253107854 4.438506794336685E-4
confound 2.0648358455502787E-4 2.8622008809294686 5.909974976108751E-4
eye 6.194507536650836E-4 1.4035858582299516 8.694523177141967E-4
jurafsky 4.1296716911005574E-4 4.0661736852554045 0.0016791962359097273
input 8.259343382201115E-4 0.990398704027877 8.180042981853206E-4
erlangen 4.1296716911005574E-4 5.1647859739235145 0.002132887042710516
difference 2.0648358455502787E-4 0.36076492919025743 7.449203576094517E-5
must 4.1296716911005574E-4 1.0376515888784226 4.285160391816736E-4
complexity 6.194507536650836E-4 1.5271998141971284 9.460250759015867E-4
sophisticated 4.1296716911005574E-4 2.073743520565198 8.563879911481305E-4
cut 6.194507536650836E-4 2.2744142160273495 0.001408887600264722
perfectly 4.1296716911005574E-4 3.5553480614894135 0.0014682420241542075
probably 4.1296716911005574E-4 1.79749014393704 7.423044162449061E-4
frequently 8.259343382201115E-4 1.157452788691043 9.559800030485592E-4
automatically 6.194507536650836E-4 1.4759065198095778 9.142514060352535E-4
another 6.194507536650836E-4 0.40261203912575794 2.493983310710869E-4
guarantee 4.1296716911005574E-4 1.8689491079191851 7.718146223081499E-4
two 0.0043361552756555856 0.11492996667397702 4.983541813242861E-4
acquire 2.0648358455502787E-4 1.79749014393704 3.7115220812245306E-4
dalal 4.1296716911005574E-4 5.1647859739235145 0.002132887042710516
pos 0.0012389015073301672 2.9675613965872945 0.003676516287326815
where 0.0012389015073301672 0.32850406697203605 4.0698418373574563E-4
distribute 2.0648358455502787E-4 1.5812670354674039 3.2650568562201196E-4
mechanism 2.0648358455502787E-4 1.1043429633770947 2.2802869365622438E-4
validate 2.0648358455502787E-4 1.5538680612792897 3.2084824721851946E-4
think 4.1296716911005574E-4 1.4512139072192063 5.993036990374587E-4
scaling 6.194507536650836E-4 3.373026504695459 0.002089423810465905
call 2.0648358455502787E-4 1.0539121097502027 2.176155502271738E-4
such 0.0024778030146603344 0.10219094089654716 2.532090214244406E-4
krauss 0.0022713194301053068 5.1647859739235145 0.011730878734907838
speech 0.008878794135866199 2.120263536200091 0.0188253834517043
describe 4.1296716911005574E-4 0.28958865072236245 1.1959060529521472E-4
dataset 6.194507536650836E-4 1.1043429633770947 6.840860809686732E-4
digitiser 4.1296716911005574E-4 5.1647859739235145 0.002132887042710516
evoke 2.0648358455502787E-4 4.471638793363569 9.233200068890293E-4
through 0.0012389015073301672 0.2595111954850846 3.21508811255525E-4
principle 2.0648358455502787E-4 1.4512139072192063 2.9965184951872935E-4
remains 8.259343382201115E-4 1.4512139072192063 0.0011986073980749174
source 8.259343382201115E-4 0.7703368192510752 6.362476310147224E-4
align 2.0648358455502787E-4 1.9459101490553132 4.0179850279894964E-4
challenging 4.1296716911005574E-4 1.5538680612792897 6.416964944370389E-4
research 0.0010324179227751394 0.40261203912575794 4.1566388511847817E-4
participant 0.0010324179227751394 1.6094379124341003 0.0016616125463907705
unable 4.1296716911005574E-4 1.9459101490553132 8.035970055978993E-4
view 4.1296716911005574E-4 1.121734706088964 4.6323960606605986E-4
late 6.194507536650836E-4 1.5012243277938677 9.299345412722698E-4
segment 2.0648358455502787E-4 1.730798769438368 3.5738153405706543E-4
huge 4.1296716911005574E-4 1.9459101490553132 8.035970055978993E-4
avenue 2.0648358455502787E-4 2.7668907011251433 5.713175100402939E-4
actual 8.259343382201115E-4 1.293584963015623 0.001068416240359796
last 4.1296716911005574E-4 0.7459453661269161 3.080509461601966E-4
might 4.1296716911005574E-4 0.7339691750802005 3.0310517244691327E-4
widely 4.1296716911005574E-4 1.0059028905638423 4.1540486911577216E-4
edinburgh 4.1296716911005574E-4 5.1647859739235145 0.002132887042710516
significant 6.194507536650836E-4 0.377294231141468 2.337151958340706E-4
imaging 4.1296716911005574E-4 2.331572629867298 9.628629485307858E-4
decrease 6.194507536650836E-4 0.7827593392496325 4.848808626365677E-4
measure 2.0648358455502787E-4 0.48265474679929443 9.966028222161768E-5
overlap 2.0648358455502787E-4 1.9867321435755685 4.102275745561777E-4
visualise 4.1296716911005574E-4 3.5553480614894135 0.0014682420241542075
overall 4.1296716911005574E-4 0.7339691750802005 3.0310517244691327E-4
assume 4.1296716911005574E-4 0.9452782687474074 3.903688906658713E-4
full 0.0024778030146603344 0.14750613710858965 3.65491151208564E-4
arousal 4.1296716911005574E-4 5.1647859739235145 0.002132887042710516
book 0.007433409043981004 2.0292917579943643 0.015084555706751419
concept 4.1296716911005574E-4 1.157452788691043 4.779900015242796E-4
show 8.259343382201115E-4 0.0771896386911299 6.375357314980789E-5
edition 4.1296716911005574E-4 3.5553480614894135 0.0014682420241542075
blink 2.0648358455502787E-4 4.471638793363569 9.233200068890293E-4
wave 0.0014453850918851952 3.5553480614894135 0.005138847084539726
not 0.003510220937435474 0.03488725900044054 1.2246198699308056E-4
distribtuion 2.0648358455502787E-4 5.1647859739235145 0.001066443521355258
statement 2.0648358455502787E-4 1.9867321435755685 4.102275745561777E-4
hence 6.194507536650836E-4 2.0292917579943643 0.0012570463088959515
factor 2.0648358455502787E-4 0.38566248081198473 7.963297146644326E-5
early 6.194507536650836E-4 0.6214911916535102 3.849831870659778E-4
news 6.194507536650836E-4 2.0292917579943643 0.0012570463088959515
overview 6.194507536650836E-4 1.4271163556401458 8.840283020690558E-4
neurolinguistic 2.0648358455502787E-4 5.1647859739235145 0.001066443521355258
introduce 2.0648358455502787E-4 0.7339691750802005 1.5155258622345663E-4
grained 4.1296716911005574E-4 4.471638793363569 0.0018466400137780586
start 4.1296716911005574E-4 0.8472978603872037 3.4990619879711075E-4
yet 6.194507536650836E-4 1.4271163556401458 8.840283020690558E-4
communicative 4.1296716911005574E-4 4.0661736852554045 0.0016791962359097273
pair 4.1296716911005574E-4 1.293584963015623 5.34208120179898E-4
manage 2.0648358455502787E-4 1.4035858582299516 2.8981743923806556E-4
what 6.194507536650836E-4 0.8209805520698303 5.085570217240328E-4
typical 4.1296716911005574E-4 1.4512139072192063 5.993036990374587E-4
short 0.0028907701837703904 0.9452782687474074 0.0027325822346610995
time 0.005368573198430725 0.167573700159399 8.99631675437616E-4
funnel 2.0648358455502787E-4 5.1647859739235145 0.001066443521355258
phoneme 4.1296716911005574E-4 4.471638793363569 0.0018466400137780586
logger 4.1296716911005574E-4 5.1647859739235145 0.002132887042710516
usage 4.1296716911005574E-4 1.8689491079191851 7.718146223081499E-4
experimental 8.259343382201115E-4 1.4512139072192063 0.0011986073980749174
broderick 0.0012389015073301672 5.1647859739235145 0.006398661128131548
when 4.1296716911005574E-4 0.14750613710858965 6.091519186809401E-5
consistency 6.194507536650836E-4 2.456735772821304 0.0015218268260301284
three 0.001858352260995251 0.22314355131420976 4.146793231112715E-4
psycholinguistic 2.0648358455502787E-4 5.1647859739235145 0.001066443521355258
intonational 4.1296716911005574E-4 5.1647859739235145 0.002132887042710516
neurocognitive 4.1296716911005574E-4 5.1647859739235145 0.002132887042710516
far 4.1296716911005574E-4 1.3361445774344192 5.517838436648437E-4
auditory 6.194507536650836E-4 4.0661736852554045 0.002518794353864591
suppression 0.0010324179227751394 3.5553480614894135 0.003670605060385519
case 8.259343382201115E-4 0.24480504809538922 2.0219289539160785E-4
generation 8.259343382201115E-4 1.6682784124570338 0.0013778884265595985
give 2.0648358455502787E-4 0.2595111954850846 5.3584801875920835E-5
silbert 8.259343382201115E-4 5.1647859739235145 0.004265774085421032
item 2.0648358455502787E-4 1.8325814637483102 3.7839798962385095E-4
grouping 4.1296716911005574E-4 2.9675613965872945 0.0012255054291089385
creative 4.1296716911005574E-4 3.2188758248682006 0.0013292900371126163
feasibility 4.1296716911005574E-4 2.169053700369523 8.957479662892931E-4
provide 8.259343382201115E-4 0.167573700159399 1.3840487314424862E-4
light 6.194507536650836E-4 1.2729656758128876 7.885395472720756E-4
phone 8.259343382201115E-4 3.2188758248682006 0.0026585800742252325
comfortable 4.1296716911005574E-4 3.2188758248682006 0.0013292900371126163
tiny 4.1296716911005574E-4 3.5553480614894135 0.0014682420241542075
determiner 2.0648358455502787E-4 4.471638793363569 9.233200068890293E-4
minimise 4.1296716911005574E-4 2.7668907011251433 0.0011426350200805877
participation 4.1296716911005574E-4 2.2744142160273495 9.392584001764813E-4
purely 4.1296716911005574E-4 2.6798793241355137 0.0011067021780448126
study 0.0012389015073301672 0.07103577311675174 8.800632638870751E-5
reliability 4.1296716911005574E-4 2.0292917579943643 8.38030872597301E-4
portion 2.0648358455502787E-4 2.2744142160273495 4.696292000882406E-4
pattern 2.0648358455502787E-4 0.9751312318970885 2.0134859217367098E-4
layer 2.0648358455502787E-4 1.4759065198095778 3.0475046867841786E-4
linguistic 0.003097253768325418 1.79749014393704 0.005567283121836795
diaz 6.194507536650836E-4 5.1647859739235145 0.003199330564065774
computer 4.1296716911005574E-4 1.5012243277938677 6.1995636084818E-4
modern 6.194507536650836E-4 2.0292917579943643 0.0012570463088959515
low 2.0648358455502787E-4 0.28958865072236245 5.979530264760736E-5
web 4.1296716911005574E-4 1.6384254493073527 6.766159195983286E-4
embedding 2.0648358455502787E-4 1.906689435902032 3.9370006935825566E-4
architecture 2.0648358455502787E-4 1.6682784124570338 3.444721066398996E-4
means 4.1296716911005574E-4 0.6988778552689304 2.8861360944411747E-4
explore 4.1296716911005574E-4 0.9600933545325481 3.964870347026835E-4
more 0.0041296716911005575 0.05279818556697083 2.1803917227739347E-4
display 0.0022713194301053068 0.16083966797805488 3.653182630102424E-4
centre 4.1296716911005574E-4 2.120263536200091 8.755992303118278E-4
consistent 4.1296716911005574E-4 0.9306794693262548 3.843400657965124E-4
continuously 4.1296716911005574E-4 2.2203469947570738 9.169304128668485E-4
great 4.1296716911005574E-4 0.5398131606392429 2.229251127975399E-4
conceptual 4.1296716911005574E-4 2.120263536200091 8.755992303118278E-4
randomly 0.0010324179227751394 1.6384254493073527 0.0016915397989958215
certain 8.259343382201115E-4 0.8209805520698303 6.780760289653771E-4
board 4.1296716911005574E-4 1.4271163556401458 5.893522013793706E-4
statistics 4.1296716911005574E-4 1.5538680612792897 6.416964944370389E-4
small 0.0010324179227751394 0.45525577261118 4.700142190906256E-4
distinction 6.194507536650836E-4 2.5998366164619773 0.0016104707514734526
before 8.259343382201115E-4 0.5203950747821414 4.298121617031934E-4
simple 4.1296716911005574E-4 1.0539121097502027 4.352311004543476E-4
section 6.194507536650836E-4 0.6988778552689304 4.329204141661762E-4
listen 2.0648358455502787E-4 2.9675613965872945 6.127527145544692E-4
influence 2.0648358455502787E-4 0.6874491594453075 1.4194696664160798E-4
friederici 6.194507536650836E-4 5.1647859739235145 0.003199330564065774
protocol 0.0012389015073301672 1.6384254493073527 0.0020298477587949856
major 4.1296716911005574E-4 0.7104386776700063 2.933878495436739E-4
few 8.259343382201115E-4 0.5013468798114469 4.1407960339578514E-4
consider 2.0648358455502787E-4 0.17435338714477774 3.6001112356964224E-5
potential 2.0648358455502787E-4 0.4373981552111735 9.031553896575955E-5
day 2.0648358455502787E-4 0.8881198549074587 1.8338217115578334E-4
group 6.194507536650836E-4 0.41119578281714936 2.547155375699872E-4
combination 4.1296716911005574E-4 0.6761496041913742 2.792275879377965E-4
obtain 8.259343382201115E-4 0.3526016185510966 2.912257844733402E-4
repeatedly 6.194507536650836E-4 3.0853444322436783 0.0019112189338697158
manually 4.1296716911005574E-4 1.4512139072192063 5.993036990374587E-4
kind 4.1296716911005574E-4 1.5538680612792897 6.416964944370389E-4
particular 6.194507536650836E-4 1.0704414117014134 6.630857392327565E-4
history 4.1296716911005574E-4 1.2329603411991883 5.091721417299972E-4
inner 4.1296716911005574E-4 2.456735772821304 0.001014551217353419
pause 4.1296716911005574E-4 4.0661736852554045 0.0016791962359097273
stimulate 2.0648358455502787E-4 2.392197251683733 4.939494634903434E-4
both 0.0012389015073301672 0.13434805253107854 1.664440047876257E-4
neuroimaging 6.194507536650836E-4 4.471638793363569 0.002769960020667088
most 8.259343382201115E-4 0.0771896386911299 6.375357314980789E-5
transfer 2.0648358455502787E-4 1.5271998141971284 3.1534169196719564E-4
correlate 4.1296716911005574E-4 1.5812670354674039 6.530113712440239E-4
loudspeaker 2.0648358455502787E-4 5.1647859739235145 0.001066443521355258
effect 2.0648358455502787E-4 0.4919571394616079 1.0158107360347056E-4
interference 4.1296716911005574E-4 3.373026504695459 0.0013929492069772698
totality 4.1296716911005574E-4 4.471638793363569 0.0018466400137780586
perceive 2.0648358455502787E-4 1.5012243277938677 3.0997818042409E-4
distortion 2.0648358455502787E-4 4.0661736852554045 8.395981179548636E-4
who 6.194507536650836E-4 0.44628710262841953 2.76452882074181E-4
limitation 2.0648358455502787E-4 0.6988778552689304 1.4430680472205873E-4
part 0.001651868676440223 0.4285875255290187 7.079703085344104E-4
why 6.194507536650836E-4 1.4271163556401458 8.840283020690558E-4
point 2.0648358455502787E-4 0.5108256237659907 1.054771058777598E-4
integrated 4.1296716911005574E-4 1.6384254493073527 6.766159195983286E-4
deuticke 6.194507536650836E-4 5.1647859739235145 0.003199330564065774
general 4.1296716911005574E-4 0.4734380916943703 1.955143884758911E-4
database 6.194507536650836E-4 1.2329603411991883 7.637582125949958E-4
adjective 2.0648358455502787E-4 3.2188758248682006 6.646450185563081E-4
alone 4.1296716911005574E-4 1.730798769438368 7.147630681141309E-4
billion 2.0648358455502787E-4 3.2188758248682006 6.646450185563081E-4
parallel 4.1296716911005574E-4 1.6094379124341003 6.646450185563081E-4
dialogue 2.0648358455502787E-4 2.5257286443082556 5.215215040900796E-4
sheer 4.1296716911005574E-4 3.5553480614894135 0.0014682420241542075
hospital 4.1296716911005574E-4 1.3805963400052528 5.701409622156733E-4
introduction 6.194507536650836E-4 0.10219094089654716 6.330225535611016E-5
san 6.194507536650836E-4 3.0853444322436783 0.0019112189338697158
move 4.1296716911005574E-4 1.4512139072192063 5.993036990374587E-4
process 4.1296716911005574E-4 0.41985384556026406 1.733858540409928E-4
original 4.1296716911005574E-4 1.1944940603713923 4.932868306303499E-4
malte 0.0022713194301053068 5.1647859739235145 0.011730878734907838
stimulus 0.0010324179227751394 3.2188758248682006 0.003323225092781541
alternative 4.1296716911005574E-4 1.3146383722134554 5.429024869764424E-4
clear 0.0010324179227751394 0.990398704027877 0.0010225053727316508
also 0.0041296716911005575 0.05279818556697083 2.1803917227739347E-4
enough 4.1296716911005574E-4 1.4512139072192063 5.993036990374587E-4
increase 0.0010324179227751394 0.16083966797805488 1.6605375591374652E-4
diminish 2.0648358455502787E-4 2.9675613965872945 6.127527145544692E-4
differ 8.259343382201115E-4 1.0059028905638423 8.308097382315443E-4
third 6.194507536650836E-4 0.990398704027877 6.135032236389905E-4
mean 4.1296716911005574E-4 0.5398131606392429 2.229251127975399E-4
neither 4.1296716911005574E-4 1.8325814637483102 7.567959792477019E-4
interaction 4.1296716911005574E-4 1.1758019273592397 4.855675933756926E-4
interruption 2.0648358455502787E-4 4.0661736852554045 8.395981179548636E-4
attention 4.1296716911005574E-4 1.157452788691043 4.779900015242796E-4
further 0.0022713194301053068 0.27443684570176036 6.233337399792204E-4
interfere 2.0648358455502787E-4 2.9675613965872945 6.127527145544692E-4
account 6.194507536650836E-4 0.7459453661269161 4.620764192402949E-4
simply 4.1296716911005574E-4 1.4512139072192063 5.993036990374587E-4
methodology 4.1296716911005574E-4 1.252762968495368 5.17349976665442E-4
xonar 4.1296716911005574E-4 5.1647859739235145 0.002132887042710516
evaluation 4.1296716911005574E-4 0.7827593392496325 3.232539084243785E-4
offer 4.1296716911005574E-4 1.0059028905638423 4.1540486911577216E-4
fit 6.194507536650836E-4 1.6384254493073527 0.0010149238793974928
disjoint 4.1296716911005574E-4 3.7784916128036232 0.0015603929848456012
complex 4.1296716911005574E-4 0.8472978603872037 3.4990619879711075E-4
record 2.0648358455502787E-4 0.8340526336371831 1.7221817750096697E-4
strict 4.1296716911005574E-4 2.7668907011251433 0.0011426350200805877
pseudo 4.1296716911005574E-4 4.0661736852554045 0.0016791962359097273
addition 4.1296716911005574E-4 0.7953381214564925 3.284485325031974E-4
kishore 0.0022713194301053068 5.1647859739235145 0.011730878734907838
grow 2.0648358455502787E-4 1.2329603411991883 2.545860708649986E-4
carefully 6.194507536650836E-4 2.5257286443082556 0.0015645645122702389
opportunity 4.1296716911005574E-4 1.3361445774344192 5.517838436648437E-4
supine 4.1296716911005574E-4 5.1647859739235145 0.002132887042710516
extend 4.1296716911005574E-4 1.4512139072192063 5.993036990374587E-4
delay 4.1296716911005574E-4 2.0292917579943643 8.38030872597301E-4
ortmann 4.1296716911005574E-4 5.1647859739235145 0.002132887042710516
flexible 0.0012389015073301672 2.5998366164619773 0.003220941502946905
broadband 4.1296716911005574E-4 4.471638793363569 0.0018466400137780586
domain 6.194507536650836E-4 1.1394342831883648 7.058234254728669E-4
simultaneously 6.194507536650836E-4 2.169053700369523 0.0013436219494339396
greatly 4.1296716911005574E-4 2.2203469947570738 9.169304128668485E-4
spectra 0.0041296716911005575 4.471638793363569 0.018466400137780586
average 0.0010324179227751394 0.7104386776700063 7.334696238591847E-4
compare 6.194507536650836E-4 0.17435338714477774 1.0800333707089267E-4
be 2.0648358455502787E-4 0.017291497110061043 3.5704103056083096E-6
scheme 8.259343382201115E-4 1.9459101490553132 0.0016071940111957986
affect 6.194507536650836E-4 0.5596157879354227 3.466544215994772E-4
valency 4.1296716911005574E-4 4.471638793363569 0.0018466400137780586
deniz 8.259343382201115E-4 5.1647859739235145 0.004265774085421032
coding 4.1296716911005574E-4 2.169053700369523 8.957479662892931E-4
how 4.1296716911005574E-4 0.5496654570822546 2.269937877688435E-4
see 0.001651868676440223 0.5696661237889241 9.410136259160423E-4
laine 4.1296716911005574E-4 5.1647859739235145 0.002132887042710516
peter 0.0022713194301053068 2.8622008809294686 0.006500972473719628
proverbio 4.1296716911005574E-4 5.1647859739235145 0.002132887042710516
hearing 4.1296716911005574E-4 4.0661736852554045 0.0016791962359097273
subsequent 0.0020648358455502788 1.3581234841531944 0.0028043020527631518
segmentation 0.0012389015073301672 2.7668907011251433 0.003427905060241763
term 4.1296716911005574E-4 0.4643056081310978 1.9174297259182233E-4
indicate 2.0648358455502787E-4 0.4919571394616079 1.0158107360347056E-4
contain 4.1296716911005574E-4 0.6429973968744738 2.6553681473238646E-4
set 8.259343382201115E-4 0.5108256237659907 4.219084235110392E-4
predictive 4.1296716911005574E-4 1.5012243277938677 6.1995636084818E-4
possible 0.0010324179227751394 0.38566248081198473 3.9816485733221635E-4
right 0.0010324179227751394 1.4271163556401458 0.0014733805034484264
sample 0.0014453850918851952 0.6321864807702582 9.137529145966978E-4
huth 8.259343382201115E-4 5.1647859739235145 0.004265774085421032
actor 2.0648358455502787E-4 2.456735772821304 5.072756086767095E-4
yuan 4.1296716911005574E-4 4.471638793363569 0.0018466400137780586
downsample 2.0648358455502787E-4 4.471638793363569 9.233200068890293E-4
answer 4.1296716911005574E-4 1.3805963400052528 5.701409622156733E-4
fixation 4.1296716911005574E-4 3.0853444322436783 0.001274145955913144
validity 4.1296716911005574E-4 2.073743520565198 8.563879911481305E-4
under 6.194507536650836E-4 0.7459453661269161 4.620764192402949E-4
paul 4.1296716911005574E-4 3.7784916128036232 0.0015603929848456012
shtyrov 4.1296716911005574E-4 5.1647859739235145 0.002132887042710516
precede 2.0648358455502787E-4 2.5257286443082556 5.215215040900796E-4
corpus 0.003716704521990502 1.6094379124341003 0.005981805167006774
language 0.0045426388602106136 0.664976303593249 0.0030207471978219037
do 2.0648358455502787E-4 0.14750613710858965 3.0457595934047006E-5
observe 2.0648358455502787E-4 0.5496654570822546 1.1349689388442175E-4
exemplary 0.0020648358455502788 3.7784916128036232 0.0078019649242280055
meaningful 4.1296716911005574E-4 1.730798769438368 7.147630681141309E-4
exploratory 4.1296716911005574E-4 2.5257286443082556 0.0010430430081801592
trail 4.1296716911005574E-4 4.471638793363569 0.0018466400137780586
later 4.1296716911005574E-4 1.3361445774344192 5.517838436648437E-4
bird 4.1296716911005574E-4 4.0661736852554045 0.0016791962359097273
exclude 4.1296716911005574E-4 0.9021060968821986 3.7254020106636325E-4
landmark 2.0648358455502787E-4 4.471638793363569 9.233200068890293E-4
signal 0.0020648358455502788 1.9867321435755685 0.004102275745561777
michel 4.1296716911005574E-4 4.471638793363569 0.0018466400137780586
programming 4.1296716911005574E-4 1.79749014393704 7.423044162449061E-4
vigliocco 4.1296716911005574E-4 5.1647859739235145 0.002132887042710516
possibly 6.194507536650836E-4 1.6384254493073527 0.0010149238793974928
computational 0.003303737352880446 1.3146383722134554 0.004343219895811539
train 2.0648358455502787E-4 1.252762968495368 2.58674988332721E-4
which 0.003303737352880446 0.023122417420854212 7.63903941221696E-5
image 4.1296716911005574E-4 1.5271998141971284 6.306833839343913E-4
test 0.0024778030146603344 0.44628710262841953 0.001105811528296724
typically 4.1296716911005574E-4 1.1394342831883648 4.705489503152446E-4
finally 4.1296716911005574E-4 2.073743520565198 8.563879911481305E-4
monolingual 4.1296716911005574E-4 3.373026504695459 0.0013929492069772698
take 2.0648358455502787E-4 0.368995428326773 7.619149872532996E-5
ecologically 4.1296716911005574E-4 5.1647859739235145 0.002132887042710516
immediate 4.1296716911005574E-4 2.073743520565198 8.563879911481305E-4
relatively 0.0012389015073301672 0.8209805520698303 0.0010171140434480656
carry 2.0648358455502787E-4 0.8472978603872037 1.7495309939855538E-4
confusion 2.0648358455502787E-4 2.6798793241355137 5.533510890224063E-4
methodological 4.1296716911005574E-4 2.2203469947570738 9.169304128668485E-4
frame 6.194507536650836E-4 2.169053700369523 0.0013436219494339396
some 4.1296716911005574E-4 0.2160260835453457 8.92116801756538E-5
deep 4.1296716911005574E-4 1.157452788691043 4.779900015242796E-4
beginning 8.259343382201115E-4 1.6990500711237875 0.0014033037960964588
rather 4.1296716911005574E-4 0.758066726659261 3.130566701050014E-4
session 4.1296716911005574E-4 2.7668907011251433 0.0011426350200805877
additional 6.194507536650836E-4 0.5300569856938783 3.2834419927351533E-4
for 0.02725583316126368 0.017291497110061043 4.7129416034029684E-4
training 6.194507536650836E-4 1.0059028905638423 6.231073036736582E-4
jittering 4.1296716911005574E-4 5.1647859739235145 0.002132887042710516
content 0.008052859797646087 1.293584963015623 0.010417058343508012
duration 0.0020648358455502788 1.730798769438368 0.0035738153405706547
ding 8.259343382201115E-4 4.471638793363569 0.0036932800275561173
random 0.0014453850918851952 1.2329603411991883 0.0017821024960549903
rate 6.194507536650836E-4 0.5696661237889241 3.5288010971851587E-4
alpha 0.001651868676440223 3.0853444322436783 0.005096583823652576
acoustical 4.1296716911005574E-4 5.1647859739235145 0.002132887042710516
divide 2.0648358455502787E-4 1.0059028905638423 2.0770243455788608E-4
hemisphere 0.0012389015073301672 5.1647859739235145 0.006398661128131548
human 0.0014453850918851952 0.8743265327751228 0.001263738535912835
class 0.0028907701837703904 1.2135422553420867 0.003508071768488378
over 0.0024778030146603344 0.3364722366212129 8.337119222495467E-4
length 8.259343382201115E-4 1.1944940603713923 9.865736612606998E-4
permission 6.194507536650836E-4 2.9675613965872945 0.0018382581436634075
valerie 0.0022713194301053068 5.1647859739235145 0.011730878734907838
nordwind 8.259343382201115E-4 5.1647859739235145 0.004265774085421032
hole 4.1296716911005574E-4 3.5553480614894135 0.0014682420241542075
approximately 0.0024778030146603344 0.9452782687474074 0.002342213343995228
although 4.1296716911005574E-4 0.4285875255290187 1.769925771336026E-4
form 4.1296716911005574E-4 0.5013468798114469 2.0703980169789257E-4
publish 2.0648358455502787E-4 0.03488725900044054 7.203646293710622E-6
trinkle 4.1296716911005574E-4 5.1647859739235145 0.002132887042710516
setup 0.0010324179227751394 2.392197251683733 0.002469747317451717
alexandra 0.0022713194301053068 5.1647859739235145 0.011730878734907838
avoid 8.259343382201115E-4 1.0376515888784226 8.570320783633471E-4
grant 2.0648358455502787E-4 2.8622008809294686 5.909974976108751E-4
adverb 2.0648358455502787E-4 4.0661736852554045 8.395981179548636E-4
significantly 4.1296716911005574E-4 0.5900749954201312 2.436816004212807E-4
comprehensive 4.1296716911005574E-4 1.3805963400052528 5.701409622156733E-4
upcoming 4.1296716911005574E-4 3.0853444322436783 0.001274145955913144
assign 4.1296716911005574E-4 1.0704414117014134 4.4205715948850437E-4
explain 4.1296716911005574E-4 0.9751312318970885 4.0269718434734195E-4
very 0.0010324179227751394 0.5596157879354227 5.77757369332462E-4
practice 4.1296716911005574E-4 1.0376515888784226 4.285160391816736E-4
transcription 6.194507536650836E-4 2.392197251683733 0.0014818483904710299
construct 2.0648358455502787E-4 1.2135422553420867 2.50576554892027E-4
fmri 4.1296716911005574E-4 4.0661736852554045 0.0016791962359097273
output 6.194507536650836E-4 1.121734706088964 6.948594090990897E-4
fatigue 4.1296716911005574E-4 3.7784916128036232 0.0015603929848456012
psychopy 4.1296716911005574E-4 5.1647859739235145 0.002132887042710516
balance 2.0648358455502787E-4 1.6682784124570338 3.444721066398996E-4
four 0.0012389015073301672 0.4643056081310978 5.75228917775467E-4
context 2.0648358455502787E-4 0.8881198549074587 1.8338217115578334E-4
action 2.0648358455502787E-4 1.4271163556401458 2.946761006896853E-4
easily 8.259343382201115E-4 1.4271163556401458 0.001178704402758741
model 4.1296716911005574E-4 0.41985384556026406 1.733858540409928E-4
text 0.001858352260995251 0.8209805520698303 0.0015256710651720985
usually 6.194507536650836E-4 0.9600933545325481 5.947305520540252E-4
whereas 4.1296716911005574E-4 1.0872485300177945 4.489979475605181E-4
spatial 0.0020648358455502788 2.120263536200091 0.004377996151559139
unspecific 4.1296716911005574E-4 5.1647859739235145 0.002132887042710516
inspection 2.0648358455502787E-4 2.9675613965872945 6.127527145544692E-4
sentence 8.259343382201115E-4 1.3146383722134554 0.0010858049739528848
reduce 2.0648358455502787E-4 0.3941013494578493 8.137545931403041E-5
python 0.0010324179227751394 2.120263536200091 0.0021889980757795694
issue 4.1296716911005574E-4 0.7953381214564925 3.284485325031974E-4
large 0.0026842865992153624 0.22314355131420976 5.989812444940588E-4
verb 4.1296716911005574E-4 2.6798793241355137 0.0011067021780448126
classification 4.1296716911005574E-4 0.9600933545325481 3.964870347026835E-4
traditional 8.259343382201115E-4 1.1758019273592397 9.711351867513852E-4
field 2.0648358455502787E-4 0.6988778552689304 1.4430680472205873E-4
supplement 2.0648358455502787E-4 2.331572629867298 4.814314742653929E-4
contrast 8.259343382201115E-4 1.4271163556401458 0.001178704402758741
synchronise 2.0648358455502787E-4 5.1647859739235145 0.001066443521355258
biological 4.1296716911005574E-4 2.456735772821304 0.001014551217353419
exclusively 4.1296716911005574E-4 2.331572629867298 9.628629485307858E-4
interval 8.259343382201115E-4 1.5538680612792897 0.0012833929888740778
evaluate 2.0648358455502787E-4 0.40261203912575794 8.313277702369563E-5
counterbalance 2.0648358455502787E-4 5.1647859739235145 0.001066443521355258
semantic 0.0014453850918851952 1.4512139072192063 0.0020975629466311054
paragraph 4.1296716911005574E-4 3.0853444322436783 0.001274145955913144
shield 2.0648358455502787E-4 4.0661736852554045 8.395981179548636E-4
keur 2.0648358455502787E-4 5.1647859739235145 0.001066443521355258
mediate 2.0648358455502787E-4 2.169053700369523 4.4787398314464653E-4
phenomenon 4.1296716911005574E-4 1.6094379124341003 6.646450185563081E-4
mention 2.0648358455502787E-4 0.8881198549074587 1.8338217115578334E-4
library 0.0012389015073301672 1.730798769438368 0.0021442892043423926
file 0.001651868676440223 2.392197251683733 0.003951595707922747
stream 0.001651868676440223 2.6798793241355137 0.00442680871217925
calibration 4.1296716911005574E-4 5.1647859739235145 0.002132887042710516
together 0.0022713194301053068 1.1394342831883648 0.0025880192267338457
illness 4.1296716911005574E-4 2.8622008809294686 0.0011819949952217503
may 0.0022713194301053068 0.15415067982725836 3.5012543425559406E-4
within 0.0022713194301053068 0.3127557100038969 7.103681210082317E-4
break 8.259343382201115E-4 1.906689435902032 0.0015748002774330226
could 0.001651868676440223 0.22314355131420976 3.686038427655747E-4
trigger 0.0010324179227751394 2.073743520565198 0.0021409699778703263
positive 4.1296716911005574E-4 0.6761496041913742 2.792275879377965E-4
ethical 4.1296716911005574E-4 1.8325814637483102 7.567959792477019E-4
adposition 2.0648358455502787E-4 5.1647859739235145 0.001066443521355258
snr 6.194507536650836E-4 5.1647859739235145 0.003199330564065774
machine 0.0010324179227751394 1.0539121097502027 0.001088077751135869
able 6.194507536650836E-4 0.7703368192510752 4.771857232610418E-4
souter 4.1296716911005574E-4 5.1647859739235145 0.002132887042710516
report 4.1296716911005574E-4 0.3364722366212129 1.3895198704159113E-4
mnist 4.1296716911005574E-4 5.1647859739235145 0.002132887042710516
complete 4.1296716911005574E-4 0.8080771472339223 3.337093319157226E-4
compensate 4.1296716911005574E-4 2.9675613965872945 0.0012255054291089385
spectral 4.1296716911005574E-4 3.373026504695459 0.0013929492069772698
constant 6.194507536650836E-4 2.073743520565198 0.0012845819867221956
usb 4.1296716911005574E-4 4.471638793363569 0.0018466400137780586
use 0.0010324179227751394 0.03488725900044054 3.6018231468553105E-5
subject 0.001858352260995251 0.9021060968821986 0.0016764309047986347
several 8.259343382201115E-4 0.3526016185510966 2.912257844733402E-4
sign 2.0648358455502787E-4 1.5812670354674039 3.2650568562201196E-4
tsigka 4.1296716911005574E-4 5.1647859739235145 0.002132887042710516
serve 4.1296716911005574E-4 1.1944940603713923 4.932868306303499E-4
while 0.0010324179227751394 0.20895891632225325 2.1573293033476487E-4
receptive 4.1296716911005574E-4 5.1647859739235145 0.002132887042710516
second 0.0012389015073301672 0.4373981552111735 5.418932337945573E-4
that 0.007846376213091059 0.017291497110061043 1.3567559161311576E-4
high 4.1296716911005574E-4 0.11492996667397702 4.746230298326534E-5
split 0.0010324179227751394 1.6384254493073527 0.0016915397989958215
fine 4.1296716911005574E-4 2.5257286443082556 0.0010430430081801592
find 8.259343382201115E-4 0.16083966797805488 1.3284300473099723E-4
sufficient 4.1296716911005574E-4 1.5012243277938677 6.1995636084818E-4
than 0.003097253768325418 0.058840500022933395 1.822439604261823E-4
continuous 0.005162089613875697 1.1758019273592397 0.006069594917196158
md 2.0648358455502787E-4 5.1647859739235145 0.001066443521355258
backward 4.1296716911005574E-4 2.5257286443082556 0.0010430430081801592
different 0.007020441874870948 0.18805223150293962 0.001320209760706163
rosario 0.0022713194301053068 5.1647859739235145 0.011730878734907838
combine 4.1296716911005574E-4 0.6321864807702582 2.610722613133422E-4
semantically 6.194507536650836E-4 2.456735772821304 0.0015218268260301284
level 6.194507536650836E-4 0.4373981552111735 2.7094661689727864E-4
occur 0.0010324179227751394 0.6109090823229731 6.307134857763505E-4
author 4.1296716911005574E-4 0.017291497110061043 7.140820611216619E-6
interrupted 8.259343382201115E-4 4.0661736852554045 0.0033583924718194546
weighting 4.1296716911005574E-4 2.392197251683733 9.878989269806867E-4
plus 4.1296716911005574E-4 2.5998366164619773 0.0010736471676489685
synchronisation 6.194507536650836E-4 5.1647859739235145 0.003199330564065774
daniel 4.1296716911005574E-4 3.7784916128036232 0.0015603929848456012
feed 4.1296716911005574E-4 2.0292917579943643 8.38030872597301E-4
task 4.1296716911005574E-4 1.0216512475319812 4.219084235110391E-4
prediction 6.194507536650836E-4 1.5012243277938677 9.299345412722698E-4
true 0.0010324179227751394 1.1394342831883648 0.0011763723757881115
position 4.1296716911005574E-4 1.0059028905638423 4.1540486911577216E-4
present 0.001858352260995251 0.083381608939051 1.5495240149730725E-4
since 0.0022713194301053068 0.377294231141468 8.56955718058259E-4
datum 2.0648358455502787E-4 0.167573700159399 3.4601218286062155E-5
belong 4.1296716911005574E-4 1.3805963400052528 5.701409622156733E-4
predominant 4.1296716911005574E-4 2.5998366164619773 0.0010736471676489685
mental 6.194507536650836E-4 2.169053700369523 0.0013436219494339396
mixed 8.259343382201115E-4 1.9459101490553132 0.0016071940111957986
fidelity 4.1296716911005574E-4 4.0661736852554045 0.0016791962359097273
investigate 6.194507536650836E-4 0.653926467406664 4.050752430766038E-4
delete 2.0648358455502787E-4 2.9675613965872945 6.127527145544692E-4
meg 0.005781540367540781 5.1647859739235145 0.029860418597947226
digitally 4.1296716911005574E-4 3.7784916128036232 0.0015603929848456012
head 4.1296716911005574E-4 1.9459101490553132 8.035970055978993E-4
total 0.001651868676440223 0.5108256237659907 8.438168470220784E-4
auxiliary 0.0012389015073301672 2.6798793241355137 0.0033201065341344374
repeat 2.0648358455502787E-4 1.5012243277938677 3.0997818042409E-4
summerfield 4.1296716911005574E-4 5.1647859739235145 0.002132887042710516
make 6.194507536650836E-4 0.2521310881874621 1.5618279260012105E-4
beta 0.0012389015073301672 3.7784916128036232 0.004681178954536803
highly 4.1296716911005574E-4 0.9162907318741551 3.7839798962385095E-4
determine 8.259343382201115E-4 0.40261203912575794 3.3253110809478253E-4
downside 2.0648358455502787E-4 4.0661736852554045 8.395981179548636E-4
interesting 4.1296716911005574E-4 1.6682784124570338 6.889442132797992E-4
cross 4.1296716911005574E-4 2.392197251683733 9.878989269806867E-4
control 0.001651868676440223 0.5398131606392429 8.917004511901596E-4
deviation 2.0648358455502787E-4 1.6682784124570338 3.444721066398996E-4
segmented 0.0010324179227751394 2.9675613965872945 0.003063763572772346
brennan 4.1296716911005574E-4 5.1647859739235145 0.002132887042710516
structure 4.1296716911005574E-4 0.8340526336371831 3.4443635500193393E-4
underlie 2.0648358455502787E-4 1.293584963015623 2.67104060089949E-4
due 0.001651868676440223 0.20895891632225325 3.451726885356238E-4
sensory 4.1296716911005574E-4 3.5553480614894135 0.0014682420241542075
pulse 2.0648358455502787E-4 4.471638793363569 9.233200068890293E-4
online 4.1296716911005574E-4 1.3581234841531944 5.608604105526304E-4
vary 2.0648358455502787E-4 0.9751312318970885 2.0134859217367098E-4
insensitive 4.1296716911005574E-4 4.471638793363569 0.0018466400137780586
adaptation 4.1296716911005574E-4 2.2203469947570738 9.169304128668485E-4
paint 4.1296716911005574E-4 4.471638793363569 0.0018466400137780586
cover 4.1296716911005574E-4 1.0704414117014134 4.4205715948850437E-4
reflect 2.0648358455502787E-4 0.7827593392496325 1.6162695421218924E-4
ongoing 8.259343382201115E-4 2.2203469947570738 0.001833860825733697
meaning 4.1296716911005574E-4 1.0704414117014134 4.4205715948850437E-4
estimate 6.194507536650836E-4 0.8743265327751228 5.416022296769292E-4
above 4.1296716911005574E-4 0.9021060968821986 3.7254020106636325E-4
magnetic 6.194507536650836E-4 2.9675613965872945 0.0018382581436634075
band 6.194507536650836E-4 3.7784916128036232 0.0023405894772684016
mayrhauser 4.1296716911005574E-4 5.1647859739235145 0.002132887042710516
recent 4.1296716911005574E-4 0.5596157879354227 2.311029477329848E-4
they 0.0014453850918851952 0.05279818556697083 7.631371029708772E-5
temporal 0.0020648358455502788 2.169053700369523 0.004478739831446465
closely 4.1296716911005574E-4 1.6990500711237875 7.016518980482294E-4
august 0.0022713194301053068 2.2203469947570738 0.005043117270767668
then 6.194507536650836E-4 0.4285875255290187 2.6548886570040386E-4
substantial 6.194507536650836E-4 1.5812670354674039 9.795170568660358E-4
benefit 4.1296716911005574E-4 1.0059028905638423 4.1540486911577216E-4
cognitive 6.194507536650836E-4 2.120263536200091 0.0013133988454677415
unique 4.1296716911005574E-4 1.157452788691043 4.779900015242796E-4
processing 0.0028907701837703904 0.7221347174331975 0.002087525509821343
asymmetric 4.1296716911005574E-4 3.5553480614894135 0.0014682420241542075
device 0.0010324179227751394 2.331572629867298 0.0024071573713269644
male 4.1296716911005574E-4 1.5812670354674039 6.530113712440239E-4
functional 4.1296716911005574E-4 1.4759065198095778 6.095009373568357E-4
fact 8.259343382201115E-4 0.9452782687474074 7.807377813317426E-4
activity 0.003097253768325418 1.0872485300177945 0.0033674846067038855
overcome 4.1296716911005574E-4 1.8689491079191851 7.718146223081499E-4
grammatical 4.1296716911005574E-4 2.6798793241355137 0.0011067021780448126
association 4.1296716911005574E-4 1.0376515888784226 4.285160391816736E-4
numpy 4.1296716911005574E-4 4.471638793363569 0.0018466400137780586
seem 6.194507536650836E-4 1.0216512475319812 6.328626352665586E-4
into 0.0024778030146603344 0.10854016857520597 2.6894115690738625E-4
offline 8.259343382201115E-4 2.7668907011251433 0.0022852700401611754
variety 6.194507536650836E-4 1.0539121097502027 6.528466506815214E-4
audio 0.007226925459425976 2.9675613965872945 0.021446345009406422
operating 4.1296716911005574E-4 1.6990500711237875 7.016518980482294E-4
free 4.1296716911005574E-4 1.6990500711237875 7.016518980482294E-4
key 2.0648358455502787E-4 0.9751312318970885 2.0134859217367098E-4
occipital 0.0010324179227751394 4.471638793363569 0.004616600034445147
apart 4.1296716911005574E-4 2.169053700369523 8.957479662892931E-4
middle 6.194507536650836E-4 2.2744142160273495 0.001408887600264722
necessary 8.259343382201115E-4 0.8607208807193443 7.108989310091632E-4
though 0.0012389015073301672 1.1043429633770947 0.0013681721619373463
dougla 2.0648358455502787E-4 4.471638793363569 9.233200068890293E-4
one 0.003303737352880446 0.06491954609931569 2.144771293803533E-4
many 6.194507536650836E-4 0.20194134366360675 1.2509271752856086E-4
everyday 0.0010324179227751394 2.7668907011251433 0.0028565875502014697
single 0.0020648358455502788 0.6429973968744738 0.0013276840736619322
actually 6.194507536650836E-4 1.5812670354674039 9.795170568660358E-4
confirm 4.1296716911005574E-4 0.8209805520698303 3.3903801448268854E-4
appear 2.0648358455502787E-4 0.7459453661269161 1.540254730800983E-4
calibrate 2.0648358455502787E-4 3.7784916128036232 7.801964924228006E-4
cortical 6.194507536650836E-4 3.7784916128036232 0.0023405894772684016
vast 6.194507536650836E-4 1.8689491079191851 0.0011577219334622248
fourth 4.1296716911005574E-4 2.0292917579943643 8.38030872597301E-4
magnetoencephalography 6.194507536650836E-4 5.1647859739235145 0.003199330564065774
iteratively 4.1296716911005574E-4 2.9675613965872945 0.0012255054291089385
open 4.1296716911005574E-4 0.8881198549074587 3.667643423115667E-4
gamma 0.001651868676440223 5.1647859739235145 0.008531548170842064
ratio 4.1296716911005574E-4 1.0704414117014134 4.4205715948850437E-4
but 0.001651868676440223 0.083381608939051 1.3773546799760643E-4
remarkably 4.1296716911005574E-4 3.373026504695459 0.0013929492069772698
available 4.1296716911005574E-4 0.5696661237889241 2.3525340647901057E-4
project 2.0648358455502787E-4 1.3361445774344192 2.7589192183242187E-4
frequency 0.003303737352880446 1.0216512475319812 0.0033752673880883127
presentation 8.259343382201115E-4 1.6094379124341003 0.0013292900371126163
elicit 4.1296716911005574E-4 2.8622008809294686 0.0011819949952217503
diameter 4.1296716911005574E-4 3.2188758248682006 0.0013292900371126163
drawback 6.194507536650836E-4 2.7668907011251433 0.0017139525301208816
roughly 8.259343382201115E-4 1.9459101490553132 0.0016071940111957986
generate 6.194507536650836E-4 0.7953381214564925 4.926727987547961E-4
five 0.0010324179227751394 0.9021060968821986 9.313505026659081E-4
unusual 4.1296716911005574E-4 3.373026504695459 0.0013929492069772698
ensure 0.0010324179227751394 1.0216512475319812 0.0010547710587775977
this 0.006607474705760892 0.017291497110061043 1.142531297794659E-4
ide 4.1296716911005574E-4 5.1647859739235145 0.002132887042710516
collection 4.1296716911005574E-4 0.9600933545325481 3.964870347026835E-4
finding 4.1296716911005574E-4 0.7459453661269161 3.080509461601966E-4
suppose 2.0648358455502787E-4 2.6798793241355137 5.533510890224063E-4
look 8.259343382201115E-4 1.1758019273592397 9.711351867513852E-4
tube 6.194507536650836E-4 3.2188758248682006 0.0019939350556689244
opt 2.0648358455502787E-4 2.5998366164619773 5.368235838244843E-4
especially 0.0010324179227751394 0.7104386776700063 7.334696238591847E-4
laboratory 4.1296716911005574E-4 2.2744142160273495 9.392584001764813E-4
once 4.1296716911005574E-4 1.4271163556401458 5.893522013793706E-4
know 2.0648358455502787E-4 0.6214911916535102 1.2832772902199261E-4
demonstrate 4.1296716911005574E-4 0.5108256237659907 2.109542117555196E-4
region 2.0648358455502787E-4 1.5538680612792897 3.2084824721851946E-4
coin 2.0648358455502787E-4 3.7784916128036232 7.801964924228006E-4
allow 6.194507536650836E-4 0.5398131606392429 3.3438766919630987E-4
idea 4.1296716911005574E-4 1.2329603411991883 5.091721417299972E-4
recording 0.001651868676440223 2.5998366164619773 0.004294588670595874
proper 8.259343382201115E-4 1.5538680612792897 0.0012833929888740778
learning 0.0012389015073301672 0.9306794693262548 0.001153020197389537
inferential 4.1296716911005574E-4 3.5553480614894135 0.0014682420241542075
inventory 4.1296716911005574E-4 3.2188758248682006 0.0013292900371126163
wien 4.1296716911005574E-4 5.1647859739235145 0.002132887042710516
we 2.0648358455502787E-4 0.19497267434751336 4.025865668955469E-5
speed 4.1296716911005574E-4 1.730798769438368 7.147630681141309E-4
vivid 4.1296716911005574E-4 5.1647859739235145 0.002132887042710516
electrocardiography 4.1296716911005574E-4 5.1647859739235145 0.002132887042710516
evert 4.1296716911005574E-4 5.1647859739235145 0.002132887042710516
zsolnay 4.1296716911005574E-4 5.1647859739235145 0.002132887042710516
common 4.1296716911005574E-4 0.3526016185510966 1.456128922366701E-4
similarity 2.0648358455502787E-4 1.4759065198095778 3.0475046867841786E-4
themselves 4.1296716911005574E-4 1.6094379124341003 6.646450185563081E-4
neurobiology 8.259343382201115E-4 5.1647859739235145 0.004265774085421032
prototypical 4.1296716911005574E-4 4.0661736852554045 0.0016791962359097273
summary 6.194507536650836E-4 1.3581234841531944 8.412906158289455E-4
normal 4.1296716911005574E-4 1.4035858582299516 5.796348784761311E-4
figure 0.007020441874870948 0.18805223150293962 0.001320209760706163
previous 0.001858352260995251 0.32850406697203605 6.104762756036186E-4
apply 6.194507536650836E-4 0.41119578281714936 2.547155375699872E-4
mne 8.259343382201115E-4 5.1647859739235145 0.004265774085421032
recently 4.1296716911005574E-4 1.5271998141971284 6.306833839343913E-4
again 4.1296716911005574E-4 1.79749014393704 7.423044162449061E-4
transmit 2.0648358455502787E-4 2.8622008809294686 5.909974976108751E-4
argue 6.194507536650836E-4 1.6990500711237875 0.001052477847072344
maier 0.0022713194301053068 4.471638793363569 0.010156520075779323
artificial 4.1296716911005574E-4 1.5012243277938677 6.1995636084818E-4
healthy 4.1296716911005574E-4 2.331572629867298 9.628629485307858E-4
step 4.1296716911005574E-4 0.8080771472339223 3.337093319157226E-4
mark 4.1296716911005574E-4 2.5998366164619773 0.0010736471676489685
chronological 4.1296716911005574E-4 5.1647859739235145 0.002132887042710516
base 4.1296716911005574E-4 0.14090545307723773 5.818932606947666E-5
employ 2.0648358455502787E-4 1.1944940603713923 2.4664341531517494E-4
tagging 0.0010324179227751394 2.392197251683733 0.002469747317451717
software 4.1296716911005574E-4 1.157452788691043 4.779900015242796E-4
subordinate 2.0648358455502787E-4 4.471638793363569 9.233200068890293E-4
whole 8.259343382201115E-4 1.252762968495368 0.001034699953330884
during 0.0026842865992153624 0.28958865072236245 7.773389344188957E-4
none 4.1296716911005574E-4 1.6384254493073527 6.766159195983286E-4
type 6.194507536650836E-4 0.3364722366212129 2.0842798056238667E-4
consist 8.259343382201115E-4 0.7459453661269161 6.161018923203932E-4
reliable 4.1296716911005574E-4 1.6990500711237875 7.016518980482294E-4
enable 4.1296716911005574E-4 0.9751312318970885 4.0269718434734195E-4
proof 4.1296716911005574E-4 2.7668907011251433 0.0011426350200805877
bandpass 4.1296716911005574E-4 5.1647859739235145 0.002132887042710516
simulate 4.1296716911005574E-4 2.5998366164619773 0.0010736471676489685
between 0.0022713194301053068 0.058840500022933395 1.3364557097920036E-4
still 0.0012389015073301672 0.5300569856938783 6.566883985470307E-4
method 6.194507536650836E-4 0.0958817717032825 5.9394035744341834E-5
natural 0.004749122444765641 0.6429973968744738 0.003053673369422444
preissl 4.1296716911005574E-4 5.1647859739235145 0.002132887042710516
work 2.0648358455502787E-4 0.4285875255290187 8.84962885668013E-5
arise 4.1296716911005574E-4 1.79749014393704 7.423044162449061E-4
oscillatory 4.1296716911005574E-4 5.1647859739235145 0.002132887042710516
baseline 6.194507536650836E-4 1.5538680612792897 9.625447416555583E-4
agree 4.1296716911005574E-4 1.79749014393704 7.423044162449061E-4
comprehension 8.259343382201115E-4 3.0853444322436783 0.002548291911826288
invariant 4.1296716911005574E-4 4.0661736852554045 0.0016791962359097273
exist 2.0648358455502787E-4 0.664976303593249 1.373066908100865E-4
among 6.194507536650836E-4 0.32850406697203605 2.0349209186787282E-4
exact 4.1296716911005574E-4 1.5271998141971284 6.306833839343913E-4
force 2.0648358455502787E-4 1.5271998141971284 3.1534169196719564E-4
glattauer 4.1296716911005574E-4 5.1647859739235145 0.002132887042710516
labelling 4.1296716911005574E-4 2.392197251683733 9.878989269806867E-4
word 0.017344621102622342 0.8743265327751228 0.01516486243095402
cerebral 4.1296716911005574E-4 3.2188758248682006 0.0013292900371126163
linguistics 0.0026842865992153624 3.0853444322436783 0.008281948713435437
collocation 4.1296716911005574E-4 2.8622008809294686 0.0011819949952217503
range 8.259343382201115E-4 0.3941013494578493 3.2550183725612165E-4
German 2.0648358455502787E-4 3.373026504695459 6.964746034886349E-4
distribution 0.0039231881065455295 0.9600933545325481 0.003766626829675493
derive 2.0648358455502787E-4 1.2329603411991883 2.545860708649986E-4
out 0.0014453850918851952 0.368995428326773 5.333404910773098E-4
across 0.0012389015073301672 0.7703368192510752 9.543714465220836E-4
naturally 4.1296716911005574E-4 2.2744142160273495 9.392584001764813E-4
amplitude 0.0012389015073301672 4.0661736852554045 0.005037588707729182
feature 2.0648358455502787E-4 0.7221347174331975 1.4910896498723878E-4
ear 2.0648358455502787E-4 4.471638793363569 9.233200068890293E-4
power 0.005162089613875697 1.4759065198095778 0.007618761716960447
event 2.0648358455502787E-4 1.157452788691043 2.389950007621398E-4
hagoort 6.194507536650836E-4 5.1647859739235145 0.003199330564065774
informed 4.1296716911005574E-4 1.4035858582299516 5.796348784761311E-4
include 2.0648358455502787E-4 0.0771896386911299 1.593839328745197E-5
mri 4.1296716911005574E-4 3.373026504695459 0.0013929492069772698
tremendously 4.1296716911005574E-4 4.0661736852554045 0.0016791962359097273
abstract 4.1296716911005574E-4 1.906689435902032 7.874001387165113E-4
brain 0.0026842865992153624 2.5257286443082556 0.006779779553171035
lead 4.1296716911005574E-4 0.3127557100038969 1.2915784018331484E-4
token 2.0648358455502787E-4 2.120263536200091 4.377996151559139E-4
fraction 6.194507536650836E-4 2.2203469947570738 0.0013753956193002727
filter 2.0648358455502787E-4 1.8325814637483102 3.7839798962385095E-4
expect 0.0010324179227751394 0.8743265327751228 9.026703827948821E-4
additionally 4.1296716911005574E-4 2.6798793241355137 0.0011067021780448126
cutting 4.1296716911005574E-4 3.5553480614894135 0.0014682420241542075
first 0.003303737352880446 0.167573700159399 5.536194925769945E-4
mathematical 4.1296716911005574E-4 2.2203469947570738 9.169304128668485E-4
argument 6.194507536650836E-4 2.120263536200091 0.0013133988454677415
moreno 4.1296716911005574E-4 5.1647859739235145 0.002132887042710516
sound 0.0022713194301053068 2.7668907011251433 0.006284492610443233
clearly 8.259343382201115E-4 1.6384254493073527 0.0013532318391966571
dozen 2.0648358455502787E-4 4.0661736852554045 8.395981179548636E-4
space 8.259343382201115E-4 1.293584963015623 0.001068416240359796
drug 4.1296716911005574E-4 1.906689435902032 7.874001387165113E-4
reference 6.194507536650836E-4 1.2135422553420867 7.517296646760809E-4
spacy 8.259343382201115E-4 3.5553480614894135 0.002936484048308415
chamber 0.0014453850918851952 2.2203469947570738 0.00320925644503397
only 0.0026842865992153624 0.10854016857520597 2.9135291998300176E-4
should 0.0012389015073301672 0.368995428326773 4.5714899235197977E-4
create 6.194507536650836E-4 0.7339691750802005 4.5465775867036993E-4
from 0.009498244889531281 0.023122417420854212 2.196223831012376E-4
tag 2.0648358455502787E-4 2.120263536200091 4.377996151559139E-4
cortex 4.1296716911005574E-4 4.471638793363569 0.0018466400137780586
wehbe 4.1296716911005574E-4 5.1647859739235145 0.002132887042710516
offset 2.0648358455502787E-4 3.0853444322436783 6.37072977956572E-4
individual 0.0010324179227751394 0.6214911916535102 6.41638645109963E-4
like 6.194507536650836E-4 0.7703368192510752 4.771857232610418E-4
person 2.0648358455502787E-4 0.9021060968821986 1.8627010053318162E-4
speaker 2.0648358455502787E-4 2.7668907011251433 5.713175100402939E-4
publisher 2.0648358455502787E-4 3.0853444322436783 6.37072977956572E-4
here 8.259343382201115E-4 1.3361445774344192 0.0011035676873296875
note 4.1296716911005574E-4 0.5013468798114469 2.0703980169789257E-4
arrival 4.1296716911005574E-4 3.0853444322436783 0.001274145955913144
eeg 4.1296716911005574E-4 4.0661736852554045 0.0016791962359097273
line 0.0012389015073301672 0.9021060968821986 0.0011176206031990896
scientific 6.194507536650836E-4 1.8325814637483102 0.001135193968871553
frequent 4.1296716911005574E-4 1.4271163556401458 5.893522013793706E-4
magnetically 0.0014453850918851952 5.1647859739235145 0.0074651046494868065
error 4.1296716911005574E-4 1.2329603411991883 5.091721417299972E-4
network 2.0648358455502787E-4 0.990398704027877 2.0450107454633015E-4
can 0.003303737352880446 0.0958817717032825 3.167681906364898E-4
numerical 4.1296716911005574E-4 1.6990500711237875 7.016518980482294E-4
phonetic 6.194507536650836E-4 5.1647859739235145 0.003199330564065774
paper 2.0648358455502787E-4 0.8340526336371831 1.7221817750096697E-4
spend 4.1296716911005574E-4 1.9867321435755685 8.204551491123554E-4
value 4.1296716911005574E-4 0.34450440831847723 1.422690102492163E-4
limited 4.1296716911005574E-4 0.5696661237889241 2.3525340647901057E-4
will 8.259343382201115E-4 0.3526016185510966 2.912257844733402E-4
kutas 6.194507536650836E-4 5.1647859739235145 0.003199330564065774
advantage 4.1296716911005574E-4 1.0376515888784226 4.285160391816736E-4
follow 6.194507536650836E-4 0.0958817717032825 5.9394035744341834E-5
instead 0.0014453850918851952 1.0376515888784226 0.0014998061371358576
hemispheric 4.1296716911005574E-4 5.1647859739235145 0.002132887042710516
response 4.1296716911005574E-4 1.0539121097502027 4.352311004543476E-4
topographical 4.1296716911005574E-4 4.471638793363569 0.0018466400137780586
independently 4.1296716911005574E-4 1.9459101490553132 8.035970055978993E-4
category 2.0648358455502787E-4 0.8080771472339223 1.668546659578613E-4
