equivalent 6.818956699624957E-4 1.6384254493073527 0.0011172352194390403
smartphone 0.0017047391749062393 4.0661736852554045 0.006931765573227761
optimal 6.818956699624957E-4 1.2329603411991883 8.407503178992079E-4
luo 6.818956699624957E-4 4.0661736852554045 0.002772706229291104
accuracy 0.005796113194681214 1.0539121097502027 0.006108593885357465
tokenization 0.002045687009887487 2.8622008809294686 0.005855167161805936
without 0.0013637913399249914 0.32850406697203605 4.4801100166660214E-4
advance 3.4094783498124785E-4 1.6682784124570338 5.687959128731789E-4
evaluation 0.004432321854756222 0.7827593392496325 0.003469441326370686
fit 6.818956699624957E-4 1.6384254493073527 0.0011172352194390403
der 6.818956699624957E-4 2.9675613965872945 0.0020235672666807326
would 6.818956699624957E-4 0.5013468798114469 3.418662664926334E-4
complex 0.0010228435049437436 0.8472978603872037 8.666531132497821E-4
understanding 6.818956699624957E-4 0.990398704027877 6.753485878130766E-4
diverse 6.818956699624957E-4 1.7635885922613586 0.0012025834246582737
because 0.0037504261847937266 0.34450440831847723 0.0012920383537344867
calculate 3.4094783498124785E-4 0.7221347174331975 2.4621026847364383E-4
ten 0.0010228435049437436 1.9459101490553132 0.001990361557165339
knowledge 6.818956699624957E-4 0.8080771472339223 5.510243076944577E-4
grow 3.4094783498124785E-4 1.2329603411991883 4.203751589496039E-4
tokenizing 6.818956699624957E-4 5.1647859739235145 0.0035218451919014756
upgrade 3.4094783498124785E-4 5.1647859739235145 0.0017609225959507378
pass 3.4094783498124785E-4 2.120263536200091 7.228992622571056E-4
excellent 6.818956699624957E-4 2.169053700369523 0.0014790683261981063
impact 3.4094783498124785E-4 0.6874491594453075 2.3438430257255625E-4
active 6.818956699624957E-4 1.1944940603713923 8.145203275631723E-4
google 6.818956699624957E-4 1.9867321435755685 0.0013547440460794874
require 6.818956699624957E-4 0.3127557100038969 2.132667644077033E-4
analysis 0.010910330719399931 0.13434805253107854 0.001465781684621382
accurately 0.0013637913399249914 2.073743520565198 0.00282815345457238
population 6.818956699624957E-4 0.9021060968821986 6.151422413107388E-4
extend 3.4094783498124785E-4 1.4512139072192063 4.947882397610658E-4
size 0.002727582679849983 0.12136085700426753 3.310217715765906E-4
interpretation 6.818956699624957E-4 1.4512139072192063 9.895764795221317E-4
unsupervised 0.0017047391749062393 2.0292917579943643 0.0034594131571673444
domain 6.818956699624957E-4 1.1394342831883648 7.76975303912966E-4
unicode 6.818956699624957E-4 5.1647859739235145 0.0035218451919014756
applicability 6.818956699624957E-4 2.5257286443082556 0.001722283426054044
appropriate 0.0010228435049437436 1.0539121097502027 0.0010779871562395526
average 6.818956699624957E-4 0.7104386776700063 4.8444505807705853E-4
deal 3.4094783498124785E-4 1.3361445774344192 4.555556008981995E-4
compare 0.0017047391749062393 0.17435338714477774 2.972270493432965E-4
statistical 0.0010228435049437436 0.653926467406664 6.688644398977129E-4
be 3.4094783498124785E-4 0.017291497110061043 5.895498503259816E-6
prove 3.4094783498124785E-4 1.0539121097502027 3.593290520798509E-4
independent 6.818956699624957E-4 1.0059028905638423 6.859208254782422E-4
affect 3.4094783498124785E-4 0.5596157879354227 1.9079979131790748E-4
achieve 6.818956699624957E-4 0.6109090823229731 4.165762579767972E-4
characteristic 3.4094783498124785E-4 0.664976303593249 2.2672223102395125E-4
measurement 6.818956699624957E-4 1.5012243277938677 0.0010236783687649967
result 0.003068530514831231 0.058840500022933395 1.8055386982829887E-4
see 3.4094783498124785E-4 0.5696661237889241 1.942264315679932E-4
vocabulary 0.0013637913399249914 2.073743520565198 0.00282815345457238
grasp 6.818956699624957E-4 3.7784916128036232 0.0025765370697603974
French 3.4094783498124785E-4 3.2188758248682006 0.0010974687435622913
same 0.0013637913399249914 0.2972515234679317 4.053890534850756E-4
unlike 0.0010228435049437436 1.6682784124570338 0.0017063877386195366
segmentation 6.818956699624957E-4 2.7668907011251433 0.0018867307883567292
term 3.4094783498124785E-4 0.4643056081310978 1.5830399186194944E-4
indicate 6.818956699624957E-4 0.4919571394616079 3.3546344320600606E-4
after 6.818956699624957E-4 0.12136085700426753 8.275544289414766E-5
behavior 0.0010228435049437436 2.2744142160273495 0.002326369808415291
connect 3.4094783498124785E-4 1.293584963015623 4.4104499250447425E-4
website 0.0013637913399249914 2.331572629867298 0.003179778561019158
contain 6.818956699624957E-4 0.6429973968744738 4.3845714072586E-4
set 0.002727582679849983 0.5108256237659907 0.00139331912380768
richardson 0.0010228435049437436 4.471638793363569 0.004573786696246405
learn 6.818956699624957E-4 1.252762968495368 8.542536437063539E-4
probabilistic 6.818956699624957E-4 2.5257286443082556 0.001722283426054044
emotional 6.818956699624957E-4 2.5257286443082556 0.001722283426054044
predictive 6.818956699624957E-4 1.5012243277938677 0.0010236783687649967
possible 0.0017047391749062393 0.38566248081198473 6.574539393317162E-4
abbreviation 3.4094783498124785E-4 2.7668907011251433 9.433653941783646E-4
sample 0.0017047391749062393 0.6321864807702582 0.001077713059615169
neighbor 3.4094783498124785E-4 3.373026504695459 0.0011500260841102827
the 0.09376065461984316 0.017291497110061043 0.0016212620883964497
meet 6.818956699624957E-4 1.1394342831883648 7.76975303912966E-4
series 0.0010228435049437436 1.1758019273592397 0.0012026613644997336
information 0.002045687009887487 0.3049735695618419 6.238804696116779E-4
emerge 3.4094783498124785E-4 1.293584963015623 4.4104499250447425E-4
interview 3.4094783498124785E-4 2.331572629867298 7.949446402547895E-4
normality 6.818956699624957E-4 3.5553480614894135 0.002424376448339184
naive 6.818956699624957E-4 2.6798793241355137 0.0018273981071500263
represent 3.4094783498124785E-4 0.4285875255290187 1.4612598892908921E-4
essential 0.0010228435049437436 1.252762968495368 0.001281380465559531
encode 3.4094783498124785E-4 1.79749014393704 6.128503729754654E-4
corpus 0.0017047391749062393 1.6094379124341003 0.0027436718589057283
language 0.005455165359699966 0.664976303593249 0.00362755569638322
do 3.4094783498124785E-4 0.14750613710858965 5.029189809362074E-5
good 3.4094783498124785E-4 0.2160260835453457 7.365362548426378E-5
observe 3.4094783498124785E-4 0.5496654570822546 1.874072475561727E-4
meaningful 0.0010228435049437436 1.730798769438368 0.0017703362796846586
kitsios 6.818956699624957E-4 5.1647859739235145 0.0035218451919014756
differentiate 6.818956699624957E-4 2.2744142160273495 0.001550913205610194
post 3.4094783498124785E-4 1.6990500711237875 5.792874432743906E-4
prior 6.818956699624957E-4 0.8209805520698303 5.598230835798365E-4
sentencepiece 0.010910330719399931 4.471638793363569 0.04878705809329499
pota 6.818956699624957E-4 5.1647859739235145 0.0035218451919014756
exclude 3.4094783498124785E-4 0.9021060968821986 3.075711206553694E-4
implement 3.4094783498124785E-4 1.0376515888784226 3.537850626929501E-4
pan 6.818956699624957E-4 3.7784916128036232 0.0025765370697603974
brunda 6.818956699624957E-4 5.1647859739235145 0.0035218451919014756
train 3.4094783498124785E-4 1.252762968495368 4.2712682185317693E-4
which 0.0034094783498124785 0.023122417420854212 7.883538159172932E-5
add 3.4094783498124785E-4 0.7827593392496325 2.668801020285143E-4
bayesian 6.818956699624957E-4 2.5998366164619773 0.001772817331375368
commonly 6.818956699624957E-4 1.0216512475319812 6.966595619038398E-4
test 0.0017047391749062393 0.44628710262841953 7.60803107106068E-4
need 6.818956699624957E-4 0.27443684570176036 1.8713729676219593E-4
finally 6.818956699624957E-4 2.073743520565198 0.00141407672728619
its 6.818956699624957E-4 0.19497267434751336 1.3295102239857713E-4
often 6.818956699624957E-4 0.5900749954201312 4.0236958433012695E-4
check 6.818956699624957E-4 1.5812670354674039 0.0010782591445396548
jain 6.818956699624957E-4 5.1647859739235145 0.0035218451919014756
shutova 6.818956699624957E-4 5.1647859739235145 0.0035218451919014756
respect 6.818956699624957E-4 1.5812670354674039 0.0010782591445396548
article 3.4094783498124785E-4 1.252762968495368 4.2712682185317693E-4
piece 6.818956699624957E-4 2.392197251683733 0.00163122894761932
relatively 6.818956699624957E-4 0.8209805520698303 5.598230835798365E-4
exchange 3.4094783498124785E-4 1.6682784124570338 5.687959128731789E-4
czaplewski 6.818956699624957E-4 5.1647859739235145 0.0035218451919014756
deep 0.0010228435049437436 1.157452788691043 0.0011838930671916566
comprehensively 6.818956699624957E-4 3.0853444322436783 0.002103883008689859
neural 0.00477326968973747 1.5271998141971284 0.0072897365832798496
importance 6.818956699624957E-4 0.9600933545325481 6.546835012155118E-4
for 0.020115922263893624 0.017291497110061043 3.478344116923292E-4
training 0.0013637913399249914 1.0059028905638423 0.0013718416509564844
expectation 3.4094783498124785E-4 1.906689435902032 6.500816351524145E-4
prevent 3.4094783498124785E-4 1.1944940603713923 4.0726016378158617E-4
byeon 6.818956699624957E-4 5.1647859739235145 0.0035218451919014756
rate 0.0010228435049437436 0.5696661237889241 5.826792947039797E-4
engine 6.818956699624957E-4 2.8622008809294686 0.0019517223872686455
trainer 6.818956699624957E-4 4.471638793363569 0.003049191130830937
buzzword 3.4094783498124785E-4 5.1647859739235145 0.0017609225959507378
company 3.4094783498124785E-4 1.6990500711237875 5.792874432743906E-4
divide 3.4094783498124785E-4 1.0059028905638423 3.429604127391211E-4
human 0.0013637913399249914 0.8743265327751228 0.0011923989536653566
class 3.4094783498124785E-4 1.2135422553420867 4.1375460461714515E-4
effectiveness 6.818956699624957E-4 1.5271998141971284 0.0010413909404685497
digital 6.818956699624957E-4 1.730798769438368 0.0011802241864564392
outperform 3.4094783498124785E-4 2.0292917579943643 6.918826314334689E-4
identify 0.0013637913399249914 0.3049735695618419 4.1592031307445196E-4
mobile 6.818956699624957E-4 2.331572629867298 0.001589889280509579
perform 0.0010228435049437436 0.2669461739726028 2.7304416021745937E-4
go 3.4094783498124785E-4 1.5012243277938677 5.118391843824984E-4
false 0.0010228435049437436 2.169053700369523 0.0022186024892971597
statistically 6.818956699624957E-4 1.1758019273592397 8.017742429998225E-4
trusov 6.818956699624957E-4 5.1647859739235145 0.0035218451919014756
jaeger 6.818956699624957E-4 5.1647859739235145 0.0035218451919014756
significance 6.818956699624957E-4 1.2329603411991883 8.407503178992079E-4
with 0.004432321854756222 0.017291497110061043 7.664148054237762E-5
supervised 0.002045687009887487 1.9867321435755685 0.004064232138238462
form 0.0013637913399249914 0.5013468798114469 6.837325329852668E-4
clark 6.818956699624957E-4 3.7784916128036232 0.0025765370697603974
management 0.0010228435049437436 0.9452782687474074 9.668717375527522E-4
service 0.0010228435049437436 1.2329603411991883 0.0012611254768488116
interpret 6.818956699624957E-4 1.3581234841531944 9.260985231184415E-4
there 0.0034094783498124785 0.12136085700426753 4.1377721447073825E-4
publish 3.4094783498124785E-4 0.03488725900044054 1.1894735424630255E-5
translation 0.0010228435049437436 1.9459101490553132 0.001990361557165339
developer 3.4094783498124785E-4 3.373026504695459 0.0011500260841102827
suitable 0.0013637913399249914 1.121734706088964 0.0015298120778574347
appealing 6.818956699624957E-4 3.5553480614894135 0.002424376448339184
inject 3.4094783498124785E-4 2.5998366164619773 8.86408665687684E-4
significantly 6.818956699624957E-4 0.5900749954201312 4.0236958433012695E-4
comprehensive 6.818956699624957E-4 1.3805963400052528 9.414226662156514E-4
age 0.0010228435049437436 0.9452782687474074 9.668717375527522E-4
subset 3.4094783498124785E-4 1.5812670354674039 5.391295722698274E-4
aesthetic 6.818956699624957E-4 3.7784916128036232 0.0025765370697603974
straightforward 6.818956699624957E-4 2.2744142160273495 0.001550913205610194
expert 6.818956699624957E-4 1.6094379124341003 0.0010974687435622913
mecab 6.818956699624957E-4 5.1647859739235145 0.0035218451919014756
select 3.4094783498124785E-4 0.5798184952529422 1.9768786063857556E-4
focus 6.818956699624957E-4 0.4285875255290187 2.9225197785817843E-4
favorable 6.818956699624957E-4 2.5257286443082556 0.001722283426054044
convert 6.818956699624957E-4 1.121734706088964 7.649060389287173E-4
entire 0.002045687009887487 1.1944940603713923 0.002443560982689517
attempt 3.4094783498124785E-4 1.0216512475319812 3.483297809519199E-4
approach 6.818956699624957E-4 0.40261203912575794 2.7453940615462525E-4
variation 3.4094783498124785E-4 1.1944940603713923 4.0726016378158617E-4
output 0.0010228435049437436 1.121734706088964 0.0011473590583930759
number 0.008182748039549948 0.14750613710858965 0.0012070055542468979
experiment 3.4094783498124785E-4 1.293584963015623 4.4104499250447425E-4
four 0.002045687009887487 0.4643056081310978 9.498239511716968E-4
normalize 3.4094783498124785E-4 2.2744142160273495 7.75456602805097E-4
property 3.4094783498124785E-4 1.4035858582299516 4.785495595737987E-4
model 0.007500852369587453 0.41985384556026406 0.0031492617123511112
text 0.006137061029662462 0.8209805520698303 0.00503840775221853
write 3.4094783498124785E-4 0.9162907318741551 3.1240734124587623E-4
flow 6.818956699624957E-4 1.4035858582299516 9.570991191475974E-4
algorithm 0.005796113194681214 0.8472978603872037 0.004911034308415433
order 0.0013637913399249914 0.5900749954201312 8.047391686602539E-4
sentence 3.4094783498124785E-4 1.3146383722134554 4.482231067894495E-4
reduce 6.818956699624957E-4 0.3941013494578493 2.687360037216838E-4
song 6.818956699624957E-4 3.373026504695459 0.0023000521682205654
similar 6.818956699624957E-4 0.20895891632225325 1.4248818024019996E-4
morpheme 0.00477326968973747 3.7784916128036232 0.018035759488322783
period 6.818956699624957E-4 0.7953381214564925 5.423376211772877E-4
large 0.0010228435049437436 0.22314355131420976 2.282409321318204E-4
loyalty 6.818956699624957E-4 3.7784916128036232 0.0025765370697603974
understand 0.0010228435049437436 1.0704414117014134 0.0010948940453816025
specify 3.4094783498124785E-4 1.5538680612792897 5.297879513396828E-4
index 0.0017047391749062393 1.4271163556401458 0.0024328611586091815
choo 0.003068530514831231 5.1647859739235145 0.01584830336355664
classification 0.013296965564268667 0.9600933545325481 0.012766328273702481
propose 6.818956699624957E-4 0.6214911916535102 4.2379215250836015E-4
encoder 6.818956699624957E-4 2.6798793241355137 0.0018273981071500263
Japanese 3.4094783498124785E-4 3.0853444322436783 0.0010519415043449296
system 0.0010228435049437436 0.36076492919025743 3.690060646337444E-4
field 0.0010228435049437436 0.6988778552689304 7.148426750108391E-4
contents 6.818956699624957E-4 2.331572629867298 0.001589889280509579
analyze 3.4094783498124785E-4 0.758066726659261 2.5846120922579644E-4
impression 6.818956699624957E-4 2.8622008809294686 0.0019517223872686455
singh 6.818956699624957E-4 3.373026504695459 0.0023000521682205654
evaluate 0.002727582679849983 0.40261203912575794 0.001098157624618501
become 6.818956699624957E-4 0.6321864807702582 4.310852238460676E-4
other 0.004091374019774974 0.0408219945202552 1.6701804781556849E-4
aim 3.4094783498124785E-4 0.6109090823229731 2.082881289883986E-4
proportion 0.0010228435049437436 1.4271163556401458 0.0014597166951655087
nonstandard 6.818956699624957E-4 4.471638793363569 0.003049191130830937
cell 6.818956699624957E-4 1.3361445774344192 9.11111201796399E-4
quantitatively 0.0010228435049437436 3.0853444322436783 0.0031558245130347885
retail 6.818956699624957E-4 3.7784916128036232 0.0025765370697603974
mention 3.4094783498124785E-4 0.8881198549074587 3.02802541734558E-4
literature 6.818956699624957E-4 0.9306794693262548 6.346263002565665E-4
sensibility 0.0010228435049437436 5.1647859739235145 0.005282767787852214
have 0.0037504261847937266 0.017291497110061043 6.485048353585799E-5
generalize 6.818956699624957E-4 1.9459101490553132 0.0013269077047768927
accumulate 3.4094783498124785E-4 2.6798793241355137 9.136990535750132E-4
share 6.818956699624957E-4 1.0539121097502027 7.186581041597018E-4
table 0.003068530514831231 0.18117935221517753 5.559543709296276E-4
convolutional 6.818956699624957E-4 2.5998366164619773 0.001772817331375368
product 0.014319809069212411 1.3361445774344192 0.01913333523772438
cnn 6.818956699624957E-4 2.5257286443082556 0.001722283426054044
proliferation 6.818956699624957E-4 2.8622008809294686 0.0019517223872686455
may 6.818956699624957E-4 0.15415067982725836 1.0511468109598251E-4
forward 6.818956699624957E-4 1.730798769438368 0.0011802241864564392
restaurant 0.0010228435049437436 3.2188758248682006 0.003292406230686874
positive 0.0017047391749062393 0.6761496041913742 0.0011526587183623834
satisfaction 6.818956699624957E-4 2.392197251683733 0.00163122894761932
generally 0.0013637913399249914 0.9021060968821986 0.0012302844826214776
multimedia 6.818956699624957E-4 4.471638793363569 0.003049191130830937
corporate 0.0010228435049437436 3.5553480614894135 0.003636564672508776
machine 0.0017047391749062393 1.0539121097502027 0.0017966452603992544
future 0.0013637913399249914 0.48265474679929443 6.582403638585672E-4
regard 3.4094783498124785E-4 0.4919571394616079 1.6773172160300303E-4
efficiently 6.818956699624957E-4 2.0292917579943643 0.0013837652628669378
report 3.4094783498124785E-4 0.3364722366212129 1.1471948060730067E-4
bidirectional 6.818956699624957E-4 2.2744142160273495 0.001550913205610194
almost 6.818956699624957E-4 1.1043429633770947 7.530466848803918E-4
use 0.0017047391749062393 0.03488725900044054 5.9473677123151275E-5
subject 3.4094783498124785E-4 0.9021060968821986 3.075711206553694E-4
precision 0.0010228435049437436 1.8689491079191851 0.001911642456105542
rating 6.818956699624957E-4 2.456735772821304 0.0016752374857288126
recognition 6.818956699624957E-4 1.6384254493073527 0.0011172352194390403
while 0.0013637913399249914 0.20895891632225325 2.849763604803999E-4
correspond 3.4094783498124785E-4 0.8743265327751228 2.9809973841633916E-4
crawl 3.4094783498124785E-4 3.373026504695459 0.0011500260841102827
mode 6.818956699624957E-4 1.9867321435755685 0.0013547440460794874
that 0.015001704739174906 0.017291497110061043 2.5940193414343197E-4
edge 3.4094783498124785E-4 2.331572629867298 7.949446402547895E-4
download 0.0017047391749062393 0.24480504809538922 4.17328755703016E-4
high 0.0013637913399249914 0.11492996667397702 1.5674049324783772E-4
son 6.818956699624957E-4 5.1647859739235145 0.0035218451919014756
judgment 6.818956699624957E-4 2.8622008809294686 0.0019517223872686455
optimize 6.818956699624957E-4 1.9867321435755685 0.0013547440460794874
danawa 0.0017047391749062393 5.1647859739235145 0.00880461297975369
whether 6.818956699624957E-4 0.5300569856938783 3.614435633780281E-4
find 0.0010228435049437436 0.16083966797805488 1.6451380972866165E-4
than 0.002386634844868735 0.058840500022933395 1.4043078764423245E-4
different 0.0013637913399249914 0.18805223150293962 2.564640047772787E-4
directly 6.818956699624957E-4 0.7703368192510752 5.252893414599899E-4
complement 3.4094783498124785E-4 1.8325814637483102 6.248146824917525E-4
representative 0.0010228435049437436 1.5812670354674039 0.0016173887168094822
regardless 6.818956699624957E-4 1.79749014393704 0.0012257007459509307
verification 0.0017047391749062393 2.6798793241355137 0.0045684952678750656
combine 6.818956699624957E-4 0.6321864807702582 4.310852238460676E-4
all 0.005796113194681214 0.017291497110061043 1.002234745554169E-4
new 0.0013637913399249914 0.36076492919025743 4.920080861783258E-4
unigram 6.818956699624957E-4 3.373026504695459 0.0023000521682205654
semantically 6.818956699624957E-4 2.456735772821304 0.0016752374857288126
comparison 0.002045687009887487 0.6988778552689304 0.0014296853500216783
read 3.4094783498124785E-4 1.3581234841531944 4.630492615592207E-4
syllable 6.818956699624957E-4 4.471638793363569 0.003049191130830937
level 0.0010228435049437436 0.4373981552111735 4.4738986213212423E-4
occur 0.0013637913399249914 0.6109090823229731 8.331525159535944E-4
author 3.4094783498124785E-4 0.017291497110061043 5.895498503259816E-6
difficult 0.0013637913399249914 0.7703368192510752 0.0010505786829199798
real 6.818956699624957E-4 1.3361445774344192 9.11111201796399E-4
feeling 3.4094783498124785E-4 2.456735772821304 8.376187428644063E-4
less 6.818956699624957E-4 0.36076492919025743 2.460040430891629E-4
amazon 0.0010228435049437436 2.9675613965872945 0.003035350900021099
quantify 6.818956699624957E-4 2.0292917579943643 0.0013837652628669378
feed 6.818956699624957E-4 2.0292917579943643 0.0013837652628669378
unit 3.4094783498124785E-4 1.1043429633770947 3.765233424401959E-4
expand 6.818956699624957E-4 1.8689491079191851 0.0012744283040703615
rnn 0.0017047391749062393 2.9675613965872945 0.005058918166701831
task 6.818956699624957E-4 1.0216512475319812 6.966595619038398E-4
improve 0.002045687009887487 0.377294231141468 7.718259075515881E-4
background 6.818956699624957E-4 1.6094379124341003 0.0010974687435622913
true 0.0010228435049437436 1.1394342831883648 0.001165462955869449
survey 3.4094783498124785E-4 1.3805963400052528 4.707113331078257E-4
try 6.818956699624957E-4 1.3581234841531944 9.260985231184415E-4
basic 6.818956699624957E-4 1.1944940603713923 8.145203275631723E-4
present 6.818956699624957E-4 0.083381608939051 5.6857558090045004E-5
collect 6.818956699624957E-4 0.6761496041913742 4.610634873449534E-4
since 0.002727582679849983 0.377294231141468 0.0010291012100687841
datum 3.4094783498124785E-4 0.167573700159399 5.7133890269143883E-5
sentiment 0.009887487214456188 1.8689491079191851 0.01847921040902024
patent 6.818956699624957E-4 4.0661736852554045 0.002772706229291104
cause 6.818956699624957E-4 0.5398131606392429 3.6809625682866884E-4
technique 3.4094783498124785E-4 0.7953381214564925 2.7116881058864386E-4
mixed 6.818956699624957E-4 1.9459101490553132 0.0013269077047768927
media 6.818956699624957E-4 1.5812670354674039 0.0010782591445396548
investigate 6.818956699624957E-4 0.653926467406664 4.459096265984753E-4
total 6.818956699624957E-4 0.5108256237659907 3.4832978095192E-4
wonjoon 0.003068530514831231 5.1647859739235145 0.01584830336355664
and 0.056256392771905896 0.017291497110061043 9.727572530378697E-4
bpe 6.818956699624957E-4 5.1647859739235145 0.0035218451919014756
unstructured 6.818956699624957E-4 1.6990500711237875 0.001158574886548781
design 6.818956699624957E-4 0.6004377824556778 4.0943592393840965E-4
repeat 6.818956699624957E-4 1.5012243277938677 0.0010236783687649967
define 3.4094783498124785E-4 0.3526016185510966 1.2021875845588019E-4
possibility 0.0010228435049437436 1.0704414117014134 0.0010948940453816025
make 0.0010228435049437436 0.2521310881874621 2.578906459469438E-4
direction 6.818956699624957E-4 1.3581234841531944 9.260985231184415E-4
ann 0.002727582679849983 3.373026504695459 0.009200208672882262
subjective 6.818956699624957E-4 2.0292917579943643 0.0013837652628669378
determine 3.4094783498124785E-4 0.40261203912575794 1.3726970307731263E-4
social 0.0010228435049437436 1.0704414117014134 0.0010948940453816025
anderson 6.818956699624957E-4 3.373026504695459 0.0023000521682205654
accord 3.4094783498124785E-4 0.4919571394616079 1.6773172160300303E-4
adjacent 6.818956699624957E-4 2.6798793241355137 0.0018273981071500263
bert 0.0010228435049437436 2.392197251683733 0.00244684342142898
requirement 3.4094783498124785E-4 1.6990500711237875 5.792874432743906E-4
specific 0.002386634844868735 0.40261203912575794 9.608879215411884E-4
exactly 6.818956699624957E-4 2.8622008809294686 0.0019517223872686455
interconnect 3.4094783498124785E-4 3.373026504695459 0.0011500260841102827
structure 0.0017047391749062393 0.8340526336371831 0.0014218421984950273
English 3.4094783498124785E-4 1.4512139072192063 4.947882397610658E-4
conduct 0.0010228435049437436 0.5798184952529422 5.930635819157267E-4
due 0.0013637913399249914 0.20895891632225325 2.849763604803999E-4
online 0.005114217524718718 1.3581234841531944 0.006945738923388311
until 6.818956699624957E-4 1.0376515888784226 7.075701253859002E-4
respond 6.818956699624957E-4 1.6682784124570338 0.0011375918257463579
selva 6.818956699624957E-4 5.1647859739235145 0.0035218451919014756
increasingly 6.818956699624957E-4 1.730798769438368 0.0011802241864564392
tagger 0.0010228435049437436 4.0661736852554045 0.004159059343936657
depend 6.818956699624957E-4 0.8472978603872037 5.777687421665214E-4
about 0.0013637913399249914 0.377294231141468 5.145506050343921E-4
neuron 3.4094783498124785E-4 3.2188758248682006 0.0010974687435622913
discussion 6.818956699624957E-4 0.23031204079282225 1.5704878335685117E-4
lee 6.818956699624957E-4 2.392197251683733 0.00163122894761932
stakeholder 3.4094783498124785E-4 3.2188758248682006 0.0010974687435622913
maximize 0.0010228435049437436 2.331572629867298 0.0023848339207643687
elkan 6.818956699624957E-4 5.1647859739235145 0.0035218451919014756
reflect 6.818956699624957E-4 0.7827593392496325 5.337602040570286E-4
character 3.4094783498124785E-4 1.8325814637483102 6.248146824917525E-4
meaning 3.4094783498124785E-4 1.0704414117014134 3.6496468179386747E-4
estimate 6.818956699624957E-4 0.8743265327751228 5.961994768326783E-4
above 6.818956699624957E-4 0.9021060968821986 6.151422413107388E-4
ferreira 6.818956699624957E-4 4.471638793363569 0.003049191130830937
state 6.818956699624957E-4 0.6761496041913742 4.610634873449534E-4
exhibit 3.4094783498124785E-4 1.8689491079191851 6.372141520351808E-4
brand 6.818956699624957E-4 2.9675613965872945 0.0020235672666807326
recent 6.818956699624957E-4 0.5596157879354227 3.8159958263581496E-4
they 0.0017047391749062393 0.05279818556697083 9.000713529998436E-5
fully 6.818956699624957E-4 1.2729656758128876 8.680297823476901E-4
shopping 6.818956699624957E-4 4.0661736852554045 0.002772706229291104
element 6.818956699624957E-4 1.1758019273592397 8.017742429998225E-4
merging 0.0010228435049437436 3.2188758248682006 0.003292406230686874
margin 3.4094783498124785E-4 3.373026504695459 0.0011500260841102827
refine 3.4094783498124785E-4 2.9675613965872945 0.0010117836333403663
mohd 6.818956699624957E-4 4.471638793363569 0.003049191130830937
each 0.007500852369587453 0.13434805253107854 0.0010077249081772
quality 0.002045687009887487 0.7953381214564925 0.0016270128635318631
intention 0.0010228435049437436 2.2203469947570738 0.002271067502308633
input 0.002386634844868735 0.990398704027877 0.0023637200573457685
node 3.4094783498124785E-4 1.9459101490553132 6.634538523884463E-4
dictionary 6.818956699624957E-4 1.9459101490553132 0.0013269077047768927
normalizer 6.818956699624957E-4 4.471638793363569 0.003049191130830937
generalization 6.818956699624957E-4 3.2188758248682006 0.0021949374871245825
adopt 3.4094783498124785E-4 1.293584963015623 4.4104499250447425E-4
difference 0.0013637913399249914 0.36076492919025743 4.920080861783258E-4
processing 0.0034094783498124785 0.7221347174331975 0.0024621026847364384
must 6.818956699624957E-4 1.0376515888784226 7.075701253859002E-4
except 6.818956699624957E-4 1.3805963400052528 9.414226662156514E-4
functional 0.0010228435049437436 1.4759065198095778 0.0015096213976913513
activity 3.4094783498124785E-4 1.0872485300177945 3.7069503239611133E-4
superiority 6.818956699624957E-4 2.9675613965872945 0.0020235672666807326
examine 6.818956699624957E-4 0.8881198549074587 6.05605083469116E-4
frequently 0.0010228435049437436 1.157452788691043 0.0011838930671916566
omnidirectional 6.818956699624957E-4 5.1647859739235145 0.0035218451919014756
document 6.818956699624957E-4 0.8743265327751228 5.961994768326783E-4
overcome 6.818956699624957E-4 1.8689491079191851 0.0012744283040703615
guarantee 6.818956699624957E-4 1.8689491079191851 0.0012744283040703615
seek 3.4094783498124785E-4 1.3581234841531944 4.630492615592207E-4
scepi 6.818956699624957E-4 5.1647859739235145 0.0035218451919014756
two 0.002386634844868735 0.11492996667397702 2.7429586318371605E-4
long 0.0010228435049437436 0.44628710262841953 4.564818642636408E-4
seem 3.4094783498124785E-4 1.0216512475319812 3.483297809519199E-4
into 0.002727582679849983 0.10854016857520597 2.960522838737292E-4
current 6.818956699624957E-4 0.4919571394616079 3.3546344320600606E-4
pos 0.0010228435049437436 2.9675613965872945 0.003035350900021099
analyzer 6.818956699624957E-4 3.0853444322436783 0.002103883008689859
perspective 0.0010228435049437436 1.4271163556401458 0.0014597166951655087
where 0.0013637913399249914 0.32850406697203605 4.4801100166660214E-4
vector 0.0013637913399249914 1.2135422553420867 0.0016550184184685806
relationship 6.818956699624957E-4 0.758066726659261 5.169224184515929E-4
graphic 6.818956699624957E-4 3.373026504695459 0.0023000521682205654
situation 6.818956699624957E-4 1.4512139072192063 9.895764795221317E-4
receive 0.0010228435049437436 0.653926467406664 6.688644398977129E-4
expression 3.4094783498124785E-4 1.2729656758128876 4.3401489117384504E-4
necessary 0.002045687009887487 0.8607208807193443 0.0017607655248264799
manager 3.4094783498124785E-4 2.456735772821304 8.376187428644063E-4
star 6.818956699624957E-4 3.0853444322436783 0.002103883008689859
decision 3.4094783498124785E-4 0.9452782687474074 3.222905791842507E-4
slang 0.0010228435049437436 4.0661736852554045 0.004159059343936657
one 0.0017047391749062393 0.06491954609931569 1.1067089345263499E-4
store 6.818956699624957E-4 1.730798769438368 0.0011802241864564392
svm 0.0013637913399249914 2.8622008809294686 0.003903444774537291
many 0.002045687009887487 0.20194134366360675 4.131087834918651E-4
everyday 6.818956699624957E-4 2.7668907011251433 0.0018867307883567292
call 3.4094783498124785E-4 1.0539121097502027 3.593290520798509E-4
confirm 0.0010228435049437436 0.8209805520698303 8.397346253697549E-4
such 0.005455165359699966 0.10219094089654716 5.574684808539906E-4
appear 6.818956699624957E-4 0.7459453661269161 5.086569151905326E-4
extensive 6.818956699624957E-4 1.5271998141971284 0.0010413909404685497
nlp 0.002045687009887487 0.41119578281714936 8.411778714295589E-4
vast 6.818956699624957E-4 1.8689491079191851 0.0012744283040703615
technological 6.818956699624957E-4 2.9675613965872945 0.0020235672666807326
ratio 0.0010228435049437436 1.0704414117014134 0.0010948940453816025
but 0.0013637913399249914 0.083381608939051 1.1371511618009001E-4
through 0.0064780088646437094 0.2595111954850846 0.0016811158248266646
calculation 6.818956699624957E-4 1.6094379124341003 0.0010974687435622913
principle 6.818956699624957E-4 1.4512139072192063 9.895764795221317E-4
excellence 6.818956699624957E-4 3.5553480614894135 0.002424376448339184
separate 6.818956699624957E-4 1.2135422553420867 8.275092092342903E-4
conditional 6.818956699624957E-4 2.120263536200091 0.0014457985245142112
sanghyun 0.003068530514831231 5.1647859739235145 0.01584830336355664
express 6.818956699624957E-4 0.8743265327751228 5.961994768326783E-4
source 6.818956699624957E-4 0.7703368192510752 5.252893414599899E-4
independence 6.818956699624957E-4 2.8622008809294686 0.0019517223872686455
research 0.004432321854756222 0.40261203912575794 0.001784506140005064
mainly 0.002045687009887487 1.0059028905638423 0.0020577624764347266
tokenize 0.0010228435049437436 3.373026504695459 0.0034500782523308477
frequency 6.818956699624957E-4 1.0216512475319812 6.966595619038398E-4
separation 6.818956699624957E-4 2.6798793241355137 0.0018273981071500263
bias 6.818956699624957E-4 1.4512139072192063 9.895764795221317E-4
oov 6.818956699624957E-4 5.1647859739235145 0.0035218451919014756
generate 6.818956699624957E-4 0.7953381214564925 5.423376211772877E-4
five 0.002045687009887487 0.9021060968821986 0.0018454267239322165
recurrent 0.0013637913399249914 1.9867321435755685 0.002709488092158975
actual 0.0017047391749062393 1.293584963015623 0.0022052249625223713
widely 0.0010228435049437436 1.0059028905638423 0.0010288812382173633
this 0.015001704739174906 0.017291497110061043 2.5940193414343197E-4
develop 6.818956699624957E-4 0.32850406697203605 2.2400550083330107E-4
significant 0.0013637913399249914 0.377294231141468 5.145506050343921E-4
sharing 6.818956699624957E-4 2.169053700369523 0.0014790683261981063
look 3.4094783498124785E-4 1.1758019273592397 4.0088712149991126E-4
decrease 3.4094783498124785E-4 0.7827593392496325 2.668801020285143E-4
measure 6.818956699624957E-4 0.48265474679929443 3.291201819292836E-4
extract 3.4094783498124785E-4 0.8080771472339223 2.7551215384722885E-4
solve 0.0010228435049437436 1.4271163556401458 0.0014597166951655087
know 6.818956699624957E-4 0.6214911916535102 4.2379215250836015E-4
systematically 6.818956699624957E-4 2.392197251683733 0.00163122894761932
overall 0.0013637913399249914 0.7339691750802005 0.0010009808047462673
demonstrate 3.4094783498124785E-4 0.5108256237659907 1.7416489047596E-4
assume 3.4094783498124785E-4 0.9452782687474074 3.222905791842507E-4
support 0.0010228435049437436 0.5300569856938783 5.421653450670422E-4
full 0.0017047391749062393 0.14750613710858965 2.5145949046810373E-4
allow 3.4094783498124785E-4 0.5398131606392429 1.8404812841433442E-4
memory 0.0010228435049437436 2.073743520565198 0.002121115090929285
string 3.4094783498124785E-4 2.5998366164619773 8.86408665687684E-4
distance 6.818956699624957E-4 1.4035858582299516 9.570991191475974E-4
hidden 6.818956699624957E-4 1.730798769438368 0.0011802241864564392
overfitt 3.4094783498124785E-4 3.5553480614894135 0.001212188224169592
affective 0.007841800204568702 3.5553480614894135 0.02788032915590062
concept 0.0013637913399249914 1.157452788691043 0.0015785240895888756
show 3.4094783498124785E-4 0.0771896386911299 2.6317640194725498E-5
rule 3.4094783498124785E-4 1.1043429633770947 3.765233424401959E-4
learning 0.0064780088646437094 0.9306794693262548 0.0060289498524373816
kim 0.005114217524718718 2.9675613965872945 0.015176754500105494
life 6.818956699624957E-4 1.3581234841531944 9.260985231184415E-4
conclusion 6.818956699624957E-4 0.28958865072236245 1.974692469978605E-4
not 0.002727582679849983 0.03488725900044054 9.515788339704204E-5
negative 0.0017047391749062393 0.6321864807702582 0.001077713059615169
interest 6.818956699624957E-4 1.0059028905638423 6.859208254782422E-4
gap 6.818956699624957E-4 1.6094379124341003 0.0010974687435622913
factor 6.818956699624957E-4 0.38566248081198473 2.629815757326865E-4
news 6.818956699624957E-4 2.0292917579943643 0.0013837652628669378
figure 0.0037504261847937266 0.18805223150293962 7.052760131375165E-4
previous 0.0013637913399249914 0.32850406697203605 4.4801100166660214E-4
apply 6.818956699624957E-4 0.41119578281714936 2.803926238098529E-4
introduce 3.4094783498124785E-4 0.7339691750802005 2.502452011865668E-4
effectively 6.818956699624957E-4 1.6384254493073527 0.0011172352194390403
purchase 0.0013637913399249914 2.6798793241355137 0.0036547962143000526
technology 0.0010228435049437436 1.293584963015623 0.0013231349775134228
way 3.4094783498124785E-4 0.8340526336371831 2.8436843969900546E-4
sejong 6.818956699624957E-4 5.1647859739235145 0.0035218451919014756
pair 3.4094783498124785E-4 1.293584963015623 4.4104499250447425E-4
manage 0.0010228435049437436 1.4035858582299516 0.001435648678721396
target 0.0013637913399249914 0.8743265327751228 0.0011923989536653566
artificial 0.0010228435049437436 1.5012243277938677 0.001535517553147495
superior 0.0013637913399249914 2.120263536200091 0.0028915970490284225
what 0.0010228435049437436 0.8209805520698303 8.397346253697549E-4
refer 3.4094783498124785E-4 0.7827593392496325 2.668801020285143E-4
yang 6.818956699624957E-4 2.7668907011251433 0.0018867307883567292
short 0.0010228435049437436 0.9452782687474074 9.668717375527522E-4
step 0.0013637913399249914 0.8080771472339223 0.0011020486153889154
time 6.818956699624957E-4 0.167573700159399 1.1426778053828777E-4
base 3.4094783498124785E-4 0.14090545307723773 4.804140916373601E-5
magdy 6.818956699624957E-4 5.1647859739235145 0.0035218451919014756
janet 6.818956699624957E-4 5.1647859739235145 0.0035218451919014756
reach 3.4094783498124785E-4 1.0376515888784226 3.537850626929501E-4
quickly 6.818956699624957E-4 2.0292917579943643 0.0013837652628669378
comparative 0.0013637913399249914 2.2744142160273495 0.003101826411220388
experimental 6.818956699624957E-4 1.4512139072192063 9.895764795221317E-4
competition 6.818956699624957E-4 2.5998366164619773 0.001772817331375368
illustrative 0.0017047391749062393 3.0853444322436783 0.005259707521724648
type 3.4094783498124785E-4 0.3364722366212129 1.1471948060730067E-4
when 0.00477326968973747 0.14750613710858965 7.040865733106905E-4
three 0.0010228435049437436 0.22314355131420976 2.282409321318204E-4
consist 3.4094783498124785E-4 0.7459453661269161 2.543284575952663E-4
hochreiter 6.818956699624957E-4 4.471638793363569 0.003049191130830937
feedback 6.818956699624957E-4 1.79749014393704 0.0012257007459509307
reliable 6.818956699624957E-4 1.6990500711237875 0.001158574886548781
relate 3.4094783498124785E-4 0.27443684570176036 9.356864838109797E-5
problem 0.0010228435049437436 0.7221347174331975 7.386308054209315E-4
price 0.0013637913399249914 2.331572629867298 0.003179778561019158
review 0.005455165359699966 0.4734380916943703 0.002582683077773585
enter 3.4094783498124785E-4 1.5538680612792897 5.297879513396828E-4
hyperplane 6.818956699624957E-4 5.1647859739235145 0.0035218451919014756
simulate 3.4094783498124785E-4 2.5998366164619773 8.86408665687684E-4
dependent 6.818956699624957E-4 1.3805963400052528 9.414226662156514E-4
between 0.002386634844868735 0.058840500022933395 1.4043078764423245E-4
restoration 6.818956699624957E-4 4.0661736852554045 0.002772706229291104
case 0.0013637913399249914 0.24480504809538922 3.3386300456241284E-4
generation 6.818956699624957E-4 1.6682784124570338 0.0011375918257463579
give 0.0010228435049437436 0.2595111954850846 2.6543934076210497E-4
ethnic 6.818956699624957E-4 4.471638793363569 0.003049191130830937
still 6.818956699624957E-4 0.5300569856938783 3.614435633780281E-4
van 6.818956699624957E-4 2.2744142160273495 0.001550913205610194
goal 6.818956699624957E-4 1.3146383722134554 8.96446213578899E-4
method 0.0017047391749062393 0.0958817717032825 1.6345341238200223E-4
natural 0.0034094783498124785 0.6429973968744738 0.0021922857036293
compress 6.818956699624957E-4 4.0661736852554045 0.002772706229291104
kansal 6.818956699624957E-4 5.1647859739235145 0.0035218451919014756
exist 3.4094783498124785E-4 0.664976303593249 2.2672223102395125E-4
toward 6.818956699624957E-4 1.6094379124341003 0.0010974687435622913
moon 6.818956699624957E-4 5.1647859739235145 0.0035218451919014756
provide 6.818956699624957E-4 0.167573700159399 1.1426778053828777E-4
among 0.002727582679849983 0.32850406697203605 8.960220033332043E-4
utilize 6.818956699624957E-4 1.2729656758128876 8.680297823476901E-4
word 0.0013637913399249914 0.8743265327751228 0.0011923989536653566
valuable 6.818956699624957E-4 1.730798769438368 0.0011802241864564392
implicit 6.818956699624957E-4 2.6798793241355137 0.0018273981071500263
study 0.008864643709512444 0.07103577311675174 6.297068193097665E-4
south 6.818956699624957E-4 2.2744142160273495 0.001550913205610194
kudo 6.818956699624957E-4 5.1647859739235145 0.0035218451919014756
pattern 6.818956699624957E-4 0.9751312318970885 6.64937764675819E-4
range 6.818956699624957E-4 0.3941013494578493 2.687360037216838E-4
derive 3.4094783498124785E-4 1.2329603411991883 4.203751589496039E-4
lot 6.818956699624957E-4 1.9459101490553132 0.0013269077047768927
across 6.818956699624957E-4 0.7703368192510752 5.252893414599899E-4
computer 6.818956699624957E-4 1.5012243277938677 0.0010236783687649967
feature 6.818956699624957E-4 0.7221347174331975 4.924205369472877E-4
low 6.818956699624957E-4 0.28958865072236245 1.974692469978605E-4
web 0.0013637913399249914 1.6384254493073527 0.0022344704388780807
goda 0.0010228435049437436 5.1647859739235145 0.005282767787852214
labeling 0.0010228435049437436 3.2188758248682006 0.003292406230686874
recall 0.0010228435049437436 1.7635885922613586 0.0018038751369874107
verify 0.0013637913399249914 1.8325814637483102 0.00249925872996701
embedding 6.818956699624957E-4 1.906689435902032 0.001300163270304829
emoticon 3.4094783498124785E-4 5.1647859739235145 0.0017609225959507378
include 6.818956699624957E-4 0.0771896386911299 5.2635280389450997E-5
desire 3.4094783498124785E-4 1.5812670354674039 5.391295722698274E-4
more 0.0017047391749062393 0.05279818556697083 9.000713529998436E-5
bataa 6.818956699624957E-4 5.1647859739235145 0.0035218451919014756
display 0.0017047391749062393 0.16083966797805488 2.741896828811027E-4
csvdisplay 0.0017047391749062393 0.2669461739726028 4.5507360036243225E-4
Korean 3.4094783498124785E-4 3.0853444322436783 0.0010519415043449296
knn 0.0010228435049437436 4.0661736852554045 0.004159059343936657
abstract 6.818956699624957E-4 1.906689435902032 0.001300163270304829
brain 6.818956699624957E-4 2.5257286443082556 0.001722283426054044
great 3.4094783498124785E-4 0.5398131606392429 1.8404812841433442E-4
conceptual 6.818956699624957E-4 2.120263536200091 0.0014457985245142112
opinion 3.4094783498124785E-4 1.8689491079191851 6.372141520351808E-4
tokenizer 0.008523695874531197 3.7784916128036232 0.03220671337200497
token 0.002045687009887487 2.120263536200091 0.004337395573542634
expect 3.4094783498124785E-4 0.8743265327751228 2.9809973841633916E-4
help 6.818956699624957E-4 0.6874491594453075 4.687686051451125E-4
site 6.818956699624957E-4 1.3805963400052528 9.414226662156514E-4
emotion 0.0010228435049437436 2.2203469947570738 0.002271067502308633
appearance 6.818956699624957E-4 2.7668907011251433 0.0018867307883567292
additionally 6.818956699624957E-4 2.6798793241355137 0.0018273981071500263
choice 3.4094783498124785E-4 1.4759065198095778 5.032071325637837E-4
randomly 6.818956699624957E-4 1.6384254493073527 0.0011172352194390403
certain 0.0013637913399249914 0.8209805520698303 0.001119646167159673
cyclic 6.818956699624957E-4 4.0661736852554045 0.002772706229291104
small 0.0010228435049437436 0.45525577261118 4.656554101034913E-4
indicator 6.818956699624957E-4 1.5538680612792897 0.0010595759026793656
reveal 3.4094783498124785E-4 1.0216512475319812 3.483297809519199E-4
before 6.818956699624957E-4 0.5203950747821414 3.548551481637514E-4
section 6.818956699624957E-4 0.6988778552689304 4.7656178334055943E-4
experience 0.0013637913399249914 1.1043429633770947 0.0015060933697607836
translate 6.818956699624957E-4 1.906689435902032 0.001300163270304829
space 6.818956699624957E-4 1.293584963015623 8.820899850089485E-4
influence 6.818956699624957E-4 0.6874491594453075 4.687686051451125E-4
only 0.0010228435049437436 0.10854016857520597 1.1101960645264845E-4
few 6.818956699624957E-4 0.5013468798114469 3.418662664926334E-4
inscription 3.4094783498124785E-4 4.471638793363569 0.0015245955654154685
from 0.0037504261847937266 0.023122417420854212 8.671891975090226E-5
farha 6.818956699624957E-4 5.1647859739235145 0.0035218451919014756
consider 3.4094783498124785E-4 0.17435338714477774 5.94454098686593E-5
notebook 6.818956699624957E-4 5.1647859739235145 0.0035218451919014756
group 3.4094783498124785E-4 0.41119578281714936 1.4019631190492646E-4
obtain 3.4094783498124785E-4 0.3526016185510966 1.2021875845588019E-4
development 0.002045687009887487 0.5596157879354227 0.0011447987479074448
repeatedly 6.818956699624957E-4 3.0853444322436783 0.002103883008689859
like 6.818956699624957E-4 0.7703368192510752 5.252893414599899E-4
baye 3.4094783498124785E-4 2.7668907011251433 9.433653941783646E-4
particular 6.818956699624957E-4 1.0704414117014134 7.299293635877349E-4
mining 0.0013637913399249914 1.8325814637483102 0.00249925872996701
decoder 0.0010228435049437436 3.5553480614894135 0.003636564672508776
most 0.002045687009887487 0.0771896386911299 1.57905841168353E-4
market 6.818956699624957E-4 2.0292917579943643 0.0013837652628669378
core 6.818956699624957E-4 1.5012243277938677 0.0010236783687649967
sequence 0.0013637913399249914 1.2729656758128876 0.0017360595646953802
transfer 6.818956699624957E-4 1.5271998141971284 0.0010413909404685497
person 3.4094783498124785E-4 0.9021060968821986 3.075711206553694E-4
effect 3.4094783498124785E-4 0.4919571394616079 1.6773172160300303E-4
daily 6.818956699624957E-4 1.6384254493073527 0.0011172352194390403
omit 3.4094783498124785E-4 2.169053700369523 7.395341630990532E-4
who 6.818956699624957E-4 0.44628710262841953 3.0432124284242724E-4
classify 0.002045687009887487 0.9162907318741551 0.0018744440474752575
limitation 3.4094783498124785E-4 0.6988778552689304 2.3828089167027972E-4
signaling 6.818956699624957E-4 2.456735772821304 0.0016752374857288126
critical 0.0013637913399249914 1.2135422553420867 0.0016550184184685806
purpose 6.818956699624957E-4 0.9021060968821986 6.151422413107388E-4
part 0.0013637913399249914 0.4285875255290187 5.845039557163569E-4
why 6.818956699624957E-4 1.4271163556401458 9.731444634436725E-4
platform 3.4094783498124785E-4 1.4759065198095778 5.032071325637837E-4
network 0.0017047391749062393 0.990398704027877 0.0016883714695326917
can 0.006818956699624957 0.0958817717032825 6.538136495280089E-4
general 0.0010228435049437436 0.4734380916943703 4.8425307708254713E-4
strive 6.818956699624957E-4 3.2188758248682006 0.0021949374871245825
subdivide 6.818956699624957E-4 2.9675613965872945 0.0020235672666807326
parameter 3.4094783498124785E-4 1.0539121097502027 3.593290520798509E-4
value 0.0010228435049437436 0.34450440831847723 3.523740964730418E-4
introduction 6.818956699624957E-4 0.10219094089654716 6.968356010674883E-5
park 0.0010228435049437436 2.7668907011251433 0.0028300961825350936
schmidhuber 6.818956699624957E-4 4.0661736852554045 0.002772706229291104
process 0.0013637913399249914 0.41985384556026406 5.725930386092929E-4
zhan 6.818956699624957E-4 5.1647859739235145 0.0035218451919014756
amount 3.4094783498124785E-4 0.9306794693262548 3.1731315012828323E-4
original 6.818956699624957E-4 1.1944940603713923 8.145203275631723E-4
satisfy 6.818956699624957E-4 1.7635885922613586 0.0012025834246582737
will 6.818956699624957E-4 0.3526016185510966 2.4043751691176039E-4
advantage 0.002045687009887487 1.0376515888784226 0.0021227103761577003
february 0.003068530514831231 2.2203469947570738 0.0068132025069259
clear 6.818956699624957E-4 0.990398704027877 6.753485878130766E-4
standardize 6.818956699624957E-4 1.9867321435755685 0.0013547440460794874
also 6.818956699624957E-4 0.05279818556697083 3.6002854119993745E-5
enough 6.818956699624957E-4 1.4512139072192063 9.895764795221317E-4
instead 6.818956699624957E-4 1.0376515888784226 7.075701253859002E-4
ultimately 6.818956699624957E-4 2.120263536200091 0.0014457985245142112
spread 0.0010228435049437436 2.073743520565198 0.002121115090929285
performance 0.018411183088987385 0.7703368192510752 0.014182812219419728
various 0.005796113194681214 0.5798184952529422 0.003360693630855785
user 0.0010228435049437436 1.293584963015623 0.0013231349775134228
methodology 3.4094783498124785E-4 1.252762968495368 4.2712682185317693E-4
customer 0.0064780088646437094 2.392197251683733 0.015496675002383541
