modality 5.780346820809249E-4 2.8622008809294686 0.0016544513762598086
year 2.8901734104046245E-4 0.5203950747821414 1.5040320080408713E-4
del 5.780346820809249E-4 4.0661736852554045 0.0023503894134424305
animacy 8.670520231213873E-4 5.1647859739235145 0.0044781381276793476
resolution 5.780346820809249E-4 2.331572629867298 0.0013477298438539294
without 5.780346820809249E-4 0.32850406697203605 1.8988674391447172E-4
advance 8.670520231213873E-4 1.6682784124570338 0.0014464841726506074
via 0.002890173410404624 0.9021060968821986 0.002607243054572828
evaluation 5.780346820809249E-4 0.7827593392496325 4.5246204580903614E-4
semantical 5.780346820809249E-4 4.0661736852554045 0.0023503894134424305
fix 2.8901734104046245E-4 1.5538680612792897 4.4909481539863867E-4
complex 8.670520231213873E-4 0.8472978603872037 7.346513240351477E-4
because 5.780346820809249E-4 0.34450440831847723 1.9913549613784811E-4
ten 5.780346820809249E-4 1.9459101490553132 0.001124803554367233
knowledge 8.670520231213873E-4 0.8080771472339223 7.006449253473315E-4
addition 5.780346820809249E-4 0.7953381214564925 4.597330181829437E-4
banko 5.780346820809249E-4 5.1647859739235145 0.0029854254184528985
happen 2.8901734104046245E-4 1.9867321435755685 5.742000414958291E-4
grow 2.8901734104046245E-4 1.2329603411991883 3.5634691942173076E-4
agreement 5.780346820809249E-4 1.906689435902032 0.001102132621908689
past 0.0017341040462427746 1.293584963015623 0.002243210918524202
possess 2.8901734104046245E-4 2.169053700369523 6.268941330547755E-4
noun 0.006358381502890174 2.5998366164619773 0.016530753052648412
coincide 5.780346820809249E-4 3.2188758248682006 0.0018606218640856652
require 2.8901734104046245E-4 0.3127557100038969 9.039182370054825E-5
personal 0.0011560693641618498 1.8325814637483102 0.002118591287570301
analysis 5.780346820809249E-4 0.13434805253107854 7.765783383299338E-5
packet 8.670520231213873E-4 4.0661736852554045 0.0035255841201636455
triple 2.8901734104046245E-4 3.373026504695459 9.748631516460865E-4
size 0.001445086705202312 0.12136085700426753 1.753769609888259E-4
correlation 2.8901734104046245E-4 1.293584963015623 3.7386848642070034E-4
guess 2.8901734104046245E-4 3.2188758248682006 9.303109320428326E-4
domain 8.670520231213873E-4 1.1394342831883648 9.879488004523394E-4
consideration 5.780346820809249E-4 1.3361445774344192 7.723379060314562E-4
recognizer 2.8901734104046245E-4 3.7784916128036232 0.0010920495990761918
much 5.780346820809249E-4 0.7827593392496325 4.5246204580903614E-4
object 0.003468208092485549 1.7635885922613586 0.006116492227496041
sentient 5.780346820809249E-4 5.1647859739235145 0.0029854254184528985
statistical 8.670520231213873E-4 0.653926467406664 5.669882665375699E-4
be 2.8901734104046245E-4 0.017291497110061043 4.997542517358683E-6
role 0.001445086705202312 0.664976303593249 9.609484155971806E-4
affect 5.780346820809249E-4 0.5596157879354227 3.234773340667183E-4
achieve 2.8901734104046245E-4 0.6109090823229731 1.765633185904547E-4
characteristic 8.670520231213873E-4 0.664976303593249 5.765690493583084E-4
example 0.0023121387283236996 0.6988778552689304 0.0016159025555350993
result 0.0017341040462427746 0.058840500022933395 1.0203554917271687E-4
how 8.670520231213873E-4 0.5496654570822546 4.765885466031109E-4
search 5.780346820809249E-4 1.0059028905638423 5.81446757551354E-4
same 0.001445086705202312 0.2972515234679317 4.295542246646412E-4
ccomp 5.780346820809249E-4 5.1647859739235145 0.0029854254184528985
unlike 5.780346820809249E-4 1.6682784124570338 9.643227817670716E-4
aspect 2.8901734104046245E-4 0.9452782687474074 2.7320181177670737E-4
beautifulsoup 5.780346820809249E-4 5.1647859739235145 0.0029854254184528985
whom 5.780346820809249E-4 2.2203469947570738 0.001283437569223742
national 5.780346820809249E-4 1.293584963015623 7.477369728414007E-4
indicate 5.780346820809249E-4 0.4919571394616079 2.8436828870613177E-4
particle 5.780346820809249E-4 2.7668907011251433 0.0015993587867775395
wikipedia 5.780346820809249E-4 2.6798793241355137 0.0015490631931419155
after 0.0017341040462427746 0.12136085700426753 2.104523531865911E-4
connect 5.780346820809249E-4 1.293584963015623 7.477369728414007E-4
minimize 2.8901734104046245E-4 1.79749014393704 5.195058219471214E-4
annotation 2.8901734104046245E-4 2.120263536200091 6.127929295375986E-4
commoncrawl 5.780346820809249E-4 5.1647859739235145 0.0029854254184528985
website 2.8901734104046245E-4 2.331572629867298 6.738649219269647E-4
contain 2.8901734104046245E-4 0.6429973968744738 1.8583739794059937E-4
set 0.004046242774566474 0.5108256237659907 0.002066924489226552
centrally 5.780346820809249E-4 4.471638793363569 0.0025847623083026412
density 8.670520231213873E-4 2.456735772821304 0.0021301177220993963
business 0.0011560693641618498 2.0292917579943643 0.0023460020323634273
unlimited 0.0011560693641618498 3.5553480614894135 0.004110228972820131
namely 8.670520231213873E-4 2.073743520565198 0.001798043514940923
involve 2.8901734104046245E-4 0.9452782687474074 2.7320181177670737E-4
possible 8.670520231213873E-4 0.38566248081198473 3.3438943423004454E-4
logical 5.780346820809249E-4 2.331572629867298 0.0013477298438539294
the 0.16271676300578033 0.017291497110061043 0.0028136164372729385
actor 0.0011560693641618498 2.456735772821304 0.0028401569627991953
component 8.670520231213873E-4 0.9600933545325481 8.324508854328452E-4
june 8.670520231213873E-4 2.2744142160273495 0.0019720354474225574
obvious 5.780346820809249E-4 2.0292917579943643 0.0011730010161817136
information 0.006358381502890174 0.3049735695618419 0.0019391383035724053
validity 5.780346820809249E-4 2.073743520565198 0.001198695676627282
exploit 5.780346820809249E-4 1.8689491079191851 0.0010803174034214943
characterization 8.670520231213873E-4 2.456735772821304 0.0021301177220993963
interview 2.8901734104046245E-4 2.331572629867298 6.738649219269647E-4
novel 5.780346820809249E-4 1.3805963400052528 7.980325664770247E-4
represent 0.0023121387283236996 0.4285875255290187 9.909538162520663E-4
treebank 2.8901734104046245E-4 4.0661736852554045 0.0011751947067212153
visualization 5.780346820809249E-4 2.456735772821304 0.0014200784813995977
Russian 2.8901734104046245E-4 3.7784916128036232 0.0010920495990761918
correct 5.780346820809249E-4 1.4759065198095778 8.531251559592936E-4
referent 5.780346820809249E-4 5.1647859739235145 0.0029854254184528985
nltk 5.780346820809249E-4 3.2188758248682006 0.0018606218640856652
sometimes 5.780346820809249E-4 1.9459101490553132 0.001124803554367233
corpus 0.002601156069364162 1.6094379124341003 0.0041863991941927465
language 0.004913294797687861 0.664976303593249 0.003267224613030414
do 2.8901734104046245E-4 0.14750613710858965 4.263183153427447E-5
predefined 5.780346820809249E-4 2.2203469947570738 0.001283437569223742
syntactic 0.004624277456647399 2.2203469947570738 0.010267500553789936
correctly 0.0017341040462427746 2.0292917579943643 0.0035190030485451403
act 2.8901734104046245E-4 1.121734706088964 3.24200782106637E-4
opencorpora 5.780346820809249E-4 5.1647859739235145 0.0029854254184528985
preposition 0.0011560693641618498 4.0661736852554045 0.004700778826884861
exclude 2.8901734104046245E-4 0.9021060968821986 2.6072430545728283E-4
nina 0.002023121387283237 5.1647859739235145 0.010448988964585144
ontology 5.780346820809249E-4 2.8622008809294686 0.0016544513762598086
possibly 5.780346820809249E-4 1.6384254493073527 9.470667337036721E-4
which 0.0072254335260115606 0.023122417420854212 1.670694900350738E-4
flexion 0.0011560693641618498 5.1647859739235145 0.005970850836905797
csubj 5.780346820809249E-4 5.1647859739235145 0.0029854254184528985
need 5.780346820809249E-4 0.27443684570176036 1.586340148565089E-4
finite 0.0023121387283236996 2.331572629867298 0.005390919375415718
count 5.780346820809249E-4 1.0376515888784226 5.997986062881056E-4
its 0.0017341040462427746 0.19497267434751336 3.3810290349279773E-4
often 8.670520231213873E-4 0.5900749954201312 5.116257185723681E-4
list 0.001445086705202312 0.8472978603872037 0.0012244188733919127
zout 5.780346820809249E-4 5.1647859739235145 0.0029854254184528985
article 2.8901734104046245E-4 1.252762968495368 3.620702221084879E-4
lack 0.0023121387283236996 0.5696661237889241 0.0013171471070264143
take 5.780346820809249E-4 0.368995428326773 2.1329215510218095E-4
parser 0.001445086705202312 3.2188758248682006 0.0046515546602141624
shi 5.780346820809249E-4 3.7784916128036232 0.0021840991981523835
adjust 5.780346820809249E-4 1.4035858582299516 8.113213053352322E-4
tackle 2.8901734104046245E-4 2.392197251683733 6.913864889259343E-4
eme 2.8901734104046245E-4 5.1647859739235145 0.0014927127092264493
useful 5.780346820809249E-4 0.9162907318741551 5.296478218925752E-4
some 0.002890173410404624 0.2160260835453457 6.24352842616606E-4
analytical 5.780346820809249E-4 1.9459101490553132 0.001124803554367233
additional 5.780346820809249E-4 0.5300569856938783 3.0639132121033425E-4
for 0.024277456647398842 0.017291497110061043 4.1979357145812936E-4
training 8.670520231213873E-4 1.0059028905638423 8.721701363270308E-4
choose 2.8901734104046245E-4 0.7221347174331975 2.087094559055484E-4
representation 0.0011560693641618498 1.2135422553420867 0.0014029390235168633
content 5.780346820809249E-4 1.293584963015623 7.477369728414007E-4
nder 5.780346820809249E-4 5.1647859739235145 0.0029854254184528985
constituent 2.8901734104046245E-4 3.0853444322436783 8.917180440010631E-4
possessive 0.001445086705202312 5.1647859739235145 0.007463563546132246
root 5.780346820809249E-4 1.906689435902032 0.001102132621908689
company 5.780346820809249E-4 1.6990500711237875 9.821098677016114E-4
end 8.670520231213873E-4 0.8607208807193443 7.462897809705297E-4
class 0.001445086705202312 1.2135422553420867 0.001753673779396079
over 0.001445086705202312 0.3364722366212129 4.862315558110013E-4
practical 5.780346820809249E-4 1.5538680612792897 8.981896307972773E-4
six 5.780346820809249E-4 0.9162907318741551 5.296478218925752E-4
identify 0.003179190751445087 0.3049735695618419 9.695691517862026E-4
vpa 2.8901734104046245E-4 5.1647859739235145 0.0014927127092264493
perform 2.8901734104046245E-4 0.2669461739726028 7.715207340248636E-5
label 0.0011560693641618498 1.1394342831883648 0.001317265067269786
parse 2.8901734104046245E-4 2.120263536200091 6.127929295375986E-4
special 0.0011560693641618498 1.4512139072192063 0.0016777039389817415
with 0.005491329479768786 0.017291497110061043 9.495330782981498E-5
form 0.003179190751445087 0.5013468798114469 0.0015938773635624035
material 5.780346820809249E-4 1.0059028905638423 5.81446757551354E-4
approximately 5.780346820809249E-4 0.9452782687474074 5.464036235534147E-4
preselected 5.780346820809249E-4 5.1647859739235145 0.0029854254184528985
obj 5.780346820809249E-4 5.1647859739235145 0.0029854254184528985
there 0.005491329479768786 0.12136085700426753 6.664324517575385E-4
universe 8.670520231213873E-4 5.1647859739235145 0.0044781381276793476
publish 2.8901734104046245E-4 0.03488725900044054 1.0083022832497267E-5
syntax 8.670520231213873E-4 2.9675613965872945 0.002573030112647943
well 5.780346820809249E-4 0.3127557100038969 1.807836474010965E-4
avoid 5.780346820809249E-4 1.0376515888784226 5.997986062881056E-4
subset 0.0017341040462427746 1.5812670354674039 0.002742081564394342
very 0.001445086705202312 0.5596157879354227 8.086933351667957E-4
hum 5.780346820809249E-4 5.1647859739235145 0.0029854254184528985
expert 5.780346820809249E-4 1.6094379124341003 9.303109320428326E-4
select 2.8901734104046245E-4 0.5798184952529422 1.6757759978408733E-4
focus 2.8901734104046245E-4 0.4285875255290187 1.238692270315083E-4
predicative 5.780346820809249E-4 4.471638793363569 0.0025847623083026412
construct 5.780346820809249E-4 1.2135422553420867 7.014695117584317E-4
convert 5.780346820809249E-4 1.121734706088964 6.48401564213274E-4
approach 0.0017341040462427746 0.40261203912575794 6.981711661140311E-4
ped 5.780346820809249E-4 5.1647859739235145 0.0029854254184528985
number 0.003179190751445087 0.14750613710858965 4.689501468770191E-4
conjecture 5.780346820809249E-4 4.471638793363569 0.0025847623083026412
subsume 2.8901734104046245E-4 4.471638793363569 0.0012923811541513206
experiment 8.670520231213873E-4 1.293584963015623 0.001121605459262101
action 0.010115606936416185 1.4271163556401458 0.014436148106186446
model 0.010404624277456647 0.41985384556026406 0.004368421514499858
text 0.002023121387283237 0.8209805520698303 0.001660943313436073
usually 8.670520231213873E-4 0.9600933545325481 8.324508854328452E-4
spatial 5.780346820809249E-4 2.120263536200091 0.0012255858590751972
write 2.8901734104046245E-4 0.9162907318741551 2.648239109462876E-4
order 0.003179190751445087 0.5900749954201312 0.0018759609680986831
sentence 0.003179190751445087 1.3146383722134554 0.004179486154435841
similar 5.780346820809249E-4 0.20895891632225325 1.2078550076430824E-4
lexical 5.780346820809249E-4 2.120263536200091 0.0012255858590751972
morpheme 5.780346820809249E-4 3.7784916128036232 0.0021840991981523835
python 0.001445086705202312 2.120263536200091 0.003063964647687993
large 0.0011560693641618498 0.22314355131420976 2.579694234846356E-4
surface 5.780346820809249E-4 2.0292917579943643 0.0011730010161817136
morphology 5.780346820809249E-4 2.9675613965872945 0.0017153534084319623
dependency 0.0017341040462427746 1.9867321435755685 0.003445200248974974
specify 5.780346820809249E-4 1.5538680612792897 8.981896307972773E-4
verb 0.007514450867052023 2.6798793241355137 0.0201378215108449
index 0.0011560693641618498 1.4271163556401458 0.0016498454978498796
handle 5.780346820809249E-4 1.5812670354674039 9.140271881314474E-4
propose 5.780346820809249E-4 0.6214911916535102 3.5924346338353193E-4
slowly 5.780346820809249E-4 2.9675613965872945 0.0017153534084319623
intelligence 5.780346820809249E-4 1.9459101490553132 0.001124803554367233
traditional 5.780346820809249E-4 1.1758019273592397 6.796542932712369E-4
system 0.002023121387283237 0.36076492919025743 7.298712440265324E-4
even 5.780346820809249E-4 0.377294231141468 2.1808915094882544E-4
compose 2.8901734104046245E-4 1.79749014393704 5.195058219471214E-4
contrast 5.780346820809249E-4 1.4271163556401458 8.249227489249398E-4
analyze 8.670520231213873E-4 0.758066726659261 6.5728328901092E-4
integration 5.780346820809249E-4 2.2203469947570738 0.001283437569223742
indication 5.780346820809249E-4 1.906689435902032 0.001102132621908689
kazakh 0.01069364161849711 5.1647859739235145 0.05523037024137862
evaluate 5.780346820809249E-4 0.40261203912575794 2.3272372203801038E-4
become 2.8901734104046245E-4 0.6321864807702582 1.8271285571394748E-4
semantic 0.010115606936416185 1.4512139072192063 0.014679909466090237
subsection 5.780346820809249E-4 3.373026504695459 0.001949726303292173
other 0.0011560693641618498 0.0408219945202552 4.719305724884995E-5
aim 2.8901734104046245E-4 0.6109090823229731 1.765633185904547E-4
khairova 0.002023121387283237 5.1647859739235145 0.010448988964585144
alive 5.780346820809249E-4 4.471638793363569 0.0025847623083026412
ping 5.780346820809249E-4 5.1647859739235145 0.0029854254184528985
irregular 5.780346820809249E-4 2.8622008809294686 0.0016544513762598086
fuco 5.780346820809249E-4 5.1647859739235145 0.0029854254184528985
occurrence 8.670520231213873E-4 1.79749014393704 0.0015585174658413643
tuple 5.780346820809249E-4 3.5553480614894135 0.0020551144864100657
conjunction 0.0011560693641618498 2.331572629867298 0.002695459687707859
library 5.780346820809249E-4 1.730798769438368 0.001000461716438363
inquiry 2.8901734104046245E-4 3.373026504695459 9.748631516460865E-4
native 5.780346820809249E-4 2.7668907011251433 0.0015993587867775395
have 0.002023121387283237 0.017291497110061043 3.4982797621510776E-5
dependence 5.780346820809249E-4 2.5998366164619773 0.0015027957320589466
imperative 5.780346820809249E-4 4.0661736852554045 0.0023503894134424305
table 0.0037572254335260114 0.18117935221517753 6.807316701726323E-4
accordingly 5.780346820809249E-4 3.7784916128036232 0.0021840991981523835
morphological 0.003179190751445087 2.7668907011251433 0.008796473327276467
product 8.670520231213873E-4 1.3361445774344192 0.0011585068590471842
mhavb 5.780346820809249E-4 5.1647859739235145 0.0029854254184528985
question 2.8901734104046245E-4 0.8743265327751228 2.5269552970379276E-4
may 5.780346820809249E-4 0.15415067982725836 8.910443920650773E-5
could 5.780346820809249E-4 0.22314355131420976 1.289847117423178E-4
change 5.780346820809249E-4 0.3941013494578493 2.278042482415314E-4
indirectly 5.780346820809249E-4 2.7668907011251433 0.0015993587867775395
produce 5.780346820809249E-4 0.8607208807193443 4.975265206470198E-4
likewise 5.780346820809249E-4 3.7784916128036232 0.0021840991981523835
framework 5.780346820809249E-4 1.4035858582299516 8.113213053352322E-4
machine 5.780346820809249E-4 1.0539121097502027 6.091977513006952E-4
future 0.0017341040462427746 0.48265474679929443 8.369735493629384E-4
able 8.670520231213873E-4 0.7703368192510752 6.679220976165392E-4
regard 5.780346820809249E-4 0.4919571394616079 2.8436828870613177E-4
overly 5.780346820809249E-4 3.5553480614894135 0.0020551144864100657
constraint 2.8901734104046245E-4 1.6682784124570338 4.821613908835358E-4
movement 5.780346820809249E-4 2.0292917579943643 0.0011730010161817136
comparable 5.780346820809249E-4 1.5812670354674039 9.140271881314474E-4
entity 0.002023121387283237 1.9867321435755685 0.004019400290470803
negation 8.670520231213873E-4 3.0853444322436783 0.002675154132003189
almost 5.780346820809249E-4 1.1043429633770947 6.383485337439854E-4
use 0.003468208092485549 0.03488725900044054 1.209962739899672E-4
subject 0.003468208092485549 0.9021060968821986 0.0031286916654873938
precision 0.0023121387283236996 1.8689491079191851 0.004321269613685977
several 0.0017341040462427746 0.3526016185510966 6.11447893441208E-4
recognition 0.0011560693641618498 1.6384254493073527 0.0018941334674073443
sign 0.002023121387283237 1.5812670354674039 0.0031990951584600653
main 0.0037572254335260114 0.6004377824556778 0.002255980107492431
while 5.780346820809249E-4 0.20895891632225325 1.2078550076430824E-4
suffix 0.0017341040462427746 3.2188758248682006 0.005581865592256995
upon 5.780346820809249E-4 1.5538680612792897 8.981896307972773E-4
correspond 8.670520231213873E-4 0.8743265327751228 7.580865891113782E-4
associate 2.8901734104046245E-4 0.38566248081198473 1.114631447433482E-4
second 8.670520231213873E-4 0.4373981552111735 3.792469553854105E-4
mode 8.670520231213873E-4 1.9867321435755685 0.001722600124487487
that 0.016473988439306357 0.017291497110061043 2.848599234894449E-4
mukhsina 0.002023121387283237 5.1647859739235145 0.010448988964585144
high 8.670520231213873E-4 0.11492996667397702 9.96502601219454E-5
download 0.0011560693641618498 0.24480504809538922 2.830116162952477E-4
find 2.8901734104046245E-4 0.16083966797805488 4.648545317284823E-5
whether 0.002601156069364162 0.5300569856938783 0.0013787609454465042
than 8.670520231213873E-4 0.058840500022933395 5.1017774586358436E-5
adequacy 5.780346820809249E-4 4.471638793363569 0.0025847623083026412
supplementary 8.670520231213873E-4 2.5257286443082556 0.002189938130903112
usuf 5.780346820809249E-4 5.1647859739235145 0.0029854254184528985
bilingual 5.780346820809249E-4 3.373026504695459 0.001949726303292173
nsim 5.780346820809249E-4 5.1647859739235145 0.0029854254184528985
different 0.003468208092485549 0.18805223150293962 6.522042711084611E-4
directly 5.780346820809249E-4 0.7703368192510752 4.452813984110262E-4
verification 5.780346820809249E-4 2.6798793241355137 0.0015490631931419155
combine 5.780346820809249E-4 0.6321864807702582 3.6542571142789495E-4
all 0.004913294797687861 0.017291497110061043 8.495822279509762E-5
read 2.8901734104046245E-4 1.3581234841531944 3.925212381945649E-4
level 5.780346820809249E-4 0.4373981552111735 2.528313035902737E-4
nsubjpass 5.780346820809249E-4 5.1647859739235145 0.0029854254184528985
author 2.8901734104046245E-4 0.017291497110061043 4.997542517358683E-6
infinitive 8.670520231213873E-4 4.471638793363569 0.0038771434624539614
difficult 5.780346820809249E-4 0.7703368192510752 4.452813984110262E-4
real 5.780346820809249E-4 1.3361445774344192 7.723379060314562E-4
basis 2.8901734104046245E-4 1.293584963015623 3.7386848642070034E-4
linearly 5.780346820809249E-4 2.9675613965872945 0.0017153534084319623
tool 0.001445086705202312 0.8743265327751228 0.0012634776485189636
establish 5.780346820809249E-4 0.9600933545325481 5.549672569552302E-4
relevant 0.001445086705202312 0.7703368192510752 0.0011132034960275653
task 8.670520231213873E-4 1.0216512475319812 8.858247810970936E-4
horn 5.780346820809249E-4 4.471638793363569 0.0025847623083026412
substantive 5.780346820809249E-4 4.0661736852554045 0.0023503894134424305
try 2.8901734104046245E-4 1.3581234841531944 3.925212381945649E-4
position 0.0011560693641618498 1.0059028905638423 0.001162893515102708
present 5.780346820809249E-4 0.083381608939051 4.819746181448035E-5
basic 0.0011560693641618498 1.1944940603713923 0.0013809179888686616
tense 5.780346820809249E-4 4.0661736852554045 0.0023503894134424305
collect 5.780346820809249E-4 0.6761496041913742 3.908379214979042E-4
since 5.780346820809249E-4 0.377294231141468 2.1808915094882544E-4
datum 2.8901734104046245E-4 0.167573700159399 4.8431705248381224E-5
agglutinate 2.8901734104046245E-4 5.1647859739235145 0.0014927127092264493
belong 5.780346820809249E-4 1.3805963400052528 7.980325664770247E-4
differentiation 8.670520231213873E-4 2.9675613965872945 0.002573030112647943
locate 2.8901734104046245E-4 1.5812670354674039 4.570135940657237E-4
paradigm 5.780346820809249E-4 2.5998366164619773 0.0015027957320589466
unite 2.8901734104046245E-4 4.0661736852554045 0.0011751947067212153
technique 2.8901734104046245E-4 0.7953381214564925 2.2986650909147184E-4
cause 5.780346820809249E-4 0.5398131606392429 3.12030728693204E-4
delete 5.780346820809249E-4 2.9675613965872945 0.0017153534084319623
around 5.780346820809249E-4 1.0216512475319812 5.905498540647291E-4
switch 5.780346820809249E-4 2.456735772821304 0.0014200784813995977
transform 2.8901734104046245E-4 1.5012243277938677 4.338798635242392E-4
auxiliary 0.002023121387283237 2.6798793241355137 0.005421721175996703
and 0.04335260115606936 0.017291497110061043 7.496313776038025E-4
unstructured 8.670520231213873E-4 1.6990500711237875 0.0014731648015524168
define 0.0017341040462427746 0.3526016185510966 6.11447893441208E-4
nsubj 5.780346820809249E-4 5.1647859739235145 0.0029854254184528985
universal 8.670520231213873E-4 2.5257286443082556 0.002189938130903112
make 8.670520231213873E-4 0.2521310881874621 2.1861077010473592E-4
direction 8.670520231213873E-4 1.3581234841531944 0.0011775637145836945
determine 0.0011560693641618498 0.40261203912575794 4.6544744407602077E-4
disjunction 8.670520231213873E-4 4.471638793363569 0.0038771434624539614
equation 0.0017341040462427746 1.6384254493073527 0.002841200201111016
accord 2.8901734104046245E-4 0.4919571394616079 1.4218414435306588E-4
automatic 5.780346820809249E-4 1.5812670354674039 9.140271881314474E-4
specific 0.002601156069364162 0.40261203912575794 0.0010472567491710467
any 0.002890173410404624 0.2669461739726028 7.715207340248635E-4
structure 5.780346820809249E-4 0.8340526336371831 4.8211134892322724E-4
English 2.8901734104046245E-4 1.4512139072192063 4.194259847454354E-4
conduct 2.8901734104046245E-4 0.5798184952529422 1.6757759978408733E-4
application 5.780346820809249E-4 0.7703368192510752 4.452813984110262E-4
due 5.780346820809249E-4 0.20895891632225325 1.2078550076430824E-4
productive 5.780346820809249E-4 2.7668907011251433 0.0015993587867775395
formalization 5.780346820809249E-4 5.1647859739235145 0.0029854254184528985
remainder 5.780346820809249E-4 2.2744142160273495 0.001314690298281705
hypothesis 8.670520231213873E-4 1.8325814637483102 0.0015889434656777255
reason 0.0017341040462427746 0.7221347174331975 0.0012522567354332904
tagger 5.780346820809249E-4 4.0661736852554045 0.0023503894134424305
depend 0.0011560693641618498 0.8472978603872037 9.795350987135303E-4
about 0.001445086705202312 0.377294231141468 5.452228773720635E-4
adaptation 5.780346820809249E-4 2.2203469947570738 0.001283437569223742
discussion 2.8901734104046245E-4 0.23031204079282225 6.656417363954401E-5
uncertain 5.780346820809249E-4 2.9675613965872945 0.0017153534084319623
unproductive 5.780346820809249E-4 5.1647859739235145 0.0029854254184528985
predicate 0.017919075144508672 3.2188758248682006 0.057679277786655624
contribution 2.8901734104046245E-4 1.2135422553420867 3.5073475587921583E-4
identification 0.002023121387283237 1.3146383722134554 0.0026596730073682622
meaning 0.001445086705202312 1.0704414117014134 0.001546880652747707
notation 5.780346820809249E-4 3.2188758248682006 0.0018606218640856652
estimate 5.780346820809249E-4 0.8743265327751228 5.053910594075855E-4
ler 5.780346820809249E-4 4.471638793363569 0.0025847623083026412
prep 5.780346820809249E-4 4.0661736852554045 0.0023503894134424305
let 5.780346820809249E-4 1.79749014393704 0.0010390116438942429
state 5.780346820809249E-4 0.6761496041913742 3.908379214979042E-4
recent 0.0011560693641618498 0.5596157879354227 6.469546681334366E-4
they 0.002023121387283237 0.05279818556697083 1.068171384302878E-4
comprise 8.670520231213873E-4 1.4759065198095778 0.0012796877339389403
element 2.8901734104046245E-4 1.1758019273592397 3.398271466356184E-4
proposal 5.780346820809249E-4 2.5998366164619773 0.0015027957320589466
distinguish 0.001445086705202312 1.6990500711237875 0.002455274669254028
opposite 5.780346820809249E-4 2.2744142160273495 0.001314690298281705
each 0.0017341040462427746 0.13434805253107854 2.3297350149898013E-4
quality 8.670520231213873E-4 0.7953381214564925 6.895995272744155E-4
input 0.002023121387283237 0.990398704027877 0.0020036968000563984
dictionary 5.780346820809249E-4 1.9459101490553132 0.001124803554367233
subjunctive 8.670520231213873E-4 5.1647859739235145 0.0044781381276793476
stanford 8.670520231213873E-4 2.5257286443082556 0.002189938130903112
processing 8.670520231213873E-4 0.7221347174331975 6.261283677166452E-4
difference 2.8901734104046245E-4 0.36076492919025743 1.0426732057521891E-4
must 5.780346820809249E-4 1.0376515888784226 5.997986062881056E-4
except 5.780346820809249E-4 1.3805963400052528 7.980325664770247E-4
dobj 5.780346820809249E-4 5.1647859739235145 0.0029854254184528985
device 2.8901734104046245E-4 2.331572629867298 6.738649219269647E-4
sub 5.780346820809249E-4 3.5553480614894135 0.0020551144864100657
complexity 5.780346820809249E-4 1.5271998141971284 8.827744590734846E-4
fact 0.009248554913294798 0.9452782687474074 0.008742457976854636
mic 5.780346820809249E-4 4.0661736852554045 0.0023503894134424305
automatically 8.670520231213873E-4 1.4759065198095778 0.0012796877339389403
document 5.780346820809249E-4 0.8743265327751228 5.053910594075855E-4
grammatical 0.011560693641618497 2.6798793241355137 0.030981263862838306
algebra 5.780346820809249E-4 4.0661736852554045 0.0023503894134424305
availability 5.780346820809249E-4 1.6384254493073527 9.470667337036721E-4
indicative 5.780346820809249E-4 2.9675613965872945 0.0017153534084319623
believe 5.780346820809249E-4 1.2729656758128876 7.358183097184322E-4
two 0.0023121387283236996 0.11492996667397702 2.657340269918544E-4
into 0.0017341040462427746 0.10854016857520597 1.8821994550613752E-4
current 5.780346820809249E-4 0.4919571394616079 2.8436828870613177E-4
notion 2.8901734104046245E-4 2.120263536200091 6.127929295375986E-4
pos 0.001445086705202312 2.9675613965872945 0.004288383521079905
doer 0.001445086705202312 5.1647859739235145 0.007463563546132246
structured 8.670520231213873E-4 1.3805963400052528 0.0011970488497155371
mamyrbayev 0.002023121387283237 5.1647859739235145 0.010448988964585144
where 0.005491329479768786 0.32850406697203605 0.0018039240671874812
attribute 0.0017341040462427746 1.293584963015623 0.002243210918524202
free 0.0011560693641618498 1.6990500711237875 0.001964219735403223
relationship 5.780346820809249E-4 0.758066726659261 4.381888593406133E-4
genitive 8.670520231213873E-4 5.1647859739235145 0.0044781381276793476
popular 8.670520231213873E-4 1.252762968495368 0.0010862106663254636
key 5.780346820809249E-4 0.9751312318970885 5.636596716168142E-4
apart 5.780346820809249E-4 2.169053700369523 0.001253788266109551
ncom 5.780346820809249E-4 5.1647859739235145 0.0029854254184528985
receive 2.8901734104046245E-4 0.653926467406664 1.8899608884585667E-4
regexptagger 5.780346820809249E-4 5.1647859739235145 0.0029854254184528985
detection 0.0011560693641618498 1.5271998141971284 0.0017655489181469693
expression 8.670520231213873E-4 1.2729656758128876 0.0011037274645776481
one 0.001445086705202312 0.06491954609931569 9.381437297588972E-5
many 0.0011560693641618498 0.20194134366360675 2.3345820076717545E-4
apostrophe 0.0011560693641618498 5.1647859739235145 0.005970850836905797
call 2.8901734104046245E-4 1.0539121097502027 3.045988756503476E-4
such 0.005202312138728324 0.10219094089654716 5.31629172294176E-4
nlp 0.0011560693641618498 0.41119578281714936 4.7537084718745595E-4
derivational 5.780346820809249E-4 4.471638793363569 0.0025847623083026412
describe 5.780346820809249E-4 0.28958865072236245 1.6739228365454477E-4
prfl 5.780346820809249E-4 5.1647859739235145 0.0029854254184528985
dataset 5.780346820809249E-4 1.1043429633770947 6.383485337439854E-4
open 0.006936416184971098 0.8881198549074587 0.00616036893577428
through 8.670520231213873E-4 0.2595111954850846 2.2500970706799243E-4
but 8.670520231213873E-4 0.083381608939051 7.229619272172051E-5
ukrainian 5.780346820809249E-4 5.1647859739235145 0.0029854254184528985
clausal 8.670520231213873E-4 5.1647859739235145 0.0044781381276793476
conditional 8.670520231213873E-4 2.120263536200091 0.0018383787886127956
superscript 5.780346820809249E-4 4.0661736852554045 0.0023503894134424305
available 5.780346820809249E-4 0.5696661237889241 3.2928677675660357E-4
lie 5.780346820809249E-4 2.2203469947570738 0.001283437569223742
seven 8.670520231213873E-4 1.5538680612792897 0.001347284446195916
express 0.001445086705202312 0.8743265327751228 0.0012634776485189636
source 2.8901734104046245E-4 0.7703368192510752 2.226406992055131E-4
research 5.780346820809249E-4 0.40261203912575794 2.3272372203801038E-4
participant 0.002023121387283237 1.6094379124341003 0.0032560882621499136
myltyq 5.780346820809249E-4 5.1647859739235145 0.0029854254184528985
either 8.670520231213873E-4 0.7827593392496325 6.786930687135541E-4
affiliation 5.780346820809249E-4 3.7784916128036232 0.0021840991981523835
realize 2.8901734104046245E-4 2.2203469947570738 6.41718784611871E-4
last 8.670520231213873E-4 0.7459453661269161 6.467734388383666E-4
this 0.004046242774566474 0.017291497110061043 6.996559524302155E-5
verbal 0.0011560693641618498 2.9675613965872945 0.0034307068168639245
develop 2.8901734104046245E-4 0.32850406697203605 9.494337195723586E-5
look 2.8901734104046245E-4 1.1758019273592397 3.398271466356184E-4
extract 0.001445086705202312 0.8080771472339223 0.0011677415422455524
measure 8.670520231213873E-4 0.48265474679929443 4.184867746814692E-4
once 5.780346820809249E-4 1.4271163556401458 8.249227489249398E-4
hypothetical 5.780346820809249E-4 3.373026504695459 0.001949726303292173
name 8.670520231213873E-4 1.157452788691043 0.0010035717821020604
overall 5.780346820809249E-4 0.7339691750802005 4.242596387746824E-4
know 2.8901734104046245E-4 0.6214911916535102 1.7962173169176597E-4
internet 5.780346820809249E-4 2.2744142160273495 0.001314690298281705
nominative 5.780346820809249E-4 5.1647859739235145 0.0029854254184528985
full 0.0011560693641618498 0.14750613710858965 1.7052732613709787E-4
allow 5.780346820809249E-4 0.5398131606392429 3.12030728693204E-4
next 0.0011560693641618498 0.8080771472339223 9.34193233796442E-4
derogatory 5.780346820809249E-4 5.1647859739235145 0.0029854254184528985
plural 0.0011560693641618498 4.471638793363569 0.0051695246166052825
string 2.8901734104046245E-4 2.5998366164619773 7.513978660294733E-4
mood 8.670520231213873E-4 2.8622008809294686 0.0024816770643897126
aux 5.780346820809249E-4 5.1647859739235145 0.0029854254184528985
absence 8.670520231213873E-4 1.3581234841531944 0.0011775637145836945
idea 5.780346820809249E-4 1.2329603411991883 7.126938388434615E-4
concept 8.670520231213873E-4 1.157452788691043 0.0010035717821020604
show 0.001445086705202312 0.0771896386911299 1.1154572065192181E-4
description 5.780346820809249E-4 1.157452788691043 6.69047854734707E-4
rule 2.8901734104046245E-4 1.1043429633770947 3.191742668719927E-4
learning 5.780346820809249E-4 0.9306794693262548 5.379650111712456E-4
we 2.8901734104046245E-4 0.19497267434751336 5.635048391546629E-5
cartesian 8.670520231213873E-4 3.7784916128036232 0.0032761487972285753
conclusion 2.8901734104046245E-4 0.28958865072236245 8.369614182727239E-5
not 0.004624277456647399 0.03488725900044054 1.6132836531995628E-4
negative 0.0011560693641618498 0.6321864807702582 7.308514228557899E-4
central 5.780346820809249E-4 1.3805963400052528 7.980325664770247E-4
nov 5.780346820809249E-4 5.1647859739235145 0.0029854254184528985
common 5.780346820809249E-4 0.3526016185510966 2.0381596448040267E-4
interest 8.670520231213873E-4 1.0059028905638423 8.721701363270308E-4
definition 2.8901734104046245E-4 1.252762968495368 3.620702221084879E-4
every 0.002023121387283237 1.0539121097502027 0.002132192129552433
enhance 2.8901734104046245E-4 1.1944940603713923 3.452294972171654E-4
news 8.670520231213873E-4 2.0292917579943643 0.0017595015242725701
overview 5.780346820809249E-4 1.4271163556401458 8.249227489249398E-4
figure 0.002890173410404624 0.18805223150293962 5.435035592570509E-4
previous 5.780346820809249E-4 0.32850406697203605 1.8988674391447172E-4
introduce 2.8901734104046245E-4 0.7339691750802005 2.121298193873412E-4
steamer 5.780346820809249E-4 5.1647859739235145 0.0029854254184528985
start 5.780346820809249E-4 0.8472978603872037 4.897675493567652E-4
technology 2.8901734104046245E-4 1.293584963015623 3.7386848642070034E-4
npo 2.8901734104046245E-4 5.1647859739235145 0.0014927127092264493
way 2.8901734104046245E-4 0.8340526336371831 2.4105567446161362E-4
realization 5.780346820809249E-4 3.7784916128036232 0.0021840991981523835
target 0.001445086705202312 0.8743265327751228 0.0012634776485189636
equal 2.8901734104046245E-4 1.293584963015623 3.7386848642070034E-4
artificial 5.780346820809249E-4 1.5012243277938677 8.677597270484785E-4
refer 5.780346820809249E-4 0.7827593392496325 4.5246204580903614E-4
formula 0.0011560693641618498 2.2203469947570738 0.002566875138447484
step 2.8901734104046245E-4 0.8080771472339223 2.335483084491105E-4
location 0.001445086705202312 1.3805963400052528 0.001995081416192562
specially 5.780346820809249E-4 3.5553480614894135 0.0020551144864100657
time 8.670520231213873E-4 0.167573700159399 1.4529511574514365E-4
base 0.0011560693641618498 0.14090545307723773 1.6289647754593958E-4
stem 5.780346820809249E-4 1.906689435902032 0.001102132621908689
employ 5.780346820809249E-4 1.1944940603713923 6.904589944343308E-4
tagging 0.0011560693641618498 2.392197251683733 0.0027655459557037374
triplet 0.0011560693641618498 3.373026504695459 0.003899452606584346
subordinate 5.780346820809249E-4 4.471638793363569 0.0025847623083026412
usage 8.670520231213873E-4 1.8689491079191851 0.0016204761051322415
graphical 0.0011560693641618498 2.8622008809294686 0.003308902752519617
initiator 5.780346820809249E-4 5.1647859739235145 0.0029854254184528985
kolesnyk 0.002023121387283237 5.1647859739235145 0.010448988964585144
agglutinative 5.780346820809249E-4 4.471638793363569 0.0025847623083026412
experimental 8.670520231213873E-4 1.4512139072192063 0.001258277954236306
semantics 0.0011560693641618498 2.392197251683733 0.0027655459557037374
type 5.780346820809249E-4 0.3364722366212129 1.9449262232440053E-4
when 0.0011560693641618498 0.14750613710858965 1.7052732613709787E-4
three 0.003179190751445087 0.22314355131420976 7.094159145827479E-4
relation 0.0017341040462427746 1.121734706088964 0.0019452046926398219
consist 2.8901734104046245E-4 0.7459453661269161 2.1559114627945554E-4
reliable 8.670520231213873E-4 1.6990500711237875 0.0014731648015524168
relate 2.8901734104046245E-4 0.27443684570176036 7.931700742825445E-5
problem 5.780346820809249E-4 0.7221347174331975 4.174189118110968E-4
typological 5.780346820809249E-4 5.1647859739235145 0.0029854254184528985
broad 5.780346820809249E-4 1.2135422553420867 7.014695117584317E-4
vad 5.780346820809249E-4 5.1647859739235145 0.0029854254184528985
inflectional 5.780346820809249E-4 3.7784916128036232 0.0021840991981523835
enter 2.8901734104046245E-4 1.5538680612792897 4.4909481539863867E-4
presence 0.001445086705202312 0.9751312318970885 0.0014091491790420353
dependent 5.780346820809249E-4 1.3805963400052528 7.980325664770247E-4
between 0.0037572254335260114 0.058840500022933395 2.210770232075532E-4
case 0.0017341040462427746 0.24480504809538922 4.245174244428715E-4
generation 0.0011560693641618498 1.6682784124570338 0.0019286455635341433
give 2.8901734104046245E-4 0.2595111954850846 7.500323568933082E-5
natural 5.780346820809249E-4 0.6429973968744738 3.7167479588119873E-4
method 2.8901734104046245E-4 0.0958817717032825 2.7711494711931362E-5
work 5.780346820809249E-4 0.4285875255290187 2.477384540630166E-4
come 2.8901734104046245E-4 0.990398704027877 2.86242400008057E-4
agree 2.8901734104046245E-4 1.79749014393704 5.195058219471214E-4
extraction 0.006358381502890174 1.3361445774344192 0.008495716966346017
exist 5.780346820809249E-4 0.664976303593249 3.8437936623887225E-4
pofl 5.780346820809249E-4 5.1647859739235145 0.0029854254184528985
provide 5.780346820809249E-4 0.167573700159399 9.686341049676245E-5
among 5.780346820809249E-4 0.32850406697203605 1.8988674391447172E-4
instrumental 5.780346820809249E-4 5.1647859739235145 0.0029854254184528985
utilize 0.0011560693641618498 1.2729656758128876 0.0014716366194368643
word 0.004335260115606936 0.8743265327751228 0.0037904329455568904
study 0.001445086705202312 0.07103577311675174 1.0265285132478575E-4
collocation 2.8901734104046245E-4 2.8622008809294686 8.272256881299043E-4
explicitly 0.0011560693641618498 1.5812670354674039 0.0018280543762628947
pattern 2.8901734104046245E-4 0.9751312318970885 2.818298358084071E-4
direct 2.8901734104046245E-4 0.8743265327751228 2.5269552970379276E-4
range 0.001445086705202312 0.3941013494578493 5.695106206038285E-4
formation 5.780346820809249E-4 2.0292917579943643 0.0011730010161817136
zprep 5.780346820809249E-4 5.1647859739235145 0.0029854254184528985
derive 2.8901734104046245E-4 1.2329603411991883 3.5634691942173076E-4
out 5.780346820809249E-4 0.368995428326773 2.1329215510218095E-4
lot 8.670520231213873E-4 1.9459101490553132 0.0016872053315508497
linguistic 5.780346820809249E-4 1.79749014393704 0.0010390116438942429
feature 0.002601156069364162 0.7221347174331975 0.0018783851031499356
low 5.780346820809249E-4 0.28958865072236245 1.6739228365454477E-4
get 2.8901734104046245E-4 1.121734706088964 3.24200782106637E-4
recall 8.670520231213873E-4 1.7635885922613586 0.0015291230568740103
eschew 2.8901734104046245E-4 5.1647859739235145 0.0014927127092264493
place 5.780346820809249E-4 0.9600933545325481 5.549672569552302E-4
event 8.670520231213873E-4 1.157452788691043 0.0010035717821020604
multilingual 0.002890173410404624 3.0853444322436783 0.00891718044001063
regular 0.001445086705202312 1.9459101490553132 0.0028120088859180828
undergo 2.8901734104046245E-4 1.3581234841531944 3.925212381945649E-4
include 5.780346820809249E-4 0.0771896386911299 4.461828826076873E-5
means 0.005202312138728324 0.6988778552689304 0.0036357807499539734
more 0.0017341040462427746 0.05279818556697083 9.155754722596097E-5
tseng 5.780346820809249E-4 4.471638793363569 0.0025847623083026412
display 0.0011560693641618498 0.16083966797805488 1.8594181269139293E-4
csvdisplay 0.0011560693641618498 0.2669461739726028 3.086082936099454E-4
suggest 5.780346820809249E-4 0.5013468798114469 2.8979588428407335E-4
great 2.8901734104046245E-4 0.5398131606392429 1.56015364346602E-4
opinion 2.8901734104046245E-4 1.8689491079191851 5.401587017107471E-4
assess 0.001445086705202312 0.6761496041913742 9.770948037447604E-4
informativeness 8.670520231213873E-4 5.1647859739235145 0.0044781381276793476
january 0.002023121387283237 1.3581234841531944 0.002747648667361954
dependensee 8.670520231213873E-4 5.1647859739235145 0.0044781381276793476
organized 8.670520231213873E-4 1.6990500711237875 0.0014731648015524168
Chinese 2.8901734104046245E-4 2.5998366164619773 7.513978660294733E-4
summarize 2.8901734104046245E-4 1.121734706088964 3.24200782106637E-4
prevalent 5.780346820809249E-4 2.5998366164619773 0.0015027957320589466
randomly 8.670520231213873E-4 1.6384254493073527 0.001420600100555508
certain 0.002601156069364162 0.8209805520698303 0.0021354985458463794
first 0.0011560693641618498 0.167573700159399 1.937268209935249E-4
mathematical 0.0011560693641618498 2.2203469947570738 0.002566875138447484
small 5.780346820809249E-4 0.45525577261118 2.631536257868093E-4
distinction 2.8901734104046245E-4 2.5998366164619773 7.513978660294733E-4
before 5.780346820809249E-4 0.5203950747821414 3.0080640160817427E-4
existence 0.003179190751445087 1.6990500711237875 0.005401604272358862
section 0.001445086705202312 0.6988778552689304 0.001009939097209437
simple 0.0017341040462427746 1.0539121097502027 0.0018275932539020855
declension 8.670520231213873E-4 5.1647859739235145 0.0044781381276793476
influence 5.780346820809249E-4 0.6874491594453075 3.9736945632676734E-4
reference 2.8901734104046245E-4 1.2135422553420867 3.5073475587921583E-4
denote 5.780346820809249E-4 1.5538680612792897 8.981896307972773E-4
only 0.001445086705202312 0.10854016857520597 1.5684995458844792E-4
create 2.8901734104046245E-4 0.7339691750802005 2.121298193873412E-4
few 8.670520231213873E-4 0.5013468798114469 4.3469382642611E-4
from 0.008959537572254336 0.023122417420854212 2.071661676434915E-4
html 5.780346820809249E-4 3.7784916128036232 0.0021840991981523835
Spanish 2.8901734104046245E-4 3.2188758248682006 9.303109320428326E-4
bear 2.8901734104046245E-4 2.456735772821304 7.100392406997988E-4
consider 0.0011560693641618498 0.17435338714477774 2.0156460941592804E-4
tag 2.8901734104046245E-4 2.120263536200091 6.127929295375986E-4
criminal 5.780346820809249E-4 3.5553480614894135 0.0020551144864100657
factual 8.670520231213873E-4 4.0661736852554045 0.0035255841201636455
group 5.780346820809249E-4 0.41119578281714936 2.3768542359372798E-4
obtain 8.670520231213873E-4 0.3526016185510966 3.05723946720604E-4
marked 5.780346820809249E-4 1.79749014393704 0.0010390116438942429
indirect 5.780346820809249E-4 1.9459101490553132 0.001124803554367233
resource 5.780346820809249E-4 1.1043429633770947 6.383485337439854E-4
like 5.780346820809249E-4 0.7703368192510752 4.452813984110262E-4
kind 5.780346820809249E-4 1.5538680612792897 8.981896307972773E-4
particular 0.004335260115606936 1.0704414117014134 0.004640641958243121
taxonomic 5.780346820809249E-4 4.0661736852554045 0.0023503894134424305
most 0.0017341040462427746 0.0771896386911299 1.3385486478230619E-4
formal 5.780346820809249E-4 2.2203469947570738 0.001283437569223742
core 8.670520231213873E-4 1.5012243277938677 0.0013016395905727177
phrase 0.0023121387283236996 1.9459101490553132 0.004499214217468932
person 8.670520231213873E-4 0.9021060968821986 7.821729163718484E-4
absolutely 5.780346820809249E-4 4.0661736852554045 0.0023503894134424305
topic 8.670520231213873E-4 1.1043429633770947 9.575228006159781E-4
cohesion 8.670520231213873E-4 5.1647859739235145 0.0044781381276793476
kuralay 0.002023121387283237 5.1647859739235145 0.010448988964585144
who 5.780346820809249E-4 0.44628710262841953 2.579694234846356E-4
here 0.0011560693641618498 1.3361445774344192 0.0015446758120629125
orken 0.002023121387283237 5.1647859739235145 0.010448988964585144
inseparable 5.780346820809249E-4 5.1647859739235145 0.0029854254184528985
anastasiia 0.002023121387283237 5.1647859739235145 0.010448988964585144
death 2.8901734104046245E-4 2.073743520565198 5.99347838313641E-4
purpose 5.780346820809249E-4 0.9021060968821986 5.214486109145657E-4
part 0.0017341040462427746 0.4285875255290187 7.432153621890498E-4
scientific 5.780346820809249E-4 1.8325814637483102 0.0010592956437851504
link 2.8901734104046245E-4 1.0872485300177945 3.142336791958944E-4
scale 5.780346820809249E-4 1.2135422553420867 7.014695117584317E-4
why 8.670520231213873E-4 1.4271163556401458 0.0012373841233874097
joq 5.780346820809249E-4 5.1647859739235145 0.0029854254184528985
can 0.0072254335260115606 0.0958817717032825 6.92787367798284E-4
inclusion 8.670520231213873E-4 1.3581234841531944 0.0011775637145836945
general 5.780346820809249E-4 0.4734380916943703 2.736636368175551E-4
paper 5.780346820809249E-4 0.8340526336371831 4.8211134892322724E-4
participle 0.0011560693641618498 5.1647859739235145 0.005970850836905797
structural 5.780346820809249E-4 1.9459101490553132 0.001124803554367233
informational 5.780346820809249E-4 3.7784916128036232 0.0021840991981523835
parp 5.780346820809249E-4 5.1647859739235145 0.0029854254184528985
xko 2.8901734104046245E-4 5.1647859739235145 0.0014927127092264493
value 8.670520231213873E-4 0.34450440831847723 2.9870324420677214E-4
introduction 5.780346820809249E-4 0.10219094089654716 5.9069908032686226E-5
psuf 5.780346820809249E-4 5.1647859739235145 0.0029854254184528985
amount 5.780346820809249E-4 0.9306794693262548 5.379650111712456E-4
process 5.780346820809249E-4 0.41985384556026406 2.4269008413888097E-4
move 2.8901734104046245E-4 1.4512139072192063 4.194259847454354E-4
cost 0.0011560693641618498 1.1944940603713923 0.0013809179888686616
will 8.670520231213873E-4 0.3526016185510966 3.05723946720604E-4
limited 5.780346820809249E-4 0.5696661237889241 3.2928677675660357E-4
implementation 0.002023121387283237 1.3146383722134554 0.0026596730073682622
say 5.780346820809249E-4 1.6990500711237875 9.821098677016114E-4
also 0.0011560693641618498 0.05279818556697083 6.103836481730733E-5
enough 5.780346820809249E-4 1.4512139072192063 8.388519694908708E-4
follow 2.8901734104046245E-4 0.0958817717032825 2.7711494711931362E-5
increase 5.780346820809249E-4 0.16083966797805488 9.297090634569646E-5
passive 5.780346820809249E-4 3.2188758248682006 0.0018606218640856652
really 5.780346820809249E-4 2.5998366164619773 0.0015027957320589466
fragment 5.780346820809249E-4 2.8622008809294686 0.0016544513762598086
marking 5.780346820809249E-4 3.373026504695459 0.001949726303292173
mean 5.780346820809249E-4 0.5398131606392429 3.12030728693204E-4
various 0.0011560693641618498 0.5798184952529422 6.703103991363493E-4
variable 0.0017341040462427746 0.8080771472339223 0.001401289850694663
challenge 5.780346820809249E-4 0.9751312318970885 5.636596716168142E-4
further 8.670520231213873E-4 0.27443684570176036 2.379510222847633E-4
category 2.8901734104046245E-4 0.8080771472339223 2.335483084491105E-4
