prepare 4.2817383857846286E-4 1.79749014393704 7.696382547364762E-4
half 8.563476771569257E-4 1.3805963400052528 0.0011822704688548514
optimal 4.2817383857846286E-4 1.2329603411991883 5.279213621062677E-4
numerous 6.422607578676942E-4 1.6384254493073527 0.0010522963707818578
year 8.563476771569257E-4 0.5203950747821414 4.456391134935915E-4
sufficiently 4.2817383857846286E-4 2.120263536200091 9.078413770927386E-4
annotate 2.1408691928923143E-4 1.8689491079191851 4.001175568227757E-4
without 8.563476771569257E-4 0.32850406697203605 2.8131369468810624E-4
quote 2.1408691928923143E-4 2.8622008809294686 6.127597689851142E-4
would 0.00299721687004924 0.5013468798114469 0.0015026453259174173
pick 2.1408691928923143E-4 2.8622008809294686 6.127597689851142E-4
fluctuate 4.2817383857846286E-4 2.9675613965872945 0.001270632154394046
understanding 0.002140869192892314 0.990398704027877 0.002120314074133755
visual 4.2817383857846286E-4 1.157452788691043 4.955910035071904E-4
educate 2.1408691928923143E-4 3.2188758248682006 6.891192089206167E-4
thus 0.001070434596446157 0.8881198549074587 9.506742184836851E-4
appendix 0.0012845215157353885 2.456735772821304 0.0031557299586657725
notably 4.2817383857846286E-4 2.6798793241355137 0.0011474542171421595
pool 8.563476771569257E-4 2.331572629867298 0.001996636805709525
neutral 4.2817383857846286E-4 2.392197251683733 0.001024276279890273
analysis 0.004923999143652323 0.13434805253107854 6.61529695614388E-4
community 4.2817383857846286E-4 1.6384254493073527 7.015309138545719E-4
planning 0.00299721687004924 2.331572629867298 0.006988228819983338
size 0.0017126953543138515 0.12136085700426753 2.0785417598675665E-4
stop 6.422607578676942E-4 1.7635885922613586 0.0011326837458326
correlation 4.2817383857846286E-4 1.293584963015623 5.538792391417783E-4
ruming 4.2817383857846286E-4 5.1647859739235145 0.002211426235891036
goodchild 4.2817383857846286E-4 4.0661736852554045 0.001741029195142541
schweitzer 4.2817383857846286E-4 5.1647859739235145 0.002211426235891036
detail 2.1408691928923143E-4 1.0216512475319812 2.1872216817212187E-4
much 0.0012845215157353885 0.7827593392496325 0.001005471212908969
object 4.2817383857846286E-4 1.7635885922613586 7.551224972217335E-4
appropriate 4.2817383857846286E-4 1.0539121097502027 4.512575935560705E-4
usefulness 6.422607578676942E-4 2.5998366164619773 0.0016697730356210515
accessible 4.2817383857846286E-4 2.331572629867298 9.983184028547626E-4
statistical 4.2817383857846286E-4 0.653926467406664 2.799942056975654E-4
role 8.563476771569257E-4 0.664976303593249 5.694509129464774E-4
achieve 2.1408691928923143E-4 0.6109090823229731 1.307876434003368E-4
least 6.422607578676942E-4 0.653926467406664 4.199913085463481E-4
roll 2.1408691928923143E-4 3.2188758248682006 6.891192089206167E-4
socioeconomic 6.422607578676942E-4 3.2188758248682006 0.00206735762676185
notable 4.2817383857846286E-4 2.392197251683733 0.001024276279890273
immediately 4.2817383857846286E-4 1.9459101490553132 8.331878180498023E-4
manual 8.563476771569257E-4 1.4512139072192063 0.0012427436585049937
matrix 4.2817383857846286E-4 1.4759065198095778 6.31944559969847E-4
measurement 2.1408691928923143E-4 1.5012243277938677 3.2139249149943646E-4
example 8.563476771569257E-4 0.6988778552689304 5.984824279759627E-4
result 4.2817383857846286E-4 0.058840500022933395 2.5193962758695524E-5
same 0.0017126953543138515 0.2972515234679317 5.091013033062414E-4
disgruntled 4.2817383857846286E-4 5.1647859739235145 0.002211426235891036
realistically 4.2817383857846286E-4 5.1647859739235145 0.002211426235891036
after 6.422607578676942E-4 0.12136085700426753 7.794531599503373E-5
behavior 4.2817383857846286E-4 2.2744142160273495 9.738446653938555E-4
close 2.1408691928923143E-4 0.6988778552689304 1.4962060699399068E-4
policy 4.2817383857846286E-4 1.9459101490553132 8.331878180498023E-4
address 8.563476771569257E-4 0.7827593392496325 6.703141419393128E-4
dissonance 2.1408691928923143E-4 5.1647859739235145 0.001105713117945518
holistic 4.2817383857846286E-4 3.0853444322436783 0.0013210637688904638
union 4.2817383857846286E-4 2.7668907011251433 0.001184710212427807
querying 4.2817383857846286E-4 4.0661736852554045 0.001741029195142541
the 0.06679511881824021 0.017291497110061043 0.0011549876040117847
component 6.422607578676942E-4 0.9600933545325481 6.166302855058112E-4
sala 2.1408691928923143E-4 5.1647859739235145 0.001105713117945518
information 0.004709912224363092 0.3049735695618419 0.0014363987433869668
exploit 4.2817383857846286E-4 1.8689491079191851 8.002351136455514E-4
discuss 0.0012845215157353885 0.7827593392496325 0.001005471212908969
fleet 6.422607578676942E-4 3.7784916128036232 0.0024267768868359812
november 4.2817383857846286E-4 1.1758019273592397 5.034476246453606E-4
communicate 0.001070434596446157 2.2744142160273495 0.0024346116634846385
evidence 4.2817383857846286E-4 0.8881198549074587 3.802696873934741E-4
official 6.422607578676942E-4 2.392197251683733 0.0015364144198354095
good 2.1408691928923143E-4 0.2160260835453457 4.624835871234119E-5
compute 2.1408691928923143E-4 1.2729656758128876 2.725252998957156E-4
post 0.00149860843502462 1.6990500711237875 0.0025462107681152885
mindful 4.2817383857846286E-4 5.1647859739235145 0.002211426235891036
intuition 4.2817383857846286E-4 4.0661736852554045 0.001741029195142541
polarity 6.422607578676942E-4 2.6798793241355137 0.0017211813257132392
add 2.1408691928923143E-4 0.7827593392496325 1.675785354848282E-4
pose 4.2817383857846286E-4 1.8325814637483102 7.846634398408522E-4
need 8.563476771569257E-4 0.27443684570176036 2.350133553429761E-4
its 6.422607578676942E-4 0.19497267434751336 1.2522329758992508E-4
article 2.1408691928923143E-4 1.252762968495368 2.6820016452480585E-4
lack 4.2817383857846286E-4 0.5696661237889241 2.4391613093081743E-4
volume 0.004067651466495397 1.3581234841531944 0.005524372981997579
mutual 4.2817383857846286E-4 2.7668907011251433 0.001184710212427807
authority 2.1408691928923143E-4 3.373026504695459 7.221208530711751E-4
therefore 4.2817383857846286E-4 1.1394342831883648 4.8787595084066144E-4
longitudinal 4.2817383857846286E-4 2.5257286443082556 0.0010814509288410428
useful 0.002354956112181546 0.9162907318741551 0.0021578244595623435
young 2.1408691928923143E-4 1.5271998141971284 3.2695350336054985E-4
searching 4.2817383857846286E-4 1.9459101490553132 8.331878180498023E-4
breakdown 4.2817383857846286E-4 2.7668907011251433 0.001184710212427807
choose 8.563476771569257E-4 0.7221347174331975 6.183983878682916E-4
medium 4.2817383857846286E-4 2.2744142160273495 9.738446653938555E-4
motive 2.1408691928923143E-4 4.471638793363569 9.573193734454227E-4
mixture 6.422607578676942E-4 2.5998366164619773 0.0016697730356210515
provider 2.1408691928923143E-4 1.9459101490553132 4.1659390902490113E-4
gavin 4.2817383857846286E-4 5.1647859739235145 0.002211426235891036
end 4.2817383857846286E-4 0.8607208807193443 3.685381634422369E-4
identify 6.422607578676942E-4 0.3049735695618419 1.9587255591640456E-4
ticket 2.1408691928923143E-4 5.1647859739235145 0.001105713117945518
mobile 8.563476771569257E-4 2.331572629867298 0.001996636805709525
perform 8.563476771569257E-4 0.2669461739726028 2.2859873600736697E-4
multiple 0.0012845215157353885 0.5108256237659907 6.561665045163657E-4
rich 4.2817383857846286E-4 1.79749014393704 7.696382547364762E-4
tweet 0.002354956112181546 2.392197251683733 0.005633519539396502
peak 0.0012845215157353885 2.392197251683733 0.003072828839670819
label 2.1408691928923143E-4 1.1394342831883648 2.4393797542033072E-4
message 8.563476771569257E-4 2.169053700369523 0.0018574640979400756
improvement 2.1408691928923143E-4 0.9306794693262548 1.9924630043379466E-4
versus 6.422607578676942E-4 1.6094379124341003 0.001033678813380925
praise 4.2817383857846286E-4 4.0661736852554045 0.001741029195142541
with 0.011346606722329266 0.017291497110061043 1.9619981734815572E-4
supervised 4.2817383857846286E-4 1.9867321435755685 8.50666728141969E-4
service 0.0017126953543138515 1.2329603411991883 0.002111685448425071
there 0.0038535645472061657 0.12136085700426753 4.6767189597020245E-4
automate 2.1408691928923143E-4 1.4759065198095778 3.159722799849235E-4
well 0.002354956112181546 0.3127557100038969 7.365259708933561E-4
suitable 4.2817383857846286E-4 1.121734706088964 4.802974549727955E-4
deliberate 2.1408691928923143E-4 4.471638793363569 9.573193734454227E-4
age 0.001070434596446157 0.9452782687474074 0.001011858562135953
username 2.1408691928923143E-4 4.471638793363569 9.573193734454227E-4
slightly 4.2817383857846286E-4 1.5271998141971284 6.539070067210997E-4
robustly 4.2817383857846286E-4 3.7784916128036232 0.0016178512578906544
channel 2.1408691928923143E-4 2.456735772821304 5.259549931109621E-4
focus 6.422607578676942E-4 0.4285875255290187 2.752649489589073E-4
faulty 4.2817383857846286E-4 4.471638793363569 0.0019146387468908454
entire 6.422607578676942E-4 1.1944940603713923 7.671766604825897E-4
approach 0.001070434596446157 0.40261203912575794 4.309698556259451E-4
lansley 4.2817383857846286E-4 4.471638793363569 0.0019146387468908454
variation 4.2817383857846286E-4 1.1944940603713923 5.114511069883932E-4
number 0.0012845215157353885 0.14750613710858965 1.894748068189976E-4
normalization 4.2817383857846286E-4 2.9675613965872945 0.001270632154394046
implication 2.1408691928923143E-4 1.79749014393704 3.848191273682381E-4
property 2.1408691928923143E-4 1.4035858582299516 3.0048937234638227E-4
per 0.001070434596446157 0.7339691750802005 7.856659977308933E-4
write 2.1408691928923143E-4 0.9162907318741551 1.9616585996021306E-4
passively 6.422607578676942E-4 3.7784916128036232 0.0024267768868359812
order 8.563476771569257E-4 0.5900749954201312 5.053093516764129E-4
algorithm 2.1408691928923143E-4 0.8472978603872037 1.8139538865065375E-4
similar 0.0012845215157353885 0.20895891632225325 2.6841222392068494E-4
period 4.2817383857846286E-4 0.7953381214564925 3.4054297643181013E-4
practitioner 2.1408691928923143E-4 2.2744142160273495 4.8692233269692777E-4
corporation 2.1408691928923143E-4 4.0661736852554045 8.705145975712705E-4
understand 8.563476771569257E-4 1.0704414117014134 9.166700164430858E-4
specify 2.1408691928923143E-4 1.5538680612792897 3.326628262212138E-4
sporting 4.2817383857846286E-4 5.1647859739235145 0.002211426235891036
propose 2.1408691928923143E-4 0.6214911916535102 1.330531345864933E-4
sydney 0.004067651466495397 5.1647859739235145 0.021008549240964843
tfnsw 8.563476771569257E-4 5.1647859739235145 0.004422852471782072
system 4.2817383857846286E-4 0.36076492919025743 1.5447010455587988E-4
million 4.2817383857846286E-4 1.3805963400052528 5.911352344274257E-4
even 8.563476771569257E-4 0.377294231141468 3.2309503844270434E-4
privatization 4.2817383857846286E-4 5.1647859739235145 0.002211426235891036
analyze 6.422607578676942E-4 0.758066726659261 4.868765103784592E-4
indication 4.2817383857846286E-4 1.906689435902032 8.163945347471771E-4
mendez 4.2817383857846286E-4 5.1647859739235145 0.002211426235891036
other 0.0019267822736030828 0.0408219945202552 7.86550954147499E-5
wait 2.1408691928923143E-4 2.8622008809294686 6.127597689851142E-4
aim 2.1408691928923143E-4 0.6109090823229731 1.307876434003368E-4
tone 0.0038535645472061657 3.373026504695459 0.012998175355281152
city 0.00149860843502462 2.331572629867298 0.003494114409991669
confident 4.2817383857846286E-4 3.5553480614894135 0.001522307026970419
local 4.2817383857846286E-4 1.0704414117014134 4.583350082215429E-4
have 0.00299721687004924 0.017291497110061043 5.182636684668264E-5
share 2.1408691928923143E-4 1.0539121097502027 2.2562879677803525E-4
costly 4.2817383857846286E-4 2.6798793241355137 0.0011474542171421595
deployment 4.2817383857846286E-4 3.373026504695459 0.0014442417061423503
gilbert 4.2817383857846286E-4 4.0661736852554045 0.001741029195142541
product 4.2817383857846286E-4 1.3361445774344192 5.721021526158935E-4
linear 4.2817383857846286E-4 1.3146383722134554 5.628937581731772E-4
particularly 4.2817383857846286E-4 0.9751312318970885 4.175256826791216E-4
question 4.2817383857846286E-4 0.8743265327751228 3.743637477093226E-4
dominant 6.422607578676942E-4 2.2744142160273495 0.001460766998090783
satisfaction 0.0019267822736030828 2.392197251683733 0.004609243259506229
produce 4.2817383857846286E-4 0.8607208807193443 3.685381634422369E-4
picture 4.2817383857846286E-4 2.392197251683733 0.001024276279890273
demographic 8.563476771569257E-4 1.4271163556401458 0.001222107776185096
sarcastic 6.422607578676942E-4 4.471638793363569 0.002871958120336268
future 4.2817383857846286E-4 0.48265474679929443 2.0666013564516996E-4
regard 6.422607578676942E-4 0.4919571394616079 3.1596476522903526E-4
anecdote 2.1408691928923143E-4 5.1647859739235145 0.001105713117945518
governance 4.2817383857846286E-4 4.0661736852554045 0.001741029195142541
almost 8.563476771569257E-4 1.1043429633770947 9.45701531472571E-4
rating 4.2817383857846286E-4 2.456735772821304 0.0010519099862219242
body 6.422607578676942E-4 1.4035858582299516 9.014681170391468E-4
associate 2.1408691928923143E-4 0.38566248081198473 8.256529240248014E-5
perception 2.1408691928923143E-4 1.252762968495368 2.6820016452480585E-4
mode 2.1408691928923143E-4 1.9867321435755685 4.253333640709845E-4
undertake 2.1408691928923143E-4 2.331572629867298 4.991592014273813E-4
optimize 2.1408691928923143E-4 1.9867321435755685 4.253333640709845E-4
whether 8.563476771569257E-4 0.5300569856938783 4.539130684597545E-4
visualize 2.1408691928923143E-4 2.331572629867298 4.991592014273813E-4
bureau 4.2817383857846286E-4 4.0661736852554045 0.001741029195142541
complement 4.2817383857846286E-4 1.8325814637483102 7.846634398408522E-4
traffic 4.2817383857846286E-4 2.9675613965872945 0.001270632154394046
all 0.004067651466495397 0.017291497110061043 7.033578357764073E-5
new 8.563476771569257E-4 0.36076492919025743 3.0894020911175976E-4
comparison 0.0038535645472061657 0.6988778552689304 0.002693170925891832
already 4.2817383857846286E-4 1.157452788691043 4.955910035071904E-4
below 6.422607578676942E-4 1.4035858582299516 9.014681170391468E-4
ubiquity 4.2817383857846286E-4 5.1647859739235145 0.002211426235891036
articulate 4.2817383857846286E-4 3.2188758248682006 0.0013782384178412333
less 0.00149860843502462 0.36076492919025743 5.406453659455796E-4
tool 4.2817383857846286E-4 0.8743265327751228 3.743637477093226E-4
condition 2.1408691928923143E-4 0.8607208807193443 1.8426908172111846E-4
apis 6.422607578676942E-4 4.471638793363569 0.002871958120336268
improve 4.2817383857846286E-4 0.377294231141468 1.6154751922135217E-4
sensor 6.422607578676942E-4 2.6798793241355137 0.0017211813257132392
basic 4.2817383857846286E-4 1.1944940603713923 5.114511069883932E-4
collect 2.1408691928923143E-4 0.6761496041913742 1.447547857399645E-4
unexpectedly 4.2817383857846286E-4 3.7784916128036232 0.0016178512578906544
locate 2.1408691928923143E-4 1.5812670354674039 3.3852858819683233E-4
nuance 2.1408691928923143E-4 3.373026504695459 7.221208530711751E-4
unclear 4.2817383857846286E-4 2.5257286443082556 0.0010814509288410428
technique 8.563476771569257E-4 0.7953381214564925 6.810859528636203E-4
media 0.008349389852280027 1.5812670354674039 0.013202614939676463
around 6.422607578676942E-4 1.0216512475319812 6.561665045163656E-4
effective 0.002354956112181546 0.8472978603872037 0.0019953492751571913
and 0.047527296082209375 0.017291497110061043 8.218181028545389E-4
design 8.563476771569257E-4 0.6004377824556778 5.141835002831752E-4
busy 4.2817383857846286E-4 5.1647859739235145 0.002211426235891036
predict 4.2817383857846286E-4 1.1043429633770947 4.728507657362855E-4
measurable 4.2817383857846286E-4 3.5553480614894135 0.001522307026970419
lda 0.0012845215157353885 2.5998366164619773 0.003339546071242103
automatic 4.2817383857846286E-4 1.5812670354674039 6.770571763936647E-4
transport 0.01198886748019696 2.9675613965872945 0.03557770032303329
specific 0.0019267822736030828 0.40261203912575794 7.757457401267012E-4
sojka 4.2817383857846286E-4 4.471638793363569 0.0019146387468908454
any 0.0017126953543138515 0.2669461739726028 4.5719747201473395E-4
despite 6.422607578676942E-4 0.7221347174331975 4.637987909012186E-4
minute 4.2817383857846286E-4 2.392197251683733 0.001024276279890273
probe 2.1408691928923143E-4 3.2188758248682006 6.891192089206167E-4
application 8.563476771569257E-4 0.7703368192510752 6.596761457941128E-4
quantitative 6.422607578676942E-4 1.5538680612792897 9.979884786636413E-4
engage 8.563476771569257E-4 1.79749014393704 0.0015392765094729523
ukkusuri 4.2817383857846286E-4 5.1647859739235145 0.002211426235891036
until 4.2817383857846286E-4 1.0376515888784226 4.442952639171152E-4
respond 2.1408691928923143E-4 1.6682784124570338 3.5715658583965616E-4
strategy 4.2817383857846286E-4 0.9021060968821986 3.862582303070857E-4
incident 2.1408691928923143E-4 2.9675613965872945 6.35316077197023E-4
formally 4.2817383857846286E-4 3.5553480614894135 0.001522307026970419
abbreviated 4.2817383857846286E-4 4.0661736852554045 0.001741029195142541
maintenance 4.2817383857846286E-4 2.5257286443082556 0.0010814509288410428
reason 4.2817383857846286E-4 0.7221347174331975 3.091991939341458E-4
cluster 2.1408691928923143E-4 1.8689491079191851 4.001175568227757E-4
thought 2.1408691928923143E-4 2.8622008809294686 6.127597689851142E-4
accessibility 4.2817383857846286E-4 2.8622008809294686 0.0012255195379702285
maintain 2.1408691928923143E-4 1.2329603411991883 2.6396068105313385E-4
discussion 8.563476771569257E-4 0.23031204079282225 1.9722718115420444E-4
concern 2.1408691928923143E-4 1.0539121097502027 2.2562879677803525E-4
identification 4.2817383857846286E-4 1.3146383722134554 5.628937581731772E-4
api 8.563476771569257E-4 2.5998366164619773 0.0022263640474947353
state 4.2817383857846286E-4 0.6761496041913742 2.89509571479929E-4
girsang 4.2817383857846286E-4 5.1647859739235145 0.002211426235891036
meeting 2.1408691928923143E-4 3.2188758248682006 6.891192089206167E-4
fully 4.2817383857846286E-4 1.2729656758128876 5.450505997914312E-4
conclusive 4.2817383857846286E-4 5.1647859739235145 0.002211426235891036
app 4.2817383857846286E-4 3.0853444322436783 0.0013210637688904638
reef 4.2817383857846286E-4 5.1647859739235145 0.002211426235891036
abundant 4.2817383857846286E-4 2.7668907011251433 0.001184710212427807
remain 2.1408691928923143E-4 0.7104386776700063 1.5209562784628696E-4
want 8.563476771569257E-4 1.7635885922613586 0.001510244994443467
monitoring 4.2817383857846286E-4 1.8325814637483102 7.846634398408522E-4
each 8.563476771569257E-4 0.13434805253107854 1.1504864271554574E-4
participatory 4.2817383857846286E-4 3.7784916128036232 0.0016178512578906544
restraint 4.2817383857846286E-4 5.1647859739235145 0.002211426235891036
input 6.422607578676942E-4 0.990398704027877 6.360942222401265E-4
dictionary 4.2817383857846286E-4 1.9459101490553132 8.331878180498023E-4
wang 4.2817383857846286E-4 2.073743520565198 8.879227234276164E-4
toolkit 4.2817383857846286E-4 2.7668907011251433 0.001184710212427807
must 4.2817383857846286E-4 1.0376515888784226 4.442952639171152E-4
sophisticated 6.422607578676942E-4 2.073743520565198 0.0013318840851414245
another 8.563476771569257E-4 0.40261203912575794 3.4477588450075613E-4
document 6.422607578676942E-4 0.8743265327751228 5.615456215639838E-4
two 8.563476771569257E-4 0.11492996667397702 9.842000999698311E-5
chase 4.2817383857846286E-4 4.0661736852554045 0.001741029195142541
accident 2.1408691928923143E-4 2.5998366164619773 5.565910118736838E-4
moment 2.1408691928923143E-4 3.5553480614894135 7.611535134852095E-4
worth 4.2817383857846286E-4 1.8325814637483102 7.846634398408522E-4
scenario 2.1408691928923143E-4 1.79749014393704 3.848191273682381E-4
vendor 4.2817383857846286E-4 4.0661736852554045 0.001741029195142541
where 0.00149860843502462 0.32850406697203605 4.92298965704186E-4
peng 4.2817383857846286E-4 3.7784916128036232 0.0016178512578906544
distribute 2.1408691928923143E-4 1.5812670354674039 3.3852858819683233E-4
mechanism 4.2817383857846286E-4 1.1043429633770947 4.728507657362855E-4
popular 0.001070434596446157 1.252762968495368 0.0013410008226240292
creation 4.2817383857846286E-4 1.9867321435755685 8.50666728141969E-4
broaden 4.2817383857846286E-4 3.373026504695459 0.0014442417061423503
validate 2.1408691928923143E-4 1.5538680612792897 3.326628262212138E-4
hashtag 2.1408691928923143E-4 3.7784916128036232 8.089256289453272E-4
timestamp 4.2817383857846286E-4 4.471638793363569 0.0019146387468908454
inclination 4.2817383857846286E-4 3.7784916128036232 0.0016178512578906544
receive 2.1408691928923143E-4 0.653926467406664 1.399971028487827E-4
think 4.2817383857846286E-4 1.4512139072192063 6.213718292524969E-4
detection 6.422607578676942E-4 1.5271998141971284 9.808605100816495E-4
participate 6.422607578676942E-4 1.5812670354674039 0.0010155857645904969
empower 2.1408691928923143E-4 3.373026504695459 7.221208530711751E-4
timetable 4.2817383857846286E-4 5.1647859739235145 0.002211426235891036
such 0.007707129094412331 0.10219094089654716 7.875987737691496E-4
metric 2.1408691928923143E-4 1.906689435902032 4.0819726737358856E-4
ask 2.1408691928923143E-4 1.730798769438368 3.70541376458653E-4
oliver 0.0019267822736030828 4.471638793363569 0.008615874361008804
describe 6.422607578676942E-4 0.28958865072236245 1.8599142628282752E-4
sarcasm 6.422607578676942E-4 4.0661736852554045 0.0026115437927138113
thing 2.1408691928923143E-4 2.073743520565198 4.439613617138082E-4
dataset 2.1408691928923143E-4 1.1043429633770947 2.3642538286814275E-4
through 0.004067651466495397 0.2595111954850846 0.001055601094886878
engagement 0.00149860843502462 2.5257286443082556 0.0037850782509436503
widita 4.2817383857846286E-4 5.1647859739235145 0.002211426235891036
attend 6.422607578676942E-4 2.456735772821304 0.0015778649793328863
run 4.2817383857846286E-4 1.5012243277938677 6.427849829988729E-4
enact 2.1408691928923143E-4 3.373026504695459 7.221208530711751E-4
source 8.563476771569257E-4 0.7703368192510752 6.596761457941128E-4
challenging 4.2817383857846286E-4 1.5538680612792897 6.653256524424276E-4
research 0.002354956112181546 0.40261203912575794 9.481336823770793E-4
participant 2.1408691928923143E-4 1.6094379124341003 3.4455960446030834E-4
operator 2.1408691928923143E-4 3.0853444322436783 6.605318844452319E-4
view 2.1408691928923143E-4 1.121734706088964 2.4014872748639776E-4
openly 4.2817383857846286E-4 5.1647859739235145 0.002211426235891036
bias 0.0012845215157353885 1.4512139072192063 0.0018641154877574904
keyword 2.1408691928923143E-4 1.8689491079191851 4.001175568227757E-4
inherent 4.2817383857846286E-4 2.2203469947570738 9.506944957212904E-4
actual 6.422607578676942E-4 1.293584963015623 8.308188587126673E-4
attractive 4.2817383857846286E-4 3.373026504695459 0.0014442417061423503
last 6.422607578676942E-4 0.7459453661269161 4.790914361765678E-4
might 6.422607578676942E-4 0.7339691750802005 4.7139959863853594E-4
widely 4.2817383857846286E-4 1.0059028905638423 4.307013018898918E-4
adapt 2.1408691928923143E-4 1.5271998141971284 3.2695350336054985E-4
significant 0.0017126953543138515 0.377294231141468 6.461900768854087E-4
develop 4.2817383857846286E-4 0.32850406697203605 1.4065684734405312E-4
decrease 2.1408691928923143E-4 0.7827593392496325 1.675785354848282E-4
prosser 4.2817383857846286E-4 5.1647859739235145 0.002211426235891036
volunteer 6.422607578676942E-4 3.5553480614894135 0.0022834605404556283
measure 4.2817383857846286E-4 0.48265474679929443 2.0666013564516996E-4
involved 4.2817383857846286E-4 1.1043429633770947 4.728507657362855E-4
name 2.1408691928923143E-4 1.157452788691043 2.477955017535952E-4
overall 0.001070434596446157 0.7339691750802005 7.856659977308933E-4
page 4.2817383857846286E-4 2.7668907011251433 0.001184710212427807
assume 2.1408691928923143E-4 0.9452782687474074 2.0237171242719064E-4
full 0.002140869192892314 0.14750613710858965 3.1579134469832934E-4
color 4.2817383857846286E-4 2.5998366164619773 0.0011131820237473677
motivation 6.422607578676942E-4 1.906689435902032 0.0012245918021207656
show 4.2817383857846286E-4 0.0771896386911299 3.3050583896865724E-5
description 2.1408691928923143E-4 1.157452788691043 2.477955017535952E-4
gupta 4.2817383857846286E-4 3.7784916128036232 0.0016178512578906544
disaster 4.2817383857846286E-4 3.2188758248682006 0.0013782384178412333
conclusion 2.1408691928923143E-4 0.28958865072236245 6.199714209427584E-5
not 0.006422607578676943 0.03488725900044054 2.2406717405549478E-4
negative 0.002140869192892314 0.6321864807702582 0.001353428560844055
factor 4.2817383857846286E-4 0.38566248081198473 1.6513058480496028E-4
early 4.2817383857846286E-4 0.6214911916535102 2.661062691729866E-4
news 0.00149860843502462 2.0292917579943643 0.0030411137456562943
overview 6.422607578676942E-4 1.4271163556401458 9.165808321388219E-4
election 4.2817383857846286E-4 3.7784916128036232 0.0016178512578906544
effectively 6.422607578676942E-4 1.6384254493073527 0.0010522963707818578
way 0.001070434596446157 0.8340526336371831 8.927987943022726E-4
pair 2.1408691928923143E-4 1.293584963015623 2.7693961957088914E-4
disposable 4.2817383857846286E-4 5.1647859739235145 0.002211426235891036
target 4.2817383857846286E-4 0.8743265327751228 3.743637477093226E-4
discourse 4.2817383857846286E-4 2.2744142160273495 9.738446653938555E-4
what 0.0017126953543138515 0.8209805520698303 0.0014060895775120194
urban 0.0019267822736030828 3.2188758248682006 0.0062020728802855505
refer 2.1408691928923143E-4 0.7827593392496325 1.675785354848282E-4
detailed 4.2817383857846286E-4 1.1394342831883648 4.8787595084066144E-4
infrastructure 6.422607578676942E-4 2.5257286443082556 0.0016221763932615643
watson 0.00149860843502462 4.471638793363569 0.006701235614117959
dirichlet 4.2817383857846286E-4 2.456735772821304 0.0010519099862219242
short 4.2817383857846286E-4 0.9452782687474074 4.047434248543813E-4
time 0.002569043031470777 0.167573700159399 4.305040466522775E-4
window 4.2817383857846286E-4 2.120263536200091 9.078413770927386E-4
underpin 4.2817383857846286E-4 3.5553480614894135 0.001522307026970419
play 4.2817383857846286E-4 0.9600933545325481 4.1108685700387413E-4
contextual 6.422607578676942E-4 1.906689435902032 0.0012245918021207656
modeling 0.003639477627916934 2.169053700369523 0.00789422241624532
quickly 4.2817383857846286E-4 2.0292917579943643 8.688896416160841E-4
eligibility 4.2817383857846286E-4 3.373026504695459 0.0014442417061423503
complementary 4.2817383857846286E-4 2.073743520565198 8.879227234276164E-4
when 0.0038535645472061657 0.14750613710858965 5.684244204569929E-4
three 6.422607578676942E-4 0.22314355131420976 1.4331634638035308E-4
twitter 0.003639477627916934 2.456735772821304 0.008941234882886355
largely 6.422607578676942E-4 1.79749014393704 0.0011544573821047142
recruitment 4.2817383857846286E-4 3.2188758248682006 0.0013782384178412333
far 4.2817383857846286E-4 1.3361445774344192 5.721021526158935E-4
broad 2.1408691928923143E-4 1.2135422553420867 2.598035228734932E-4
specifically 0.0017126953543138515 1.3805963400052528 0.002364540937709703
embed 2.1408691928923143E-4 1.8325814637483102 3.923317199204261E-4
case 6.422607578676942E-4 0.24480504809538922 1.5722867571958202E-4
dashboard 4.2817383857846286E-4 5.1647859739235145 0.002211426235891036
evenly 4.2817383857846286E-4 3.2188758248682006 0.0013782384178412333
give 0.001070434596446157 0.2595111954850846 2.777897618123363E-4
identifier 2.1408691928923143E-4 3.0853444322436783 6.605318844452319E-4
item 2.1408691928923143E-4 1.8325814637483102 3.923317199204261E-4
insightful 4.2817383857846286E-4 4.0661736852554045 0.001741029195142541
extraction 4.2817383857846286E-4 1.3361445774344192 5.721021526158935E-4
priority 2.1408691928923143E-4 2.5998366164619773 5.565910118736838E-4
provide 0.0012845215157353885 0.167573700159399 2.1525202332613874E-4
latent 4.2817383857846286E-4 2.0292917579943643 8.688896416160841E-4
mellon 4.2817383857846286E-4 4.0661736852554045 0.001741029195142541
rely 4.2817383857846286E-4 1.1758019273592397 5.034476246453606E-4
bruno 4.2817383857846286E-4 5.1647859739235145 0.002211426235891036
valuable 4.2817383857846286E-4 1.730798769438368 7.41082752917306E-4
primary 4.2817383857846286E-4 0.9306794693262548 3.984926008675893E-4
participation 0.002140869192892314 2.2744142160273495 0.004869223326969277
damage 2.1408691928923143E-4 1.6384254493073527 3.5076545692728595E-4
study 0.00299721687004924 0.07103577311675174 2.1290961756251862E-4
formulate 2.1408691928923143E-4 1.5538680612792897 3.326628262212138E-4
pattern 2.1408691928923143E-4 0.9751312318970885 2.087628413395608E-4
direct 4.2817383857846286E-4 0.8743265327751228 3.743637477093226E-4
tourism 4.2817383857846286E-4 4.471638793363569 0.0019146387468908454
formation 4.2817383857846286E-4 2.0292917579943643 8.688896416160841E-4
smart 8.563476771569257E-4 2.5257286443082556 0.0021629018576820856
gain 6.422607578676942E-4 0.9751312318970885 6.262885240186824E-4
nsw 6.422607578676942E-4 5.1647859739235145 0.0033171393538365536
sieber 4.2817383857846286E-4 5.1647859739235145 0.002211426235891036
modern 6.422607578676942E-4 2.0292917579943643 0.001303334462424126
web 6.422607578676942E-4 1.6384254493073527 0.0010522963707818578
low 0.001070434596446157 0.28958865072236245 3.099857104713792E-4
planner 2.1408691928923143E-4 4.471638793363569 9.573193734454227E-4
desire 6.422607578676942E-4 1.5812670354674039 0.0010155857645904969
more 0.007278955255833868 0.05279818556697083 3.843156303311942E-4
display 0.00149860843502462 0.16083966797805488 2.410356831184723E-4
csvdisplay 6.422607578676942E-4 0.2669461739726028 1.7144905200552522E-4
instantaneously 4.2817383857846286E-4 4.471638793363569 0.0019146387468908454
tentative 4.2817383857846286E-4 4.471638793363569 0.0019146387468908454
continuously 0.0012845215157353885 2.2203469947570738 0.002852083487163871
great 4.2817383857846286E-4 0.5398131606392429 2.3113387310607703E-4
pipeline 6.422607578676942E-4 2.8622008809294686 0.0018382793069553426
january 6.422607578676942E-4 1.3581234841531944 8.722694182101441E-4
summarize 2.1408691928923143E-4 1.121734706088964 2.4014872748639776E-4
travel 0.0017126953543138515 2.7668907011251433 0.004738840849711228
certain 6.422607578676942E-4 0.8209805520698303 5.272835915670072E-4
statistics 4.2817383857846286E-4 1.5538680612792897 6.653256524424276E-4
indicator 2.1408691928923143E-4 1.5538680612792897 3.326628262212138E-4
small 0.001070434596446157 0.45525577261118 4.8732152923483193E-4
quick 4.2817383857846286E-4 2.456735772821304 0.0010519099862219242
tell 4.2817383857846286E-4 2.5257286443082556 0.0010814509288410428
replace 4.2817383857846286E-4 1.8325814637483102 7.846634398408522E-4
simple 6.422607578676942E-4 1.0539121097502027 6.768863903341057E-4
section 0.001070434596446157 0.6988778552689304 7.481030349699533E-4
discontent 6.422607578676942E-4 5.1647859739235145 0.0033171393538365536
experience 8.563476771569257E-4 1.1043429633770947 9.45701531472571E-4
constantly 4.2817383857846286E-4 2.7668907011251433 0.001184710212427807
influence 4.2817383857846286E-4 0.6874491594453075 2.9434774542723505E-4
denote 4.2817383857846286E-4 1.5538680612792897 6.653256524424276E-4
major 6.422607578676942E-4 0.7104386776700063 4.562868835388608E-4
jordan 4.2817383857846286E-4 3.7784916128036232 0.0016178512578906544
percentage 6.422607578676942E-4 1.2329603411991883 7.918820431594016E-4
few 2.1408691928923143E-4 0.5013468798114469 1.0733180899410123E-4
consider 6.422607578676942E-4 0.17435338714477774 1.1198033856440445E-4
potential 0.0027831299507600086 0.4373981552111735 0.0012173359061753918
day 0.0017126953543138515 0.8881198549074587 0.0015210787495738964
group 0.001070434596446157 0.41119578281714936 4.4015819184023696E-4
combination 4.2817383857846286E-4 0.6761496041913742 2.89509571479929E-4
obtain 4.2817383857846286E-4 0.3526016185510966 1.5097478850400198E-4
marked 4.2817383857846286E-4 1.79749014393704 7.696382547364762E-4
visible 6.422607578676942E-4 2.7668907011251433 0.0017770653186417104
manually 4.2817383857846286E-4 1.4512139072192063 6.213718292524969E-4
uptake 6.422607578676942E-4 2.9675613965872945 0.0019059482315910688
kind 4.2817383857846286E-4 1.5538680612792897 6.653256524424276E-4
workshop 2.1408691928923143E-4 3.0853444322436783 6.605318844452319E-4
rail 0.0019267822736030828 4.471638793363569 0.008615874361008804
format 2.1408691928923143E-4 1.9867321435755685 4.253333640709845E-4
particular 8.563476771569257E-4 1.0704414117014134 9.166700164430858E-4
solely 4.2817383857846286E-4 2.073743520565198 8.879227234276164E-4
both 0.002569043031470777 0.13434805253107854 3.451459281466372E-4
most 0.0012845215157353885 0.0771896386911299 9.915175169059716E-5
important 0.00149860843502462 0.2669461739726028 4.0004778801289224E-4
personally 6.422607578676942E-4 4.0661736852554045 0.0026115437927138113
daily 0.004067651466495397 1.6384254493073527 0.006664543681618433
effect 2.1408691928923143E-4 0.4919571394616079 1.0532158840967842E-4
topic 0.005352172982230786 1.1043429633770947 0.005910634571703569
commute 4.2817383857846286E-4 5.1647859739235145 0.002211426235891036
perceive 2.1408691928923143E-4 1.5012243277938677 3.2139249149943646E-4
who 0.00299721687004924 0.44628710262841953 0.0013376192328832955
limitation 4.2817383857846286E-4 0.6988778552689304 2.9924121398798136E-4
stigma 4.2817383857846286E-4 4.0661736852554045 0.001741029195142541
pettit 0.002140869192892314 5.1647859739235145 0.01105713117945518
ascertain 6.422607578676942E-4 3.2188758248682006 0.00206735762676185
critical 4.2817383857846286E-4 1.2135422553420867 5.196070457469864E-4
crucial 4.2817383857846286E-4 1.4035858582299516 6.009787446927645E-4
contribute 4.2817383857846286E-4 0.6874491594453075 2.9434774542723505E-4
why 6.422607578676942E-4 1.4271163556401458 9.165808321388219E-4
inherently 4.2817383857846286E-4 3.2188758248682006 0.0013782384178412333
percent 8.563476771569257E-4 2.5998366164619773 0.0022263640474947353
point 2.1408691928923143E-4 0.5108256237659907 1.0936108408606096E-4
necessarily 4.2817383857846286E-4 1.6990500711237875 7.274887908900825E-4
integrated 4.2817383857846286E-4 1.6384254493073527 7.015309138545719E-4
tenney 4.2817383857846286E-4 5.1647859739235145 0.002211426235891036
general 0.002140869192892314 0.4734380916943703 0.001013569025250204
highlight 0.001070434596446157 0.9306794693262548 9.962315021689733E-4
september 0.0019267822736030828 2.2203469947570738 0.004278125230745807
joy 4.2817383857846286E-4 4.471638793363569 0.0019146387468908454
dialogue 8.563476771569257E-4 2.5257286443082556 0.0021629018576820856
introduction 4.2817383857846286E-4 0.10219094089654716 4.3755487431619424E-5
chen 4.2817383857846286E-4 2.5257286443082556 0.0010814509288410428
process 8.563476771569257E-4 0.41985384556026406 3.5954086539093474E-4
amount 2.1408691928923143E-4 0.9306794693262548 1.9924630043379466E-4
move 4.2817383857846286E-4 1.4512139072192063 6.213718292524969E-4
clear 8.563476771569257E-4 0.990398704027877 8.48125629653502E-4
also 0.004067651466495397 0.05279818556697083 2.14764616949785E-4
encounter 2.1408691928923143E-4 1.9459101490553132 4.1659390902490113E-4
increase 2.1408691928923143E-4 0.16083966797805488 3.443366901692462E-5
third 4.2817383857846286E-4 0.990398704027877 4.24062814826751E-4
further 0.002569043031470777 0.27443684570176036 7.050400660289283E-4
user 0.0032113037893384713 1.293584963015623 0.0041540942935633365
account 6.422607578676942E-4 0.7459453661269161 4.790914361765678E-4
simply 4.2817383857846286E-4 1.4512139072192063 6.213718292524969E-4
customer 0.001070434596446157 2.392197251683733 0.002560690699725683
extent 6.422607578676942E-4 1.3805963400052528 8.867028516411385E-4
sinnott 4.2817383857846286E-4 5.1647859739235145 0.002211426235891036
bad 4.2817383857846286E-4 1.4271163556401458 6.11053888092548E-4
assemblage 2.1408691928923143E-4 5.1647859739235145 0.001105713117945518
viewing 4.2817383857846286E-4 3.373026504695459 0.0014442417061423503
evaluation 4.2817383857846286E-4 0.7827593392496325 3.351570709696564E-4
trip 8.563476771569257E-4 4.0661736852554045 0.003482058390285082
qualitative 6.422607578676942E-4 1.6990500711237875 0.0010912331863351236
noticeably 4.2817383857846286E-4 4.0661736852554045 0.001741029195142541
assumption 2.1408691928923143E-4 1.6682784124570338 3.5715658583965616E-4
you 8.563476771569257E-4 2.2203469947570738 0.0019013889914425808
announcement 2.1408691928923143E-4 3.7784916128036232 8.089256289453272E-4
knowledge 4.2817383857846286E-4 0.8080771472339223 3.459974939986822E-4
happen 2.1408691928923143E-4 1.9867321435755685 4.253333640709845E-4
seamless 6.422607578676942E-4 4.471638793363569 0.002871958120336268
grow 2.1408691928923143E-4 1.2329603411991883 2.6396068105313385E-4
past 6.422607578676942E-4 1.293584963015623 8.308188587126673E-4
profile 4.2817383857846286E-4 1.8325814637483102 7.846634398408522E-4
preference 4.2817383857846286E-4 2.0292917579943643 8.688896416160841E-4
opportunity 4.2817383857846286E-4 1.3361445774344192 5.721021526158935E-4
active 0.0017126953543138515 1.1944940603713923 0.0020458044279535728
geolocate 2.1408691928923143E-4 3.7784916128036232 8.089256289453272E-4
personal 4.2817383857846286E-4 1.8325814637483102 7.846634398408522E-4
accurately 4.2817383857846286E-4 2.073743520565198 8.879227234276164E-4
population 0.002569043031470777 0.9021060968821986 0.0023175493818425137
extend 2.1408691928923143E-4 1.4512139072192063 3.1068591462624843E-4
route 2.1408691928923143E-4 2.7668907011251433 5.923551062139035E-4
delay 0.0019267822736030828 2.0292917579943643 0.003910003387272379
interpretation 8.563476771569257E-4 1.4512139072192063 0.0012427436585049937
unsupervised 4.2817383857846286E-4 2.0292917579943643 8.688896416160841E-4
domain 4.2817383857846286E-4 1.1394342831883648 4.8787595084066144E-4
census 4.2817383857846286E-4 3.5553480614894135 0.001522307026970419
relative 4.2817383857846286E-4 1.0376515888784226 4.442952639171152E-4
average 8.563476771569257E-4 0.7104386776700063 6.083825113851479E-4
strong 6.422607578676942E-4 1.1043429633770947 7.092761486044281E-4
compare 2.1408691928923143E-4 0.17435338714477774 3.7326779521468155E-5
deal 4.2817383857846286E-4 1.3361445774344192 5.721021526158935E-4
be 2.1408691928923143E-4 0.017291497110061043 3.701883346191617E-6
prove 2.1408691928923143E-4 1.0539121097502027 2.2562879677803525E-4
readiness 4.2817383857846286E-4 3.5553480614894135 0.001522307026970419
affect 2.1408691928923143E-4 0.5596157879354227 1.1980642002471049E-4
characteristic 2.1408691928923143E-4 0.664976303593249 1.4236272823661935E-4
civic 0.001070434596446157 4.0661736852554045 0.004352572987856352
transparent 4.2817383857846286E-4 3.2188758248682006 0.0013782384178412333
how 0.003639477627916934 0.5496654570822546 0.0020004951338896014
see 8.563476771569257E-4 0.5696661237889241 4.8783226186163486E-4
search 8.563476771569257E-4 1.0059028905638423 8.614026037797836E-4
civil 4.2817383857846286E-4 3.7784916128036232 0.0016178512578906544
hearing 2.1408691928923143E-4 4.0661736852554045 8.705145975712705E-4
term 2.1408691928923143E-4 0.4643056081310978 9.940175725349985E-5
indicate 0.002140869192892314 0.4919571394616079 0.0010532158840967842
omission 4.2817383857846286E-4 4.0661736852554045 0.001741029195142541
set 4.2817383857846286E-4 0.5108256237659907 2.1872216817212192E-4
contain 2.1408691928923143E-4 0.6429973968744738 1.3765733180785136E-4
business 4.2817383857846286E-4 2.0292917579943643 8.688896416160841E-4
advent 4.2817383857846286E-4 2.6798793241355137 0.0011474542171421595
operational 0.0017126953543138515 2.7668907011251433 0.004738840849711228
alternate 4.2817383857846286E-4 3.373026504695459 0.0014442417061423503
sample 0.003639477627916934 0.6321864807702582 0.002300828553434894
fly 4.2817383857846286E-4 3.0853444322436783 0.0013210637688904638
dissatisfaction 6.422607578676942E-4 4.0661736852554045 0.0026115437927138113
june 6.422607578676942E-4 2.2744142160273495 0.001460766998090783
answer 2.1408691928923143E-4 1.3805963400052528 2.9556761721371286E-4
under 4.2817383857846286E-4 0.7459453661269161 3.1939429078437854E-4
freely 8.563476771569257E-4 2.6798793241355137 0.002294908434284319
analytic 2.1408691928923143E-4 2.392197251683733 5.121381399451365E-4
represent 0.0012845215157353885 0.4285875255290187 5.505298979178146E-4
quarter 4.2817383857846286E-4 3.0853444322436783 0.0013210637688904638
commuter 2.1408691928923143E-4 4.471638793363569 9.573193734454227E-4
emergency 4.2817383857846286E-4 1.9867321435755685 8.50666728141969E-4
dm 2.1408691928923143E-4 5.1647859739235145 0.001105713117945518
promise 4.2817383857846286E-4 2.5998366164619773 0.0011131820237473677
language 0.002140869192892314 0.664976303593249 0.0014236272823661934
do 2.1408691928923143E-4 0.14750613710858965 3.157913446983294E-5
observe 4.2817383857846286E-4 0.5496654570822546 2.3535236869289428E-4
hold 2.1408691928923143E-4 1.3581234841531944 2.907564727367147E-4
meaningful 6.422607578676942E-4 1.730798769438368 0.0011116241293759588
habit 2.1408691928923143E-4 3.7784916128036232 8.089256289453272E-4
prior 4.2817383857846286E-4 0.8209805520698303 3.5152239437800486E-4
talk 2.1408691928923143E-4 2.2744142160273495 4.8692233269692777E-4
exclude 2.1408691928923143E-4 0.9021060968821986 1.9312911515354284E-4
computational 4.2817383857846286E-4 1.3146383722134554 5.628937581731772E-4
train 8.563476771569257E-4 1.252762968495368 0.0010728006580992234
which 0.0062085206593877115 0.023122417420854212 1.435560062523597E-4
deduct 4.2817383857846286E-4 4.0661736852554045 0.001741029195142541
static 4.2817383857846286E-4 2.331572629867298 9.983184028547626E-4
publicly 4.2817383857846286E-4 2.6798793241355137 0.0011474542171421595
brown 4.2817383857846286E-4 3.373026504695459 0.0014442417061423503
complain 4.2817383857846286E-4 3.373026504695459 0.0014442417061423503
graph 4.2817383857846286E-4 1.8689491079191851 8.002351136455514E-4
profound 4.2817383857846286E-4 3.0853444322436783 0.0013210637688904638
she 2.1408691928923143E-4 1.8325814637483102 3.923317199204261E-4
month 6.422607578676942E-4 1.1758019273592397 7.551714369680409E-4
adjust 2.1408691928923143E-4 1.4035858582299516 3.0048937234638227E-4
final 4.2817383857846286E-4 0.6988778552689304 2.9924121398798136E-4
party 4.2817383857846286E-4 3.0853444322436783 0.0013210637688904638
frame 4.2817383857846286E-4 2.169053700369523 9.287320489700378E-4
however 6.422607578676942E-4 1.9459101490553132 0.0012497817270747033
some 0.00149860843502462 0.2160260835453457 3.2373851098638836E-4
deep 4.2817383857846286E-4 1.157452788691043 4.955910035071904E-4
analytical 4.2817383857846286E-4 1.9459101490553132 8.331878180498023E-4
rather 0.0017126953543138515 0.758066726659261 0.0012983373610092246
importance 4.2817383857846286E-4 0.9600933545325481 4.1108685700387413E-4
additional 0.001070434596446157 0.5300569856938783 5.67391335574693E-4
for 0.01648469278527082 0.017291497110061043 2.850450176567545E-4
back 4.2817383857846286E-4 1.6094379124341003 6.891192089206167E-4
capable 4.2817383857846286E-4 2.073743520565198 8.879227234276164E-4
training 6.422607578676942E-4 1.0059028905638423 6.460519528348376E-4
expectation 4.2817383857846286E-4 1.906689435902032 8.163945347471771E-4
content 0.0019267822736030828 1.293584963015623 0.002492456576138002
staffing 4.2817383857846286E-4 4.471638793363569 0.0019146387468908454
telecommunications 4.2817383857846286E-4 5.1647859739235145 0.002211426235891036
alert 2.1408691928923143E-4 3.373026504695459 7.221208530711751E-4
rate 2.1408691928923143E-4 0.5696661237889241 1.2195806546540872E-4
contraction 2.1408691928923143E-4 3.5553480614894135 7.611535134852095E-4
ignore 4.2817383857846286E-4 1.9867321435755685 8.50666728141969E-4
just 6.422607578676942E-4 1.3146383722134554 8.443406372597657E-4
human 8.563476771569257E-4 0.8743265327751228 7.487274954186452E-4
sit 2.1408691928923143E-4 3.373026504695459 7.221208530711751E-4
digital 0.0012845215157353885 1.730798769438368 0.0022232482587519176
over 0.002140869192892314 0.3364722366212129 7.203430456459278E-4
historic 4.2817383857846286E-4 3.2188758248682006 0.0013782384178412333
spelling 4.2817383857846286E-4 2.8622008809294686 0.0012255195379702285
false 4.2817383857846286E-4 2.169053700369523 9.287320489700378E-4
go 2.1408691928923143E-4 1.5012243277938677 3.2139249149943646E-4
specification 6.422607578676942E-4 2.456735772821304 0.0015778649793328863
gp 2.1408691928923143E-4 3.7784916128036232 8.089256289453272E-4
tangible 8.563476771569257E-4 4.0661736852554045 0.003482058390285082
form 0.002569043031470777 0.5013468798114469 0.0012879817079292147
although 0.0012845215157353885 0.4285875255290187 5.505298979178146E-4
approximately 0.001070434596446157 0.9452782687474074 0.001011858562135953
hub 4.2817383857846286E-4 3.2188758248682006 0.0013782384178412333
management 4.2817383857846286E-4 0.9452782687474074 4.047434248543813E-4
publish 2.1408691928923143E-4 0.03488725900044054 7.468905801849826E-6
interpret 2.1408691928923143E-4 1.3581234841531944 2.907564727367147E-4
developer 4.2817383857846286E-4 3.373026504695459 0.0014442417061423503
he 2.1408691928923143E-4 1.6384254493073527 3.5076545692728595E-4
comprehensive 0.001070434596446157 1.3805963400052528 0.0014778380860685641
prompt 2.1408691928923143E-4 1.8689491079191851 4.001175568227757E-4
significantly 4.2817383857846286E-4 0.5900749954201312 2.5265467583820647E-4
assign 4.2817383857846286E-4 1.0704414117014134 4.583350082215429E-4
big 0.0017126953543138515 1.3581234841531944 0.0023260517818937177
very 0.0012845215157353885 0.5596157879354227 7.188385201482629E-4
decade 4.2817383857846286E-4 2.0292917579943643 8.688896416160841E-4
select 2.1408691928923143E-4 0.5798184952529422 1.2413155539562024E-4
recommendation 2.1408691928923143E-4 1.6990500711237875 3.6374439544504123E-4
delayed 0.0019267822736030828 2.169053700369523 0.00417929422036517
balance 2.1408691928923143E-4 1.6682784124570338 3.5715658583965616E-4
four 8.563476771569257E-4 0.4643056081310978 3.976070290139994E-4
context 0.0019267822736030828 0.8881198549074587 0.0017112135932706334
lock 0.0019267822736030828 4.471638793363569 0.008615874361008804
model 0.001070434596446157 0.41985384556026406 4.494260817386684E-4
majority 0.00149860843502462 0.9452782687474074 0.0014166019869903345
join 2.1408691928923143E-4 2.9675613965872945 6.35316077197023E-4
usually 4.2817383857846286E-4 0.9600933545325481 4.1108685700387413E-4
text 0.0012845215157353885 0.8209805520698303 0.0010545671831340144
portal 4.2817383857846286E-4 3.7784916128036232 0.0016178512578906544
spatial 4.2817383857846286E-4 2.120263536200091 9.078413770927386E-4
reduce 2.1408691928923143E-4 0.3941013494578493 8.437194379315978E-5
sentence 2.1408691928923143E-4 1.3146383722134554 2.814468790865886E-4
likely 0.00149860843502462 0.5798184952529422 8.689208877693418E-4
issue 2.1408691928923143E-4 0.7953381214564925 1.7027148821590506E-4
large 0.001070434596446157 0.22314355131420976 2.388605773005885E-4
classification 4.2817383857846286E-4 0.9600933545325481 4.1108685700387413E-4
congested 4.2817383857846286E-4 4.471638793363569 0.0019146387468908454
heavy 6.422607578676942E-4 2.5998366164619773 0.0016697730356210515
traditional 4.2817383857846286E-4 1.1758019273592397 5.034476246453606E-4
operate 4.2817383857846286E-4 2.169053700369523 9.287320489700378E-4
field 8.563476771569257E-4 0.6988778552689304 5.984824279759627E-4
wacholder 4.2817383857846286E-4 5.1647859739235145 0.002211426235891036
contrast 4.2817383857846286E-4 1.4271163556401458 6.11053888092548E-4
exclusively 6.422607578676942E-4 2.331572629867298 0.0014974776042821437
interval 6.422607578676942E-4 1.5538680612792897 9.979884786636413E-4
whereby 4.2817383857846286E-4 2.9675613965872945 0.001270632154394046
christopher 0.0019267822736030828 3.7784916128036232 0.007280330660507944
snapshot 2.1408691928923143E-4 3.7784916128036232 8.089256289453272E-4
proportion 8.563476771569257E-4 1.4271163556401458 0.001222107776185096
amplify 4.2817383857846286E-4 3.373026504695459 0.0014442417061423503
mention 2.1408691928923143E-4 0.8881198549074587 1.9013484369673705E-4
literature 6.422607578676942E-4 0.9306794693262548 5.977389013013839E-4
commentator 2.1408691928923143E-4 5.1647859739235145 0.001105713117945518
world 6.422607578676942E-4 1.4035858582299516 9.014681170391468E-4
government 0.00149860843502462 2.2203469947570738 0.0033274307350245167
library 4.2817383857846286E-4 1.730798769438368 7.41082752917306E-4
stream 4.2817383857846286E-4 2.6798793241355137 0.0011474542171421595
recur 2.1408691928923143E-4 3.0853444322436783 6.605318844452319E-4
unanticipated 4.2817383857846286E-4 4.471638793363569 0.0019146387468908454
crime 4.2817383857846286E-4 4.0661736852554045 0.001741029195142541
ability 4.2817383857846286E-4 0.8881198549074587 3.802696873934741E-4
together 4.2817383857846286E-4 1.1394342831883648 4.8787595084066144E-4
table 0.0017126953543138515 0.18117935221517753 3.103050348365276E-4
may 0.002354956112181546 0.15415067982725836 3.630180856561426E-4
within 8.563476771569257E-4 0.3127557100038969 2.678276257794022E-4
could 0.002140869192892314 0.22314355131420976 4.77721154601177E-4
change 4.2817383857846286E-4 0.3941013494578493 1.6874388758631955E-4
willingness 6.422607578676942E-4 3.2188758248682006 0.00206735762676185
positive 0.0012845215157353885 0.6761496041913742 8.685287144397869E-4
comfort 4.2817383857846286E-4 3.373026504695459 0.0014442417061423503
generally 0.0012845215157353885 0.9021060968821986 0.0011587746909212568
machine 0.00149860843502462 1.0539121097502027 0.0015794015774462469
able 4.2817383857846286E-4 0.7703368192510752 3.298380728970564E-4
report 4.2817383857846286E-4 0.3364722366212129 1.4406860912918556E-4
subject 4.2817383857846286E-4 0.9021060968821986 3.862582303070857E-4
use 0.003639477627916934 0.03488725900044054 1.2697139863144705E-4
several 0.001070434596446157 0.3526016185510966 3.774369712600049E-4
political 8.563476771569257E-4 2.169053700369523 0.0018574640979400756
feel 4.2817383857846286E-4 2.120263536200091 9.078413770927386E-4
main 4.2817383857846286E-4 0.6004377824556778 2.570917501415876E-4
sadness 4.2817383857846286E-4 4.471638793363569 0.0019146387468908454
while 0.002140869192892314 0.20895891632225325 4.473537065344749E-4
second 4.2817383857846286E-4 0.4373981552111735 1.8728244710390643E-4
that 0.014129736673089274 0.017291497110061043 2.443243008486467E-4
high 0.00149860843502462 0.11492996667397702 1.7223501749472046E-4
download 6.422607578676942E-4 0.24480504809538922 1.5722867571958202E-4
edge 4.2817383857846286E-4 2.331572629867298 9.983184028547626E-4
geographic 0.0019267822736030828 2.392197251683733 0.004609243259506229
find 2.1408691928923143E-4 0.16083966797805488 3.443366901692462E-5
than 0.004281738385784628 0.058840500022933395 2.5193962758695524E-4
continuous 4.2817383857846286E-4 1.1758019273592397 5.034476246453606E-4
widespread 4.2817383857846286E-4 1.9867321435755685 8.50666728141969E-4
communication 8.563476771569257E-4 1.5538680612792897 0.0013306513048848552
directly 0.001070434596446157 0.7703368192510752 8.24595182242641E-4
combine 2.1408691928923143E-4 0.6321864807702582 1.3534285608440553E-4
citizen 0.0027831299507600086 3.2188758248682006 0.008958549715968017
level 6.422607578676942E-4 0.4373981552111735 2.8092367065585966E-4
disruption 4.2817383857846286E-4 2.7668907011251433 0.001184710212427807
meteorology 4.2817383857846286E-4 5.1647859739235145 0.002211426235891036
author 2.1408691928923143E-4 0.017291497110061043 3.701883346191617E-6
illustrate 2.1408691928923143E-4 1.252762968495368 2.6820016452480585E-4
occur 6.422607578676942E-4 0.6109090823229731 3.9236293020101034E-4
difficult 6.422607578676942E-4 0.7703368192510752 4.947571093455845E-4
smartcard 4.2817383857846286E-4 5.1647859739235145 0.002211426235891036
undesirable 4.2817383857846286E-4 3.5553480614894135 0.001522307026970419
relevant 6.422607578676942E-4 0.7703368192510752 4.947571093455845E-4
feed 6.422607578676942E-4 2.0292917579943643 0.001303334462424126
infer 8.563476771569257E-4 2.073743520565198 0.0017758454468552328
transit 4.2817383857846286E-4 4.0661736852554045 0.001741029195142541
volumetric 4.2817383857846286E-4 5.1647859739235145 0.002211426235891036
true 6.422607578676942E-4 1.1394342831883648 7.318139262609922E-4
survey 0.00599443374009848 1.3805963400052528 0.00827589328198396
position 2.1408691928923143E-4 1.0059028905638423 2.153506509449459E-4
present 4.2817383857846286E-4 0.083381608939051 3.5701823566281736E-5
datum 2.1408691928923143E-4 0.167573700159399 3.5875337221023124E-5
sentiment 0.007278955255833868 1.8689491079191851 0.013603996931974371
behind 6.422607578676942E-4 1.6682784124570338 0.0010714697575189684
bot 2.1408691928923143E-4 4.0661736852554045 8.705145975712705E-4
mixed 8.563476771569257E-4 1.9459101490553132 0.0016663756360996045
investigate 6.422607578676942E-4 0.653926467406664 4.199913085463481E-4
regularity 6.422607578676942E-4 4.471638793363569 0.002871958120336268
transform 2.1408691928923143E-4 1.5012243277938677 3.2139249149943646E-4
total 6.422607578676942E-4 0.5108256237659907 3.2808325225818283E-4
unstructured 4.2817383857846286E-4 1.6990500711237875 7.274887908900825E-4
physical 8.563476771569257E-4 1.3146383722134554 0.0011257875163463544
algorithmic 4.2817383857846286E-4 2.5998366164619773 0.0011131820237473677
make 4.2817383857846286E-4 0.2521310881874621 1.0795593585419059E-4
categorize 2.1408691928923143E-4 1.730798769438368 3.70541376458653E-4
experienced 6.422607578676942E-4 1.6094379124341003 0.001033678813380925
highly 0.00149860843502462 0.9162907318741551 0.0013731610197214913
pretty 4.2817383857846286E-4 3.7784916128036232 0.0016178512578906544
social 0.009847998287304646 1.0704414117014134 0.010541705189095486
nature 8.563476771569257E-4 1.0216512475319812 8.748886726884875E-4
kuflik 4.2817383857846286E-4 5.1647859739235145 0.002211426235891036
problematic 6.422607578676942E-4 2.5257286443082556 0.0016221763932615643
anderson 4.2817383857846286E-4 3.373026504695459 0.0014442417061423503
compound 4.2817383857846286E-4 2.2744142160273495 9.738446653938555E-4
structure 4.2817383857846286E-4 0.8340526336371831 3.5711951772090904E-4
acknowledge 4.2817383857846286E-4 2.2203469947570738 9.506944957212904E-4
ameliorate 2.1408691928923143E-4 3.5553480614894135 7.611535134852095E-4
due 8.563476771569257E-4 0.20895891632225325 1.7894148261378998E-4
online 8.563476771569257E-4 1.3581234841531944 0.0011630258909468589
clustering 8.563476771569257E-4 2.2744142160273495 0.001947689330787711
increasingly 8.563476771569257E-4 1.730798769438368 0.001482165505834612
gensim 4.2817383857846286E-4 3.7784916128036232 0.0016178512578906544
metadata 4.2817383857846286E-4 3.7784916128036232 0.0016178512578906544
inform 4.2817383857846286E-4 2.392197251683733 0.001024276279890273
about 0.005780346820809248 0.377294231141468 0.002180891509488254
weekday 6.422607578676942E-4 4.471638793363569 0.002871958120336268
commit 2.1408691928923143E-4 3.0853444322436783 6.605318844452319E-4
respondent 8.563476771569257E-4 2.7668907011251433 0.002369420424855614
periodically 4.2817383857846286E-4 3.7784916128036232 0.0016178512578906544
objective 8.563476771569257E-4 1.121734706088964 9.60594909945591E-4
reflect 6.422607578676942E-4 0.7827593392496325 5.027356064544845E-4
character 2.1408691928923143E-4 1.8325814637483102 3.923317199204261E-4
dynamics 4.2817383857846286E-4 2.392197251683733 0.001024276279890273
contribution 4.2817383857846286E-4 1.2135422553420867 5.196070457469864E-4
extremely 4.2817383857846286E-4 1.9459101490553132 8.331878180498023E-4
meaning 4.2817383857846286E-4 1.0704414117014134 4.583350082215429E-4
above 8.563476771569257E-4 0.9021060968821986 7.725164606141714E-4
estimate 4.2817383857846286E-4 0.8743265327751228 3.743637477093226E-4
crowdedness 4.2817383857846286E-4 5.1647859739235145 0.002211426235891036
recent 4.2817383857846286E-4 0.5596157879354227 2.3961284004942097E-4
they 0.004923999143652323 0.05279818556697083 2.5997822051816076E-4
temporal 4.2817383857846286E-4 2.169053700369523 9.287320489700378E-4
moderate 4.2817383857846286E-4 2.073743520565198 8.879227234276164E-4
benefit 4.2817383857846286E-4 1.0059028905638423 4.307013018898918E-4
morning 4.2817383857846286E-4 3.0853444322436783 0.0013210637688904638
labor 0.0012845215157353885 3.0853444322436783 0.003963191306671391
intention 2.1408691928923143E-4 2.2203469947570738 4.753472478606452E-4
cognitive 4.2817383857846286E-4 2.120263536200091 9.078413770927386E-4
adopt 2.1408691928923143E-4 1.293584963015623 2.7693961957088914E-4
unique 0.001070434596446157 1.157452788691043 0.001238977508767976
processing 0.0012845215157353885 0.7221347174331975 9.275975818024372E-4
oppose 2.1408691928923143E-4 2.331572629867298 4.991592014273813E-4
commentary 0.001070434596446157 3.5553480614894135 0.0038057675674260474
saturday 2.1408691928923143E-4 4.471638793363569 9.573193734454227E-4
prominent 4.2817383857846286E-4 2.2744142160273495 9.738446653938555E-4
access 8.563476771569257E-4 1.1394342831883648 9.757519016813229E-4
activity 0.0012845215157353885 1.0872485300177945 0.0013965941297595305
examine 2.1408691928923143E-4 0.8881198549074587 1.9013484369673705E-4
scan 2.1408691928923143E-4 2.456735772821304 5.259549931109621E-4
association 2.1408691928923143E-4 1.0376515888784226 2.221476319585576E-4
industry 4.2817383857846286E-4 1.7635885922613586 7.551224972217335E-4
long 4.2817383857846286E-4 0.44628710262841953 1.910884618404708E-4
seem 4.2817383857846286E-4 1.0216512475319812 4.3744433634424374E-4
augment 2.1408691928923143E-4 2.2203469947570738 4.753472478606452E-4
into 0.0012845215157353885 0.10854016857520597 1.3942218185639815E-4
current 0.001070434596446157 0.4919571394616079 5.266079420483921E-4
outline 2.1408691928923143E-4 2.0292917579943643 4.3444482080804206E-4
variety 6.422607578676942E-4 1.0539121097502027 6.768863903341057E-4
analyzer 0.00149860843502462 3.0853444322436783 0.004623723191116624
actively 4.2817383857846286E-4 2.2744142160273495 9.738446653938555E-4
relationship 0.002140869192892314 0.758066726659261 0.0016229217012615307
free 4.2817383857846286E-4 1.6990500711237875 7.274887908900825E-4
key 0.0012845215157353885 0.9751312318970885 0.0012525770480373648
expression 4.2817383857846286E-4 1.2729656758128876 5.450505997914312E-4
though 4.2817383857846286E-4 1.1043429633770947 4.728507657362855E-4
star 4.2817383857846286E-4 3.0853444322436783 0.0013210637688904638
one 0.0017126953543138515 0.06491954609931569 1.111874050084619E-4
thorough 4.2817383857846286E-4 2.7668907011251433 0.001184710212427807
many 0.002140869192892314 0.20194134366360675 4.3233000142069524E-4
transportation 0.002569043031470777 3.0853444322436783 0.007926382613342782
everyday 6.422607578676942E-4 2.7668907011251433 0.0017770653186417104
confirm 4.2817383857846286E-4 0.8209805520698303 3.5152239437800486E-4
actually 4.2817383857846286E-4 1.5812670354674039 6.770571763936647E-4
appear 8.563476771569257E-4 0.7459453661269161 6.387885815687571E-4
ibm 0.00149860843502462 4.0661736852554045 0.006093602182998894
assist 4.2817383857846286E-4 2.073743520565198 8.879227234276164E-4
iteratively 4.2817383857846286E-4 2.9675613965872945 0.001270632154394046
open 6.422607578676942E-4 0.8881198549074587 5.70404531090211E-4
story 2.1408691928923143E-4 2.456735772821304 5.259549931109621E-4
but 0.002569043031470777 0.083381608939051 2.142109413976904E-4
devote 4.2817383857846286E-4 4.0661736852554045 0.001741029195142541
bus 0.002140869192892314 4.471638793363569 0.009573193734454226
separate 2.1408691928923143E-4 1.2135422553420867 2.598035228734932E-4
reasonable 4.2817383857846286E-4 1.5012243277938677 6.427849829988729E-4
willing 4.2817383857846286E-4 2.8622008809294686 0.0012255195379702285
approximate 2.1408691928923143E-4 1.9867321435755685 4.253333640709845E-4
available 0.0017126953543138515 0.5696661237889241 9.756645237232697E-4
express 8.563476771569257E-4 0.8743265327751228 7.487274954186452E-4
advocate 2.1408691928923143E-4 2.6798793241355137 5.737271085710798E-4
anonymise 2.1408691928923143E-4 4.0661736852554045 8.705145975712705E-4
elicit 2.1408691928923143E-4 2.8622008809294686 6.127597689851142E-4
regularly 4.2817383857846286E-4 2.9675613965872945 0.001270632154394046
loper 4.2817383857846286E-4 4.471638793363569 0.0019146387468908454
sector 4.2817383857846286E-4 2.073743520565198 8.879227234276164E-4
five 6.422607578676942E-4 0.9021060968821986 5.793873454606284E-4
generate 4.2817383857846286E-4 0.7953381214564925 3.4054297643181013E-4
unusual 4.2817383857846286E-4 3.373026504695459 0.0014442417061423503
coordinate 2.1408691928923143E-4 1.906689435902032 4.0819726737358856E-4
ensure 2.1408691928923143E-4 1.0216512475319812 2.1872216817212187E-4
query 2.1408691928923143E-4 2.392197251683733 5.121381399451365E-4
this 0.018197388139584672 0.017291497110061043 3.1466008442628744E-4
please 4.2817383857846286E-4 3.7784916128036232 0.0016178512578906544
collection 0.0012845215157353885 0.9600933545325481 0.0012332605710116224
finding 2.1408691928923143E-4 0.7459453661269161 1.5969714539218927E-4
look 2.1408691928923143E-4 1.1758019273592397 2.517238123226803E-4
extract 2.1408691928923143E-4 0.8080771472339223 1.729987469993411E-4
know 8.563476771569257E-4 0.6214911916535102 5.322125383459732E-4
demonstrate 4.2817383857846286E-4 0.5108256237659907 2.1872216817212192E-4
support 4.2817383857846286E-4 0.5300569856938783 2.2695653422987724E-4
allow 6.422607578676942E-4 0.5398131606392429 3.467008096591155E-4
detect 4.2817383857846286E-4 0.8881198549074587 3.802696873934741E-4
update 2.1408691928923143E-4 1.6682784124570338 3.5715658583965616E-4
learning 0.0012845215157353885 0.9306794693262548 0.0011954778026027678
inventory 4.2817383857846286E-4 3.2188758248682006 0.0013782384178412333
we 2.1408691928923143E-4 0.19497267434751336 4.17410991966417E-5
saragih 4.2817383857846286E-4 5.1647859739235145 0.002211426235891036
common 4.2817383857846286E-4 0.3526016185510966 1.5097478850400198E-4
proprietary 4.2817383857846286E-4 4.471638793363569 0.0019146387468908454
interest 6.422607578676942E-4 1.0059028905638423 6.460519528348376E-4
similarity 2.1408691928923143E-4 1.4759065198095778 3.159722799849235E-4
themselves 4.2817383857846286E-4 1.6094379124341003 6.891192089206167E-4
every 8.563476771569257E-4 1.0539121097502027 9.02515187112141E-4
mask 4.2817383857846286E-4 2.8622008809294686 0.0012255195379702285
summary 4.2817383857846286E-4 1.3581234841531944 5.815129454734294E-4
figure 0.004281738385784628 0.18805223150293962 8.05190458158594E-4
allocation 4.2817383857846286E-4 2.120263536200091 9.078413770927386E-4
wide 4.2817383857846286E-4 1.121734706088964 4.802974549727955E-4
previous 4.2817383857846286E-4 0.32850406697203605 1.4065684734405312E-4
apply 2.1408691928923143E-4 0.41119578281714936 8.803163836804739E-5
argue 2.1408691928923143E-4 1.6990500711237875 3.6374439544504123E-4
technology 2.1408691928923143E-4 1.293584963015623 2.7693961957088914E-4
indeed 0.001070434596446157 2.2744142160273495 0.0024346116634846385
longley 6.422607578676942E-4 5.1647859739235145 0.0033171393538365536
deficiency 2.1408691928923143E-4 2.8622008809294686 6.127597689851142E-4
removal 4.2817383857846286E-4 1.9459101490553132 8.331878180498023E-4
comment 2.1408691928923143E-4 2.073743520565198 4.439613617138082E-4
welch 4.2817383857846286E-4 4.471638793363569 0.0019146387468908454
base 2.1408691928923143E-4 0.14090545307723773 3.016601436035918E-5
employ 4.2817383857846286E-4 1.1944940603713923 5.114511069883932E-4
trend 4.2817383857846286E-4 1.1394342831883648 4.8787595084066144E-4
reach 2.1408691928923143E-4 1.0376515888784226 2.221476319585576E-4
whole 4.2817383857846286E-4 1.252762968495368 5.364003290496117E-4
during 0.0017126953543138515 0.28958865072236245 4.959771367542067E-4
type 4.2817383857846286E-4 0.3364722366212129 1.4406860912918556E-4
beyond 0.001070434596446157 1.5538680612792897 0.0016633141311060689
april 0.0012845215157353885 1.906689435902032 0.002449183604241531
relation 4.2817383857846286E-4 1.121734706088964 4.802974549727955E-4
feedback 0.002354956112181546 1.79749014393704 0.0042330104010506195
reliable 4.2817383857846286E-4 1.6990500711237875 7.274887908900825E-4
relate 6.422607578676942E-4 0.27443684570176036 1.7626001650723207E-4
grammar 4.2817383857846286E-4 2.8622008809294686 0.0012255195379702285
enable 4.2817383857846286E-4 0.9751312318970885 4.175256826791216E-4
review 0.0012845215157353885 0.4734380916943703 6.081414151501224E-4
safety 4.2817383857846286E-4 1.8325814637483102 7.846634398408522E-4
weather 6.422607578676942E-4 2.8622008809294686 0.0018382793069553426
presence 6.422607578676942E-4 0.9751312318970885 6.262885240186824E-4
traveller 4.2817383857846286E-4 5.1647859739235145 0.002211426235891036
between 0.00299721687004924 0.058840500022933395 1.7635773931086866E-4
guide 2.1408691928923143E-4 1.5012243277938677 3.2139249149943646E-4
still 8.563476771569257E-4 0.5300569856938783 4.539130684597545E-4
researcher 2.1408691928923143E-4 1.0539121097502027 2.2562879677803525E-4
method 0.001070434596446157 0.0958817717032825 1.0263516559974577E-4
natural 0.001070434596446157 0.6429973968744738 6.882866590392568E-4
work 0.0017126953543138515 0.4285875255290187 7.340398638904195E-4
collaborative 4.2817383857846286E-4 2.392197251683733 0.001024276279890273
come 2.1408691928923143E-4 0.990398704027877 2.120314074133755E-4
vader 0.00299721687004924 3.7784916128036232 0.011324958805234582
traceable 6.422607578676942E-4 5.1647859739235145 0.0033171393538365536
exist 4.2817383857846286E-4 0.664976303593249 2.847254564732387E-4
insight 6.422607578676942E-4 1.0539121097502027 6.768863903341057E-4
toward 6.422607578676942E-4 1.6094379124341003 0.001033678813380925
itself 4.2817383857846286E-4 1.7635885922613586 7.551224972217335E-4
among 4.2817383857846286E-4 0.32850406697203605 1.4065684734405312E-4
force 8.563476771569257E-4 1.5271998141971284 0.0013078140134421994
word 2.1408691928923143E-4 0.8743265327751228 1.871818738546613E-4
extension 4.2817383857846286E-4 1.906689435902032 8.163945347471771E-4
flag 2.1408691928923143E-4 3.5553480614894135 7.611535134852095E-4
gender 4.2817383857846286E-4 2.2744142160273495 9.738446653938555E-4
range 4.2817383857846286E-4 0.3941013494578493 1.6874388758631955E-4
distribution 0.001070434596446157 0.9600933545325481 0.0010277171425096853
variability 4.2817383857846286E-4 2.2203469947570738 9.506944957212904E-4
derive 4.2817383857846286E-4 1.2329603411991883 5.279213621062677E-4
weak 4.2817383857846286E-4 2.073743520565198 8.879227234276164E-4
across 6.422607578676942E-4 0.7703368192510752 4.947571093455845E-4
fall 4.2817383857846286E-4 1.6682784124570338 7.143131716793123E-4
feature 2.1408691928923143E-4 0.7221347174331975 1.545995969670729E-4
verify 2.1408691928923143E-4 1.8325814637483102 3.923317199204261E-4
place 2.1408691928923143E-4 0.9600933545325481 2.0554342850193707E-4
event 4.2817383857846286E-4 1.157452788691043 4.955910035071904E-4
regular 0.001070434596446157 1.9459101490553132 0.0020829695451245055
undergo 2.1408691928923143E-4 1.3581234841531944 2.907564727367147E-4
informed 4.2817383857846286E-4 1.4035858582299516 6.009787446927645E-4
include 0.00149860843502462 0.0771896386911299 1.1567704363903004E-4
agency 2.1408691928923143E-4 2.6798793241355137 5.737271085710798E-4
facebook 4.2817383857846286E-4 2.8622008809294686 0.0012255195379702285
suggest 8.563476771569257E-4 0.5013468798114469 4.2932723597640494E-4
abstract 4.2817383857846286E-4 1.906689435902032 8.163945347471771E-4
transformation 4.2817383857846286E-4 2.331572629867298 9.983184028547626E-4
lead 2.1408691928923143E-4 0.3127557100038969 6.695690644485055E-5
opinion 0.001070434596446157 1.8689491079191851 0.0020005877841138783
expect 2.1408691928923143E-4 0.8743265327751228 1.871818738546613E-4
emotion 2.1408691928923143E-4 2.2203469947570738 4.753472478606452E-4
assess 2.1408691928923143E-4 0.6761496041913742 1.447547857399645E-4
Australian 2.1408691928923143E-4 3.7784916128036232 8.089256289453272E-4
asset 2.1408691928923143E-4 2.8622008809294686 6.127597689851142E-4
first 6.422607578676942E-4 0.167573700159399 1.0762601166306937E-4
voice 0.001070434596446157 2.456735772821304 0.0026297749655548102
date 4.2817383857846286E-4 1.6384254493073527 7.015309138545719E-4
reveal 4.2817383857846286E-4 1.0216512475319812 4.3744433634424374E-4
prefer 0.001070434596446157 1.9459101490553132 0.0020829695451245055
clearly 4.2817383857846286E-4 1.6384254493073527 7.015309138545719E-4
barrier 4.2817383857846286E-4 2.073743520565198 8.879227234276164E-4
should 0.00149860843502462 0.368995428326773 5.529796613760247E-4
only 0.0012845215157353885 0.10854016857520597 1.3942218185639815E-4
create 4.2817383857846286E-4 0.7339691750802005 3.142663990923573E-4
from 0.006850781417255406 0.023122417420854212 1.5840662758881071E-4
tag 2.1408691928923143E-4 2.120263536200091 4.539206885463693E-4
imply 2.1408691928923143E-4 1.730798769438368 3.70541376458653E-4
exploration 4.2817383857846286E-4 2.073743520565198 8.879227234276164E-4
individual 0.0012845215157353885 0.6214911916535102 7.983188075189597E-4
like 6.422607578676942E-4 0.7703368192510752 4.947571093455845E-4
capture 6.422607578676942E-4 0.990398704027877 6.360942222401265E-4
mining 0.0017126953543138515 1.8325814637483102 0.003138653759363409
person 2.1408691928923143E-4 0.9021060968821986 1.9312911515354284E-4
provision 6.422607578676942E-4 2.9675613965872945 0.0019059482315910688
send 4.2817383857846286E-4 1.9459101490553132 8.331878180498023E-4
replacement 4.2817383857846286E-4 2.392197251683733 0.001024276279890273
potentially 0.001070434596446157 1.1394342831883648 0.0012196898771016536
here 4.2817383857846286E-4 1.3361445774344192 5.721021526158935E-4
note 6.422607578676942E-4 0.5013468798114469 3.219954269823037E-4
week 4.2817383857846286E-4 1.4035858582299516 6.009787446927645E-4
line 4.2817383857846286E-4 0.9021060968821986 3.862582303070857E-4
link 4.2817383857846286E-4 1.0872485300177945 4.6553137658651017E-4
interact 4.2817383857846286E-4 1.7635885922613586 7.551224972217335E-4
distinct 4.2817383857846286E-4 1.6990500711237875 7.274887908900825E-4
scale 4.2817383857846286E-4 1.2135422553420867 5.196070457469864E-4
platform 0.0017126953543138515 1.4759065198095778 0.002527778239879388
network 0.0032113037893384713 0.990398704027877 0.0031804711112006327
aggregate 2.1408691928923143E-4 2.2203469947570738 4.753472478606452E-4
aware 4.2817383857846286E-4 2.169053700369523 9.287320489700378E-4
can 0.005352172982230786 0.0958817717032825 5.131758279987289E-4
trace 2.1408691928923143E-4 2.7668907011251433 5.923551062139035E-4
public 0.0062085206593877115 1.3361445774344192 0.008295481212930455
salient 8.563476771569257E-4 3.2188758248682006 0.0027564768356824667
array 6.422607578676942E-4 3.0853444322436783 0.0019815956533356955
vgi 8.563476771569257E-4 4.0661736852554045 0.003482058390285082
value 4.2817383857846286E-4 0.34450440831847723 1.4750777491692453E-4
cost 6.422607578676942E-4 1.1944940603713923 7.671766604825897E-4
limited 0.002140869192892314 0.5696661237889241 0.001219580654654087
satisfy 2.1408691928923143E-4 1.7635885922613586 3.7756124861086676E-4
will 8.563476771569257E-4 0.3526016185510966 3.0194957700800396E-4
confidence 0.001070434596446157 1.906689435902032 0.0020409863368679427
match 2.1408691928923143E-4 1.5271998141971284 3.2695350336054985E-4
fault 2.1408691928923143E-4 3.7784916128036232 8.089256289453272E-4
follow 2.1408691928923143E-4 0.0958817717032825 2.0527033119949158E-5
passive 0.00299721687004924 3.2188758248682006 0.009647668924888634
ultimately 4.2817383857846286E-4 2.120263536200091 9.078413770927386E-4
performance 0.003639477627916934 0.7703368192510752 0.0028036236196249792
response 4.2817383857846286E-4 1.0539121097502027 4.512575935560705E-4
variable 4.2817383857846286E-4 0.8080771472339223 3.459974939986822E-4
challenge 2.1408691928923143E-4 0.9751312318970885 2.087628413395608E-4
unearth 2.1408691928923143E-4 4.471638793363569 9.573193734454227E-4
category 4.2817383857846286E-4 0.8080771472339223 3.459974939986822E-4
informal 4.2817383857846286E-4 3.373026504695459 0.0014442417061423503
intend 2.1408691928923143E-4 1.7635885922613586 3.7756124861086676E-4
