mostly 6.116207951070336E-4 1.1758019273592397 7.191449096998408E-4
optimal 0.003975535168195718 1.2329603411991883 0.004901677197427966
bad 3.058103975535168E-4 1.4271163556401458 4.364270200734391E-4
year 3.058103975535168E-4 0.5203950747821414 1.5914222470401877E-4
nowadays 6.116207951070336E-4 3.373026504695459 0.002063013152718935
explanation 3.058103975535168E-4 1.6384254493073527 5.010475380144809E-4
laptop 6.116207951070336E-4 3.7784916128036232 0.00231100404452821
without 9.174311926605505E-4 0.32850406697203605 3.0137987795599637E-4
rahmani 6.116207951070336E-4 5.1647859739235145 0.0031588905039287548
milp 0.001834862385321101 3.7784916128036232 0.00693301213358463
would 9.174311926605505E-4 0.5013468798114469 4.599512658820614E-4
manufacturing 0.0015290519877675841 2.9675613965872945 0.004537555652274151
assumption 3.058103975535168E-4 1.6682784124570338 5.101768845434353E-4
calculate 3.058103975535168E-4 0.7221347174331975 2.2083630502544265E-4
addition 0.0012232415902140672 0.7953381214564925 9.728906684483089E-4
happen 3.058103975535168E-4 1.9867321435755685 6.075633466591953E-4
impact 6.116207951070336E-4 0.6874491594453075 4.204582014956009E-4
heydari 6.116207951070336E-4 5.1647859739235145 0.0031588905039287548
analysis 0.0024464831804281344 0.13434805253107854 3.286802508405591E-4
version 6.116207951070336E-4 1.293584963015623 7.911834636181181E-4
population 6.116207951070336E-4 0.9021060968821986 5.51746848245993E-4
gams 6.116207951070336E-4 5.1647859739235145 0.0031588905039287548
planning 0.0012232415902140672 2.331572629867298 0.0028520766114584683
firework 3.058103975535168E-4 5.1647859739235145 0.0015794452519643774
delay 0.0012232415902140672 2.0292917579943643 0.0024823140770573265
earliness 6.116207951070336E-4 5.1647859739235145 0.0031588905039287548
size 0.0015290519877675841 0.12136085700426753 1.855670596395528E-4
plant 0.0012232415902140672 2.392197251683733 0.0029262351702553304
consideration 6.116207951070336E-4 1.3361445774344192 8.172138088283909E-4
average 0.0024464831804281344 0.7104386776700063 0.0017380762756452753
compare 3.058103975535168E-4 0.17435338714477774 5.3319078637546706E-5
deal 9.174311926605505E-4 1.3361445774344192 0.0012258207132425864
be 3.058103975535168E-4 0.017291497110061043 5.287919605523254E-6
role 0.0012232415902140672 0.664976303593249 8.134266710620782E-4
depict 3.058103975535168E-4 1.7635885922613586 5.393237285202931E-4
independent 0.0012232415902140672 1.0059028905638423 0.0012304622514542412
achieve 9.174311926605505E-4 0.6109090823229731 5.604670480027277E-4
affect 6.116207951070336E-4 0.5596157879354227 3.422726531715123E-4
least 9.174311926605505E-4 0.653926467406664 5.999325389051964E-4
turn 3.058103975535168E-4 1.4035858582299516 4.2923114930579556E-4
uncertainty 0.005198776758409786 1.9867321435755685 0.010328576893206319
matrix 6.116207951070336E-4 1.4759065198095778 9.026951191495888E-4
weekly 6.116207951070336E-4 3.2188758248682006 0.0019687313913566975
example 9.174311926605505E-4 0.6988778552689304 6.411723442834225E-4
result 9.174311926605505E-4 0.058840500022933395 5.398211011278293E-5
how 6.116207951070336E-4 0.5496654570822546 3.361868239035196E-4
search 0.001834862385321101 1.0059028905638423 0.0018456933771813621
see 3.058103975535168E-4 0.5696661237889241 1.742098237886618E-4
dual 9.174311926605505E-4 3.0853444322436783 0.0028305912222419067
same 6.116207951070336E-4 0.2972515234679317 1.8180521313023346E-4
goli 0.003363914373088685 5.1647859739235145 0.01737389777160815
aspect 3.058103975535168E-4 0.9452782687474074 2.8907592316434474E-4
subsequent 6.116207951070336E-4 1.3581234841531944 8.306565652313116E-4
indicate 3.058103975535168E-4 0.4919571394616079 1.5044560839804521E-4
term 3.058103975535168E-4 0.4643056081310978 1.419894826088984E-4
after 0.0015290519877675841 0.12136085700426753 1.855670596395528E-4
multiplication 6.116207951070336E-4 3.5553480614894135 0.0021745248082504056
behavior 0.0012232415902140672 2.2744142160273495 0.002782158062418776
close 6.116207951070336E-4 0.6988778552689304 4.274482295222816E-4
minimize 0.0021406727828746177 1.79749014393704 0.0038478382286114008
completion 0.005810397553516819 2.7668907011251433 0.01607673496066597
set 0.0012232415902140672 0.5108256237659907 6.248631483376033E-4
operational 9.174311926605505E-4 2.7668907011251433 0.0025384318358946272
involve 3.058103975535168E-4 0.9452782687474074 2.8907592316434474E-4
procedure 9.174311926605505E-4 0.8080771472339223 7.413551809485527E-4
possible 0.0012232415902140672 0.38566248081198473 4.717583863143544E-4
printing 6.116207951070336E-4 4.471638793363569 0.0027349472742284825
food 9.174311926605505E-4 2.2203469947570738 0.0020370155915202513
the 0.11162079510703364 0.017291497110061043 0.001930090656015988
component 3.058103975535168E-4 0.9600933545325481 2.9360653043808806E-4
unrelated 9.174311926605505E-4 2.456735772821304 0.002253886030111288
complicated 6.116207951070336E-4 1.8325814637483102 0.001120844931956153
maximum 0.001834862385321101 1.2329603411991883 0.002262312552659061
mehdi 0.0030581039755351682 4.471638793363569 0.013674736371142414
information 9.174311926605505E-4 0.3049735695618419 2.7979226565306596E-4
exploit 3.058103975535168E-4 1.8689491079191851 5.715440697000566E-4
under 9.174311926605505E-4 0.7459453661269161 6.843535469054276E-4
novel 6.116207951070336E-4 1.3805963400052528 8.444014311958732E-4
discuss 3.058103975535168E-4 0.7827593392496325 2.3937594472465823E-4
represent 3.058103975535168E-4 0.4285875255290187 1.3106652156850724E-4
clarify 3.058103975535168E-4 1.9867321435755685 6.075633466591953E-4
soltani 0.0030581039755351682 5.1647859739235145 0.015794452519643776
do 3.058103975535168E-4 0.14750613710858965 4.5108910430761355E-5
good 6.116207951070336E-4 0.2160260835453457 1.3212604498186281E-4
correctly 6.116207951070336E-4 2.0292917579943643 0.0012411570385286632
fatemi 6.116207951070336E-4 5.1647859739235145 0.0031588905039287548
act 6.116207951070336E-4 1.121734706088964 6.860762728372868E-4
leave 6.116207951070336E-4 1.6682784124570338 0.0010203537690868707
exceed 9.174311926605505E-4 2.2744142160273495 0.002086618546814082
implement 9.174311926605505E-4 1.0376515888784226 9.519739347508464E-4
ith 0.001834862385321101 2.9675613965872945 0.005445066782728981
programming 0.0021406727828746177 1.79749014393704 0.0038478382286114008
computational 0.0024464831804281344 1.3146383722134554 0.00321624066596564
which 0.00672782874617737 0.023122417420854212 1.5556366460513536E-4
add 3.058103975535168E-4 0.7827593392496325 2.3937594472465823E-4
disadvantage 3.058103975535168E-4 2.169053700369523 6.633191744249306E-4
subcontracting 6.116207951070336E-4 5.1647859739235145 0.0031588905039287548
test 6.116207951070336E-4 0.44628710262841953 2.7295847255560826E-4
need 9.174311926605505E-4 0.27443684570176036 2.5177692266216547E-4
pay 9.174311926605505E-4 1.8689491079191851 0.00171463220910017
its 0.0024464831804281344 0.19497267434751336 4.769973684342834E-4
enormous 6.116207951070336E-4 2.7668907011251433 0.0016922878905964178
volume 6.116207951070336E-4 1.3581234841531944 8.306565652313116E-4
take 6.116207951070336E-4 0.368995428326773 2.2568527726408134E-4
acceptance 6.116207951070336E-4 2.7668907011251433 0.0016922878905964178
outsourcing 0.006422018348623854 5.1647859739235145 0.03316835029125193
electromagnetic 9.174311926605505E-4 5.1647859739235145 0.004738335755893133
adjust 9.174311926605505E-4 1.4035858582299516 0.001287693447917387
final 0.0012232415902140672 0.6988778552689304 8.548964590445632E-4
relatively 6.116207951070336E-4 0.8209805520698303 5.02128778024361E-4
adjustment 6.116207951070336E-4 2.392197251683733 0.0014631175851276652
some 0.0030581039755351682 0.2160260835453457 6.606302249093141E-4
production 0.0045871559633027525 1.6094379124341003 0.007382742717587616
rather 9.174311926605505E-4 0.758066726659261 6.954740611552853E-4
importance 9.174311926605505E-4 0.9600933545325481 8.808195913142643E-4
additional 9.174311926605505E-4 0.5300569856938783 4.862908125631911E-4
for 0.01620795107033639 0.017291497110061043 2.802597390927325E-4
capable 6.116207951070336E-4 2.073743520565198 0.0012683446608961456
choose 3.058103975535168E-4 0.7221347174331975 2.2083630502544265E-4
warehousing 6.116207951070336E-4 5.1647859739235145 0.0031588905039287548
random 0.0015290519877675841 1.2329603411991883 0.0018852604605492176
expanded 6.116207951070336E-4 2.2744142160273495 0.001391079031209388
rate 3.058103975535168E-4 0.5696661237889241 1.742098237886618E-4
sim 0.0021406727828746177 4.471638793363569 0.00957231545979969
company 6.116207951070336E-4 1.6990500711237875 0.001039174355427393
divide 6.116207951070336E-4 1.0059028905638423 6.152311257271206E-4
multiply 3.058103975535168E-4 2.456735772821304 7.512953433704293E-4
just 6.116207951070336E-4 1.3146383722134554 8.0406016649141E-4
six 6.116207951070336E-4 0.9162907318741551 5.604224659780765E-4
multiple 6.116207951070336E-4 0.5108256237659907 3.1243157416880165E-4
perform 3.058103975535168E-4 0.2669461739726028 8.163491558795192E-5
packaging 9.174311926605505E-4 5.1647859739235145 0.004738335755893133
peak 6.116207951070336E-4 2.392197251683733 0.0014631175851276652
roshanaei 6.116207951070336E-4 5.1647859739235145 0.0031588905039287548
tangible 6.116207951070336E-4 4.0661736852554045 0.0024869563824192076
special 6.116207951070336E-4 1.4512139072192063 8.875926038037958E-4
schedule 0.0012232415902140672 2.5998366164619773 0.003180228277017709
with 0.01651376146788991 0.017291497110061043 2.8554765869825575E-4
horizon 6.116207951070336E-4 2.6798793241355137 0.0016390699230186627
environment 6.116207951070336E-4 1.3361445774344192 8.172138088283909E-4
form 9.174311926605505E-4 0.5013468798114469 4.599512658820614E-4
approximately 6.116207951070336E-4 0.9452782687474074 5.781518463286895E-4
management 6.116207951070336E-4 0.9452782687474074 5.781518463286895E-4
there 0.001834862385321101 0.12136085700426753 2.2268047156746338E-4
interpret 3.058103975535168E-4 1.3581234841531944 4.153282826156558E-4
publish 3.058103975535168E-4 0.03488725900044054 1.066888654447723E-5
well 0.0012232415902140672 0.3127557100038969 3.825757920536965E-4
setup 0.0012232415902140672 2.392197251683733 0.0029262351702553304
suitable 6.116207951070336E-4 1.121734706088964 6.860762728372868E-4
outlook 9.174311926605505E-4 4.0661736852554045 0.0037304345736288115
subset 0.0012232415902140672 1.5812670354674039 0.0019342716030182308
assign 3.058103975535168E-4 1.0704414117014134 3.27352113670157E-4
explain 3.058103975535168E-4 0.9751312318970885 2.982052696932992E-4
big 3.058103975535168E-4 1.3581234841531944 4.153282826156558E-4
linearize 6.116207951070336E-4 3.373026504695459 0.002063013152718935
expert 3.058103975535168E-4 1.6094379124341003 4.921828478391744E-4
select 3.058103975535168E-4 0.5798184952529422 1.7731452454218413E-4
focus 6.116207951070336E-4 0.4285875255290187 2.621330431370145E-4
construct 3.058103975535168E-4 1.2135422553420867 3.7111383955415494E-4
nonlinear 6.116207951070336E-4 2.331572629867298 0.0014260383057292342
pioneer 3.058103975535168E-4 3.5553480614894135 0.0010872624041252028
irohara 6.116207951070336E-4 5.1647859739235145 0.0031588905039287548
approach 0.0024464831804281344 0.40261203912575794 9.849835819590407E-4
attempt 3.058103975535168E-4 1.0216512475319812 3.124315741688016E-4
number 0.0012232415902140672 0.14750613710858965 1.8043564172304542E-4
taguchi 6.116207951070336E-4 5.1647859739235145 0.0031588905039287548
experiment 3.058103975535168E-4 1.293584963015623 3.9559173180905903E-4
supplier 3.058103975535168E-4 3.5553480614894135 0.0010872624041252028
symmetrical 6.116207951070336E-4 3.7784916128036232 0.00231100404452821
easily 6.116207951070336E-4 1.4271163556401458 8.728540401468782E-4
majority 6.116207951070336E-4 0.9452782687474074 5.781518463286895E-4
model 0.013761467889908258 0.41985384556026406 0.0057778052141320745
lingo 0.0012232415902140672 5.1647859739235145 0.0063177810078575095
flow 0.00672782874617737 1.4035858582299516 0.009443085284727502
algorithm 0.0045871559633027525 0.8472978603872037 0.003886687432968824
order 6.116207951070336E-4 0.5900749954201312 3.6090213787163985E-4
reduce 0.0012232415902140672 0.3941013494578493 4.820811614163294E-4
issue 3.058103975535168E-4 0.7953381214564925 2.4322266711207722E-4
large 9.174311926605505E-4 0.22314355131420976 2.0471885441670622E-4
robustness 0.0021406727828746177 2.392197251683733 0.005120911547946829
specify 3.058103975535168E-4 1.5538680612792897 4.7518900956553195E-4
handle 6.116207951070336E-4 1.5812670354674039 9.671358015091154E-4
propose 6.116207951070336E-4 0.6214911916535102 3.801169367911377E-4
intel 6.116207951070336E-4 4.0661736852554045 0.0024869563824192076
conservation 9.174311926605505E-4 4.0661736852554045 0.0037304345736288115
system 0.0012232415902140672 0.36076492919025743 4.413026656761559E-4
field 6.116207951070336E-4 0.6988778552689304 4.274482295222816E-4
even 6.116207951070336E-4 0.377294231141468 2.3076099764004156E-4
strongly 6.116207951070336E-4 1.6990500711237875 0.001039174355427393
binary 6.116207951070336E-4 1.6990500711237875 0.001039174355427393
analyze 6.116207951070336E-4 0.758066726659261 4.636493741035235E-4
integration 6.116207951070336E-4 2.2203469947570738 0.001358010394346834
interval 9.174311926605505E-4 1.5538680612792897 0.001425567028696596
partial 6.116207951070336E-4 1.6682784124570338 0.0010203537690868707
evaluate 0.0012232415902140672 0.40261203912575794 4.924917909795203E-4
machinery 6.116207951070336E-4 3.373026504695459 0.002063013152718935
become 6.116207951070336E-4 0.6321864807702582 3.866583980246227E-4
other 0.0045871559633027525 0.0408219945202552 1.8725685559750093E-4
aim 0.0015290519877675841 0.6109090823229731 9.341117466712128E-4
against 0.0021406727828746177 0.9600933545325481 0.002055245713066617
fss 0.003363914373088685 5.1647859739235145 0.01737389777160815
deliver 3.058103975535168E-4 2.073743520565198 6.341723304480728E-4
protection 0.0012232415902140672 2.073743520565198 0.002536689321792291
disposal 6.116207951070336E-4 5.1647859739235145 0.0031588905039287548
local 0.0012232415902140672 1.0704414117014134 0.001309408454680628
manufacturer 0.001834862385321101 3.7784916128036232 0.00693301213358463
mention 3.058103975535168E-4 0.8881198549074587 2.715962859044216E-4
literature 0.0015290519877675841 0.9306794693262548 0.0014230572925477902
conjunction 6.116207951070336E-4 2.331572629867298 0.0014260383057292342
world 9.174311926605505E-4 1.4035858582299516 0.001287693447917387
yield 6.116207951070336E-4 1.4512139072192063 8.875926038037958E-4
have 0.003975535168195718 0.017291497110061043 6.87429548718023E-5
member 6.116207951070336E-4 1.6094379124341003 9.843656956783488E-4
stochastic 6.116207951070336E-4 2.456735772821304 0.0015025906867408587
everything 6.116207951070336E-4 3.2188758248682006 0.0019687313913566975
table 0.005198776758409786 0.18117935221517753 9.419110054000056E-4
abadi 0.0030581039755351682 5.1647859739235145 0.015794452519643776
babaee 0.003363914373088685 5.1647859739235145 0.01737389777160815
product 6.116207951070336E-4 1.3361445774344192 8.172138088283909E-4
side 6.116207951070336E-4 1.6682784124570338 0.0010203537690868707
robust 0.01345565749235474 1.6682784124570338 0.022447782919911157
linear 0.0030581039755351682 1.3146383722134554 0.00402030083245705
may 0.004281345565749235 0.15415067982725836 6.599723295356626E-4
max 6.116207951070336E-4 2.169053700369523 0.001326638348849861
within 0.001834862385321101 0.3127557100038969 5.738636880805448E-4
could 0.0012232415902140672 0.22314355131420976 2.7295847255560826E-4
suggestion 6.116207951070336E-4 2.2744142160273495 0.001391079031209388
change 9.174311926605505E-4 0.3941013494578493 3.615608710622471E-4
positive 6.116207951070336E-4 0.6761496041913742 4.135471585268343E-4
produce 6.116207951070336E-4 0.8607208807193443 5.264347894307916E-4
machine 0.003975535168195718 1.0539121097502027 0.0041898646564992766
future 6.116207951070336E-4 0.48265474679929443 2.9520167999956846E-4
regard 3.058103975535168E-4 0.4919571394616079 1.5044560839804521E-4
able 6.116207951070336E-4 0.7703368192510752 4.7115401789056587E-4
efficiently 6.116207951070336E-4 2.0292917579943643 0.0012411570385286632
report 6.116207951070336E-4 0.3364722366212129 2.0579341689370818E-4
constraint 0.0027522935779816515 1.6682784124570338 0.004591591960890919
subcontractor 6.116207951070336E-4 5.1647859739235145 0.0031588905039287548
complete 6.116207951070336E-4 0.8080771472339223 4.94236787299035E-4
undesirably 6.116207951070336E-4 5.1647859739235145 0.0031588905039287548
instance 0.0015290519877675841 1.5812670354674039 0.002417839503772789
use 3.058103975535168E-4 0.03488725900044054 1.066888654447723E-5
bertsima 3.058103975535168E-4 5.1647859739235145 0.0015794452519643774
subject 0.003363914373088685 0.9021060968821986 0.0030346076653529615
several 0.0015290519877675841 0.3526016185510966 5.391462057356218E-4
main 0.0024464831804281344 0.6004377824556778 0.0014689609356713829
integer 0.0012232415902140672 2.9675613965872945 0.00363004452181932
while 0.0012232415902140672 0.20895891632225325 2.5560723709144124E-4
second 9.174311926605505E-4 0.4373981552111735 4.012827112029115E-4
mode 9.174311926605505E-4 1.9867321435755685 0.0018226900399775858
that 0.018042813455657492 0.017291497110061043 3.11987256725872E-4
lagrangian 0.0021406727828746177 4.0661736852554045 0.008704347338467226
high 6.116207951070336E-4 0.11492996667397702 7.02935575987627E-5
undertake 6.116207951070336E-4 2.331572629867298 0.0014260383057292342
download 9.174311926605505E-4 0.24480504809538922 2.2459178724347636E-4
split 6.116207951070336E-4 1.6384254493073527 0.0010020950760289617
solution 0.005504587155963303 1.0216512475319812 0.005623768335038429
optimize 6.116207951070336E-4 1.9867321435755685 0.0012151266933183905
find 0.0024464831804281344 0.16083966797805488 3.9349154245395685E-4
function 0.004892966360856269 0.5496654570822546 0.002689494591228157
than 0.0021406727828746177 0.058840500022933395 1.2595825692982685E-4
continuous 6.116207951070336E-4 1.1758019273592397 7.191449096998408E-4
different 0.0061162079510703364 0.18805223150293962 0.001150166553534799
verification 6.116207951070336E-4 2.6798793241355137 0.0016390699230186627
combine 3.058103975535168E-4 0.6321864807702582 1.9332919901231136E-4
all 0.007033639143730887 0.017291497110061043 1.2162215092703486E-4
always 6.116207951070336E-4 1.2729656758128876 7.785722787846406E-4
new 0.0015290519877675841 0.36076492919025743 5.516283320951948E-4
comparison 0.003363914373088685 0.6988778552689304 0.0023509652623725486
ideal 6.116207951070336E-4 2.169053700369523 0.001326638348849861
level 0.0045871559633027525 0.4373981552111735 0.002006413556014557
below 6.116207951070336E-4 1.4035858582299516 8.584622986115911E-4
author 3.058103975535168E-4 0.017291497110061043 5.287919605523254E-6
occur 3.058103975535168E-4 0.6109090823229731 1.8682234933424253E-4
applicable 6.116207951070336E-4 2.120263536200091 0.0012967972698471504
less 9.174311926605505E-4 0.36076492919025743 3.309769992571169E-4
real 0.0021406727828746177 1.3361445774344192 0.0028602483308993684
basis 6.116207951070336E-4 1.293584963015623 7.911834636181181E-4
tool 6.116207951070336E-4 0.8743265327751228 5.347562891590965E-4
relevant 6.116207951070336E-4 0.7703368192510752 4.7115401789056587E-4
condition 9.174311926605505E-4 0.8607208807193443 7.896521841461874E-4
hybrid 0.0012232415902140672 2.073743520565198 0.002536689321792291
improve 9.174311926605505E-4 0.377294231141468 3.461414964600624E-4
conservatism 0.0015290519877675841 5.1647859739235145 0.007897226259821888
survey 6.116207951070336E-4 1.3805963400052528 8.444014311958732E-4
present 3.058103975535168E-4 0.083381608939051 2.5498962978303058E-5
basic 6.116207951070336E-4 1.1944940603713923 7.3057740695498E-4
gear 6.116207951070336E-4 4.0661736852554045 0.0024869563824192076
since 9.174311926605505E-4 0.377294231141468 3.461414964600624E-4
datum 3.058103975535168E-4 0.167573700159399 5.124577986525963E-5
careful 6.116207951070336E-4 2.6798793241355137 0.0016390699230186627
cause 6.116207951070336E-4 0.5398131606392429 3.301609545194146E-4
technique 6.116207951070336E-4 0.7953381214564925 4.8644533422415444E-4
box 6.116207951070336E-4 2.2203469947570738 0.001358010394346834
investigate 9.174311926605505E-4 0.653926467406664 5.999325389051964E-4
effective 6.116207951070336E-4 0.8472978603872037 5.182249910625099E-4
total 0.005810397553516819 0.5108256237659907 0.002968099954603616
productivity 6.116207951070336E-4 2.6798793241355137 0.0016390699230186627
similarly 9.174311926605505E-4 2.0292917579943643 0.001861735557792995
and 0.04036697247706422 0.017291497110061043 6.980053879290696E-4
design 9.174311926605505E-4 0.6004377824556778 5.508603508767686E-4
wspt 0.0012232415902140672 5.1647859739235145 0.0063177810078575095
convex 6.116207951070336E-4 3.0853444322436783 0.0018870608148279376
define 3.058103975535168E-4 0.3526016185510966 1.0782924114712434E-4
algorithmic 6.116207951070336E-4 2.5998366164619773 0.0015901141385088545
make 9.174311926605505E-4 0.2521310881874621 2.3131292494262578E-4
possibility 0.0012232415902140672 1.0704414117014134 0.001309408454680628
permutation 6.116207951070336E-4 4.471638793363569 0.0027349472742284825
fifteen 6.116207951070336E-4 3.373026504695459 0.002063013152718935
determine 3.058103975535168E-4 0.40261203912575794 1.2312294774488008E-4
nature 0.0012232415902140672 1.0216512475319812 0.0012497262966752064
ant 6.116207951070336E-4 4.0661736852554045 0.0024869563824192076
accord 3.058103975535168E-4 0.4919571394616079 1.5044560839804521E-4
equation 6.116207951070336E-4 1.6384254493073527 0.0010020950760289617
automatic 6.116207951070336E-4 1.5812670354674039 9.671358015091154E-4
control 0.0012232415902140672 0.5398131606392429 6.603219090388292E-4
adjacent 6.116207951070336E-4 2.6798793241355137 0.0016390699230186627
deviation 0.001834862385321101 1.6682784124570338 0.0030610613072606127
rmilp 0.001834862385321101 5.1647859739235145 0.009476671511786265
exactly 6.116207951070336E-4 2.8622008809294686 0.0017505815785501336
any 0.0015290519877675841 0.2669461739726028 4.081745779397596E-4
structure 6.116207951070336E-4 0.8340526336371831 5.101239349462894E-4
industrial 6.116207951070336E-4 2.2744142160273495 0.001391079031209388
conduct 3.058103975535168E-4 0.5798184952529422 1.7731452454218413E-4
application 6.116207951070336E-4 0.7703368192510752 4.7115401789056587E-4
due 0.0027522935779816515 0.20895891632225325 5.751162834557429E-4
strategy 6.116207951070336E-4 0.9021060968821986 5.51746848245993E-4
maintain 3.058103975535168E-4 1.2329603411991883 3.7705209210984347E-4
about 9.174311926605505E-4 0.377294231141468 3.461414964600624E-4
discussion 9.174311926605505E-4 0.23031204079282225 2.1129545026864427E-4
supply 6.116207951070336E-4 2.2744142160273495 0.001391079031209388
uncertain 0.004281345565749235 2.9675613965872945 0.012705155826367621
objective 0.008868501529051987 1.121734706088964 0.009948105956140658
concern 3.058103975535168E-4 1.0539121097502027 3.222972812691751E-4
cover 6.116207951070336E-4 1.0704414117014134 6.54704227340314E-4
firm 3.058103975535168E-4 2.9675613965872945 9.0751113045483E-4
contribution 6.116207951070336E-4 1.2135422553420867 7.422276791083099E-4
formulation 0.0012232415902140672 2.120263536200091 0.002593594539694301
above 9.174311926605505E-4 0.9021060968821986 8.276202723689895E-4
state 3.058103975535168E-4 0.6761496041913742 2.0677357926341715E-4
recent 9.174311926605505E-4 0.5596157879354227 5.134089797572685E-4
they 0.003363914373088685 0.05279818556697083 1.7760857530173672E-4
absorption 6.116207951070336E-4 3.5553480614894135 0.0021745248082504056
optimality 6.116207951070336E-4 3.2188758248682006 0.0019687313913566975
remain 6.116207951070336E-4 0.7104386776700063 4.3451906891131884E-4
then 9.174311926605505E-4 0.4285875255290187 3.9319956470552177E-4
demand 0.0024464831804281344 1.3805963400052528 0.003377605724783493
execute 3.058103975535168E-4 2.331572629867298 7.130191528646171E-4
each 0.005198776758409786 0.13434805253107854 6.984455330361881E-4
accept 3.058103975535168E-4 1.730798769438368 5.29296259767085E-4
input 0.001834862385321101 0.990398704027877 0.0018172453284915175
theorem 9.174311926605505E-4 3.2188758248682006 0.0029530970870350467
wang 6.116207951070336E-4 2.073743520565198 0.0012683446608961456
processing 0.010091743119266056 0.7221347174331975 0.007287598065839607
difference 3.058103975535168E-4 0.36076492919025743 1.1032566641903897E-4
tardiness 9.174311926605505E-4 5.1647859739235145 0.004738335755893133
fluctuation 3.058103975535168E-4 3.0853444322436783 9.435304074139688E-4
complexity 9.174311926605505E-4 1.5271998141971284 0.0014011007469698427
superiority 9.174311926605505E-4 2.9675613965872945 0.0027225333913644904
examine 3.058103975535168E-4 0.8881198549074587 2.715962859044216E-4
deterministic 0.003975535168195718 2.8622008809294686 0.011378780260575868
guarantee 6.116207951070336E-4 1.8689491079191851 0.0011430881394001132
industry 9.174311926605505E-4 1.7635885922613586 0.0016179711855608795
sum 6.116207951070336E-4 1.6384254493073527 0.0010020950760289617
availability 6.116207951070336E-4 1.6384254493073527 0.0010020950760289617
two 0.0012232415902140672 0.11492996667397702 1.405871151975254E-4
seek 6.116207951070336E-4 1.3581234841531944 8.306565652313116E-4
tradeoff 6.116207951070336E-4 4.471638793363569 0.0027349472742284825
extended 6.116207951070336E-4 1.6682784124570338 0.0010203537690868707
into 0.001834862385321101 0.10854016857520597 1.9915627261505683E-4
nominal 0.0012232415902140672 2.8622008809294686 0.003501163157100267
scenario 3.058103975535168E-4 1.79749014393704 5.496911755159143E-4
beverage 3.058103975535168E-4 4.471638793363569 0.0013674736371142413
where 0.0021406727828746177 0.32850406697203605 7.032197152306582E-4
vector 6.116207951070336E-4 1.2135422553420867 7.422276791083099E-4
relationship 3.058103975535168E-4 0.758066726659261 2.3182468705176175E-4
soyster 9.174311926605505E-4 5.1647859739235145 0.004738335755893133
situation 6.116207951070336E-4 1.4512139072192063 8.875926038037958E-4
validate 3.058103975535168E-4 1.5538680612792897 4.7518900956553195E-4
necessary 6.116207951070336E-4 0.8607208807193443 5.264347894307916E-4
manager 3.058103975535168E-4 2.456735772821304 7.512953433704293E-4
decision 9.174311926605505E-4 0.9452782687474074 8.672277694930343E-4
one 0.003363914373088685 0.06491954609931569 2.183837942178815E-4
heuristic 0.0015290519877675841 2.6798793241355137 0.004097674807546657
many 0.0012232415902140672 0.20194134366360675 2.470230503530358E-4
transportation 9.174311926605505E-4 3.0853444322436783 0.0028305912222419067
single 6.116207951070336E-4 0.6429973968744738 3.932705791281185E-4
call 3.058103975535168E-4 1.0539121097502027 3.222972812691751E-4
such 0.0030581039755351682 0.10219094089654716 3.125105226194103E-4
face 3.058103975535168E-4 1.5538680612792897 4.7518900956553195E-4
extensive 6.116207951070336E-4 1.5271998141971284 9.340671646465616E-4
nlp 0.0015290519877675841 0.41119578281714936 6.2873972907821E-4
describe 3.058103975535168E-4 0.28958865072236245 8.855922040439218E-5
but 6.116207951070336E-4 0.083381608939051 5.0997925956606115E-5
erfan 0.0030581039755351682 5.1647859739235145 0.015794452519643776
smith 6.116207951070336E-4 2.9675613965872945 0.00181502226090966
reasonable 6.116207951070336E-4 1.5012243277938677 9.181800169993074E-4
available 0.001834862385321101 0.5696661237889241 0.001045258942731971
run 0.004281345565749235 1.5012243277938677 0.006427260118995152
express 3.058103975535168E-4 0.8743265327751228 2.6737814457954823E-4
incorporate 3.058103975535168E-4 1.6384254493073527 5.010475380144809E-4
inside 0.0015290519877675841 1.906689435902032 0.0029154272720214557
research 0.003669724770642202 0.40261203912575794 0.0014774753729385613
frequency 6.116207951070336E-4 1.0216512475319812 6.248631483376032E-4
zero 6.116207951070336E-4 2.073743520565198 0.0012683446608961456
outsource 6.116207951070336E-4 5.1647859739235145 0.0031588905039287548
counterpart 0.001834862385321101 2.8622008809294686 0.005251744735650402
scheduling 0.007033639143730887 3.373026504695459 0.023724651256267756
huge 6.116207951070336E-4 1.9459101490553132 0.001190159112572057
generate 9.174311926605505E-4 0.7953381214564925 7.296680013362317E-4
stability 6.116207951070336E-4 2.392197251683733 0.0014631175851276652
teram 9.174311926605505E-4 5.1647859739235145 0.004738335755893133
solver 9.174311926605505E-4 2.7668907011251433 0.0025384318358946272
ensure 3.058103975535168E-4 1.0216512475319812 3.124315741688016E-4
last 0.0012232415902140672 0.7459453661269161 9.124713958739034E-4
might 6.116207951070336E-4 0.7339691750802005 4.4891081044660583E-4
this 0.011314984709480122 0.017291497110061043 1.9565302540436042E-4
batch 6.116207951070336E-4 2.6798793241355137 0.0016390699230186627
degree 6.116207951070336E-4 1.1394342831883648 6.969017022558806E-4
weight 3.058103975535168E-4 1.0059028905638423 3.076155628635603E-4
develop 3.058103975535168E-4 0.32850406697203605 1.0045995931866545E-4
significant 9.174311926605505E-4 0.377294231141468 3.461414964600624E-4
look 6.116207951070336E-4 1.1758019273592397 7.191449096998408E-4
modification 3.058103975535168E-4 2.0292917579943643 6.205785192643316E-4
decrease 6.116207951070336E-4 0.7827593392496325 4.7875188944931647E-4
discrete 9.174311926605505E-4 2.392197251683733 0.0021946763776914983
remarkable 9.174311926605505E-4 2.456735772821304 0.002253886030111288
extract 3.058103975535168E-4 0.8080771472339223 2.471183936495175E-4
especially 6.116207951070336E-4 0.7104386776700063 4.3451906891131884E-4
once 6.116207951070336E-4 1.4271163556401458 8.728540401468782E-4
solve 0.003363914373088685 1.4271163556401458 0.00480069722080783
coefficient 0.0012232415902140672 1.6990500711237875 0.002078348710854786
demonstrate 6.116207951070336E-4 0.5108256237659907 3.1243157416880165E-4
assume 3.058103975535168E-4 0.9452782687474074 2.8907592316434474E-4
alireza 0.0030581039755351682 4.471638793363569 0.013674736371142414
full 0.001834862385321101 0.14750613710858965 2.706534625845682E-4
allow 3.058103975535168E-4 0.5398131606392429 1.650804772597073E-4
next 6.116207951070336E-4 0.8080771472339223 4.94236787299035E-4
ritt 6.116207951070336E-4 5.1647859739235145 0.0031588905039287548
shop 0.0045871559633027525 4.0661736852554045 0.018652172868144058
brum 6.116207951070336E-4 5.1647859739235145 0.0031588905039287548
decompose 6.116207951070336E-4 3.5553480614894135 0.0021745248082504056
show 0.0015290519877675841 0.0771896386911299 1.1802697047573379E-4
proper 6.116207951070336E-4 1.5538680612792897 9.503780191310639E-4
description 9.174311926605505E-4 1.157452788691043 0.0010618832923771039
rule 0.0012232415902140672 1.1043429633770947 0.0013508782426631127
effort 6.116207951070336E-4 1.252762968495368 7.662158828717847E-4
inventory 9.174311926605505E-4 3.2188758248682006 0.0029530970870350467
annealing 6.116207951070336E-4 4.471638793363569 0.0027349472742284825
we 3.058103975535168E-4 0.19497267434751336 5.9624671054285426E-5
symmetric 6.116207951070336E-4 2.9675613965872945 0.00181502226090966
conclusion 6.116207951070336E-4 0.28958865072236245 1.7711844080878437E-4
not 0.0027522935779816515 0.03488725900044054 9.601997890029507E-5
impose 3.058103975535168E-4 2.5257286443082556 7.723940808282126E-4
themselves 6.116207951070336E-4 1.6094379124341003 9.843656956783488E-4
now 0.0012232415902140672 1.4035858582299516 0.0017169245972231822
gap 6.116207951070336E-4 1.6094379124341003 9.843656956783488E-4
early 6.116207951070336E-4 0.6214911916535102 3.801169367911377E-4
tirkolaee 0.0030581039755351682 5.1647859739235145 0.015794452519643776
delivery 0.0021406727828746177 2.2744142160273495 0.004868776609232859
overview 6.116207951070336E-4 1.4271163556401458 8.728540401468782E-4
figure 0.004281345565749235 0.18805223150293962 8.051165874743592E-4
previous 0.0015290519877675841 0.32850406697203605 5.022997965933273E-4
apply 9.174311926605505E-4 0.41119578281714936 3.77243837446926E-4
introduce 3.058103975535168E-4 0.7339691750802005 2.2445540522330292E-4
start 3.058103975535168E-4 0.8472978603872037 2.5911249553125495E-4
way 6.116207951070336E-4 0.8340526336371831 5.101239349462894E-4
equal 0.0012232415902140672 1.293584963015623 0.0015823669272362361
short 6.116207951070336E-4 0.9452782687474074 5.781518463286895E-4
step 0.0015290519877675841 0.8080771472339223 0.0012355919682475877
time 0.013149847094801223 0.167573700159399 0.0022035685342061645
base 3.058103975535168E-4 0.14090545307723773 4.309035262300848E-5
play 3.058103975535168E-4 0.9600933545325481 2.9360653043808806E-4
software 6.116207951070336E-4 1.157452788691043 7.079221949180691E-4
maximization 6.116207951070336E-4 4.471638793363569 0.0027349472742284825
eligibility 6.116207951070336E-4 3.373026504695459 0.002063013152718935
type 3.058103975535168E-4 0.3364722366212129 1.0289670844685409E-4
three 0.001834862385321101 0.22314355131420976 4.0943770883341245E-4
hosseinabadi 6.116207951070336E-4 5.1647859739235145 0.0031588905039287548
when 6.116207951070336E-4 0.14750613710858965 9.021782086152271E-5
preparation 6.116207951070336E-4 2.073743520565198 0.0012683446608961456
relation 6.116207951070336E-4 1.121734706088964 6.860762728372868E-4
behnamian 6.116207951070336E-4 5.1647859739235145 0.0031588905039287548
reliable 6.116207951070336E-4 1.6990500711237875 0.001039174355427393
problem 0.01529051987767584 0.7221347174331975 0.011041815251272132
optimization 0.0045871559633027525 2.2203469947570738 0.010185077957601256
review 6.116207951070336E-4 0.4734380916943703 2.8956458207606743E-4
far 6.116207951070336E-4 1.3361445774344192 8.172138088283909E-4
golden 6.116207951070336E-4 4.0661736852554045 0.0024869563824192076
payment 3.058103975535168E-4 3.5553480614894135 0.0010872624041252028
plan 6.116207951070336E-4 1.9459101490553132 0.001190159112572057
between 0.0030581039755351682 0.058840500022933395 1.7994036704260978E-4
case 0.0012232415902140672 0.24480504809538922 2.994557163246351E-4
give 3.058103975535168E-4 0.2595111954850846 7.936122186088214E-5
efficiency 9.174311926605505E-4 1.6384254493073527 0.001503142614043443
goal 9.174311926605505E-4 1.3146383722134554 0.001206090249737115
method 0.0027522935779816515 0.0958817717032825 2.638947845044473E-4
work 3.058103975535168E-4 0.4285875255290187 1.3106652156850724E-4
simulated 6.116207951070336E-4 2.8622008809294686 0.0017505815785501336
conclude 9.174311926605505E-4 1.252762968495368 0.001149323824307677
utilization 6.116207951070336E-4 2.5257286443082556 0.0015447881616564253
benchmark 6.116207951070336E-4 2.456735772821304 0.0015025906867408587
exist 6.116207951070336E-4 0.664976303593249 4.067133355310391E-4
feasibility 9.174311926605505E-4 2.169053700369523 0.001989957523274792
provide 6.116207951070336E-4 0.167573700159399 1.0249155973051926E-4
cplex 0.001834862385321101 4.0661736852554045 0.007460869147257623
among 6.116207951070336E-4 0.32850406697203605 2.009199186373309E-4
sensitivity 0.0030581039755351682 2.0292917579943643 0.006205785192643316
word 6.116207951070336E-4 0.8743265327751228 5.347562891590965E-4
valuable 6.116207951070336E-4 1.730798769438368 0.00105859251953417
theory 6.116207951070336E-4 1.4271163556401458 8.728540401468782E-4
primary 9.174311926605505E-4 0.9306794693262548 8.538343755286742E-4
chocolate 9.174311926605505E-4 5.1647859739235145 0.004738335755893133
managerial 6.116207951070336E-4 3.5553480614894135 0.0021745248082504056
study 9.174311926605505E-4 0.07103577311675174 6.517043405206583E-5
periodic 6.116207951070336E-4 3.5553480614894135 0.0021745248082504056
formulate 3.058103975535168E-4 1.5538680612792897 4.7518900956553195E-4
reliability 6.116207951070336E-4 2.0292917579943643 0.0012411570385286632
direct 9.174311926605505E-4 0.8743265327751228 8.021344337386449E-4
range 6.116207951070336E-4 0.3941013494578493 2.410405807081647E-4
distribution 9.174311926605505E-4 0.9600933545325481 8.808195913142643E-4
capacity 0.0015290519877675841 1.730798769438368 0.002646481298835425
vehicle 3.058103975535168E-4 2.7668907011251433 8.461439452982089E-4
cope 6.116207951070336E-4 2.120263536200091 0.0012967972698471504
predetermine 3.058103975535168E-4 2.9675613965872945 9.0751113045483E-4
nemirovski 9.174311926605505E-4 5.1647859739235145 0.004738335755893133
feature 6.116207951070336E-4 0.7221347174331975 4.416726100508853E-4
low 6.116207951070336E-4 0.28958865072236245 1.7711844080878437E-4
get 0.0012232415902140672 1.121734706088964 0.0013721525456745736
assure 3.058103975535168E-4 2.8622008809294686 8.752907892750668E-4
mokhtari 0.003363914373088685 5.1647859739235145 0.01737389777160815
power 6.116207951070336E-4 1.4759065198095778 9.026951191495888E-4
linearization 6.116207951070336E-4 4.0661736852554045 0.0024869563824192076
include 0.0012232415902140672 0.0771896386911299 9.442157638058703E-5
means 6.116207951070336E-4 0.6988778552689304 4.274482295222816E-4
khalili 6.116207951070336E-4 5.1647859739235145 0.0031588905039287548
chain 6.116207951070336E-4 2.120263536200091 0.0012967972698471504
efficient 0.0015290519877675841 1.3581234841531944 0.0020766414130782788
more 0.003363914373088685 0.05279818556697083 1.7760857530173672E-4
display 0.0024464831804281344 0.16083966797805488 3.9349154245395685E-4
csvdisplay 9.174311926605505E-4 0.2669461739726028 2.449047467638558E-4
randomness 6.116207951070336E-4 4.0661736852554045 0.0024869563824192076
quadratic 6.116207951070336E-4 2.5257286443082556 0.0015447881616564253
suggest 3.058103975535168E-4 0.5013468798114469 1.5331708862735378E-4
great 6.116207951070336E-4 0.5398131606392429 3.301609545194146E-4
lead 0.0012232415902140672 0.3127557100038969 3.825757920536965E-4
help 6.116207951070336E-4 0.6874491594453075 4.204582014956009E-4
site 6.116207951070336E-4 1.3805963400052528 8.444014311958732E-4
organized 9.174311926605505E-4 1.6990500711237875 0.0015587615331410895
zenios 6.116207951070336E-4 5.1647859739235145 0.0031588905039287548
summarize 3.058103975535168E-4 1.121734706088964 3.430381364186434E-4
chap 9.174311926605505E-4 5.1647859739235145 0.004738335755893133
randomly 6.116207951070336E-4 1.6384254493073527 0.0010020950760289617
certain 9.174311926605505E-4 0.8209805520698303 7.531931670365416E-4
first 0.0012232415902140672 0.167573700159399 2.0498311946103853E-4
mathematical 0.001834862385321101 2.2203469947570738 0.0040740311830405026
small 3.058103975535168E-4 0.45525577261118 1.392219488107584E-4
date 6.116207951070336E-4 1.6384254493073527 0.0010020950760289617
pharmaceutical 6.116207951070336E-4 3.2188758248682006 0.0019687313913566975
reveal 3.058103975535168E-4 1.0216512475319812 3.124315741688016E-4
before 6.116207951070336E-4 0.5203950747821414 3.1828444940803753E-4
section 0.0021406727828746177 0.6988778552689304 0.0014960688033279856
space 6.116207951070336E-4 1.293584963015623 7.911834636181181E-4
major 6.116207951070336E-4 0.7104386776700063 4.3451906891131884E-4
denote 3.058103975535168E-4 1.5538680612792897 4.7518900956553195E-4
should 0.003975535168195718 0.368995428326773 0.0014669543022165286
only 0.0015290519877675841 0.10854016857520597 1.6596356051254736E-4
create 6.116207951070336E-4 0.7339691750802005 4.4891081044660583E-4
from 0.0027522935779816515 0.023122417420854212 6.363968097482811E-5
feasible 0.0012232415902140672 2.331572629867298 0.0028520766114584683
consider 6.116207951070336E-4 0.17435338714477774 1.0663815727509341E-4
group 0.0015290519877675841 0.41119578281714936 6.2873972907821E-4
obtain 6.116207951070336E-4 0.3526016185510966 2.1565848229424867E-4
development 0.0012232415902140672 0.5596157879354227 6.845453063430246E-4
resource 0.0015290519877675841 1.1043429633770947 0.001688597803328891
like 6.116207951070336E-4 0.7703368192510752 4.7115401789056587E-4
kind 9.174311926605505E-4 1.5538680612792897 0.001425567028696596
runtime 9.174311926605505E-4 4.0661736852554045 0.0037304345736288115
rejection 6.116207951070336E-4 3.7784916128036232 0.00231100404452821
both 0.0012232415902140672 0.13434805253107854 1.6434012542027954E-4
important 0.0012232415902140672 0.2669461739726028 3.2653966235180766E-4
most 0.0027522935779816515 0.0771896386911299 2.1244854685632082E-4
sequence 6.116207951070336E-4 1.2729656758128876 7.785722787846406E-4
core 6.116207951070336E-4 1.5012243277938677 9.181800169993074E-4
minimization 6.116207951070336E-4 4.0661736852554045 0.0024869563824192076
outside 0.0012232415902140672 1.4035858582299516 0.0017169245972231822
tabu 6.116207951070336E-4 4.471638793363569 0.0027349472742284825
effect 6.116207951070336E-4 0.4919571394616079 3.0089121679609043E-4
conic 6.116207951070336E-4 5.1647859739235145 0.0031588905039287548
job 0.005198776758409786 2.9675613965872945 0.015427689217732111
automotive 6.116207951070336E-4 4.471638793363569 0.0027349472742284825
elliptic 6.116207951070336E-4 5.1647859739235145 0.0031588905039287548
option 0.0045871559633027525 1.6990500711237875 0.007793807665705447
limitation 0.0015290519877675841 0.6988778552689304 0.001068620573805704
note 6.116207951070336E-4 0.5013468798114469 3.0663417725470757E-4
colony 6.116207951070336E-4 4.471638793363569 0.0027349472742284825
critical 6.116207951070336E-4 1.2135422553420867 7.422276791083099E-4
arrival 6.116207951070336E-4 3.0853444322436783 0.0018870608148279376
configuration 6.116207951070336E-4 3.0853444322436783 0.0018870608148279376
regret 6.116207951070336E-4 5.1647859739235145 0.0031588905039287548
penalty 6.116207951070336E-4 3.0853444322436783 0.0018870608148279376
unexpected 6.116207951070336E-4 2.169053700369523 0.001326638348849861
part 0.0015290519877675841 0.4285875255290187 6.553326078425362E-4
contribute 3.058103975535168E-4 0.6874491594453075 2.1022910074780044E-4
chung 6.116207951070336E-4 4.471638793363569 0.0027349472742284825
point 9.174311926605505E-4 0.5108256237659907 4.686473612532025E-4
network 6.116207951070336E-4 0.990398704027877 6.057484428305058E-4
can 0.00672782874617737 0.0958817717032825 6.450761398997599E-4
tend 3.058103975535168E-4 1.1394342831883648 3.484508511279403E-4
numerical 6.116207951070336E-4 1.6990500711237875 0.001039174355427393
paper 9.174311926605505E-4 0.8340526336371831 7.65185902419434E-4
parallel 0.0015290519877675841 1.6094379124341003 0.002460914239195872
parameter 0.0030581039755351682 1.0539121097502027 0.0032229728126917513
station 3.058103975535168E-4 3.5553480614894135 0.0010872624041252028
value 0.005504587155963303 0.34450440831847723 0.001896354541202627
introduction 6.116207951070336E-4 0.10219094089654716 6.250210452388205E-5
rest 6.116207951070336E-4 1.730798769438368 0.00105859251953417
process 0.0012232415902140672 0.41985384556026406 5.135826857006288E-4
amount 0.0012232415902140672 0.9306794693262548 0.001138445834038232
cost 0.003363914373088685 1.1944940603713923 0.0040181757382523895
comply 6.116207951070336E-4 3.0853444322436783 0.0018870608148279376
will 0.0024464831804281344 0.3526016185510966 8.626339291769947E-4
advantage 6.116207951070336E-4 1.0376515888784226 6.346492898338976E-4
implementation 6.116207951070336E-4 1.3146383722134554 8.0406016649141E-4
clear 6.116207951070336E-4 0.990398704027877 6.057484428305058E-4
concentration 6.116207951070336E-4 2.2744142160273495 0.001391079031209388
also 0.0012232415902140672 0.05279818556697083 6.458493647335881E-5
increase 0.0024464831804281344 0.16083966797805488 3.9349154245395685E-4
follow 3.058103975535168E-4 0.0958817717032825 2.932164272271636E-5
instead 6.116207951070336E-4 1.0376515888784226 6.346492898338976E-4
performance 6.116207951070336E-4 0.7703368192510752 4.7115401789056587E-4
third 6.116207951070336E-4 0.990398704027877 6.057484428305058E-4
variance 6.116207951070336E-4 1.8689491079191851 0.0011430881394001132
various 9.174311926605505E-4 0.5798184952529422 5.319435736265525E-4
variable 9.174311926605505E-4 0.8080771472339223 7.413551809485527E-4
interaction 6.116207951070336E-4 1.1758019273592397 7.191449096998408E-4
attention 6.116207951070336E-4 1.157452788691043 7.079221949180691E-4
derivation 9.174311926605505E-4 3.5553480614894135 0.003261787212375609
category 3.058103975535168E-4 0.8080771472339223 2.471183936495175E-4
reduction 9.174311926605505E-4 1.4271163556401458 0.0013092810602203173
methodology 0.0012232415902140672 1.252762968495368 0.0015324317657435694
