mostly 6.839945280437756E-4 1.1758019273592397 8.042420843770449E-4
numerous 6.839945280437756E-4 1.6384254493073527 0.0011206740419338937
accuracy 6.839945280437756E-4 1.0539121097502027 7.208701161082097E-4
annotate 3.419972640218878E-4 1.8689491079191851 6.391754815045093E-4
without 0.0010259917920656635 0.32850406697203605 3.37042476373498E-4
via 0.001709986320109439 0.9021060968821986 0.0015425890849558798
advance 3.419972640218878E-4 1.6682784124570338 5.705466526870841E-4
offer 6.839945280437756E-4 1.0059028905638423 6.880320728890851E-4
score 3.419972640218878E-4 1.0059028905638423 3.4401603644454253E-4
megan 0.0027359781121751026 4.471638793363569 0.012234305864195811
yarborough 6.839945280437756E-4 5.1647859739235145 0.0035326853446809264
would 6.839945280437756E-4 0.5013468798114469 3.429185224428501E-4
qualitative 6.839945280437756E-4 1.6990500711237875 0.0011621409515210584
pick 6.839945280437756E-4 2.8622008809294686 0.001957729740717831
poor 6.839945280437756E-4 0.9452782687474074 6.465651633019203E-4
understanding 0.0010259917920656635 0.990398704027877 0.0010161409412050722
diverse 0.0013679890560875513 1.7635885922613586 0.002412569893654389
warrant 3.419972640218878E-4 2.9675613965872945 0.001014897878449827
jeanmarie 0.0027359781121751026 4.471638793363569 0.012234305864195811
addition 6.839945280437756E-4 0.7953381214564925 5.440069230208567E-4
knowledge 0.0010259917920656635 0.8080771472339223 8.290805204178409E-4
happen 3.419972640218878E-4 1.9867321435755685 6.794569574471848E-4
agreement 0.0010259917920656635 1.906689435902032 0.001956247711253795
subjectivity 0.002051983584131327 2.9675613965872945 0.006089387270698962
thus 6.839945280437756E-4 0.8881198549074587 6.074691210037337E-4
preprocessing 6.839945280437756E-4 2.5257286443082556 0.0017275845720302705
past 0.0013679890560875513 1.293584963015623 0.0017696100725247922
coalesce 3.419972640218878E-4 5.1647859739235145 0.0017663426723404632
biased 6.839945280437756E-4 2.456735772821304 0.0016803938254591681
opportunity 6.839945280437756E-4 1.3361445774344192 9.139155796405056E-4
active 0.0010259917920656635 1.1944940603713923 0.0012255411016122355
raw 6.839945280437756E-4 2.2744142160273495 0.001555686878267681
neutral 0.0013679890560875513 2.392197251683733 0.003272499660306064
google 6.839945280437756E-4 1.9867321435755685 0.0013589139148943697
personal 0.001709986320109439 1.8325814637483102 0.0031336892334957425
analysis 0.00786593707250342 0.13434805253107854 0.0010567733270228476
community 6.839945280437756E-4 1.6384254493073527 0.0011206740419338937
population 6.839945280437756E-4 0.9021060968821986 6.170356339823519E-4
fold 6.839945280437756E-4 2.9675613965872945 0.002029795756899654
dose 3.419972640218878E-4 2.331572629867298 7.973914602829336E-4
selection 6.839945280437756E-4 1.0872485300177945 7.436720451558102E-4
size 0.002051983584131327 0.12136085700426753 2.4903048632886636E-4
left 0.0010259917920656635 1.2729656758128876 0.0013060523349653428
adult 3.419972640218878E-4 1.730798769438368 5.919284437203721E-4
poster 6.839945280437756E-4 4.471638793363569 0.003058576466048953
much 0.0013679890560875513 0.7827593392496325 0.00107080620964382
attitude 0.0010259917920656635 2.392197251683733 0.0024543747452295483
object 3.419972640218878E-4 1.7635885922613586 6.031424734135973E-4
relative 0.0010259917920656635 1.0376515888784226 0.001064622013213156
treatment 0.006839945280437756 0.9162907318741551 0.006267378466991485
average 6.839945280437756E-4 0.7104386776700063 4.8593616803694E-4
compare 6.839945280437756E-4 0.17435338714477774 1.1925676275292595E-4
statistical 6.839945280437756E-4 0.653926467406664 4.472821254491546E-4
be 3.419972640218878E-4 0.017291497110061043 5.913644702483257E-6
prove 3.419972640218878E-4 1.0539121097502027 3.6043505805410486E-4
role 0.0010259917920656635 0.664976303593249 6.822602294048382E-4
criterion 6.839945280437756E-4 1.0376515888784226 7.097480088087705E-4
affect 3.419972640218878E-4 0.5596157879354227 1.9138706837736752E-4
least 6.839945280437756E-4 0.653926467406664 4.472821254491546E-4
utility 6.839945280437756E-4 2.2744142160273495 0.001555686878267681
turn 6.839945280437756E-4 1.4035858582299516 9.600450466689135E-4
manual 0.005813953488372093 1.4512139072192063 0.008437290158251199
example 0.0010259917920656635 0.6988778552689304 7.170429431623773E-4
result 3.419972640218878E-4 0.058840500022933395 2.012329002152305E-5
how 6.839945280437756E-4 0.5496654570822546 3.7596816489894293E-4
search 0.001709986320109439 1.0059028905638423 0.0017200801822227125
see 3.419972640218878E-4 0.5696661237889241 1.948242557417661E-4
same 0.002051983584131327 0.2972515234679317 6.099552465142238E-4
unlike 6.839945280437756E-4 1.6682784124570338 0.0011410933053741682
aspect 3.419972640218878E-4 0.9452782687474074 3.2328258165096013E-4
popularity 6.839945280437756E-4 2.392197251683733 0.001636249830153032
term 3.419972640218878E-4 0.4643056081310978 1.5879124765085423E-4
indicate 3.419972640218878E-4 0.4919571394616079 1.682479957119042E-4
behavior 3.419972640218878E-4 2.2744142160273495 7.778434391338405E-4
close 6.839945280437756E-4 0.6988778552689304 4.780286287749182E-4
annotation 0.0010259917920656635 2.120263536200091 0.002175372985157412
website 6.839945280437756E-4 2.331572629867298 0.0015947829205658671
set 0.0013679890560875513 0.5108256237659907 6.988038628809722E-4
contain 3.419972640218878E-4 0.6429973968744738 2.19903350504266E-4
committee 6.839945280437756E-4 2.120263536200091 0.0014502486567716081
address 0.0010259917920656635 0.7827593392496325 8.03104657232865E-4
learn 6.839945280437756E-4 1.252762968495368 8.568830153867086E-4
tail 3.419972640218878E-4 2.9675613965872945 0.001014897878449827
possible 0.0027359781121751026 0.38566248081198473 0.0010551641061887407
sample 0.0030779753761969904 0.6321864807702582 0.0019458544209754868
march 0.0010259917920656635 2.169053700369523 0.0022254312931287855
the 0.0899452804377565 0.017291497110061043 0.0015552885567530967
characterize 6.839945280437756E-4 1.4512139072192063 9.926223715589647E-4
unrelated 6.839945280437756E-4 2.456735772821304 0.0016803938254591681
stigmatize 3.419972640218878E-4 4.471638793363569 0.0015292882330244764
information 0.003419972640218878 0.3049735695618419 0.0010430012638913881
interview 3.419972640218878E-4 2.331572629867298 7.973914602829336E-4
characterization 0.0010259917920656635 2.456735772821304 0.0025205907381887524
represent 6.839945280437756E-4 0.4285875255290187 2.9315152224967077E-4
discuss 0.0013679890560875513 0.7827593392496325 0.00107080620964382
acceptable 6.839945280437756E-4 2.120263536200091 0.0014502486567716081
resolve 3.419972640218878E-4 2.0292917579943643 6.940122291362395E-4
evidence 0.0010259917920656635 0.8881198549074587 9.112036815056006E-4
emergency 6.839945280437756E-4 1.9867321435755685 0.0013589139148943697
language 6.839945280437756E-4 0.664976303593249 4.548401529365588E-4
do 3.419972640218878E-4 0.14750613710858965 5.044669531757512E-5
emory 6.839945280437756E-4 5.1647859739235145 0.0035326853446809264
good 6.839945280437756E-4 0.2160260835453457 1.4776065905974396E-4
observe 3.419972640218878E-4 0.5496654570822546 1.8798408244947147E-4
dominate 6.839945280437756E-4 2.331572629867298 0.0015947829205658671
compute 6.839945280437756E-4 1.2729656758128876 8.70701556643562E-4
transmission 6.839945280437756E-4 2.8622008809294686 0.001957729740717831
act 6.839945280437756E-4 1.121734706088964 7.672604008816443E-4
post 3.419972640218878E-4 1.6990500711237875 5.810704757605292E-4
prior 6.839945280437756E-4 0.8209805520698303 5.61546205246122E-4
leave 6.839945280437756E-4 1.6682784124570338 0.0011410933053741682
implement 3.419972640218878E-4 1.0376515888784226 3.5487400440438525E-4
exclude 3.419972640218878E-4 0.9021060968821986 3.0851781699117595E-4
methadone 0.011969904240766074 5.1647859739235145 0.06182199353191621
programming 6.839945280437756E-4 1.79749014393704 0.001229473422665554
polarity 6.839945280437756E-4 2.6798793241355137 0.001833022793526343
train 3.419972640218878E-4 1.252762968495368 4.284415076933543E-4
which 0.004445964432284542 0.023122417420854212 1.028014454415543E-4
area 6.839945280437756E-4 0.664976303593249 4.548401529365588E-4
commonly 0.0010259917920656635 1.0216512475319812 0.0010482057943214582
test 6.839945280437756E-4 0.44628710262841953 3.0525793613434986E-4
typically 6.839945280437756E-4 1.1394342831883648 7.793668147663234E-4
need 0.001709986320109439 0.27443684570176036 4.6928325188399513E-4
its 0.0027359781121751026 0.19497267434751336 5.334409694870407E-4
agonist 0.0013679890560875513 4.471638793363569 0.006117152932097906
often 0.0023939808481532147 0.5900749954201312 0.00141262823800989
publicly 0.001709986320109439 2.6798793241355137 0.0045825569838158576
brown 6.839945280437756E-4 3.373026504695459 0.002307131672158317
lack 0.0013679890560875513 0.5696661237889241 7.792970229670644E-4
volume 6.839945280437756E-4 1.3581234841531944 9.289490315685324E-4
success 0.001709986320109439 1.6094379124341003 0.0027521168133278046
exchange 6.839945280437756E-4 1.6682784124570338 0.0011410933053741682
little 0.0010259917920656635 1.252762968495368 0.001285324523080063
some 0.0027359781121751026 0.2160260835453457 5.910426362389758E-4
naltrexone 6.839945280437756E-4 5.1647859739235145 0.0035326853446809264
technical 6.839945280437756E-4 2.0292917579943643 0.001388024458272479
rather 6.839945280437756E-4 0.758066726659261 5.185134929269911E-4
young 3.419972640218878E-4 1.5271998141971284 5.222981580701534E-4
importance 6.839945280437756E-4 0.9600933545325481 6.566986009114556E-4
deem 3.419972640218878E-4 2.456735772821304 8.401969127295841E-4
additional 6.839945280437756E-4 0.5300569856938783 3.625560777659906E-4
for 0.02359781121751026 0.017291497110061043 4.080414844713447E-4
cohort 3.419972640218878E-4 1.8325814637483102 6.267378466991484E-4
choose 3.419972640218878E-4 0.7221347174331975 2.469680976173726E-4
training 6.839945280437756E-4 1.0059028905638423 6.880320728890851E-4
interface 6.839945280437756E-4 1.9459101490553132 0.0013309918940186821
remove 3.419972640218878E-4 1.0872485300177945 3.718360225779051E-4
primarily 6.839945280437756E-4 1.4512139072192063 9.926223715589647E-4
prevent 6.839945280437756E-4 1.1944940603713923 8.170274010748238E-4
random 6.839945280437756E-4 1.2329603411991883 8.433381266752314E-4
previously 6.839945280437756E-4 0.8340526336371831 5.704874375083331E-4
provider 6.839945280437756E-4 1.9459101490553132 0.0013309918940186821
scope 6.839945280437756E-4 1.9459101490553132 0.0013309918940186821
human 0.0010259917920656635 0.8743265327751228 8.970518462125064E-4
effectiveness 0.0010259917920656635 1.5271998141971284 0.00156689447421046
over 0.0010259917920656635 0.3364722366212129 3.452177530313402E-4
identify 0.0010259917920656635 0.3049735695618419 3.1290037916741645E-4
lowercase 3.419972640218878E-4 3.7784916128036232 0.0012922337937084894
spelling 6.839945280437756E-4 2.8622008809294686 0.001957729740717831
perform 3.419972640218878E-4 0.2669461739726028 9.129486113974103E-5
multiple 6.839945280437756E-4 0.5108256237659907 3.494019314404861E-4
go 3.419972640218878E-4 1.5012243277938677 5.134146127886005E-4
firsthand 0.0010259917920656635 5.1647859739235145 0.005299028017021389
retrospective 6.839945280437756E-4 1.4271163556401458 9.761397781396346E-4
obviously 6.839945280437756E-4 2.8622008809294686 0.001957729740717831
tweet 0.001709986320109439 2.392197251683733 0.00409062457538258
label 3.419972640218878E-4 1.1394342831883648 3.896834073831617E-4
special 6.839945280437756E-4 1.4512139072192063 9.926223715589647E-4
with 0.01744186046511628 0.017291497110061043 3.015958798266461E-4
supervised 0.0010259917920656635 1.9867321435755685 0.0020383708723415543
although 0.0013679890560875513 0.4285875255290187 5.863030444993415E-4
material 6.839945280437756E-4 1.0059028905638423 6.880320728890851E-4
approximately 6.839945280437756E-4 0.9452782687474074 6.465651633019203E-4
management 6.839945280437756E-4 0.9452782687474074 6.465651633019203E-4
publish 3.419972640218878E-4 0.03488725900044054 1.1931347127373646E-5
there 0.0023939808481532147 0.12136085700426753 2.905355673836774E-4
interpret 6.839945280437756E-4 1.3581234841531944 9.289490315685324E-4
automate 3.419972640218878E-4 1.4759065198095778 5.047559917269417E-4
well 0.0023939808481532147 0.3127557100038969 7.4873117989989E-4
family 6.839945280437756E-4 1.8325814637483102 0.0012534756933982969
zika 6.839945280437756E-4 5.1647859739235145 0.0035326853446809264
significantly 6.839945280437756E-4 0.5900749954201312 4.036080680028257E-4
subset 3.419972640218878E-4 1.5812670354674039 5.407889998178536E-4
albeit 6.839945280437756E-4 2.8622008809294686 0.001957729740717831
big 0.0010259917920656635 1.3581234841531944 0.0013934235473527987
very 0.0013679890560875513 0.5596157879354227 7.655482735094701E-4
expert 6.839945280437756E-4 1.6094379124341003 0.001100846725331122
education 0.0010259917920656635 1.730798769438368 0.0017757853311611163
focus 0.0010259917920656635 0.4285875255290187 4.3972728337450615E-4
attempt 3.419972640218878E-4 1.0216512475319812 3.4940193144048604E-4
approach 0.0013679890560875513 0.40261203912575794 5.507688633731299E-4
output 6.839945280437756E-4 1.121734706088964 7.672604008816443E-4
number 0.001709986320109439 0.14750613710858965 2.522334765878756E-4
myth 3.419972640218878E-4 5.1647859739235145 0.0017663426723404632
concise 6.839945280437756E-4 3.5553480614894135 0.002431838619349804
context 6.839945280437756E-4 0.8881198549074587 6.074691210037337E-4
property 3.419972640218878E-4 1.4035858582299516 4.8002252333445675E-4
easily 0.0010259917920656635 1.4271163556401458 0.001464209667209452
narrow 6.839945280437756E-4 2.331572629867298 0.0015947829205658671
model 0.001709986320109439 0.41985384556026406 7.179443323533927E-4
majority 6.839945280437756E-4 0.9452782687474074 6.465651633019203E-4
id 3.419972640218878E-4 4.471638793363569 0.0015292882330244764
text 0.0013679890560875513 0.8209805520698303 0.001123092410492244
judge 3.419972640218878E-4 2.2203469947570738 7.593525973861402E-4
per 6.839945280437756E-4 0.7339691750802005 5.02030899507661E-4
inspection 6.839945280437756E-4 2.9675613965872945 0.002029795756899654
fear 0.0010259917920656635 3.2188758248682006 0.003302540175993366
reduce 0.0010259917920656635 0.3941013494578493 4.043447497857551E-4
gauge 6.839945280437756E-4 3.2188758248682006 0.002201693450662244
likely 0.001709986320109439 0.5798184952529422 9.914816950289708E-4
similar 0.0027359781121751026 0.20895891632225325 5.717070214015137E-4
viewpoint 3.419972640218878E-4 3.7784916128036232 0.0012922337937084894
period 6.839945280437756E-4 0.7953381214564925 5.440069230208567E-4
mapping 3.419972640218878E-4 2.0292917579943643 6.940122291362395E-4
large 6.839945280437756E-4 0.22314355131420976 1.5262896806717493E-4
misspell 3.419972640218878E-4 3.5553480614894135 0.001215919309674902
practitioner 3.419972640218878E-4 2.2744142160273495 7.778434391338405E-4
understand 6.839945280437756E-4 1.0704414117014134 7.321760681952211E-4
handle 3.419972640218878E-4 1.5812670354674039 5.407889998178536E-4
aggregated 6.839945280437756E-4 2.8622008809294686 0.001957729740717831
classification 6.839945280437756E-4 0.9600933545325481 6.566986009114556E-4
system 0.0010259917920656635 0.36076492919025743 3.701418562143544E-4
million 0.0013679890560875513 1.3805963400052528 0.0018886406840017138
contents 0.001709986320109439 2.331572629867298 0.003986957301414668
analyze 0.0010259917920656635 0.758066726659261 7.777702393904866E-4
partial 6.839945280437756E-4 1.6682784124570338 0.0011410933053741682
aid 6.839945280437756E-4 1.9867321435755685 0.0013589139148943697
evaluate 6.839945280437756E-4 0.40261203912575794 2.7538443168656496E-4
snapshot 6.839945280437756E-4 3.7784916128036232 0.002584467587416979
become 0.0010259917920656635 0.6321864807702582 6.486181403251623E-4
skew 6.839945280437756E-4 2.6798793241355137 0.001833022793526343
other 0.003419972640218878 0.0408219945202552 1.3961010437843775E-4
wait 6.839945280437756E-4 2.8622008809294686 0.001957729740717831
jennifer 0.0027359781121751026 3.7784916128036232 0.010337870349667915
proportion 0.0010259917920656635 1.4271163556401458 0.001464209667209452
against 6.839945280437756E-4 0.9600933545325481 6.566986009114556E-4
disseminate 6.839945280437756E-4 3.0853444322436783 0.0021103587087850056
mention 6.839945280437756E-4 0.8881198549074587 6.074691210037337E-4
healthcare 0.0023939808481532147 1.9867321435755685 0.004756198702130294
stemmer 6.839945280437756E-4 5.1647859739235145 0.0035326853446809264
literature 0.0010259917920656635 0.9306794693262548 9.548694965727648E-4
government 6.839945280437756E-4 2.2203469947570738 0.0015187051947722803
top 6.839945280437756E-4 1.5538680612792897 0.0010628372512170245
legally 6.839945280437756E-4 4.0661736852554045 0.0027812405507902905
have 0.004445964432284542 0.017291497110061043 7.687738113228234E-5
dependence 6.839945280437756E-4 2.5998366164619773 0.0017782740194678367
share 6.839945280437756E-4 1.0539121097502027 7.208701161082097E-4
map 3.419972640218878E-4 1.4512139072192063 4.963111857794823E-4
surround 3.419972640218878E-4 1.9867321435755685 6.794569574471848E-4
belief 3.419972640218878E-4 2.5257286443082556 8.637922860151352E-4
outcome 3.419972640218878E-4 0.8472978603872037 2.8977355006402314E-4
table 0.004103967168262654 0.18117935221517753 7.435541130581841E-4
side 0.0010259917920656635 1.6682784124570338 0.0017116399580612521
particularly 0.0010259917920656635 0.9751312318970885 0.001000476640113292
may 0.0023939808481532147 0.15415067982725836 3.690337752362546E-4
question 3.419972640218878E-4 0.8743265327751228 2.9901728207083544E-4
within 0.001709986320109439 0.3127557100038969 5.348079856427785E-4
could 0.0027359781121751026 0.22314355131420976 6.105158722686997E-4
change 0.0010259917920656635 0.3941013494578493 4.043447497857551E-4
health 6.839945280437756E-4 0.990398704027877 6.774272941367147E-4
uncategorized 0.0010259917920656635 5.1647859739235145 0.005299028017021389
indirectly 6.839945280437756E-4 2.7668907011251433 0.0018925380992648039
draw 3.419972640218878E-4 1.1944940603713923 4.085137005374119E-4
positive 0.0027359781121751026 0.6761496041913742 0.0018499305176234587
denounce 3.419972640218878E-4 5.1647859739235145 0.0017663426723404632
demographic 6.839945280437756E-4 1.4271163556401458 9.761397781396346E-4
hide 6.839945280437756E-4 3.5553480614894135 0.002431838619349804
suboxone 0.002051983584131327 5.1647859739235145 0.010598056034042779
future 0.002051983584131327 0.48265474679929443 9.903996172352142E-4
able 6.839945280437756E-4 0.7703368192510752 5.269061691183825E-4
regard 3.419972640218878E-4 0.4919571394616079 1.682479957119042E-4
report 6.839945280437756E-4 0.3364722366212129 2.301451686875601E-4
instance 3.419972640218878E-4 1.5812670354674039 5.407889998178536E-4
minor 6.839945280437756E-4 2.0292917579943643 0.001388024458272479
almost 0.0010259917920656635 1.1043429633770947 0.0011330468160503707
use 0.006497948016415869 0.03488725900044054 2.2669559542009928E-4
abeed 0.0027359781121751026 4.471638793363569 0.012234305864195811
feel 6.839945280437756E-4 2.120263536200091 0.0014502486567716081
integer 6.839945280437756E-4 2.9675613965872945 0.002029795756899654
manner 6.839945280437756E-4 1.9459101490553132 0.0013309918940186821
while 0.005129958960328317 0.20895891632225325 0.0010719506651278381
associate 3.419972640218878E-4 0.38566248081198473 1.3189551327359258E-4
perception 0.0010259917920656635 1.252762968495368 0.001285324523080063
second 0.0010259917920656635 0.4373981552111735 4.487669171113271E-4
mode 3.419972640218878E-4 1.9867321435755685 6.794569574471848E-4
identical 6.839945280437756E-4 2.2744142160273495 0.001555686878267681
that 0.016073871409028728 0.017291497110061043 2.7794130101671305E-4
preprocess 3.419972640218878E-4 3.373026504695459 0.0011535658360791584
high 0.0010259917920656635 0.11492996667397702 1.1791720246988067E-4
download 0.0013679890560875513 0.24480504809538922 3.3489062666947907E-4
split 6.839945280437756E-4 1.6384254493073527 0.0011206740419338937
geographic 6.839945280437756E-4 2.392197251683733 0.001636249830153032
optimize 3.419972640218878E-4 1.9867321435755685 6.794569574471848E-4
whether 0.002051983584131327 0.5300569856938783 0.0010876682332979718
find 6.839945280437756E-4 0.16083966797805488 1.1001345278936722E-4
than 0.0030779753761969904 0.058840500022933395 1.8110961019370743E-4
limit 6.839945280437756E-4 1.3146383722134554 8.992054529503798E-4
raise 6.839945280437756E-4 1.730798769438368 0.0011838568874407442
widespread 6.839945280437756E-4 1.9867321435755685 0.0013589139148943697
directly 6.839945280437756E-4 0.7703368192510752 5.269061691183825E-4
porter 6.839945280437756E-4 4.471638793363569 0.003058576466048953
all 0.0047879616963064295 0.017291497110061043 8.279102583476559E-5
new 3.419972640218878E-4 0.36076492919025743 1.2338061873811814E-4
read 3.419972640218878E-4 1.3581234841531944 4.644745157842662E-4
author 3.419972640218878E-4 0.017291497110061043 5.913644702483257E-6
occur 3.419972640218878E-4 0.6109090823229731 2.0892923472057905E-4
difficult 6.839945280437756E-4 0.7703368192510752 5.269061691183825E-4
underutilize 3.419972640218878E-4 5.1647859739235145 0.0017663426723404632
feeling 6.839945280437756E-4 2.456735772821304 0.0016803938254591681
expense 6.839945280437756E-4 2.7668907011251433 0.0018925380992648039
tool 6.839945280437756E-4 0.8743265327751228 5.980345641416709E-4
relevant 6.839945280437756E-4 0.7703368192510752 5.269061691183825E-4
samhsa 6.839945280437756E-4 5.1647859739235145 0.0035326853446809264
license 6.839945280437756E-4 3.373026504695459 0.002307131672158317
buprenorphine 0.0023939808481532147 4.471638793363569 0.010705017631171335
improve 3.419972640218878E-4 0.377294231141468 1.290335947816238E-4
monthly 6.839945280437756E-4 2.8622008809294686 0.001957729740717831
survey 6.839945280437756E-4 1.3805963400052528 9.443203420008569E-4
try 3.419972640218878E-4 1.3581234841531944 4.644745157842662E-4
rarely 6.839945280437756E-4 2.392197251683733 0.001636249830153032
basic 6.839945280437756E-4 1.1944940603713923 8.170274010748238E-4
present 6.839945280437756E-4 0.083381608939051 5.703256425379685E-5
collect 6.839945280437756E-4 0.6761496041913742 4.624826294058647E-4
since 0.0010259917920656635 0.377294231141468 3.8710078434487136E-4
datum 3.419972640218878E-4 0.167573700159399 5.730974697653865E-5
sentiment 0.008891928864569083 1.8689491079191851 0.016618562519117242
leverage 6.839945280437756E-4 2.2744142160273495 0.001555686878267681
code 3.419972640218878E-4 1.3361445774344192 4.569577898202528E-4
belong 3.419972640218878E-4 1.3805963400052528 4.7216017100042845E-4
nuance 3.419972640218878E-4 3.373026504695459 0.0011535658360791584
university 6.839945280437756E-4 1.1043429633770947 7.553645440335805E-4
chatter 0.001709986320109439 4.471638793363569 0.007646441165122382
media 0.003761969904240766 1.5812670354674039 0.005948678997996389
investigate 0.0010259917920656635 0.653926467406664 6.709231881737319E-4
total 0.0010259917920656635 0.5108256237659907 5.241028971607292E-4
considerable 6.839945280437756E-4 1.7635885922613586 0.0012062849468271945
misunderstanding 6.839945280437756E-4 3.7784916128036232 0.002584467587416979
and 0.05984952120383037 0.017291497110061043 0.00103488782293457
extra 6.839945280437756E-4 2.073743520565198 0.0014184292206328303
department 6.839945280437756E-4 1.730798769438368 0.0011838568874407442
make 3.419972640218878E-4 0.2521310881874621 8.622814233497336E-5
possibility 6.839945280437756E-4 1.0704414117014134 7.321760681952211E-4
categorize 6.839945280437756E-4 1.730798769438368 0.0011838568874407442
experienced 6.839945280437756E-4 1.6094379124341003 0.001100846725331122
allude 3.419972640218878E-4 4.0661736852554045 0.0013906202753951452
direction 6.839945280437756E-4 1.3581234841531944 9.289490315685324E-4
brief 6.839945280437756E-4 2.2203469947570738 0.0015187051947722803
downside 3.419972640218878E-4 4.0661736852554045 0.0013906202753951452
categorization 6.839945280437756E-4 3.2188758248682006 0.002201693450662244
social 0.005471956224350205 1.0704414117014134 0.005857408545561769
nature 6.839945280437756E-4 1.0216512475319812 6.988038628809721E-4
inpatient 6.839945280437756E-4 2.9675613965872945 0.002029795756899654
opioid 0.0030779753761969904 3.7784916128036232 0.011630104143376405
interesting 6.839945280437756E-4 1.6682784124570338 0.0011410933053741682
lda 6.839945280437756E-4 2.5998366164619773 0.0017782740194678367
automatic 0.0030779753761969904 1.5812670354674039 0.004867100998360682
medication 0.005471956224350205 1.906689435902032 0.010433321126686906
control 6.839945280437756E-4 0.5398131606392429 3.692292480432578E-4
requirement 6.839945280437756E-4 1.6990500711237875 0.0011621409515210584
specific 0.0010259917920656635 0.40261203912575794 4.130766475298474E-4
despite 0.0010259917920656635 0.7221347174331975 7.409042928521178E-4
any 0.0010259917920656635 0.2669461739726028 2.738845834192231E-4
structure 3.419972640218878E-4 0.8340526336371831 2.8524371875416656E-4
doctor 3.419972640218878E-4 3.0853444322436783 0.0010551793543925028
conduct 0.0010259917920656635 0.5798184952529422 5.948890170173825E-4
application 6.839945280437756E-4 0.7703368192510752 5.269061691183825E-4
regulation 3.419972640218878E-4 1.8689491079191851 6.391754815045093E-4
due 0.0013679890560875513 0.20895891632225325 2.8585351070075683E-4
engage 0.001709986320109439 1.79749014393704 0.0030736835566638854
descriptive 0.0010259917920656635 1.9867321435755685 0.0020383708723415543
online 0.001709986320109439 1.3581234841531944 0.002322372578921331
respond 3.419972640218878E-4 1.6682784124570338 5.705466526870841E-4
remainder 6.839945280437756E-4 2.2744142160273495 0.001555686878267681
geolocation 6.839945280437756E-4 4.471638793363569 0.003058576466048953
reason 6.839945280437756E-4 0.7221347174331975 4.939361952347452E-4
increasingly 6.839945280437756E-4 1.730798769438368 0.0011838568874407442
shift 3.419972640218878E-4 1.5538680612792897 5.314186256085122E-4
about 0.005129958960328317 0.377294231141468 0.0019355039217243569
discussion 0.004445964432284542 0.23031204079282225 0.001023959141691754
supply 6.839945280437756E-4 2.2744142160273495 0.001555686878267681
professional 3.419972640218878E-4 1.5538680612792897 5.314186256085122E-4
cover 3.419972640218878E-4 1.0704414117014134 3.6608803409761057E-4
character 3.419972640218878E-4 1.8325814637483102 6.267378466991484E-4
reflect 6.839945280437756E-4 0.7827593392496325 5.3540310482191E-4
hinder 6.839945280437756E-4 2.9675613965872945 0.002029795756899654
friend 3.419972640218878E-4 3.373026504695459 0.0011535658360791584
formulation 3.419972640218878E-4 2.120263536200091 7.251243283858041E-4
api 6.839945280437756E-4 2.5998366164619773 0.0017782740194678367
brand 0.0010259917920656635 2.9675613965872945 0.003044693635349481
whitney 0.0027359781121751026 3.7784916128036232 0.010337870349667915
recent 0.0013679890560875513 0.5596157879354227 7.655482735094701E-4
they 0.003419972640218878 0.05279818556697083 1.805683500922395E-4
comprise 3.419972640218878E-4 1.4759065198095778 5.047559917269417E-4
generalizability 0.0010259917920656635 3.5553480614894135 0.003647757929024706
encompass 3.419972640218878E-4 2.5257286443082556 8.637922860151352E-4
inadequate 6.839945280437756E-4 2.392197251683733 0.001636249830153032
then 0.0010259917920656635 0.4285875255290187 4.3972728337450615E-4
substantial 6.839945280437756E-4 1.5812670354674039 0.0010815779996357071
each 0.004103967168262654 0.13434805253107854 5.513599967075727E-4
benefit 6.839945280437756E-4 1.0059028905638423 6.880320728890851E-4
processing 6.839945280437756E-4 0.7221347174331975 4.939361952347452E-4
difference 3.419972640218878E-4 0.36076492919025743 1.2338061873811814E-4
except 6.839945280437756E-4 1.3805963400052528 9.443203420008569E-4
must 6.839945280437756E-4 1.0376515888784226 7.097480088087705E-4
microblog 3.419972640218878E-4 5.1647859739235145 0.0017663426723404632
sarker 0.0027359781121751026 5.1647859739235145 0.014130741378723706
randomized 6.839945280437756E-4 1.9459101490553132 0.0013309918940186821
infectious 6.839945280437756E-4 2.7668907011251433 0.0018925380992648039
sophisticated 6.839945280437756E-4 2.073743520565198 0.0014184292206328303
access 0.0023939808481532147 1.1394342831883648 0.002727783851682132
examine 6.839945280437756E-4 0.8881198549074587 6.074691210037337E-4
frequently 0.0010259917920656635 1.157452788691043 0.001187537060900523
document 6.839945280437756E-4 0.8743265327751228 5.980345641416709E-4
automatically 0.0023939808481532147 1.4759065198095778 0.0035332919420885925
another 0.0010259917920656635 0.40261203912575794 4.130766475298474E-4
iaa 0.0010259917920656635 4.0661736852554045 0.0041718608261854355
association 0.0010259917920656635 1.0376515888784226 0.001064622013213156
annotator 3.419972640218878E-4 2.8622008809294686 9.788648703589154E-4
two 0.004445964432284542 0.11492996667397702 5.109745440361495E-4
seek 3.419972640218878E-4 1.3581234841531944 4.644745157842662E-4
long 3.419972640218878E-4 0.44628710262841953 1.5262896806717493E-4
into 0.002051983584131327 0.10854016857520597 2.2272264413516956E-4
outline 3.419972640218878E-4 2.0292917579943643 6.940122291362395E-4
default 6.839945280437756E-4 2.5257286443082556 0.0017275845720302705
current 0.0010259917920656635 0.4919571394616079 5.047439871357126E-4
variety 6.839945280437756E-4 1.0539121097502027 7.208701161082097E-4
outnumber 3.419972640218878E-4 4.471638793363569 0.0015292882330244764
actively 0.0010259917920656635 2.2744142160273495 0.002333530317401521
perspective 6.839945280437756E-4 1.4271163556401458 9.761397781396346E-4
where 6.839945280437756E-4 0.32850406697203605 2.2469498424899866E-4
distribute 3.419972640218878E-4 1.5812670354674039 5.407889998178536E-4
relationship 6.839945280437756E-4 0.758066726659261 5.185134929269911E-4
popular 0.0013679890560875513 1.252762968495368 0.0017137660307734173
retention 6.839945280437756E-4 4.471638793363569 0.003058576466048953
situation 3.419972640218878E-4 1.4512139072192063 4.963111857794823E-4
emojis 6.839945280437756E-4 4.471638793363569 0.003058576466048953
receive 6.839945280437756E-4 0.653926467406664 4.472821254491546E-4
participate 6.839945280437756E-4 1.5812670354674039 0.0010815779996357071
though 6.839945280437756E-4 1.1043429633770947 7.553645440335805E-4
decision 6.839945280437756E-4 0.9452782687474074 6.465651633019203E-4
necessary 6.839945280437756E-4 0.8607208807193443 5.887283725850508E-4
one 0.0047879616963064295 0.06491954609931569 3.10832300065123E-4
thorough 6.839945280437756E-4 2.7668907011251433 0.0018925380992648039
many 0.0023939808481532147 0.20194134366360675 4.834437091810011E-4
call 3.419972640218878E-4 1.0539121097502027 3.6043505805410486E-4
detectable 6.839945280437756E-4 4.0661736852554045 0.0027812405507902905
such 0.003419972640218878 0.10219094089654716 3.4949022194441574E-4
face 3.419972640218878E-4 1.5538680612792897 5.314186256085122E-4
nlp 0.0013679890560875513 0.41119578281714936 5.625113308032138E-4
extensively 6.839945280437756E-4 2.456735772821304 0.0016803938254591681
rachel 0.0027359781121751026 4.471638793363569 0.012234305864195811
mortality 6.839945280437756E-4 2.392197251683733 0.001636249830153032
assist 3.419972640218878E-4 2.073743520565198 7.092146103164151E-4
describe 6.839945280437756E-4 0.28958865072236245 1.980770524776761E-4
dataset 0.0010259917920656635 1.1043429633770947 0.0011330468160503707
mappable 6.839945280437756E-4 5.1647859739235145 0.0035326853446809264
adverse 6.839945280437756E-4 2.073743520565198 0.0014184292206328303
textblob 6.839945280437756E-4 4.471638793363569 0.003058576466048953
story 3.419972640218878E-4 2.456735772821304 8.401969127295841E-4
but 0.001709986320109439 0.083381608939051 1.4258141063449214E-4
through 0.0010259917920656635 0.2595111954850846 2.6625635651684467E-4
toxicity 6.839945280437756E-4 2.8622008809294686 0.001957729740717831
country 6.839945280437756E-4 1.6682784124570338 0.0011410933053741682
medical 0.0030779753761969904 0.9600933545325481 0.00295514370410155
treat 6.839945280437756E-4 0.7827593392496325 5.3540310482191E-4
strength 0.0010259917920656635 1.5538680612792897 0.0015942558768255366
available 0.001709986320109439 0.5696661237889241 9.741212787088305E-4
express 3.419972640218878E-4 0.8743265327751228 2.9901728207083544E-4
run 3.419972640218878E-4 1.5012243277938677 5.134146127886005E-4
source 6.839945280437756E-4 0.7703368192510752 5.269061691183825E-4
incorporate 6.839945280437756E-4 1.6384254493073527 0.0011206740419338937
garner 3.419972640218878E-4 3.5553480614894135 0.001215919309674902
misspelling 3.419972640218878E-4 3.7784916128036232 0.0012922337937084894
research 0.0027359781121751026 0.40261203912575794 0.0011015377267462598
participant 3.419972640218878E-4 1.6094379124341003 5.50423362665561E-4
zero 6.839945280437756E-4 2.073743520565198 0.0014184292206328303
view 6.839945280437756E-4 1.121734706088964 7.672604008816443E-4
microblogging 6.839945280437756E-4 5.1647859739235145 0.0035326853446809264
awareness 0.002051983584131327 2.0292917579943643 0.004164073374817437
variant 6.839945280437756E-4 1.9867321435755685 0.0013589139148943697
satisfactory 6.839945280437756E-4 2.7668907011251433 0.0018925380992648039
keyword 3.419972640218878E-4 1.8689491079191851 6.391754815045093E-4
generate 3.419972640218878E-4 0.7953381214564925 2.7200346151042833E-4
coordinate 6.839945280437756E-4 1.906689435902032 0.0013041651408358633
might 6.839945280437756E-4 0.7339691750802005 5.02030899507661E-4
adapt 3.419972640218878E-4 1.5271998141971284 5.222981580701534E-4
subtheme 6.839945280437756E-4 5.1647859739235145 0.0035326853446809264
this 0.008207934336525308 0.017291497110061043 1.4192747285959816E-4
collection 0.0013679890560875513 0.9600933545325481 0.0013133972018229112
significant 6.839945280437756E-4 0.377294231141468 2.580671895632476E-4
look 3.419972640218878E-4 1.1758019273592397 4.0212104218852245E-4
difficulty 6.839945280437756E-4 1.4512139072192063 9.926223715589647E-4
overlap 3.419972640218878E-4 1.9867321435755685 6.794569574471848E-4
measure 6.839945280437756E-4 0.48265474679929443 3.301332057450714E-4
institutional 6.839945280437756E-4 1.3361445774344192 9.139155796405056E-4
pointedly 6.839945280437756E-4 5.1647859739235145 0.0035326853446809264
failure 6.839945280437756E-4 1.9459101490553132 0.0013309918940186821
name 0.0013679890560875513 1.157452788691043 0.0015833827478673639
know 3.419972640218878E-4 0.6214911916535102 2.1254828715920322E-4
overall 6.839945280437756E-4 0.7339691750802005 5.02030899507661E-4
campaign 3.419972640218878E-4 3.5553480614894135 0.001215919309674902
demonstrate 3.419972640218878E-4 0.5108256237659907 1.7470096572024305E-4
assume 3.419972640218878E-4 0.9452782687474074 3.2328258165096013E-4
thematic 0.0030779753761969904 2.6798793241355137 0.008248602570868544
full 0.002051983584131327 0.14750613710858965 3.026801719054507E-4
allow 3.419972640218878E-4 0.5398131606392429 1.846146240216289E-4
idea 0.001709986320109439 1.2329603411991883 0.0021083453166880783
show 3.419972640218878E-4 0.0771896386911299 2.639864524320448E-5
description 6.839945280437756E-4 1.157452788691043 7.916913739336819E-4
detect 3.419972640218878E-4 0.8881198549074587 3.037345605018669E-4
effort 3.419972640218878E-4 1.252762968495368 4.284415076933543E-4
we 3.419972640218878E-4 0.19497267434751336 6.668012118588009E-5
underrepresented 6.839945280437756E-4 3.373026504695459 0.002307131672158317
conclusion 3.419972640218878E-4 0.28958865072236245 9.903852623883805E-5
perplexity 0.0010259917920656635 4.0661736852554045 0.0041718608261854355
negative 0.003761969904240766 0.6321864807702582 0.002378266514525595
not 0.003419972640218878 0.03488725900044054 1.1931347127373645E-4
common 0.001709986320109439 0.3526016185510966 6.029439441708218E-4
throughout 6.839945280437756E-4 1.4759065198095778 0.0010095119834538835
definition 3.419972640218878E-4 1.252762968495368 4.284415076933543E-4
factor 3.419972640218878E-4 0.38566248081198473 1.3189551327359258E-4
figure 0.003761969904240766 0.18805223150293962 7.074468353393762E-4
allocation 0.0013679890560875513 2.120263536200091 0.0029004973135432163
pain 0.0013679890560875513 2.120263536200091 0.0029004973135432163
effectively 6.839945280437756E-4 1.6384254493073527 0.0011206740419338937
substance 0.0010259917920656635 3.0853444322436783 0.0031655380631775087
start 3.419972640218878E-4 0.8472978603872037 2.8977355006402314E-4
qualitatively 6.839945280437756E-4 2.8622008809294686 0.001957729740717831
generic 0.0010259917920656635 2.120263536200091 0.002175372985157412
way 0.0010259917920656635 0.8340526336371831 8.557311562624997E-4
target 6.839945280437756E-4 0.8743265327751228 5.980345641416709E-4
discourse 6.839945280437756E-4 2.2744142160273495 0.001555686878267681
equal 6.839945280437756E-4 1.293584963015623 8.848050362623961E-4
refer 6.839945280437756E-4 0.7827593392496325 5.3540310482191E-4
dirichlet 0.0013679890560875513 2.456735772821304 0.0033607876509183362
short 6.839945280437756E-4 0.9452782687474074 6.465651633019203E-4
step 3.419972640218878E-4 0.8080771472339223 2.763601734726136E-4
time 0.0010259917920656635 0.167573700159399 1.7192924092961594E-4
rise 3.419972640218878E-4 1.7635885922613586 6.031424734135973E-4
euphoria 6.839945280437756E-4 5.1647859739235145 0.0035326853446809264
base 3.419972640218878E-4 0.14090545307723773 4.81892794381798E-5
stem 3.419972640218878E-4 1.906689435902032 6.520825704179316E-4
modeling 0.0010259917920656635 2.169053700369523 0.0022254312931287855
software 6.839945280437756E-4 1.157452788691043 7.916913739336819E-4
trend 3.419972640218878E-4 1.1394342831883648 3.896834073831617E-4
comparative 0.0010259917920656635 2.2744142160273495 0.002333530317401521
during 6.839945280437756E-4 0.28958865072236245 1.980770524776761E-4
program 3.419972640218878E-4 1.6094379124341003 5.50423362665561E-4
complementary 0.0010259917920656635 2.073743520565198 0.0021276438309492454
three 0.0013679890560875513 0.22314355131420976 3.0525793613434986E-4
april 0.0027359781121751026 1.906689435902032 0.005216660563343453
when 0.0010259917920656635 0.14750613710858965 1.5134008595272535E-4
put 3.419972640218878E-4 1.6990500711237875 5.810704757605292E-4
preparation 6.839945280437756E-4 2.073743520565198 0.0014184292206328303
consist 3.419972640218878E-4 0.7459453661269161 2.551112743252107E-4
twitter 0.006155950752393981 2.456735772821304 0.015123544429132513
relate 0.0010259917920656635 0.27443684570176036 2.8156995113039706E-4
review 6.839945280437756E-4 0.4734380916943703 3.238290640864366E-4
zoning 6.839945280437756E-4 5.1647859739235145 0.0035326853446809264
enable 6.839945280437756E-4 0.9751312318970885 6.669844267421946E-4
broad 6.839945280437756E-4 1.2135422553420867 8.300562622038897E-4
specifically 0.0010259917920656635 1.3805963400052528 0.0014164805130012852
case 0.0010259917920656635 0.24480504809538922 2.5116797000210935E-4
between 0.0027359781121751026 0.058840500022933395 1.609863201721844E-4
designate 3.419972640218878E-4 3.2188758248682006 0.001100846725331122
give 3.419972640218878E-4 0.2595111954850846 8.875211883894822E-5
still 6.839945280437756E-4 0.5300569856938783 3.625560777659906E-4
researcher 3.419972640218878E-4 1.0539121097502027 3.6043505805410486E-4
goal 6.839945280437756E-4 1.3146383722134554 8.992054529503798E-4
method 0.0013679890560875513 0.0958817717032825 1.3116521436837552E-4
natural 6.839945280437756E-4 0.6429973968744738 4.39806701008532E-4
misinformation 6.839945280437756E-4 4.471638793363569 0.003058576466048953
work 0.0013679890560875513 0.4285875255290187 5.863030444993415E-4
conclude 3.419972640218878E-4 1.252762968495368 4.284415076933543E-4
racially 6.839945280437756E-4 4.0661736852554045 0.0027812405507902905
come 3.419972640218878E-4 0.990398704027877 3.3871364706835737E-4
agree 6.839945280437756E-4 1.79749014393704 0.001229473422665554
fail 6.839945280437756E-4 1.730798769438368 0.0011838568874407442
toward 6.839945280437756E-4 1.6094379124341003 0.001100846725331122
latent 0.002051983584131327 2.0292917579943643 0.004164073374817437
provide 3.419972640218878E-4 0.167573700159399 5.730974697653865E-5
light 6.839945280437756E-4 1.2729656758128876 8.70701556643562E-4
among 0.0010259917920656635 0.32850406697203605 3.37042476373498E-4
utilize 3.419972640218878E-4 1.2729656758128876 4.35350778321781E-4
refined 6.839945280437756E-4 2.5257286443082556 0.0017275845720302705
completely 6.839945280437756E-4 1.3805963400052528 9.443203420008569E-4
word 3.419972640218878E-4 0.8743265327751228 2.9901728207083544E-4
oud 0.005129958960328317 4.471638793363569 0.022939323495367148
care 6.839945280437756E-4 1.1758019273592397 8.042420843770449E-4
study 0.003761969904240766 0.07103577311675174 2.6723444058969535E-4
portion 6.839945280437756E-4 2.2744142160273495 0.001555686878267681
pattern 3.419972640218878E-4 0.9751312318970885 3.334922133710973E-4
localized 6.839945280437756E-4 3.0853444322436783 0.0021103587087850056
range 3.419972640218878E-4 0.3941013494578493 1.3478158326191836E-4
distribution 0.001709986320109439 0.9600933545325481 0.001641746502278639
derive 3.419972640218878E-4 1.2329603411991883 4.216690633376157E-4
gain 6.839945280437756E-4 0.9751312318970885 6.669844267421946E-4
across 0.0010259917920656635 0.7703368192510752 7.903592536775738E-4
assert 3.419972640218878E-4 2.7668907011251433 9.462690496324019E-4
verify 6.839945280437756E-4 1.8325814637483102 0.0012534756933982969
theme 0.003419972640218878 2.120263536200091 0.0072512432838580405
kappa 0.0010259917920656635 3.0853444322436783 0.0031655380631775087
physician 3.419972640218878E-4 1.906689435902032 6.520825704179316E-4
event 3.419972640218878E-4 1.157452788691043 3.9584568696684097E-4
include 0.001709986320109439 0.0771896386911299 1.3199322621602238E-4
chatbot 3.419972640218878E-4 3.5553480614894135 0.001215919309674902
desire 6.839945280437756E-4 1.5812670354674039 0.0010815779996357071
disagreement 3.419972640218878E-4 2.9675613965872945 0.001014897878449827
initial 6.839945280437756E-4 0.6988778552689304 4.780286287749182E-4
unprepared 6.839945280437756E-4 5.1647859739235145 0.0035326853446809264
more 0.006839945280437756 0.05279818556697083 3.61136700184479E-4
observation 6.839945280437756E-4 1.2135422553420867 8.300562622038897E-4
display 0.001709986320109439 0.16083966797805488 2.7503363197341804E-4
csvdisplay 0.0013679890560875513 0.2669461739726028 3.651794445589641E-4
continued 0.0013679890560875513 1.906689435902032 0.0026083302816717266
unfortunately 6.839945280437756E-4 3.7784916128036232 0.002584467587416979
consistent 6.839945280437756E-4 0.9306794693262548 6.365796643818432E-4
suggest 3.419972640218878E-4 0.5013468798114469 1.7145926122142505E-4
continuously 6.839945280437756E-4 2.2203469947570738 0.0015187051947722803
lead 3.419972640218878E-4 0.3127557100038969 1.0696159712855572E-4
opinion 6.839945280437756E-4 1.8689491079191851 0.0012783509630090186
filter 6.839945280437756E-4 1.8325814637483102 0.0012534756933982969
pipeline 3.419972640218878E-4 2.8622008809294686 9.788648703589154E-4
help 6.839945280437756E-4 0.6874491594453075 4.7021146336888336E-4
disorder 0.0013679890560875513 2.169053700369523 0.002967241724171714
altogether 6.839945280437756E-4 3.373026504695459 0.002307131672158317
assess 6.839945280437756E-4 0.6761496041913742 4.624826294058647E-4
prescription 6.839945280437756E-4 3.0853444322436783 0.0021103587087850056
addictive 6.839945280437756E-4 5.1647859739235145 0.0035326853446809264
board 6.839945280437756E-4 1.4271163556401458 9.761397781396346E-4
first 0.001709986320109439 0.167573700159399 2.8654873488269324E-4
queue 3.419972640218878E-4 4.471638793363569 0.0015292882330244764
small 0.0023939808481532147 0.45525577261118 0.0010898736006423597
spontaneously 6.839945280437756E-4 4.0661736852554045 0.0027812405507902905
moud 0.0030779753761969904 5.1647859739235145 0.01589708405106417
pharmaceutical 6.839945280437756E-4 3.2188758248682006 0.002201693450662244
reveal 6.839945280437756E-4 1.0216512475319812 6.988038628809721E-4
tell 3.419972640218878E-4 2.5257286443082556 8.637922860151352E-4
experience 0.0010259917920656635 1.1043429633770947 0.0011330468160503707
constantly 6.839945280437756E-4 2.7668907011251433 0.0018925380992648039
drug 0.0010259917920656635 1.906689435902032 0.001956247711253795
reference 3.419972640218878E-4 1.2135422553420867 4.1502813110194485E-4
barrier 0.0013679890560875513 2.073743520565198 0.0028368584412656606
major 0.0013679890560875513 0.7104386776700063 9.7187233607388E-4
percentage 6.839945280437756E-4 1.2329603411991883 8.433381266752314E-4
only 0.005129958960328317 0.10854016857520597 5.568066103379239E-4
emphasis 6.839945280437756E-4 2.8622008809294686 0.001957729740717831
should 6.839945280437756E-4 0.368995428326773 2.5239085384868193E-4
unlabeled 0.0013679890560875513 4.471638793363569 0.006117152932097906
from 0.008207934336525308 0.023122417420854212 1.8978728389210022E-4
consider 6.839945280437756E-4 0.17435338714477774 1.1925676275292595E-4
prescribe 0.0013679890560875513 2.331572629867298 0.0031895658411317343
day 6.839945280437756E-4 0.8881198549074587 6.074691210037337E-4
potential 0.0010259917920656635 0.4373981552111735 4.487669171113271E-4
group 3.419972640218878E-4 0.41119578281714936 1.4062783270080346E-4
obtain 0.001709986320109439 0.3526016185510966 6.029439441708218E-4
discover 3.419972640218878E-4 1.7635885922613586 6.031424734135973E-4
farhadloo 6.839945280437756E-4 5.1647859739235145 0.0035326853446809264
development 6.839945280437756E-4 0.5596157879354227 3.8277413675473504E-4
visible 0.0010259917920656635 2.7668907011251433 0.002838807148897206
manually 0.0030779753761969904 1.4512139072192063 0.004466800672015341
individual 6.839945280437756E-4 0.6214911916535102 4.2509657431840644E-4
crisis 6.839945280437756E-4 2.6798793241355137 0.001833022793526343
like 6.839945280437756E-4 0.7703368192510752 5.269061691183825E-4
bottom 0.0010259917920656635 2.7668907011251433 0.002838807148897206
addiction 0.0013679890560875513 5.1647859739235145 0.007065370689361853
towards 6.839945280437756E-4 1.5012243277938677 0.001026829225577201
both 0.005813953488372093 0.13434805253107854 7.810933286690612E-4
most 0.0023939808481532147 0.0771896386911299 1.8479051670243135E-4
whb 6.839945280437756E-4 5.1647859739235145 0.0035326853446809264
important 6.839945280437756E-4 0.2669461739726028 1.8258972227948206E-4
misperception 3.419972640218878E-4 5.1647859739235145 0.0017663426723404632
distrust 6.839945280437756E-4 4.471638793363569 0.003058576466048953
person 6.839945280437756E-4 0.9021060968821986 6.170356339823519E-4
daily 6.839945280437756E-4 1.6384254493073527 0.0011206740419338937
topic 0.003419972640218878 1.1043429633770947 0.0037768227201679023
intervention 6.839945280437756E-4 1.5012243277938677 0.001026829225577201
replacement 6.839945280437756E-4 2.392197251683733 0.001636249830153032
perceive 3.419972640218878E-4 1.5012243277938677 5.134146127886005E-4
who 0.001709986320109439 0.44628710262841953 7.631448403358747E-4
option 3.419972640218878E-4 1.6990500711237875 5.810704757605292E-4
potentially 6.839945280437756E-4 1.1394342831883648 7.793668147663234E-4
note 6.839945280437756E-4 0.5013468798114469 3.429185224428501E-4
limitation 0.0010259917920656635 0.6988778552689304 7.170429431623773E-4
stigma 0.0047879616963064295 4.0661736852554045 0.01946868385553203
substitution 6.839945280437756E-4 3.373026504695459 0.002307131672158317
unexpected 6.839945280437756E-4 2.169053700369523 0.001483620862085857
line 6.839945280437756E-4 0.9021060968821986 6.170356339823519E-4
scientific 6.839945280437756E-4 1.8325814637483102 0.0012534756933982969
contribute 6.839945280437756E-4 0.6874491594453075 4.7021146336888336E-4
generator 6.839945280437756E-4 2.8622008809294686 0.001957729740717831
scale 3.419972640218878E-4 1.2135422553420867 4.1502813110194485E-4
why 0.0010259917920656635 1.4271163556401458 0.001464209667209452
recovery 6.839945280437756E-4 2.2203469947570738 0.0015187051947722803
platform 0.0013679890560875513 1.4759065198095778 0.002019023966907767
aware 6.839945280437756E-4 2.169053700369523 0.001483620862085857
tend 0.0010259917920656635 1.1394342831883648 0.001169050222149485
can 0.0030779753761969904 0.0958817717032825 2.9512173232884494E-4
highlight 6.839945280437756E-4 0.9306794693262548 6.365796643818432E-4
general 0.0013679890560875513 0.4734380916943703 6.476581281728732E-4
public 0.005471956224350205 1.3361445774344192 0.007311324637124045
along 6.839945280437756E-4 1.2135422553420867 8.300562622038897E-4
paper 0.0010259917920656635 0.8340526336371831 8.557311562624997E-4
parallel 0.0013679890560875513 1.6094379124341003 0.002201693450662244
patient 6.839945280437756E-4 0.8743265327751228 5.980345641416709E-4
ready 6.839945280437756E-4 2.8622008809294686 0.001957729740717831
abstinence 6.839945280437756E-4 4.0661736852554045 0.0027812405507902905
value 6.839945280437756E-4 0.34450440831847723 2.3563913017679702E-4
introduction 6.839945280437756E-4 0.10219094089654716 6.989804438888315E-5
prescriber 3.419972640218878E-4 5.1647859739235145 0.0017663426723404632
ceiling 6.839945280437756E-4 4.0661736852554045 0.0027812405507902905
rest 6.839945280437756E-4 1.730798769438368 0.0011838568874407442
amount 3.419972640218878E-4 0.9306794693262548 3.182898321909216E-4
original 6.839945280437756E-4 1.1944940603713923 8.170274010748238E-4
comply 3.419972640218878E-4 3.0853444322436783 0.0010551793543925028
cost 0.0010259917920656635 1.1944940603713923 0.0012255411016122355
limited 0.0013679890560875513 0.5696661237889241 7.792970229670644E-4
will 0.0013679890560875513 0.3526016185510966 4.8235515533665745E-4
arbitrary 6.839945280437756E-4 2.331572629867298 0.0015947829205658671
also 0.004103967168262654 0.05279818556697083 2.166820201106874E-4
increase 6.839945280437756E-4 0.16083966797805488 1.1001345278936722E-4
follow 3.419972640218878E-4 0.0958817717032825 3.279130359209388E-5
altice 6.839945280437756E-4 5.1647859739235145 0.0035326853446809264
ultimately 6.839945280437756E-4 2.120263536200091 0.0014502486567716081
colleague 3.419972640218878E-4 2.5998366164619773 8.891370097339183E-4
int 6.839945280437756E-4 5.1647859739235145 0.0035326853446809264
expensive 6.839945280437756E-4 2.331572629867298 0.0015947829205658671
spread 6.839945280437756E-4 2.073743520565198 0.0014184292206328303
fragment 3.419972640218878E-4 2.8622008809294686 9.788648703589154E-4
trade 0.0013679890560875513 3.2188758248682006 0.004403386901324488
someone 6.839945280437756E-4 2.6798793241355137 0.001833022793526343
currently 6.839945280437756E-4 1.4035858582299516 9.600450466689135E-4
various 6.839945280437756E-4 0.5798184952529422 3.9659267801158836E-4
approve 3.419972640218878E-4 1.3805963400052528 4.7216017100042845E-4
mean 6.839945280437756E-4 0.5398131606392429 3.692292480432578E-4
investigation 6.839945280437756E-4 1.8325814637483102 0.0012534756933982969
further 0.0010259917920656635 0.27443684570176036 2.8156995113039706E-4
clinic 3.419972640218878E-4 2.5257286443082556 8.637922860151352E-4
category 3.419972640218878E-4 0.8080771472339223 2.763601734726136E-4
user 0.0013679890560875513 1.293584963015623 0.0017696100725247922
encapsulate 3.419972640218878E-4 3.373026504695459 0.0011535658360791584
account 3.419972640218878E-4 0.7459453661269161 2.551112743252107E-4
simply 6.839945280437756E-4 1.4512139072192063 9.926223715589647E-4
