equivalent 7.741935483870968E-4 1.6384254493073527 0.0012684584123669827
bad 2.5806451612903227E-4 1.4271163556401458 3.682880917781022E-4
optimal 0.0018064516129032257 1.2329603411991883 0.0022272831970049853
year 2.5806451612903227E-4 0.5203950747821414 1.342955031695849E-4
analyse 5.161290322580645E-4 1.4512139072192063 7.490136295324936E-4
shooting 5.161290322580645E-4 3.5553480614894135 0.0018350183543171168
without 0.0018064516129032257 0.32850406697203605 5.934267016269038E-4
setting 5.161290322580645E-4 1.1394342831883648 5.880951139036722E-4
fit 0.0018064516129032257 1.6384254493073527 0.0029597362955229595
evaluation 0.001032258064516129 0.7827593392496325 8.080096405157496E-4
acuity 0.0025806451612903226 1.5271998141971284 0.003941160810831299
would 0.004129032258064516 0.5013468798114469 0.0020700774392214583
poor 5.161290322580645E-4 0.9452782687474074 4.8788555806317805E-4
constrict 2.5806451612903227E-4 5.1647859739235145 0.0013328479932705843
record 2.5806451612903227E-4 0.8340526336371831 2.1523938932572467E-4
visual 0.01729032258064516 1.157452788691043 0.020012732088335455
warrant 5.161290322580645E-4 2.9675613965872945 0.0015316445917869907
because 0.002064516129032258 0.34450440831847723 7.11234907496211E-4
calculate 2.5806451612903227E-4 0.7221347174331975 1.8635734643437354E-4
unlikely 5.161290322580645E-4 2.456735772821304 0.0012679926569400279
agreement 7.741935483870968E-4 1.906689435902032 0.0014761466600531862
thus 7.741935483870968E-4 0.8881198549074587 6.87576661863839E-4
impact 0.0036129032258064514 0.6874491594453075 0.002483687285737885
require 2.5806451612903227E-4 0.3127557100038969 8.071115096874759E-5
analysis 0.00232258064516129 0.13434805253107854 3.120341865237953E-4
community 5.161290322580645E-4 1.6384254493073527 8.456389415779885E-4
accurately 5.161290322580645E-4 2.073743520565198 0.0010703192364207475
size 0.0025806451612903226 0.12136085700426753 3.1318930839810974E-4
correlation 0.003096774193548387 1.293584963015623 0.004005940530629026
selection 5.161290322580645E-4 1.0872485300177945 5.611605316220875E-4
stop 2.5806451612903227E-4 1.7635885922613586 4.5511963671260867E-4
unanimously 5.161290322580645E-4 5.1647859739235145 0.0026656959865411687
competitive 0.0018064516129032257 2.5257286443082556 0.004562606583266526
consideration 5.161290322580645E-4 1.3361445774344192 6.896230077080873E-4
adult 2.5806451612903227E-4 1.730798769438368 4.466577469518369E-4
object 5.161290322580645E-4 1.7635885922613586 9.102392734252173E-4
appropriate 0.0012903225806451613 1.0539121097502027 0.001359886593226068
poorly 5.161290322580645E-4 2.8622008809294686 0.0014772649708023064
average 0.0018064516129032257 0.7104386776700063 0.0012833730951458179
statistical 5.161290322580645E-4 0.653926467406664 3.3751043479053627E-4
compare 2.5806451612903227E-4 0.17435338714477774 4.4994422488974906E-5
strong 0.0012903225806451613 1.1043429633770947 0.0014249586624220576
be 2.5806451612903227E-4 0.017291497110061043 4.462321834854463E-6
criterion 2.5806451612903227E-4 1.0376515888784226 2.6778105519443163E-4
subgroup 7.741935483870968E-4 2.5998366164619773 0.0020127767353254017
prove 5.161290322580645E-4 1.0539121097502027 5.439546372904272E-4
achieve 0.001032258064516129 0.6109090823229731 6.306158269140368E-4
least 7.741935483870968E-4 0.653926467406664 5.062656521858044E-4
turn 2.5806451612903227E-4 1.4035858582299516 3.6221570534966495E-4
plausible 5.161290322580645E-4 2.8622008809294686 0.0014772649708023064
result 5.161290322580645E-4 0.058840500022933395 3.0369290334417237E-5
bootstrapp 2.5806451612903227E-4 4.471638793363569 0.0011539713015131792
swimming 7.741935483870968E-4 4.471638793363569 0.003461913904539537
see 0.0012903225806451613 0.5696661237889241 7.350530629534504E-4
evgeny 0.00232258064516129 5.1647859739235145 0.011995631939435258
same 0.002064516129032258 0.2972515234679317 6.136805645789558E-4
aspect 5.161290322580645E-4 0.9452782687474074 4.8788555806317805E-4
indicate 0.001032258064516129 0.4919571394616079 5.078267246055308E-4
certified 5.161290322580645E-4 3.5553480614894135 0.0018350183543171168
after 0.0012903225806451613 0.12136085700426753 1.5659465419905487E-4
panel 7.741935483870968E-4 2.6798793241355137 0.002074745283201688
close 5.161290322580645E-4 0.6988778552689304 3.6071115110654475E-4
hand 5.161290322580645E-4 1.4512139072192063 7.490136295324936E-4
federation 5.161290322580645E-4 4.471638793363569 0.0023079426030263583
committee 7.741935483870968E-4 2.120263536200091 0.001641494350606522
address 2.5806451612903227E-4 0.7827593392496325 2.020024101289374E-4
set 0.001032258064516129 0.5108256237659907 5.273038696939259E-4
possible 0.0012903225806451613 0.38566248081198473 4.976290074993351E-4
procedure 5.161290322580645E-4 0.8080771472339223 4.1707207599170186E-4
sample 0.0012903225806451613 0.6321864807702582 8.157244913164622E-4
the 0.08516129032258064 0.017291497110061043 0.0014725662055019727
component 5.161290322580645E-4 0.9600933545325481 4.955320539522829E-4
fast 2.5806451612903227E-4 1.3581234841531944 3.5048347978146956E-4
meet 2.5806451612903227E-4 1.1394342831883648 2.940475569518361E-4
blue 0.0012903225806451613 2.456735772821304 0.0031699816423500695
throw 2.5806451612903227E-4 4.0661736852554045 0.00104933514458204
severe 0.002064516129032258 1.157452788691043 0.0023895799508460245
drastically 5.161290322580645E-4 3.373026504695459 0.0017409169056492692
information 0.0015483870967741935 0.3049735695618419 4.722171399667229E-4
under 0.001032258064516129 0.7459453661269161 7.700081198729456E-4
bimodally 5.161290322580645E-4 5.1647859739235145 0.0026656959865411687
represent 0.0012903225806451613 0.4285875255290187 5.530161619729273E-4
compete 0.002838709677419355 2.8622008809294686 0.008124957339412686
november 0.00232258064516129 1.1758019273592397 0.0027308947990279113
evidence 7.741935483870968E-4 0.8881198549074587 6.87576661863839E-4
official 5.161290322580645E-4 2.392197251683733 0.0012346824524819267
residual 0.0015483870967741935 2.5257286443082556 0.003910805642799879
promise 5.161290322580645E-4 2.5998366164619773 0.0013418511568836012
do 2.5806451612903227E-4 0.14750613710858965 3.806609989899088E-5
good 5.161290322580645E-4 0.2160260835453457 1.1149733344275907E-4
down 7.741935483870968E-4 1.6384254493073527 0.0012684584123669827
observe 2.5806451612903227E-4 0.5496654570822546 1.4184915021477537E-4
hold 0.0012903225806451613 1.3581234841531944 0.0017524173989073475
red 0.0018064516129032257 1.9459101490553132 0.003515192527325727
assessment 0.0018064516129032257 1.2729656758128876 0.0022995508982426357
leave 2.5806451612903227E-4 1.6682784124570338 4.305234612792345E-4
contact 5.161290322580645E-4 1.9867321435755685 0.0010254101386196483
rare 5.161290322580645E-4 1.906689435902032 9.840977733687908E-4
besides 7.741935483870968E-4 1.8689491079191851 0.001446928341614853
legal 5.161290322580645E-4 2.7668907011251433 0.0014280726199355578
discrimination 7.741935483870968E-4 3.7784916128036232 0.002925283829267321
exclude 2.5806451612903227E-4 0.9021060968821986 2.328015733889545E-4
radius 5.161290322580645E-4 4.0661736852554045 0.00209867028916408
predicted 5.161290322580645E-4 1.5271998141971284 7.882321621662598E-4
impair 2.5806451612903227E-4 2.5257286443082556 6.518009404666466E-4
train 2.5806451612903227E-4 1.252762968495368 3.2329366928912726E-4
which 0.005161290322580645 0.023122417420854212 1.1934150926892496E-4
area 7.741935483870968E-4 0.664976303593249 5.148203640721928E-4
disadvantage 5.161290322580645E-4 2.169053700369523 0.0011195115872874959
add 5.161290322580645E-4 0.7827593392496325 4.040048202578748E-4
test 0.0012903225806451613 0.44628710262841953 5.758543259721542E-4
need 0.002838709677419355 0.27443684570176036 7.790465297340295E-4
often 0.0015483870967741935 0.5900749954201312 9.136645090376225E-4
analyser 5.161290322580645E-4 4.471638793363569 0.0023079426030263583
volume 5.161290322580645E-4 1.3581234841531944 7.009669595629391E-4
vision 0.008516129032258065 1.4035858582299516 0.011953118276538943
take 2.5806451612903227E-4 0.368995428326773 9.522462666497368E-5
success 5.161290322580645E-4 1.6094379124341003 8.306776322240518E-4
therefore 0.002838709677419355 1.1394342831883648 0.003234523126470197
relatively 5.161290322580645E-4 0.8209805520698303 4.237318978424931E-4
narrowing 5.161290322580645E-4 4.0661736852554045 0.00209867028916408
frame 5.161290322580645E-4 2.169053700369523 0.0011195115872874959
some 0.00232258064516129 0.2160260835453457 5.017380004924157E-4
rather 0.0015483870967741935 0.758066726659261 0.0011737807380530494
young 5.161290322580645E-4 1.5271998141971284 7.882321621662598E-4
additional 0.0025806451612903226 0.5300569856938783 0.0013678889953390406
for 0.023483870967741936 0.017291497110061043 4.0607128697175613E-4
capable 5.161290322580645E-4 2.073743520565198 0.0010703192364207475
remove 2.5806451612903227E-4 1.0872485300177945 2.8058026581104375E-4
random 5.161290322580645E-4 1.2329603411991883 6.363666277157101E-4
plot 7.741935483870968E-4 2.073743520565198 0.0016054788546311209
unfair 5.161290322580645E-4 3.5553480614894135 0.0018350183543171168
divide 5.161290322580645E-4 1.0059028905638423 5.191756854523057E-4
class 0.004387096774193549 1.2135422553420867 0.005323927313758832
just 5.161290322580645E-4 1.3146383722134554 6.78523030819848E-4
over 0.002838709677419355 0.3364722366212129 9.551469942795721E-4
six 7.741935483870968E-4 0.9162907318741551 7.09386373063862E-4
identify 7.741935483870968E-4 0.3049735695618419 2.3610856998336146E-4
approval 5.161290322580645E-4 1.906689435902032 9.840977733687908E-4
perform 0.0012903225806451613 0.2669461739726028 3.4444667609368103E-4
multiple 0.0018064516129032257 0.5108256237659907 9.227817719643703E-4
permission 5.161290322580645E-4 2.9675613965872945 0.0015316445917869907
objectively 5.161290322580645E-4 3.373026504695459 0.0017409169056492692
improvement 5.161290322580645E-4 0.9306794693262548 4.803506938458089E-4
with 0.019096774193548386 0.017291497110061043 3.302118157792302E-4
berkeley 5.161290322580645E-4 5.1647859739235145 0.0026656959865411687
although 0.0012903225806451613 0.4285875255290187 5.530161619729273E-4
form 5.161290322580645E-4 0.5013468798114469 2.587596799026823E-4
approximately 5.161290322580645E-4 0.9452782687474074 4.8788555806317805E-4
publish 2.5806451612903227E-4 0.03488725900044054 9.003163613016913E-6
there 0.0012903225806451613 0.12136085700426753 1.5659465419905487E-4
interpret 5.161290322580645E-4 1.3581234841531944 7.009669595629391E-4
well 7.741935483870968E-4 0.3127557100038969 2.4213345290624276E-4
progressive 5.161290322580645E-4 2.9675613965872945 0.0015316445917869907
suitable 0.001032258064516129 1.121734706088964 0.0011579196966079628
grant 2.5806451612903227E-4 2.8622008809294686 7.386324854011532E-4
significantly 0.0012903225806451613 0.5900749954201312 7.613870908646854E-4
assign 2.5806451612903227E-4 1.0704414117014134 2.7624294495520344E-4
straightforward 7.741935483870968E-4 2.2744142160273495 0.0017608368124082704
explain 2.5806451612903227E-4 0.9751312318970885 2.516467695218293E-4
qualified 7.741935483870968E-4 3.5553480614894135 0.002752527531475675
expert 0.0012903225806451613 1.6094379124341003 0.0020766940805601293
logmar 0.008258064516129033 2.331572629867298 0.019254277201484784
practice 5.161290322580645E-4 1.0376515888784226 5.355621103888633E-4
select 2.5806451612903227E-4 0.5798184952529422 1.4963057942011412E-4
recommendation 5.161290322580645E-4 1.6990500711237875 8.769290689671161E-4
approach 5.161290322580645E-4 0.40261203912575794 2.0779976212942345E-4
variation 2.5806451612903227E-4 1.1944940603713923 3.082565317087464E-4
number 0.00232258064516129 0.14750613710858965 3.4259489909091787E-4
bailey 5.161290322580645E-4 5.1647859739235145 0.0026656959865411687
ibsa 0.001032258064516129 5.1647859739235145 0.005331391973082337
four 7.741935483870968E-4 0.4643056081310978 3.594624062950434E-4
implication 5.161290322580645E-4 1.79749014393704 9.277368484836337E-4
classifier 5.161290322580645E-4 2.0292917579943643 0.0010473763912228979
majority 5.161290322580645E-4 0.9452782687474074 4.8788555806317805E-4
narrow 5.161290322580645E-4 2.331572629867298 0.001203392325092799
whereas 7.741935483870968E-4 1.0872485300177945 8.417407974331312E-4
join 2.5806451612903227E-4 2.9675613965872945 7.658222958934953E-4
blacken 2.5806451612903227E-4 5.1647859739235145 0.0013328479932705843
judge 2.5806451612903227E-4 2.2203469947570738 5.729927728405352E-4
write 2.5806451612903227E-4 0.9162907318741551 2.3646212435462068E-4
order 5.161290322580645E-4 0.5900749954201312 3.045548363458742E-4
algorithm 7.741935483870968E-4 0.8472978603872037 6.559725370739641E-4
splitting 0.0012903225806451613 3.373026504695459 0.004352292264123173
reduce 2.5806451612903227E-4 0.3941013494578493 1.0170357405363854E-4
similar 7.741935483870968E-4 0.20895891632225325 1.6177464489464767E-4
likely 0.001032258064516129 0.5798184952529422 5.985223176804565E-4
antithesis 5.161290322580645E-4 5.1647859739235145 0.0026656959865411687
issue 5.161290322580645E-4 0.7953381214564925 4.1049709494528645E-4
large 0.001032258064516129 0.22314355131420976 2.303417303888617E-4
testing 5.161290322580645E-4 1.293584963015623 6.676567551048378E-4
classification 0.00929032258064516 0.9600933545325481 0.008919576971141091
heavy 7.741935483870968E-4 2.5998366164619773 0.0020127767353254017
system 0.0018064516129032257 0.36076492919025743 6.517043882146586E-4
field 0.0025806451612903226 0.6988778552689304 0.0018035557555327237
likelihood 5.161290322580645E-4 1.7635885922613586 9.102392734252173E-4
even 0.0025806451612903226 0.377294231141468 9.736625319779819E-4
strongly 5.161290322580645E-4 1.6990500711237875 8.769290689671161E-4
binary 5.161290322580645E-4 1.6990500711237875 8.769290689671161E-4
contrast 0.001032258064516129 1.4271163556401458 0.0014731523671124088
legitimate 7.741935483870968E-4 4.471638793363569 0.003461913904539537
evaluate 5.161290322580645E-4 0.40261203912575794 2.0779976212942345E-4
other 0.0036129032258064514 0.0408219945202552 1.474859156860833E-4
woman 2.5806451612903227E-4 2.0292917579943643 5.236881956114489E-4
aim 0.00232258064516129 0.6109090823229731 0.0014188856105565827
against 0.002064516129032258 0.9600933545325481 0.0019821282158091315
retain 5.161290322580645E-4 2.331572629867298 0.001203392325092799
dot 2.5806451612903227E-4 2.5257286443082556 6.518009404666466E-4
tournament 2.5806451612903227E-4 5.1647859739235145 0.0013328479932705843
reclassify 2.5806451612903227E-4 5.1647859739235145 0.0013328479932705843
recursive 7.741935483870968E-4 3.5553480614894135 0.002752527531475675
world 0.001032258064516129 1.4035858582299516 0.0014488628213986598
encourage 2.5806451612903227E-4 1.79749014393704 4.6386842424181685E-4
accommodate 5.161290322580645E-4 3.5553480614894135 0.0018350183543171168
too 0.0012903225806451613 1.3361445774344192 0.0017240575192702184
have 0.0036129032258064514 0.017291497110061043 6.247250568796247E-5
ability 7.741935483870968E-4 0.8881198549074587 6.87576661863839E-4
man 2.5806451612903227E-4 1.9867321435755685 5.127050693098242E-4
stand 7.741935483870968E-4 1.9867321435755685 0.0015381152079294723
elimination 5.161290322580645E-4 3.373026504695459 0.0017409169056492692
outcome 0.001032258064516129 0.8472978603872037 8.746300494319522E-4
table 0.0015483870967741935 0.18117935221517753 2.805357711718878E-4
together 5.161290322580645E-4 1.1394342831883648 5.880951139036722E-4
particularly 7.741935483870968E-4 0.9751312318970885 7.549403085654879E-4
linear 0.002838709677419355 1.3146383722134554 0.0037318766695091637
may 0.00567741935483871 0.15415067982725836 8.751780532128217E-4
within 0.0064516129032258064 0.3127557100038969 0.0020177787742186896
could 0.0025806451612903226 0.22314355131420976 5.758543259721542E-4
change 7.741935483870968E-4 0.3941013494578493 3.051107221609156E-4
health 7.741935483870968E-4 0.990398704027877 7.667602869893241E-4
draw 2.5806451612903227E-4 1.1944940603713923 3.082565317087464E-4
ethical 7.741935483870968E-4 1.8325814637483102 0.001418772746127724
judoka 2.5806451612903227E-4 5.1647859739235145 0.0013328479932705843
generally 7.741935483870968E-4 0.9021060968821986 6.984047201668633E-4
boxplot 0.001032258064516129 4.471638793363569 0.004615885206052717
machine 2.5806451612903227E-4 1.0539121097502027 2.719773186452136E-4
future 7.741935483870968E-4 0.48265474679929443 3.736681910704215E-4
able 5.161290322580645E-4 0.7703368192510752 3.9759319703281304E-4
complete 7.741935483870968E-4 0.8080771472339223 6.256081139875527E-4
visualisation 2.5806451612903227E-4 3.373026504695459 8.704584528246346E-4
presumably 7.741935483870968E-4 3.7784916128036232 0.002925283829267321
equally 5.161290322580645E-4 2.073743520565198 0.0010703192364207475
use 7.741935483870968E-4 0.03488725900044054 2.700949083905074E-5
several 5.161290322580645E-4 0.3526016185510966 1.8198793215540472E-4
main 5.161290322580645E-4 0.6004377824556778 3.099033715900273E-4
hypothesise 2.5806451612903227E-4 4.471638793363569 0.0011539713015131792
while 5.161290322580645E-4 0.20895891632225325 1.0784976326309845E-4
correspond 2.5806451612903227E-4 0.8743265327751228 2.2563265361938656E-4
associate 2.5806451612903227E-4 0.38566248081198473 9.952580149986703E-5
harmful 5.161290322580645E-4 3.0853444322436783 0.0015924358359967372
perception 7.741935483870968E-4 1.252762968495368 9.698810078673817E-4
second 7.741935483870968E-4 0.4373981552111735 3.386308298409085E-4
that 0.010064516129032258 0.017291497110061043 1.7403055155932405E-4
amongst 5.161290322580645E-4 3.5553480614894135 0.0018350183543171168
download 7.741935483870968E-4 0.24480504809538922 1.8952648884804326E-4
high 7.741935483870968E-4 0.11492996667397702 8.897803871533705E-5
split 0.009806451612903225 1.6384254493073527 0.01606713988998178
whether 0.00232258064516129 0.5300569856938783 0.0012311000958051366
find 0.0012903225806451613 0.16083966797805488 2.0753505545555468E-4
than 0.008516129032258065 0.058840500022933395 5.010932905178845E-4
opponent 5.161290322580645E-4 3.7784916128036232 0.0019501892195115476
function 0.01135483870967742 0.5496654570822546 0.0062413626094501165
sufficient 5.161290322580645E-4 1.5012243277938677 7.748254595065124E-4
combatant 2.5806451612903227E-4 5.1647859739235145 0.0013328479932705843
different 0.0036129032258064514 0.18805223150293962 6.794145138170722E-4
international 0.002064516129032258 1.5538680612792897 0.0032079856748991786
directly 5.161290322580645E-4 0.7703368192510752 3.9759319703281304E-4
alter 5.161290322580645E-4 2.5998366164619773 0.0013418511568836012
all 0.009548387096774193 0.017291497110061043 1.651059078896151E-4
border 5.161290322580645E-4 3.373026504695459 0.0017409169056492692
peripheral 7.741935483870968E-4 2.2744142160273495 0.0017608368124082704
new 0.002064516129032258 0.36076492919025743 7.44805015102467E-4
comparison 2.5806451612903227E-4 0.6988778552689304 1.8035557555327238E-4
ideal 7.741935483870968E-4 2.169053700369523 0.0016792673809312437
level 0.0015483870967741935 0.4373981552111735 6.77261659681817E-4
author 2.5806451612903227E-4 0.017291497110061043 4.462321834854463E-6
establishment 7.741935483870968E-4 4.0661736852554045 0.0031480054337461195
less 0.00232258064516129 0.36076492919025743 8.379056419902753E-4
basis 0.0036129032258064514 1.293584963015623 0.0046735972857338635
establish 0.00232258064516129 0.9600933545325481 0.002229894242785273
condition 5.161290322580645E-4 0.8607208807193443 4.4424303520998416E-4
background 7.741935483870968E-4 1.6094379124341003 0.0012460164483360776
perimeter 5.161290322580645E-4 4.471638793363569 0.0023079426030263583
true 5.161290322580645E-4 1.1394342831883648 5.880951139036722E-4
retrieve 2.5806451612903227E-4 2.0292917579943643 5.236881956114489E-4
position 5.161290322580645E-4 1.0059028905638423 5.191756854523057E-4
present 5.161290322580645E-4 0.083381608939051 4.303566912983278E-5
collect 5.161290322580645E-4 0.6761496041913742 3.489804408729673E-4
functionally 0.0012903225806451613 4.471638793363569 0.005769856507565896
datum 2.5806451612903227E-4 0.167573700159399 4.3244825847586844E-5
mandate 2.5806451612903227E-4 3.2188758248682006 8.306776322240518E-4
careful 0.001032258064516129 2.6798793241355137 0.0027663270442689174
cause 7.741935483870968E-4 0.5398131606392429 4.1791986630134934E-4
box 0.0012903225806451613 2.2203469947570738 0.002864963864202676
lightweight 5.161290322580645E-4 4.471638793363569 0.0023079426030263583
blindfold 5.161290322580645E-4 5.1647859739235145 0.0026656959865411687
kai 0.00232258064516129 4.471638793363569 0.01038574171361861
total 7.741935483870968E-4 0.5108256237659907 3.9547790227044443E-4
uncommon 5.161290322580645E-4 2.9675613965872945 0.0015316445917869907
considerable 7.741935483870968E-4 1.7635885922613586 0.001365358910137826
and 0.03174193548387097 0.017291497110061043 5.488655856870989E-4
competitor 2.5806451612903227E-4 3.7784916128036232 9.750946097557738E-4
design 2.5806451612903227E-4 0.6004377824556778 1.5495168579501365E-4
repeat 2.5806451612903227E-4 1.5012243277938677 3.874127297532562E-4
make 5.161290322580645E-4 0.2521310881874621 1.3013217454836755E-4
fulfil 7.741935483870968E-4 2.331572629867298 0.0018050884876391984
render 2.5806451612903227E-4 2.8622008809294686 7.386324854011532E-4
fight 2.5806451612903227E-4 3.7784916128036232 9.750946097557738E-4
highly 5.161290322580645E-4 0.9162907318741551 4.7292424870924135E-4
measurable 5.161290322580645E-4 3.5553480614894135 0.0018350183543171168
chance 5.161290322580645E-4 2.169053700369523 0.0011195115872874959
determine 7.741935483870968E-4 0.40261203912575794 3.116996431941352E-4
nature 5.161290322580645E-4 1.0216512475319812 5.273038696939258E-4
social 5.161290322580645E-4 1.0704414117014134 5.524858899104069E-4
control 5.161290322580645E-4 0.5398131606392429 2.7861324420089956E-4
specific 0.0018064516129032257 0.40261203912575794 7.272991674529821E-4
despite 5.161290322580645E-4 0.7221347174331975 3.727146928687471E-4
any 0.001032258064516129 0.2669461739726028 2.755573408749448E-4
structure 7.741935483870968E-4 0.8340526336371831 6.457181679771739E-4
acknowledge 7.741935483870968E-4 2.2203469947570738 0.0017189783185216055
regulation 2.5806451612903227E-4 1.8689491079191851 4.82309447204951E-4
essentially 5.161290322580645E-4 2.456735772821304 0.0012679926569400279
sport 0.00567741935483871 3.5553480614894135 0.020185201897488285
cluster 2.5806451612903227E-4 1.8689491079191851 4.82309447204951E-4
standardise 2.5806451612903227E-4 3.5553480614894135 9.175091771585584E-4
splits 0.0012903225806451613 3.5553480614894135 0.004587545885792792
accurate 7.741935483870968E-4 1.3805963400052528 0.0010688487793589054
depend 2.5806451612903227E-4 0.8472978603872037 2.1865751235798804E-4
octopus 5.161290322580645E-4 5.1647859739235145 0.0026656959865411687
vary 7.741935483870968E-4 0.9751312318970885 7.549403085654879E-4
maintain 5.161290322580645E-4 1.2329603411991883 6.363666277157101E-4
empirical 7.741935483870968E-4 1.8325814637483102 0.001418772746127724
adaptation 7.741935483870968E-4 2.2203469947570738 0.0017189783185216055
discussion 5.161290322580645E-4 0.23031204079282225 1.1887073073177924E-4
concern 5.161290322580645E-4 1.0539121097502027 5.439546372904272E-4
firm 5.161290322580645E-4 2.9675613965872945 0.0015316445917869907
meaning 5.161290322580645E-4 1.0704414117014134 5.524858899104069E-4
championship 2.5806451612903227E-4 5.1647859739235145 0.0013328479932705843
estimate 5.161290322580645E-4 0.8743265327751228 4.512653072387731E-4
above 5.161290322580645E-4 0.9021060968821986 4.65603146777909E-4
fully 5.161290322580645E-4 1.2729656758128876 6.570145423550387E-4
they 0.002064516129032258 0.05279818556697083 1.0900270568664945E-4
moderate 5.161290322580645E-4 2.073743520565198 0.0010703192364207475
separately 5.161290322580645E-4 2.331572629867298 0.001203392325092799
distinguish 7.741935483870968E-4 1.6990500711237875 0.0013153936034506742
blindness 5.161290322580645E-4 2.8622008809294686 0.0014772649708023064
remain 5.161290322580645E-4 0.7104386776700063 3.666780271845194E-4
old 2.5806451612903227E-4 1.5012243277938677 3.874127297532562E-4
sampling 7.741935483870968E-4 1.8689491079191851 0.001446928341614853
then 5.161290322580645E-4 0.4285875255290187 2.2120646478917093E-4
monitoring 5.161290322580645E-4 1.8325814637483102 9.458484974184827E-4
demand 2.5806451612903227E-4 1.3805963400052528 3.5628292645296846E-4
each 0.00567741935483871 0.13434805253107854 7.627502337248331E-4
confound 2.5806451612903227E-4 2.8622008809294686 7.386324854011532E-4
benefit 5.161290322580645E-4 1.0059028905638423 5.191756854523057E-4
secondary 5.161290322580645E-4 1.4271163556401458 7.365761835562044E-4
univariate 5.161290322580645E-4 2.8622008809294686 0.0014772649708023064
input 5.161290322580645E-4 0.990398704027877 5.111735246595494E-4
toolkit 5.161290322580645E-4 2.7668907011251433 0.0014280726199355578
difference 7.741935483870968E-4 0.36076492919025743 2.793018806634251E-4
philosophical 5.161290322580645E-4 4.0661736852554045 0.00209867028916408
bridge 5.161290322580645E-4 2.8622008809294686 0.0014772649708023064
cup 2.5806451612903227E-4 5.1647859739235145 0.0013328479932705843
functional 0.001032258064516129 1.4759065198095778 0.0015235164075453706
access 0.001032258064516129 1.1394342831883648 0.0011761902278073443
activity 5.161290322580645E-4 1.0872485300177945 5.611605316220875E-4
examine 5.161290322580645E-4 0.8881198549074587 4.5838444124255936E-4
mic 5.161290322580645E-4 4.0661736852554045 0.00209867028916408
frequently 0.0012903225806451613 1.157452788691043 0.0014934874692787653
another 0.0015483870967741935 0.40261203912575794 6.233992863882704E-4
overcome 5.161290322580645E-4 1.8689491079191851 9.64618894409902E-4
association 5.161290322580645E-4 1.0376515888784226 5.355621103888633E-4
fundamental 5.161290322580645E-4 1.906689435902032 9.840977733687908E-4
eliminate 2.5806451612903227E-4 1.6990500711237875 4.3846453448355806E-4
recommend 5.161290322580645E-4 1.3581234841531944 7.009669595629391E-4
believe 2.5806451612903227E-4 1.2729656758128876 3.2850727117751937E-4
two 0.005161290322580645 0.11492996667397702 5.931869247689137E-4
long 7.741935483870968E-4 0.44628710262841953 3.455125955832925E-4
ravensbergen 0.00232258064516129 5.1647859739235145 0.011995631939435258
seem 0.0012903225806451613 1.0216512475319812 0.0013182596742348145
worth 5.161290322580645E-4 1.8325814637483102 9.458484974184827E-4
into 0.005161290322580645 0.10854016857520597 5.602073216784824E-4
current 0.005161290322580645 0.4919571394616079 0.0025391336230276536
paralympic 0.0018064516129032257 5.1647859739235145 0.009329935952894091
partition 2.5806451612903227E-4 3.2188758248682006 8.306776322240518E-4
summarise 2.5806451612903227E-4 2.456735772821304 6.339963284700139E-4
scenario 2.5806451612903227E-4 1.79749014393704 4.6386842424181685E-4
mcnamee 5.161290322580645E-4 5.1647859739235145 0.0026656959865411687
perspective 5.161290322580645E-4 1.4271163556401458 7.365761835562044E-4
where 0.00232258064516129 0.32850406697203605 7.629771878060192E-4
distribute 2.5806451612903227E-4 1.5812670354674039 4.080689123786849E-4
relationship 0.006193548387096774 0.758066726659261 0.0046951229522121975
situation 2.5806451612903227E-4 1.4512139072192063 3.745068147662468E-4
equalise 5.161290322580645E-4 5.1647859739235145 0.0026656959865411687
though 7.741935483870968E-4 1.1043429633770947 8.549751974532345E-4
decision 0.004903225806451613 0.9452782687474074 0.004634912801600191
necessary 7.741935483870968E-4 0.8607208807193443 6.663645528149762E-4
one 0.004903225806451613 0.06491954609931569 3.1831519377728985E-4
mann 0.00232258064516129 4.471638793363569 0.01038574171361861
black 0.0015483870967741935 2.331572629867298 0.0036101769752783968
speculate 2.5806451612903227E-4 3.0853444322436783 7.962179179983686E-4
store 2.5806451612903227E-4 1.730798769438368 4.466577469518369E-4
many 0.001032258064516129 0.20194134366360675 2.0845558055598116E-4
ideally 5.161290322580645E-4 4.0661736852554045 0.00209867028916408
consensus 5.161290322580645E-4 2.073743520565198 0.0010703192364207475
single 0.001032258064516129 0.6429973968744738 6.637392483865536E-4
confirm 2.5806451612903227E-4 0.8209805520698303 2.1186594892124656E-4
actually 5.161290322580645E-4 1.5812670354674039 8.161378247573698E-4
such 0.001032258064516129 0.10219094089654716 1.0548742286095192E-4
nlp 0.0018064516129032257 0.41119578281714936 7.42805285089044E-4
describe 2.5806451612903227E-4 0.28958865072236245 7.47325550251258E-5
abovementioned 5.161290322580645E-4 3.5553480614894135 0.0018350183543171168
dataset 0.0012903225806451613 1.1043429633770947 0.0014249586624220576
partially 0.0018064516129032257 2.169053700369523 0.003918290555506235
ratio 0.003096774193548387 1.0704414117014134 0.0033149153394624415
but 7.741935483870968E-4 0.083381608939051 6.455350369474916E-5
through 7.741935483870968E-4 0.2595111954850846 2.0091189327877518E-4
calculation 5.161290322580645E-4 1.6094379124341003 8.306776322240518E-4
medical 5.161290322580645E-4 0.9600933545325481 4.955320539522829E-4
joint 5.161290322580645E-4 1.906689435902032 9.840977733687908E-4
separate 0.00232258064516129 1.2135422553420867 0.0028185497543429107
reasonable 5.161290322580645E-4 1.5012243277938677 7.748254595065124E-4
administration 5.161290322580645E-4 2.169053700369523 0.0011195115872874959
available 7.741935483870968E-4 0.5696661237889241 4.410318377720703E-4
sighted 0.002064516129032258 5.1647859739235145 0.010662783946164675
seven 0.001032258064516129 1.5538680612792897 0.0016039928374495893
subtend 2.5806451612903227E-4 5.1647859739235145 0.0013328479932705843
remains 0.001032258064516129 1.4512139072192063 0.0014980272590649872
express 2.5806451612903227E-4 0.8743265327751228 2.2563265361938656E-4
independence 5.161290322580645E-4 2.8622008809294686 0.0014772649708023064
anymore 5.161290322580645E-4 3.7784916128036232 0.0019501892195115476
challenging 5.161290322580645E-4 1.5538680612792897 8.019964187247947E-4
research 0.003096774193548387 0.40261203912575794 0.0012467985727765407
mainly 5.161290322580645E-4 1.0059028905638423 5.191756854523057E-4
anonymise 2.5806451612903227E-4 4.0661736852554045 0.00104933514458204
either 0.0015483870967741935 0.7827593392496325 0.0012120144607736245
interzeag 5.161290322580645E-4 5.1647859739235145 0.0026656959865411687
kinaesthetic 5.161290322580645E-4 5.1647859739235145 0.0026656959865411687
white 7.741935483870968E-4 2.5998366164619773 0.0020127767353254017
tweedy 5.161290322580645E-4 5.1647859739235145 0.0026656959865411687
continue 2.5806451612903227E-4 1.5812670354674039 4.080689123786849E-4
dynamic 5.161290322580645E-4 1.7635885922613586 9.102392734252173E-4
optometry 5.161290322580645E-4 5.1647859739235145 0.0026656959865411687
stability 0.001032258064516129 2.392197251683733 0.0024693649049638534
ensure 7.741935483870968E-4 1.0216512475319812 7.909558045408886E-4
athlete 0.003096774193548387 4.471638793363569 0.013847655618158148
might 0.006709677419354839 0.7339691750802005 0.00492469640053812
adapt 2.5806451612903227E-4 1.5271998141971284 3.941160810831299E-4
degree 0.0012903225806451613 1.1394342831883648 0.0014702377847591805
this 0.007225806451612903 0.017291497110061043 1.2494501137592495E-4
weight 0.004129032258064516 1.0059028905638423 0.004153405483618445
develop 2.5806451612903227E-4 0.32850406697203605 8.47752430895577E-5
significant 0.001032258064516129 0.377294231141468 3.894650127911928E-4
finding 5.161290322580645E-4 0.7459453661269161 3.850040599364728E-4
bwd 7.741935483870968E-4 5.1647859739235145 0.003998543979811753
decrease 5.161290322580645E-4 0.7827593392496325 4.040048202578748E-4
opt 5.161290322580645E-4 2.5998366164619773 0.0013418511568836012
measure 0.002064516129032258 0.48265474679929443 9.964485095211241E-4
institutional 5.161290322580645E-4 1.3361445774344192 6.896230077080873E-4
especially 5.161290322580645E-4 0.7104386776700063 3.666780271845194E-4
once 7.741935483870968E-4 1.4271163556401458 0.0011048642753343065
goggles 5.161290322580645E-4 3.7784916128036232 0.0019501892195115476
coefficient 5.161290322580645E-4 1.6990500711237875 8.769290689671161E-4
know 2.5806451612903227E-4 0.6214911916535102 1.6038482365251876E-4
overall 7.741935483870968E-4 0.7339691750802005 5.682342000620907E-4
organise 2.5806451612903227E-4 2.8622008809294686 7.386324854011532E-4
support 0.0012903225806451613 0.5300569856938783 6.839444976695203E-4
full 0.002064516129032258 0.14750613710858965 3.0452879919192703E-4
allow 2.5806451612903227E-4 0.5398131606392429 1.3930662210044978E-4
next 7.741935483870968E-4 0.8080771472339223 6.256081139875527E-4
heavyweight 5.161290322580645E-4 5.1647859739235145 0.0026656959865411687
blind 0.002838709677419355 3.373026504695459 0.00957504298107098
distance 5.161290322580645E-4 1.4035858582299516 7.244314106993299E-4
counterintuitive 5.161290322580645E-4 5.1647859739235145 0.0026656959865411687
show 7.741935483870968E-4 0.0771896386911299 5.975972027700379E-5
rule 2.5806451612903227E-4 1.1043429633770947 2.8499173248441157E-4
description 2.5806451612903227E-4 1.157452788691043 2.9869749385575306E-4
vertical 0.0012903225806451613 2.9675613965872945 0.0038291114794674766
effort 2.5806451612903227E-4 1.252762968495368 3.2329366928912726E-4
recursively 5.161290322580645E-4 4.0661736852554045 0.00209867028916408
we 2.5806451612903227E-4 0.19497267434751336 5.031552886387442E-5
conclusion 0.001032258064516129 0.28958865072236245 2.989302201005032E-4
underrepresented 5.161290322580645E-4 3.373026504695459 0.0017409169056492692
not 0.008258064516129033 0.03488725900044054 2.881012356165412E-4
negative 7.741935483870968E-4 0.6321864807702582 4.894346947898773E-4
mashkovskiy 7.741935483870968E-4 5.1647859739235145 0.003998543979811753
now 5.161290322580645E-4 1.4035858582299516 7.244314106993299E-4
gap 5.161290322580645E-4 1.6094379124341003 8.306776322240518E-4
ophthalmology 5.161290322580645E-4 2.5998366164619773 0.0013418511568836012
definition 5.161290322580645E-4 1.252762968495368 6.465873385782545E-4
jacob 2.5806451612903227E-4 5.1647859739235145 0.0013328479932705843
factor 2.5806451612903227E-4 0.38566248081198473 9.952580149986703E-5
early 2.5806451612903227E-4 0.6214911916535102 1.6038482365251876E-4
successful 0.001032258064516129 1.3361445774344192 0.0013792460154161746
evaluator 2.5806451612903227E-4 4.471638793363569 0.0011539713015131792
normal 7.741935483870968E-4 1.4035858582299516 0.0010866471160489947
allocation 5.161290322580645E-4 2.120263536200091 0.0010943295670710147
figure 0.004387096774193549 0.18805223150293962 8.250033382064449E-4
gradual 5.161290322580645E-4 3.7784916128036232 0.0019501892195115476
previous 7.741935483870968E-4 0.32850406697203605 2.543257292686731E-4
apply 2.5806451612903227E-4 0.41119578281714936 1.0611504072700629E-4
effectively 5.161290322580645E-4 1.6384254493073527 8.456389415779885E-4
start 2.5806451612903227E-4 0.8472978603872037 2.1865751235798804E-4
yet 0.003870967741935484 1.4271163556401458 0.005524321376671532
experimentally 5.161290322580645E-4 3.5553480614894135 0.0018350183543171168
argue 5.161290322580645E-4 1.6990500711237875 8.769290689671161E-4
indeed 7.741935483870968E-4 2.2744142160273495 0.0017608368124082704
way 7.741935483870968E-4 0.8340526336371831 6.457181679771739E-4
pair 2.5806451612903227E-4 1.293584963015623 3.338283775524189E-4
target 5.161290322580645E-4 0.8743265327751228 4.512653072387731E-4
equal 0.001032258064516129 1.293584963015623 0.0013353135102096756
bevers 5.161290322580645E-4 5.1647859739235145 0.0026656959865411687
what 0.001032258064516129 0.8209805520698303 8.474637956849862E-4
clarity 5.161290322580645E-4 3.0853444322436783 0.0015924358359967372
impairment 0.008516129032258065 2.7668907011251433 0.023563198228936707
refer 5.161290322580645E-4 0.7827593392496325 4.040048202578748E-4
unbiased 5.161290322580645E-4 3.5553480614894135 0.0018350183543171168
learner 2.5806451612903227E-4 3.373026504695459 8.704584528246346E-4
risk 5.161290322580645E-4 0.758066726659261 3.912602460176831E-4
time 0.001032258064516129 0.167573700159399 1.7297930339034738E-4
base 2.5806451612903227E-4 0.14090545307723773 3.6362697568319414E-5
disadvantaged 7.741935483870968E-4 4.0661736852554045 0.0031480054337461195
moshfeghi 5.161290322580645E-4 4.471638793363569 0.0023079426030263583
trend 7.741935483870968E-4 1.1394342831883648 8.821426708555082E-4
eligibility 7.741935483870968E-4 3.373026504695459 0.0026113753584739038
competition 0.002838709677419355 2.5998366164619773 0.007380181362859807
whole 7.741935483870968E-4 1.252762968495368 9.698810078673817E-4
decide 7.741935483870968E-4 1.6384254493073527 0.0012684584123669827
during 0.00232258064516129 0.28958865072236245 6.72592995226132E-4
when 0.003870967741935484 0.14750613710858965 5.709914984848632E-4
three 0.0015483870967741935 0.22314355131420976 3.455125955832925E-4
loss 5.161290322580645E-4 0.9162907318741551 4.7292424870924135E-4
relate 2.5806451612903227E-4 0.27443684570176036 7.082241179400267E-5
largely 7.741935483870968E-4 1.79749014393704 0.0013916052727254503
justify 5.161290322580645E-4 2.8622008809294686 0.0014772649708023064
broad 2.5806451612903227E-4 1.2135422553420867 3.1317219492699015E-4
specifically 5.161290322580645E-4 1.3805963400052528 7.125658529059369E-4
sharpness 7.741935483870968E-4 5.1647859739235145 0.003998543979811753
severely 0.0015483870967741935 2.7668907011251433 0.004284217859806674
between 0.019096774193548386 0.058840500022933395 0.0011236637423734377
designate 2.5806451612903227E-4 3.2188758248682006 8.306776322240518E-4
case 0.0012903225806451613 0.24480504809538922 3.1587748141340545E-4
metre 2.5806451612903227E-4 5.1647859739235145 0.0013328479932705843
brvt 7.741935483870968E-4 5.1647859739235145 0.003998543979811753
still 0.0015483870967741935 0.5300569856938783 8.207333972034244E-4
researcher 2.5806451612903227E-4 1.0539121097502027 2.719773186452136E-4
method 5.161290322580645E-4 0.0958817717032825 4.9487366040403875E-5
inconclusive 5.161290322580645E-4 3.5553480614894135 0.0018350183543171168
work 0.001032258064516129 0.4285875255290187 4.4241292957834187E-4
judo 0.01367741935483871 5.1647859739235145 0.07064094364334098
lose 2.5806451612903227E-4 1.8689491079191851 4.82309447204951E-4
eighteen 5.161290322580645E-4 4.471638793363569 0.0023079426030263583
agree 2.5806451612903227E-4 1.79749014393704 4.6386842424181685E-4
grouping 5.161290322580645E-4 2.9675613965872945 0.0015316445917869907
exist 5.161290322580645E-4 0.664976303593249 3.432135760481285E-4
bootstrapping 7.741935483870968E-4 3.7784916128036232 0.002925283829267321
allocate 5.161290322580645E-4 2.8622008809294686 0.0014772649708023064
provide 7.741935483870968E-4 0.167573700159399 1.2973447754276052E-4
light 0.002064516129032258 1.2729656758128876 0.002628058169420155
legitimacy 5.161290322580645E-4 3.5553480614894135 0.0018350183543171168
apparently 5.161290322580645E-4 3.2188758248682006 0.0016613552644481036
exact 0.001032258064516129 1.5271998141971284 0.0015764643243325197
completely 5.161290322580645E-4 1.3805963400052528 7.125658529059369E-4
substantially 0.0018064516129032257 2.5257286443082556 0.004562606583266526
sensitivity 5.161290322580645E-4 2.0292917579943643 0.0010473763912228979
card 5.161290322580645E-4 3.2188758248682006 0.0016613552644481036
continental 5.161290322580645E-4 4.471638793363569 0.0023079426030263583
purely 5.161290322580645E-4 2.6798793241355137 0.0013831635221344587
study 0.0015483870967741935 0.07103577311675174 1.0999087450335754E-4
gender 0.00232258064516129 2.2744142160273495 0.005282510437224812
direct 0.0015483870967741935 0.8743265327751228 0.0013537959217163192
pattern 5.161290322580645E-4 0.9751312318970885 5.032935390436586E-4
range 0.003096774193548387 0.3941013494578493 0.0012204428886436623
bootstrap 0.0015483870967741935 3.373026504695459 0.0052227507169478075
variability 0.0015483870967741935 2.2203469947570738 0.003437956637043211
distribution 7.741935483870968E-4 0.9600933545325481 7.432980809284243E-4
out 7.741935483870968E-4 0.368995428326773 2.85673879994921E-4
weak 5.161290322580645E-4 2.073743520565198 0.0010703192364207475
across 0.0018064516129032257 0.7703368192510752 0.0013915761896148456
fall 5.161290322580645E-4 1.6682784124570338 8.61046922558469E-4
low 0.001032258064516129 0.28958865072236245 2.989302201005032E-4
consult 2.5806451612903227E-4 2.8622008809294686 7.386324854011532E-4
merely 5.161290322580645E-4 2.5257286443082556 0.0013036018809332933
undergo 5.161290322580645E-4 1.3581234841531944 7.009669595629391E-4
include 5.161290322580645E-4 0.0771896386911299 3.9839813518002524E-5
means 0.001032258064516129 0.6988778552689304 7.214223022130895E-4
grip 7.741935483870968E-4 4.471638793363569 0.003461913904539537
more 0.006967741935483871 0.05279818556697083 3.678841316924419E-4
rudimentary 7.741935483870968E-4 4.471638793363569 0.003461913904539537
display 0.0018064516129032257 0.16083966797805488 2.9054907763777655E-4
csvdisplay 7.741935483870968E-4 0.2669461739726028 2.066680056562086E-4
continued 0.001032258064516129 1.906689435902032 0.0019681955467375817
consistent 5.161290322580645E-4 0.9306794693262548 4.803506938458089E-4
suggest 0.0012903225806451613 0.5013468798114469 6.468991997567057E-4
lead 5.161290322580645E-4 0.3127557100038969 1.6142230193749518E-4
opinion 0.001032258064516129 1.8689491079191851 0.001929237788819804
conceptual 5.161290322580645E-4 2.120263536200091 0.0010943295670710147
expect 2.5806451612903227E-4 0.8743265327751228 2.2563265361938656E-4
help 5.161290322580645E-4 0.6874491594453075 3.548124693911265E-4
depth 5.161290322580645E-4 2.7668907011251433 0.0014280726199355578
wfd 7.741935483870968E-4 5.1647859739235145 0.003998543979811753
assess 0.001032258064516129 0.6761496041913742 6.979608817459346E-4
randomly 0.001032258064516129 1.6384254493073527 0.001691277883155977
minimum 5.161290322580645E-4 1.3361445774344192 6.896230077080873E-4
first 0.002838709677419355 0.167573700159399 4.756930843234553E-4
resample 2.5806451612903227E-4 4.471638793363569 0.0011539713015131792
span 2.5806451612903227E-4 1.9867321435755685 5.127050693098242E-4
date 5.161290322580645E-4 1.6384254493073527 8.456389415779885E-4
wfp 5.161290322580645E-4 5.1647859739235145 0.0026656959865411687
small 5.161290322580645E-4 0.45525577261118 2.349707213477058E-4
bout 5.161290322580645E-4 5.1647859739235145 0.0026656959865411687
questionable 5.161290322580645E-4 3.5553480614894135 0.0018350183543171168
allen 5.161290322580645E-4 4.0661736852554045 0.00209867028916408
theoretical 5.161290322580645E-4 1.5538680612792897 8.019964187247947E-4
before 5.161290322580645E-4 0.5203950747821414 2.685910063391698E-4
own 5.161290322580645E-4 1.293584963015623 6.676567551048378E-4
krabben 0.0033548387096774194 5.1647859739235145 0.017327023912517597
clearly 5.161290322580645E-4 1.6384254493073527 8.456389415779885E-4
space 5.161290322580645E-4 1.293584963015623 6.676567551048378E-4
cloud 5.161290322580645E-4 2.5998366164619773 0.0013418511568836012
percentage 5.161290322580645E-4 1.2329603411991883 6.363666277157101E-4
talent 5.161290322580645E-4 5.1647859739235145 0.0026656959865411687
only 0.005419354838709678 0.10854016857520597 5.882176877624066E-4
should 0.002838709677419355 0.368995428326773 0.0010474708933147106
few 5.161290322580645E-4 0.5013468798114469 2.587596799026823E-4
create 2.5806451612903227E-4 0.7339691750802005 1.894114000206969E-4
from 0.005935483870967742 0.023122417420854212 1.372427356592637E-4
consider 2.5806451612903227E-4 0.17435338714477774 4.4994422488974906E-5
potential 5.161290322580645E-4 0.4373981552111735 2.2575388656060567E-4
group 0.00232258064516129 0.41119578281714936 9.550353665430565E-4
combination 5.161290322580645E-4 0.6761496041913742 3.489804408729673E-4
obtain 5.161290322580645E-4 0.3526016185510966 1.8198793215540472E-4
humphrey 5.161290322580645E-4 3.5553480614894135 0.0018350183543171168
development 0.001032258064516129 0.5596157879354227 5.776679101268879E-4
multidisciplinary 7.741935483870968E-4 2.9675613965872945 0.002297466887680486
individual 0.001032258064516129 0.6214911916535102 6.41539294610075E-4
like 5.161290322580645E-4 0.7703368192510752 3.9759319703281304E-4
tree 0.0033548387096774194 1.730798769438368 0.00580655071037388
archive 2.5806451612903227E-4 3.2188758248682006 8.306776322240518E-4
both 5.161290322580645E-4 0.13434805253107854 6.934093033862119E-5
important 7.741935483870968E-4 0.2669461739726028 2.066680056562086E-4
most 0.00567741935483871 0.0771896386911299 4.382379486980278E-4
histogram 0.001032258064516129 2.9675613965872945 0.0030632891835739814
twice 5.161290322580645E-4 2.5257286443082556 0.0013036018809332933
effect 5.161290322580645E-4 0.4919571394616079 2.539133623027654E-4
clinically 5.161290322580645E-4 2.2744142160273495 0.0011738912082721804
perceive 7.741935483870968E-4 1.5012243277938677 0.0011622381892597686
replacement 0.001032258064516129 2.392197251683733 0.0024693649049638534
who 0.0036129032258064514 0.44628710262841953 0.0016123921127220318
potentially 5.161290322580645E-4 1.1394342831883648 5.880951139036722E-4
option 0.001032258064516129 1.6990500711237875 0.0017538581379342322
limitation 5.161290322580645E-4 0.6988778552689304 3.6071115110654475E-4
classify 5.161290322580645E-4 0.9162907318741551 4.7292424870924135E-4
note 2.5806451612903227E-4 0.5013468798114469 1.2937983995134114E-4
critical 5.161290322580645E-4 1.2135422553420867 6.263443898539803E-4
purpose 2.5806451612903227E-4 0.9021060968821986 2.328015733889545E-4
advice 5.161290322580645E-4 2.7668907011251433 0.0014280726199355578
line 0.0018064516129032257 0.9021060968821986 0.0016296110137226812
scientific 5.161290322580645E-4 1.8325814637483102 9.458484974184827E-4
numeric 7.741935483870968E-4 2.9675613965872945 0.002297466887680486
point 0.004903225806451613 0.5108256237659907 0.002504693381046148
necessarily 5.161290322580645E-4 1.6990500711237875 8.769290689671161E-4
ocular 5.161290322580645E-4 1.5538680612792897 8.019964187247947E-4
can 0.00232258064516129 0.0958817717032825 2.2269314718181742E-4
inclusion 5.161290322580645E-4 1.3581234841531944 7.009669595629391E-4
jackson 5.161290322580645E-4 5.1647859739235145 0.0026656959865411687
para 0.0025806451612903226 5.1647859739235145 0.013328479932705844
eligible 0.0012903225806451613 2.7668907011251433 0.0035701815498388944
goldmann 5.161290322580645E-4 3.373026504695459 0.0017409169056492692
visually 0.0012903225806451613 2.9675613965872945 0.0038291114794674766
sheet 2.5806451612903227E-4 3.5553480614894135 9.175091771585584E-4
predictor 5.161290322580645E-4 1.8325814637483102 9.458484974184827E-4
david 0.00232258064516129 2.2744142160273495 0.005282510437224812
win 0.005419354838709678 3.5553480614894135 0.019267692720329726
value 0.002064516129032258 0.34450440831847723 7.11234907496211E-4
introduction 5.161290322580645E-4 0.10219094089654716 5.274371143047596E-5
move 2.5806451612903227E-4 1.4512139072192063 3.745068147662468E-4
process 5.161290322580645E-4 0.41985384556026406 2.1669875899884598E-4
amount 5.161290322580645E-4 0.9306794693262548 4.803506938458089E-4
original 0.0012903225806451613 1.1944940603713923 0.001541282658543732
philosopher 2.5806451612903227E-4 3.5553480614894135 9.175091771585584E-4
limited 0.0012903225806451613 0.5696661237889241 7.350530629534504E-4
will 7.741935483870968E-4 0.3526016185510966 2.7298189823310703E-4
advantage 0.0012903225806451613 1.0376515888784226 0.0013389052759721581
match 7.741935483870968E-4 1.5271998141971284 0.0011823482432493898
also 0.0012903225806451613 0.05279818556697083 6.812669105415591E-5
enough 5.161290322580645E-4 1.4512139072192063 7.490136295324936E-4
instead 5.161290322580645E-4 1.0376515888784226 5.355621103888633E-4
increase 5.161290322580645E-4 0.16083966797805488 8.301402218222188E-5
differ 7.741935483870968E-4 1.0059028905638423 7.787635281784586E-4
performance 0.014709677419354838 0.7703368192510752 0.01133140611543517
currently 0.0012903225806451613 1.4035858582299516 0.0018110785267483247
build 2.5806451612903227E-4 0.9162907318741551 2.3646212435462068E-4
response 5.161290322580645E-4 1.0539121097502027 5.439546372904272E-4
mean 5.161290322580645E-4 0.5398131606392429 2.7861324420089956E-4
equitably 5.161290322580645E-4 5.1647859739235145 0.0026656959865411687
variable 5.161290322580645E-4 0.8080771472339223 4.1707207599170186E-4
challenge 5.161290322580645E-4 0.9751312318970885 5.032935390436586E-4
further 0.002838709677419355 0.27443684570176036 7.790465297340295E-4
category 5.161290322580645E-4 0.8080771472339223 4.1707207599170186E-4
account 5.161290322580645E-4 0.7459453661269161 3.850040599364728E-4
simply 5.161290322580645E-4 1.4512139072192063 7.490136295324936E-4
