optimal 6.564551422319475E-4 1.2329603411991883 8.093831561482637E-4
sufficiently 4.37636761487965E-4 2.120263536200091 9.279052674836285E-4
year 4.37636761487965E-4 0.5203950747821414 2.2774401522194373E-4
lipm 0.00350109409190372 5.1647859739235145 0.01808240165925082
shooting 0.0015317286652078775 3.5553480614894135 0.005445828540574594
accuracy 4.37636761487965E-4 1.0539121097502027 4.612306826040274E-4
without 8.7527352297593E-4 0.32850406697203605 2.8753091201053483E-4
via 0.0010940919037199124 0.9021060968821986 9.869869768951843E-4
setting 4.37636761487965E-4 1.1394342831883648 4.986583296229168E-4
combinatorial 4.37636761487965E-4 3.5553480614894135 0.0015559510115927412
because 0.00262582056892779 0.34450440831847723 9.046067614489555E-4
terrain 4.37636761487965E-4 4.471638793363569 0.001956953520071584
anymal 4.37636761487965E-4 5.1647859739235145 0.0022603002074063523
successfully 6.564551422319475E-4 1.5538680612792897 0.0010200446791767766
everlasting 4.37636761487965E-4 5.1647859739235145 0.0022603002074063523
require 4.37636761487965E-4 0.3127557100038969 1.3687339606297457E-4
community 0.0010940919037199124 1.6384254493073527 0.0017925880189358344
avoidance 4.37636761487965E-4 3.373026504695459 0.001476160395927991
planning 0.0028446389496717722 2.331572629867298 0.0066324823169091615
selection 4.37636761487965E-4 1.0872485300177945 4.758199256095381E-4
size 8.7527352297593E-4 0.12136085700426753 1.0622394486150332E-4
left 6.564551422319475E-4 1.2729656758128876 8.356448637721363E-4
guess 4.37636761487965E-4 3.2188758248682006 0.0014086983916272212
detail 4.37636761487965E-4 1.0216512475319812 4.471121433400356E-4
placement 0.0019693654266958426 2.9675613965872945 0.005844212816036248
inefficient 4.37636761487965E-4 3.2188758248682006 0.0014086983916272212
chapter 4.37636761487965E-4 2.6798793241355137 0.0011728137085932227
criterion 0.0010940919037199124 1.0376515888784226 0.0011352862022739852
achieve 4.37636761487965E-4 0.6109090823229731 2.673562723514106E-4
perturbation 4.37636761487965E-4 3.5553480614894135 0.0015559510115927412
matrix 8.7527352297593E-4 1.4759065198095778 0.0012918218991768734
uncertainty 2.188183807439825E-4 1.9867321435755685 4.3473351062922724E-4
example 6.564551422319475E-4 0.6988778552689304 4.5878196188332414E-4
same 0.0015317286652078775 0.2972515234679317 4.5530867927254313E-4
aspect 4.37636761487965E-4 0.9452782687474074 4.136885202395656E-4
close 2.188183807439825E-4 0.6988778552689304 1.529273206277747E-4
connect 2.188183807439825E-4 1.293584963015623 2.8306016696184313E-4
hand 6.564551422319475E-4 1.4512139072192063 9.526568318725643E-4
minimize 4.37636761487965E-4 1.79749014393704 7.866477653991423E-4
aba 6.564551422319475E-4 5.1647859739235145 0.003390450311109528
address 2.188183807439825E-4 0.7827593392496325 1.7128213112683425E-4
mitigate 6.564551422319475E-4 1.8689491079191851 0.00122688125246336
learn 2.188183807439825E-4 1.252762968495368 2.741275642221812E-4
posture 6.564551422319475E-4 5.1647859739235145 0.003390450311109528
abbreviation 2.188183807439825E-4 2.7668907011251433 6.054465429157863E-4
the 0.12603938730853392 0.017291497110061043 0.002179409701399379
halt 4.37636761487965E-4 4.0661736852554045 0.0017795070832627592
component 2.188183807439825E-4 0.9600933545325481 2.100860732018705E-4
movable 4.37636761487965E-4 5.1647859739235145 0.0022603002074063523
fast 0.0010940919037199124 1.3581234841531944 0.0014859119082638887
information 4.37636761487965E-4 0.3049735695618419 1.3346764532246911E-4
exploit 4.37636761487965E-4 1.8689491079191851 8.179208349755734E-4
discuss 2.188183807439825E-4 0.7827593392496325 1.7128213112683425E-4
predefined 8.7527352297593E-4 2.2203469947570738 0.0019434109363300428
compute 0.001312910284463895 1.2729656758128876 0.0016712897275442725
act 4.37636761487965E-4 1.121734706088964 4.909123440214285E-4
implement 0.001312910284463895 1.0376515888784226 0.0013623434427287825
ith 4.37636761487965E-4 2.9675613965872945 0.0012987139591191662
todorov 4.37636761487965E-4 5.1647859739235145 0.0022603002074063523
finite 4.37636761487965E-4 2.331572629867298 0.001020381894909102
its 0.002188183807439825 0.19497267434751336 4.266360489004669E-4
often 0.002188183807439825 0.5900749954201312 0.00129119255015346
tractable 4.37636761487965E-4 4.471638793363569 0.001956953520071584
list 2.188183807439825E-4 0.8472978603872037 1.8540434581776886E-4
article 2.188183807439825E-4 1.252762968495368 2.741275642221812E-4
respect 4.37636761487965E-4 1.5812670354674039 6.920205844496298E-4
lack 8.7527352297593E-4 0.5696661237889241 4.986136750887739E-4
external 6.564551422319475E-4 1.4759065198095778 9.68866424382655E-4
therefore 4.37636761487965E-4 1.1394342831883648 4.986583296229168E-4
useful 4.37636761487965E-4 0.9162907318741551 4.010025084788425E-4
unsolved 4.37636761487965E-4 4.0661736852554045 0.0017795070832627592
technical 4.37636761487965E-4 2.0292917579943643 8.880926730828728E-4
atla 2.188183807439825E-4 3.5553480614894135 7.779755057963706E-4
choose 2.188183807439825E-4 0.7221347174331975 1.5801634954774562E-4
differentiable 4.37636761487965E-4 4.0661736852554045 0.0017795070832627592
interface 4.37636761487965E-4 1.9459101490553132 8.516018157791306E-4
analytically 8.7527352297593E-4 3.2188758248682006 0.0028173967832544424
grf 2.188183807439825E-4 5.1647859739235145 0.0011301501037031762
hard 8.7527352297593E-4 1.6990500711237875 0.001487133541465022
projection 4.37636761487965E-4 2.2744142160273495 9.95367271784398E-4
reinforcement 4.37636761487965E-4 3.5553480614894135 0.0015559510115927412
incapable 4.37636761487965E-4 4.471638793363569 0.001956953520071584
multiple 8.7527352297593E-4 0.5108256237659907 4.4711214334003564E-4
perform 6.564551422319475E-4 0.2669461739726028 1.7523818860345916E-4
improvement 2.188183807439825E-4 0.9306794693262548 2.0364977446964E-4
concentrate 2.188183807439825E-4 2.456735772821304 5.375789437245742E-4
versatile 4.37636761487965E-4 4.0661736852554045 0.0017795070832627592
snopt 4.37636761487965E-4 4.471638793363569 0.001956953520071584
special 4.37636761487965E-4 1.4512139072192063 6.351045545817096E-4
with 0.014442013129102845 0.017291497110061043 2.4972402828534547E-4
horizon 0.0010940919037199124 2.6798793241355137 0.0029320342714830566
there 6.564551422319475E-4 0.12136085700426753 7.966795864612748E-5
well 6.564551422319475E-4 0.3127557100038969 2.0531009409446185E-4
suitable 6.564551422319475E-4 1.121734706088964 7.363685160321426E-4
handling 4.37636761487965E-4 2.456735772821304 0.0010751578874491484
linearize 2.188183807439825E-4 3.373026504695459 7.380801979639955E-4
lyapunov 4.37636761487965E-4 5.1647859739235145 0.0022603002074063523
focus 4.37636761487965E-4 0.4285875255290187 1.8756565668666026E-4
pioneer 6.564551422319475E-4 3.5553480614894135 0.0023339265173891116
approach 0.0015317286652078775 0.40261203912575794 6.16692401286719E-4
number 6.564551422319475E-4 0.14750613710858965 9.683116221570436E-5
slack 4.37636761487965E-4 4.0661736852554045 0.0017795070832627592
property 6.564551422319475E-4 1.4035858582299516 9.21391154199093E-4
passivity 4.37636761487965E-4 4.471638793363569 0.001956953520071584
write 2.188183807439825E-4 0.9162907318741551 2.0050125423942125E-4
algorithm 8.7527352297593E-4 0.8472978603872037 7.416173832710754E-4
similar 4.37636761487965E-4 0.20895891632225325 9.144810342330559E-5
period 6.564551422319475E-4 0.7953381214564925 5.221037996432117E-4
specify 2.188183807439825E-4 1.5538680612792897 3.4001489305892556E-4
handle 4.37636761487965E-4 1.5812670354674039 6.920205844496298E-4
quadrup 2.188183807439825E-4 5.1647859739235145 0.0011301501037031762
propose 2.188183807439825E-4 0.6214911916535102 1.359936962042692E-4
ever 4.37636761487965E-4 2.7668907011251433 0.0012108930858315725
angular 0.0024070021881838076 4.0661736852554045 0.009787288957945176
system 0.0024070021881838076 0.36076492919025743 8.683619739809261E-4
even 8.7527352297593E-4 0.377294231141468 3.3023565088968754E-4
strongly 4.37636761487965E-4 1.6990500711237875 7.43566770732511E-4
toolbox 6.564551422319475E-4 3.373026504695459 0.002214240593891986
neunert 0.0010940919037199124 5.1647859739235145 0.00565075051851588
other 0.0015317286652078775 0.0408219945202552 6.252821917763379E-5
cmm 4.37636761487965E-4 5.1647859739235145 0.0022603002074063523
humanoid 0.004814004376367615 4.471638793363569 0.021526488720787423
against 6.564551422319475E-4 0.9600933545325481 6.302582196056114E-4
locomotion 8.7527352297593E-4 5.1647859739235145 0.004520600414812705
air 4.37636761487965E-4 2.5257286443082556 0.0011053517042924532
cell 2.188183807439825E-4 1.3361445774344192 2.9237299287405234E-4
local 4.37636761487965E-4 1.0704414117014134 4.68464512779612E-4
recursive 4.37636761487965E-4 3.5553480614894135 0.0015559510115927412
cito 0.0010940919037199124 5.1647859739235145 0.00565075051851588
valid 0.0010940919037199124 1.79749014393704 0.0019666194134978555
inertia 0.0010940919037199124 4.0661736852554045 0.004448767708156898
too 4.37636761487965E-4 1.3361445774344192 5.847459857481047E-4
yield 2.188183807439825E-4 1.4512139072192063 3.175522772908548E-4
have 0.007221006564551422 0.017291497110061043 1.2486201414267274E-4
stochastic 4.37636761487965E-4 2.456735772821304 0.0010751578874491484
linear 0.008096280087527353 1.3146383722134554 0.01064368047525117
robust 6.564551422319475E-4 1.6682784124570338 0.0010951499425319697
particularly 0.002188183807439825 0.9751312318970885 0.002133766371766058
framework 6.564551422319475E-4 1.4035858582299516 9.21391154199093E-4
powerful 4.37636761487965E-4 2.0292917579943643 8.880926730828728E-4
future 6.564551422319475E-4 0.48265474679929443 3.168411904590554E-4
polynomial 6.564551422319475E-4 2.9675613965872945 0.0019480709386787492
regard 2.188183807439825E-4 0.4919571394616079 1.0764926465243061E-4
impractical 4.37636761487965E-4 3.5553480614894135 0.0015559510115927412
cite 2.188183807439825E-4 2.2744142160273495 4.97683635892199E-4
constraint 0.001312910284463895 1.6682784124570338 0.0021902998850639394
movement 4.37636761487965E-4 2.0292917579943643 8.880926730828728E-4
com 0.006564551422319475 5.1647859739235145 0.03390450311109528
cop 4.37636761487965E-4 4.0661736852554045 0.0017795070832627592
almost 4.37636761487965E-4 1.1043429633770947 4.833010780643741E-4
body 8.7527352297593E-4 1.4035858582299516 0.001228521538932124
associate 2.188183807439825E-4 0.38566248081198473 8.439003956498572E-5
correspond 2.188183807439825E-4 0.8743265327751228 1.9131871614335293E-4
mode 4.37636761487965E-4 1.9867321435755685 8.694670212584545E-4
identical 4.37636761487965E-4 2.2744142160273495 9.95367271784398E-4
optimize 8.7527352297593E-4 1.9867321435755685 0.001738934042516909
whether 4.37636761487965E-4 0.5300569856938783 2.3197242262314147E-4
function 0.0015317286652078775 0.5496654570822546 8.419383368874797E-4
net 4.37636761487965E-4 2.9675613965872945 0.0012987139591191662
capturable 6.564551422319475E-4 5.1647859739235145 0.003390450311109528
all 0.0015317286652078775 0.017291497110061043 2.6485881787839674E-5
tilting 4.37636761487965E-4 5.1647859739235145 0.0022603002074063523
comparison 4.37636761487965E-4 0.6988778552689304 3.058546412555494E-4
below 4.37636761487965E-4 1.4035858582299516 6.14260769466062E-4
applicable 4.37636761487965E-4 2.120263536200091 9.279052674836285E-4
articulate 2.188183807439825E-4 3.2188758248682006 7.043491958136106E-4
yuichi 8.7527352297593E-4 5.1647859739235145 0.004520600414812705
real 8.7527352297593E-4 1.3361445774344192 0.0011694919714962094
linearly 6.564551422319475E-4 2.9675613965872945 0.0019480709386787492
tool 8.7527352297593E-4 0.8743265327751228 7.652748645734117E-4
traverse 4.37636761487965E-4 4.471638793363569 0.001956953520071584
unit 4.37636761487965E-4 1.1043429633770947 4.833010780643741E-4
condition 8.7527352297593E-4 0.8607208807193443 7.533661975661657E-4
rigorous 4.37636761487965E-4 3.2188758248682006 0.0014086983916272212
hybrid 8.7527352297593E-4 2.073743520565198 0.0018150927969936088
improve 0.001312910284463895 0.377294231141468 4.953534763345313E-4
try 6.564551422319475E-4 1.3581234841531944 8.915471449583333E-4
boundary 4.37636761487965E-4 2.169053700369523 9.492576369232049E-4
facilitate 2.188183807439825E-4 1.2729656758128876 2.7854828792404544E-4
leverage 8.7527352297593E-4 2.2744142160273495 0.001990734543568796
nonconvex 0.001312910284463895 4.0661736852554045 0.0053385212497882775
technique 4.37636761487965E-4 0.7953381214564925 3.480691997621412E-4
cause 2.188183807439825E-4 0.5398131606392429 1.1812104171537045E-4
around 8.7527352297593E-4 1.0216512475319812 8.942242866800712E-4
toro 4.37636761487965E-4 5.1647859739235145 0.0022603002074063523
ipopt 4.37636761487965E-4 3.373026504695459 0.001476160395927991
and 0.04288840262582057 0.017291497110061043 7.416046900595108E-4
design 2.188183807439825E-4 0.6004377824556778 1.3138682329445905E-4
convex 0.0010940919037199124 3.0853444322436783 0.0033756503635051184
define 2.188183807439825E-4 0.3526016185510966 7.715571521905834E-5
reachability 4.37636761487965E-4 4.471638793363569 0.001956953520071584
possibility 2.188183807439825E-4 1.0704414117014134 2.34232256389806E-4
direction 4.37636761487965E-4 1.3581234841531944 5.943647633055556E-4
penetration 4.37636761487965E-4 2.9675613965872945 0.0012987139591191662
aforementioned 0.0010940919037199124 2.0292917579943643 0.002220231682707182
abstraction 4.37636761487965E-4 3.373026504695459 0.001476160395927991
accord 2.188183807439825E-4 0.4919571394616079 1.0764926465243061E-4
automatic 0.0010940919037199124 1.5812670354674039 0.0017300514611240743
specific 6.564551422319475E-4 0.40261203912575794 2.642967434085938E-4
intuitive 4.37636761487965E-4 2.7668907011251433 0.0012108930858315725
application 0.0019693654266958426 0.7703368192510752 0.0015170746987439119
stable 4.37636761487965E-4 1.8689491079191851 8.179208349755734E-4
harness 2.188183807439825E-4 4.0661736852554045 8.897535416313796E-4
respond 2.188183807439825E-4 1.6682784124570338 3.650499808439899E-4
strategy 4.37636761487965E-4 0.9021060968821986 3.947947907580738E-4
walk 2.188183807439825E-4 3.2188758248682006 7.043491958136106E-4
accurate 4.37636761487965E-4 1.3805963400052528 6.041997111620362E-4
maintain 2.188183807439825E-4 1.2329603411991883 2.697943853827546E-4
leg 2.188183807439825E-4 4.471638793363569 9.78476760035792E-4
formulation 6.564551422319475E-4 2.120263536200091 0.0013918579012254426
let 8.7527352297593E-4 1.79749014393704 0.0015732955307982846
state 0.002188183807439825 0.6761496041913742 0.0014795396152984116
fully 4.37636761487965E-4 1.2729656758128876 5.570965758480909E-4
inefficiency 4.37636761487965E-4 3.5553480614894135 0.0015559510115927412
littledog 4.37636761487965E-4 5.1647859739235145 0.0022603002074063523
sampling 8.7527352297593E-4 1.8689491079191851 0.0016358416699511467
murooka 8.7527352297593E-4 5.1647859739235145 0.004520600414812705
recognize 2.188183807439825E-4 1.4035858582299516 3.07130384733031E-4
each 0.001312910284463895 0.13434805253107854 1.7638693986574862E-4
input 0.0010940919037199124 0.990398704027877 0.0010835872035315941
slow 2.188183807439825E-4 2.331572629867298 5.10190947454551E-4
difference 4.37636761487965E-4 0.36076492919025743 1.5788399526925928E-4
reality 4.37636761487965E-4 2.6798793241355137 0.0011728137085932227
must 0.0015317286652078775 1.0376515888784226 0.0015894006831835795
disturbance 2.188183807439825E-4 2.5998366164619773 5.688920386131242E-4
complexity 6.564551422319475E-4 1.5271998141971284 0.0010025381712453797
robcogen 6.564551422319475E-4 5.1647859739235145 0.003390450311109528
frequently 4.37636761487965E-4 1.157452788691043 5.065438900179619E-4
another 8.7527352297593E-4 0.40261203912575794 3.523956578781251E-4
simultaneous 6.564551422319475E-4 2.9675613965872945 0.0019480709386787492
deterministic 4.37636761487965E-4 2.8622008809294686 0.0012526043242579732
piecewise 4.37636761487965E-4 4.0661736852554045 0.0017795070832627592
two 0.0019693654266958426 0.11492996667397702 2.2633910285903573E-4
responsiveness 4.37636761487965E-4 3.7784916128036232 0.0016536068327368154
moment 0.0010940919037199124 3.5553480614894135 0.0038898775289818526
structured 4.37636761487965E-4 1.3805963400052528 6.041997111620362E-4
where 0.0019693654266958426 0.32850406697203605 6.469445520237034E-4
attribute 2.188183807439825E-4 1.293584963015623 2.8306016696184313E-4
graphic 2.188183807439825E-4 3.373026504695459 7.380801979639955E-4
coarsen 2.188183807439825E-4 5.1647859739235145 0.0011301501037031762
dynamical 0.00350109409190372 4.0661736852554045 0.014236056666102073
simplification 2.188183807439825E-4 3.7784916128036232 8.268034163684077E-4
entirely 4.37636761487965E-4 2.456735772821304 0.0010751578874491484
call 2.188183807439825E-4 1.0539121097502027 2.306153413020137E-4
such 0.006783369803063457 0.10219094089654716 6.931989426242805E-4
nlp 0.0037199124726477024 0.41119578281714936 0.0015296123212016498
extensively 8.7527352297593E-4 2.456735772821304 0.002150315774898297
describe 4.37636761487965E-4 0.28958865072236245 1.2673463926580415E-4
technological 4.37636761487965E-4 2.9675613965872945 0.0012987139591191662
through 4.37636761487965E-4 0.2595111954850846 1.1357163916196263E-4
lie 6.564551422319475E-4 2.2203469947570738 0.001457558202247532
incorporate 4.37636761487965E-4 1.6384254493073527 7.170352075743338E-4
challenging 0.001312910284463895 1.5538680612792897 0.002040089358353553
research 0.0019693654266958426 0.40261203912575794 7.928902302257816E-4
nganga 4.37636761487965E-4 5.1647859739235145 0.0022603002074063523
either 4.37636761487965E-4 0.7827593392496325 3.425642622536685E-4
counterpart 4.37636761487965E-4 2.8622008809294686 0.0012526043242579732
keyword 2.188183807439825E-4 1.8689491079191851 4.089604174877867E-4
pendulum 6.564551422319475E-4 5.1647859739235145 0.003390450311109528
stability 0.00262582056892779 2.392197251683733 0.006281480748403675
realize 8.7527352297593E-4 2.2203469947570738 0.0019434109363300428
solver 4.37636761487965E-4 2.7668907011251433 0.0012108930858315725
actual 4.37636761487965E-4 1.293584963015623 5.661203339236863E-4
widely 0.0010940919037199124 1.0059028905638423 0.001100550208494357
weight 2.188183807439825E-4 1.0059028905638423 2.201100416988714E-4
develop 2.188183807439825E-4 0.32850406697203605 7.188272800263371E-5
significant 6.564551422319475E-4 0.377294231141468 2.4767673816726565E-4
euler 4.37636761487965E-4 4.471638793363569 0.001956953520071584
difficulty 6.564551422319475E-4 1.4512139072192063 9.526568318725643E-4
pinocchio 0.0010940919037199124 5.1647859739235145 0.00565075051851588
name 4.37636761487965E-4 1.157452788691043 5.065438900179619E-4
centroidal 0.0050328227571115975 5.1647859739235145 0.02599345238517305
assume 2.188183807439825E-4 0.9452782687474074 2.068442601197828E-4
full 8.7527352297593E-4 0.14750613710858965 1.291082162876058E-4
distance 6.564551422319475E-4 1.4035858582299516 9.21391154199093E-4
show 4.37636761487965E-4 0.0771896386911299 3.3781023497212206E-5
newton 0.00175054704595186 4.0661736852554045 0.007118028333051037
conclusion 4.37636761487965E-4 0.28958865072236245 1.2673463926580415E-4
not 0.0028446389496717722 0.03488725900044054 9.924165579994027E-5
alma 4.37636761487965E-4 5.1647859739235145 0.0022603002074063523
impose 6.564551422319475E-4 2.5257286443082556 0.00165802755643868
factor 2.188183807439825E-4 0.38566248081198473 8.439003956498572E-5
early 0.00175054704595186 0.6214911916535102 0.0010879495696341536
overview 0.0010940919037199124 1.4271163556401458 0.0015613964503721506
introduce 4.37636761487965E-4 0.7339691750802005 3.2121189281409215E-4
center 0.0010940919037199124 1.5812670354674039 0.0017300514611240743
rotation 4.37636761487965E-4 3.2188758248682006 0.0014086983916272212
yet 4.37636761487965E-4 1.4271163556401458 6.245585801488604E-4
bilevel 4.37636761487965E-4 5.1647859739235145 0.0022603002074063523
way 0.0010940919037199124 0.8340526336371831 9.125302337387124E-4
target 4.37636761487965E-4 0.8743265327751228 3.8263743228670585E-4
momentum 0.002188183807439825 3.2188758248682006 0.007043491958136106
refer 2.188183807439825E-4 0.7827593392496325 1.7128213112683425E-4
detailed 4.37636761487965E-4 1.1394342831883648 4.986583296229168E-4
acrobatic 4.37636761487965E-4 5.1647859739235145 0.0022603002074063523
typical 4.37636761487965E-4 1.4512139072192063 6.351045545817096E-4
initially 6.564551422319475E-4 1.6990500711237875 0.0011153501560987665
short 4.37636761487965E-4 0.9452782687474074 4.136885202395656E-4
time 0.0019693654266958426 0.167573700159399 3.30013851517416E-4
modeling 6.564551422319475E-4 2.169053700369523 0.0014238864553848074
dimensionality 4.37636761487965E-4 2.8622008809294686 0.0012526043242579732
program 6.564551422319475E-4 1.6094379124341003 0.001056523793720416
when 0.0024070021881838076 0.14750613710858965 3.55047594790916E-4
three 4.37636761487965E-4 0.22314355131420976 9.76558211440743E-5
statically 4.37636761487965E-4 5.1647859739235145 0.0022603002074063523
complementarity 0.0024070021881838076 4.0661736852554045 0.009787288957945176
broad 4.37636761487965E-4 1.2135422553420867 5.310907025567119E-4
embed 2.188183807439825E-4 1.8325814637483102 4.010025084788425E-4
plan 0.001312910284463895 1.9459101490553132 0.0025548054473373914
case 2.188183807439825E-4 0.24480504809538922 5.356784422218583E-5
hardware 0.001312910284463895 2.9675613965872945 0.0038961418773574984
generation 0.0019693654266958426 1.6682784124570338 0.003285449827595909
give 4.37636761487965E-4 0.2595111954850846 1.1357163916196263E-4
resultant 6.564551422319475E-4 3.0853444322436783 0.002025390218103071
dynamically 4.37636761487965E-4 2.9675613965872945 0.0012987139591191662
provide 0.0010940919037199124 0.167573700159399 1.8334102862078665E-4
rely 4.37636761487965E-4 1.1758019273592397 5.145741476408051E-4
utilize 4.37636761487965E-4 1.2729656758128876 5.570965758480909E-4
study 4.37636761487965E-4 0.07103577311675174 3.108786569660908E-5
explicitly 0.001312910284463895 1.5812670354674039 0.002076061753348889
formulate 2.188183807439825E-4 1.5538680612792897 3.4001489305892556E-4
reliability 4.37636761487965E-4 2.0292917579943643 8.880926730828728E-4
pattern 8.7527352297593E-4 0.9751312318970885 8.535065487064233E-4
direct 0.001312910284463895 0.8743265327751228 0.0011479122968601175
morisawa 4.37636761487965E-4 5.1647859739235145 0.0022603002074063523
actuate 2.188183807439825E-4 5.1647859739235145 0.0011301501037031762
unilateral 4.37636761487965E-4 3.0853444322436783 0.0013502601454020474
planned 0.001312910284463895 2.392197251683733 0.0031407403742018374
gain 2.188183807439825E-4 0.9751312318970885 2.1337663717660581E-4
computer 6.564551422319475E-4 1.5012243277938677 9.854864296239831E-4
merely 4.37636761487965E-4 2.5257286443082556 0.0011053517042924532
planner 4.37636761487965E-4 4.471638793363569 0.001956953520071584
linearization 4.37636761487965E-4 4.0661736852554045 0.0017795070832627592
means 4.37636761487965E-4 0.6988778552689304 3.058546412555494E-4
chain 4.37636761487965E-4 2.120263536200091 9.279052674836285E-4
desire 2.188183807439825E-4 1.5812670354674039 3.460102922248149E-4
efficient 0.0019693654266958426 1.3581234841531944 0.002674641434875
initial 6.564551422319475E-4 0.6988778552689304 4.5878196188332414E-4
more 0.0015317286652078775 0.05279818556697083 8.087249430389405E-5
display 8.7527352297593E-4 0.16083966797805488 1.4077870282543098E-4
chignoli 4.37636761487965E-4 5.1647859739235145 0.0022603002074063523
quadratic 0.00175054704595186 2.5257286443082556 0.004421406817169813
reverse 4.37636761487965E-4 2.7668907011251433 0.0012108930858315725
inaccurate 6.564551422319475E-4 2.9675613965872945 0.0019480709386787492
organization 6.564551422319475E-4 1.5538680612792897 0.0010200446791767766
quadruped 6.564551422319475E-4 5.1647859739235145 0.003390450311109528
summarize 2.188183807439825E-4 1.121734706088964 2.4545617201071423E-4
hull 6.564551422319475E-4 5.1647859739235145 0.003390450311109528
certain 8.7527352297593E-4 0.8209805520698303 7.185825401048844E-4
small 0.0010940919037199124 0.45525577261118 4.980916549356455E-4
before 4.37636761487965E-4 0.5203950747821414 2.2774401522194373E-4
section 0.00350109409190372 0.6988778552689304 0.0024468371300443953
simple 0.001312910284463895 1.0539121097502027 0.0013836920478120824
lqr 6.564551422319475E-4 5.1647859739235145 0.003390450311109528
influence 2.188183807439825E-4 0.6874491594453075 1.5042651191363404E-4
major 8.7527352297593E-4 0.7104386776700063 6.218281642625876E-4
denote 4.37636761487965E-4 1.5538680612792897 6.800297861178511E-4
inappropriate 4.37636761487965E-4 3.2188758248682006 0.0014086983916272212
feasible 4.37636761487965E-4 2.331572629867298 0.001020381894909102
consider 0.0010940919037199124 0.17435338714477774 1.907586292612448E-4
combination 4.37636761487965E-4 0.6761496041913742 2.9590792305968233E-4
obtain 4.37636761487965E-4 0.3526016185510966 1.5431143043811668E-4
workshop 6.564551422319475E-4 3.0853444322436783 0.002025390218103071
timing 4.37636761487965E-4 2.331572629867298 0.001020381894909102
history 2.188183807439825E-4 1.2329603411991883 2.697943853827546E-4
inner 6.564551422319475E-4 2.456735772821304 0.0016127368311737225
both 8.7527352297593E-4 0.13434805253107854 1.1759129324383242E-4
important 4.37636761487965E-4 0.2669461739726028 1.1682545906897277E-4
most 6.564551422319475E-4 0.0771896386911299 5.067153524581831E-5
footstep 0.0010940919037199124 5.1647859739235145 0.00565075051851588
gait 4.37636761487965E-4 5.1647859739235145 0.0022603002074063523
keep 2.188183807439825E-4 1.4271163556401458 3.122792900744302E-4
effect 4.37636761487965E-4 0.4919571394616079 2.1529852930486122E-4
topic 2.188183807439825E-4 1.1043429633770947 2.4165053903218704E-4
omit 2.188183807439825E-4 2.169053700369523 4.7462881846160247E-4
limitation 4.37636761487965E-4 0.6988778552689304 3.058546412555494E-4
classify 2.188183807439825E-4 0.9162907318741551 2.0050125423942125E-4
alternately 4.37636761487965E-4 4.471638793363569 0.001956953520071584
handbook 4.37636761487965E-4 5.1647859739235145 0.0022603002074063523
convergence 0.001312910284463895 2.7668907011251433 0.0036326792574947176
crucial 4.37636761487965E-4 1.4035858582299516 6.14260769466062E-4
contribute 2.188183807439825E-4 0.6874491594453075 1.5042651191363404E-4
remark 2.188183807439825E-4 2.6798793241355137 5.864068542966114E-4
inherently 6.564551422319475E-4 3.2188758248682006 0.002113047587440832
point 0.00350109409190372 0.5108256237659907 0.0017884485733601426
audren 4.37636761487965E-4 5.1647859739235145 0.0022603002074063523
dcm 8.7527352297593E-4 5.1647859739235145 0.004520600414812705
integrated 4.37636761487965E-4 1.6384254493073527 7.170352075743338E-4
general 0.0015317286652078775 0.4734380916943703 7.251786962495826E-4
along 6.564551422319475E-4 1.2135422553420867 7.966360538350679E-4
bezier 4.37636761487965E-4 5.1647859739235145 0.0022603002074063523
dimension 6.564551422319475E-4 1.6682784124570338 0.0010951499425319697
introduction 4.37636761487965E-4 0.10219094089654716 4.472251242737294E-5
rest 4.37636761487965E-4 1.730798769438368 7.574611682443624E-4
process 4.37636761487965E-4 0.41985384556026406 1.837434772692622E-4
original 6.564551422319475E-4 1.1944940603713923 7.841317682963188E-4
prespecify 2.188183807439825E-4 4.0661736852554045 8.897535416313796E-4
alternative 4.37636761487965E-4 1.3146383722134554 5.753340797433065E-4
also 0.0050328227571115975 0.05279818556697083 2.6572390985565186E-4
say 2.188183807439825E-4 1.6990500711237875 3.717833853662555E-4
velocity 4.37636761487965E-4 2.8622008809294686 0.0012526043242579732
terminal 4.37636761487965E-4 3.0853444322436783 0.0013502601454020474
increase 2.188183807439825E-4 0.16083966797805488 3.5194675706357744E-5
rnea 8.7527352297593E-4 5.1647859739235145 0.004520600414812705
ddp 6.564551422319475E-4 5.1647859739235145 0.003390450311109528
third 4.37636761487965E-4 0.990398704027877 4.3343488141263766E-4
various 0.0010940919037199124 0.5798184952529422 6.343747212833065E-4
further 0.0015317286652078775 0.27443684570176036 4.2036278335061763E-4
user 4.37636761487965E-4 1.293584963015623 5.661203339236863E-4
methodology 4.37636761487965E-4 1.252762968495368 5.482551284443624E-4
account 8.7527352297593E-4 0.7459453661269161 6.529062285574758E-4
equivalent 4.37636761487965E-4 1.6384254493073527 7.170352075743338E-4
stack 2.188183807439825E-4 3.5553480614894135 7.779755057963706E-4
bring 2.188183807439825E-4 1.3361445774344192 2.9237299287405234E-4
advance 2.188183807439825E-4 1.6682784124570338 3.650499808439899E-4
robot 0.0028446389496717722 3.0853444322436783 0.008776690945113307
fix 2.188183807439825E-4 1.5538680612792897 3.4001489305892556E-4
crocoddyl 4.37636761487965E-4 5.1647859739235145 0.0022603002074063523
complex 4.37636761487965E-4 0.8472978603872037 3.708086916355377E-4
assumption 6.564551422319475E-4 1.6682784124570338 0.0010951499425319697
synchronize 2.188183807439825E-4 3.7784916128036232 8.268034163684077E-4
soft 8.7527352297593E-4 2.5257286443082556 0.0022107034085849064
neglect 2.188183807439825E-4 2.8622008809294686 6.263021621289866E-4
grow 2.188183807439825E-4 1.2329603411991883 2.697943853827546E-4
preprocessing 4.37636761487965E-4 2.5257286443082556 0.0011053517042924532
past 6.564551422319475E-4 1.293584963015623 8.491805008855294E-4
impact 4.37636761487965E-4 0.6874491594453075 3.008530238272681E-4
active 4.37636761487965E-4 1.1944940603713923 5.227545121975458E-4
riccatus 2.188183807439825E-4 5.1647859739235145 0.0011301501037031762
accurately 4.37636761487965E-4 2.073743520565198 9.075463984968044E-4
easy 4.37636761487965E-4 1.3805963400052528 6.041997111620362E-4
whose 6.564551422319475E-4 1.730798769438368 0.0011361917523665436
former 4.37636761487965E-4 2.073743520565198 9.075463984968044E-4
quaternion 4.37636761487965E-4 5.1647859739235145 0.0022603002074063523
domain 6.564551422319475E-4 1.1394342831883648 7.479874944343751E-4
bipedal 0.00262582056892779 5.1647859739235145 0.013561801244438112
consideration 4.37636761487965E-4 1.3361445774344192 5.847459857481047E-4
simultaneously 0.0015317286652078775 2.169053700369523 0.003322401729231217
relative 4.37636761487965E-4 1.0376515888784226 4.5411448090959414E-4
strong 4.37636761487965E-4 1.1043429633770947 4.833010780643741E-4
compare 2.188183807439825E-4 0.17435338714477774 3.815172585224896E-5
be 2.188183807439825E-4 0.017291497110061043 3.7836973982628106E-6
scheme 4.37636761487965E-4 1.9459101490553132 8.516018157791306E-4
masaki 8.7527352297593E-4 5.1647859739235145 0.004520600414812705
characteristic 4.37636761487965E-4 0.664976303593249 2.910180759707873E-4
interior 6.564551422319475E-4 4.0661736852554045 0.0026692606248941387
adaptive 4.37636761487965E-4 2.5257286443082556 0.0011053517042924532
see 6.564551422319475E-4 0.5696661237889241 3.739602563165804E-4
search 4.37636761487965E-4 1.0059028905638423 4.402200833977428E-4
popularity 4.37636761487965E-4 2.392197251683733 0.0010469134580672792
term 8.7527352297593E-4 0.4643056081310978 4.0639440536638756E-4
rigid 0.0024070021881838076 3.373026504695459 0.00811888217760395
foot 0.00262582056892779 3.5553480614894135 0.009335706069556447
trigonometric 4.37636761487965E-4 4.0661736852554045 0.0017795070832627592
contain 2.188183807439825E-4 0.6429973968744738 1.4069964920666823E-4
set 4.37636761487965E-4 0.5108256237659907 2.2355607167001782E-4
mini 6.564551422319475E-4 5.1647859739235145 0.003390450311109528
predictive 0.0015317286652078775 1.5012243277938677 0.002299468335789294
column 2.188183807439825E-4 2.456735772821304 5.375789437245742E-4
alternate 2.188183807439825E-4 3.373026504695459 7.380801979639955E-4
involve 0.0015317286652078775 0.9452782687474074 0.0014479098208384797
invertible 6.564551422319475E-4 5.1647859739235145 0.003390450311109528
possible 4.37636761487965E-4 0.38566248081198473 1.6878007912997145E-4
integrate 2.188183807439825E-4 1.8325814637483102 4.010025084788425E-4
unconstrained 8.7527352297593E-4 3.373026504695459 0.002952320791855982
legged 0.0056892778993435445 5.1647859739235145 0.029383902696282573
series 4.37636761487965E-4 1.1758019273592397 5.145741476408051E-4
complicated 8.7527352297593E-4 1.8325814637483102 0.00160401003391537
maximum 6.564551422319475E-4 1.2329603411991883 8.093831561482637E-4
drastically 4.37636761487965E-4 3.373026504695459 0.001476160395927991
under 0.0019693654266958426 0.7459453661269161 0.0014690390142543207
represent 4.37636761487965E-4 0.4285875255290187 1.8756565668666026E-4
essential 4.37636761487965E-4 1.252762968495368 5.482551284443624E-4
talo 2.188183807439825E-4 5.1647859739235145 0.0011301501037031762
do 2.188183807439825E-4 0.14750613710858965 3.227705407190145E-5
robotic 0.00525164113785558 3.5553480614894135 0.018671412139112893
hold 2.188183807439825E-4 1.3581234841531944 2.971823816527778E-4
acceleration 0.0015317286652078775 3.373026504695459 0.005166561385747968
later 6.564551422319475E-4 1.3361445774344192 8.77118978622157E-4
contact 0.016411378555798686 1.9867321435755685 0.03260501329719204
rare 4.37636761487965E-4 1.906689435902032 8.344373898914802E-4
hierarchical 4.37636761487965E-4 2.5257286443082556 0.0011053517042924532
programming 0.0010940919037199124 1.79749014393704 0.0019666194134978555
computational 0.0050328227571115975 1.3146383722134554 0.006616341917048025
which 0.00787746170678337 0.023122417420854212 1.8214595780103975E-4
dedicated 6.564551422319475E-4 2.7668907011251433 0.0018163396287473588
static 0.0010940919037199124 2.331572629867298 0.002550954737272755
commonly 4.37636761487965E-4 1.0216512475319812 4.471121433400356E-4
typically 0.0019693654266958426 1.1394342831883648 0.0022439624833031258
hrp 4.37636761487965E-4 5.1647859739235145 0.0022603002074063523
frictional 4.37636761487965E-4 5.1647859739235145 0.0022603002074063523
mips 4.37636761487965E-4 5.1647859739235145 0.0022603002074063523
graph 4.37636761487965E-4 1.8689491079191851 8.179208349755734E-4
take 4.37636761487965E-4 0.368995428326773 1.6148596425679345E-4
relatively 4.37636761487965E-4 0.8209805520698303 3.592912700524422E-4
tackle 2.188183807439825E-4 2.392197251683733 5.234567290336396E-4
some 0.00262582056892779 0.2160260835453457 5.672457335982819E-4
analytical 0.001312910284463895 1.9459101490553132 0.0025548054473373914
rather 4.37636761487965E-4 0.758066726659261 3.317578672469414E-4
additional 4.37636761487965E-4 0.5300569856938783 2.3197242262314147E-4
for 0.019037199124726477 0.017291497110061043 3.291816736488645E-4
burden 4.37636761487965E-4 1.9867321435755685 8.694670212584545E-4
ding 4.37636761487965E-4 4.471638793363569 0.001956953520071584
tangential 6.564551422319475E-4 5.1647859739235145 0.003390450311109528
ignore 2.188183807439825E-4 1.9867321435755685 4.3473351062922724E-4
divide 2.188183807439825E-4 1.0059028905638423 2.201100416988714E-4
just 4.37636761487965E-4 1.3146383722134554 5.753340797433065E-4
lump 2.188183807439825E-4 4.471638793363569 9.78476760035792E-4
over 6.564551422319475E-4 0.3364722366212129 2.208789299482798E-4
sole 4.37636761487965E-4 3.2188758248682006 0.0014086983916272212
practical 6.564551422319475E-4 1.5538680612792897 0.0010200446791767766
bound 4.37636761487965E-4 2.2203469947570738 9.717054681650214E-4
length 4.37636761487965E-4 1.1944940603713923 5.227545121975458E-4
trajectory 0.007221006564551422 2.456735772821304 0.01774010514291095
although 6.564551422319475E-4 0.4285875255290187 2.813484850299904E-4
approximately 4.37636761487965E-4 0.9452782687474074 4.136885202395656E-4
form 4.37636761487965E-4 0.5013468798114469 2.1940782486277763E-4
publish 2.188183807439825E-4 0.03488725900044054 7.633973523072328E-6
interpret 2.188183807439825E-4 1.3581234841531944 2.971823816527778E-4
setup 4.37636761487965E-4 2.392197251683733 0.0010469134580672792
avoid 8.7527352297593E-4 1.0376515888784226 9.082289618191883E-4
comprehensive 4.37636761487965E-4 1.3805963400052528 6.041997111620362E-4
very 4.37636761487965E-4 0.5596157879354227 2.4490844110959417E-4
capturability 6.564551422319475E-4 5.1647859739235145 0.003390450311109528
advanced 6.564551422319475E-4 1.4512139072192063 9.526568318725643E-4
simulation 4.37636761487965E-4 2.331572629867298 0.001020381894909102
mechanical 4.37636761487965E-4 2.120263536200091 9.279052674836285E-4
construct 4.37636761487965E-4 1.2135422553420867 5.310907025567119E-4
convert 2.188183807439825E-4 1.121734706088964 2.4545617201071423E-4
nonlinear 0.008315098468271335 2.331572629867298 0.019387256003272936
attempt 4.37636761487965E-4 1.0216512475319812 4.471121433400356E-4
context 4.37636761487965E-4 0.8881198549074587 3.886738971148616E-4
manifold 4.37636761487965E-4 4.0661736852554045 0.0017795070832627592
action 4.37636761487965E-4 1.4271163556401458 6.245585801488604E-4
model 0.00787746170678337 0.41985384556026406 0.0033073825908467194
spatial 4.37636761487965E-4 2.120263536200091 9.279052674836285E-4
manipulation 2.188183807439825E-4 2.8622008809294686 6.263021621289866E-4
ocp 0.001312910284463895 3.2188758248682006 0.004226095174881664
quadrupedal 0.00175054704595186 5.1647859739235145 0.00904120082962541
reduce 8.7527352297593E-4 0.3941013494578493 3.449464765495399E-4
surface 4.37636761487965E-4 2.0292917579943643 8.880926730828728E-4
large 8.7527352297593E-4 0.22314355131420976 1.953116422881486E-4
issue 4.37636761487965E-4 0.7953381214564925 3.480691997621412E-4
nonlinearity 0.0010940919037199124 3.7784916128036232 0.004134017081842039
robustness 4.37636761487965E-4 2.392197251683733 0.0010469134580672792
ordinary 4.37636761487965E-4 3.373026504695459 0.001476160395927991
ishihara 4.37636761487965E-4 4.471638793363569 0.001956953520071584
classification 4.37636761487965E-4 0.9600933545325481 4.20172146403741E-4
heavy 4.37636761487965E-4 2.5998366164619773 0.0011377840772262484
traditional 4.37636761487965E-4 1.1758019273592397 5.145741476408051E-4
tazaki 8.7527352297593E-4 5.1647859739235145 0.004520600414812705
contrast 4.37636761487965E-4 1.4271163556401458 6.245585801488604E-4
singh 4.37636761487965E-4 3.373026504695459 0.001476160395927991
become 4.37636761487965E-4 0.6321864807702582 2.7666804410076946E-4
server 2.188183807439825E-4 3.373026504695459 7.380801979639955E-4
curve 4.37636761487965E-4 1.9867321435755685 8.694670212584545E-4
instantaneous 6.564551422319475E-4 3.7784916128036232 0.002480410249105223
mention 2.188183807439825E-4 0.8881198549074587 1.943369485574308E-4
literature 4.37636761487965E-4 0.9306794693262548 4.0729954893928E-4
library 6.564551422319475E-4 1.730798769438368 0.0011361917523665436
generalize 2.188183807439825E-4 1.9459101490553132 4.258009078895653E-4
quadratically 4.37636761487965E-4 4.471638793363569 0.001956953520071584
table 0.00175054704595186 0.18117935221517753 3.171629798077506E-4
exponentially 4.37636761487965E-4 3.373026504695459 0.001476160395927991
parameterize 2.188183807439825E-4 4.0661736852554045 8.897535416313796E-4
within 0.001312910284463895 0.3127557100038969 4.106201881889237E-4
dpp 4.37636761487965E-4 5.1647859739235145 0.0022603002074063523
could 4.37636761487965E-4 0.22314355131420976 9.76558211440743E-5
forward 8.7527352297593E-4 1.730798769438368 0.0015149223364887248
change 6.564551422319475E-4 0.3941013494578493 2.587098574121549E-4
draw 2.188183807439825E-4 1.1944940603713923 2.613772560987729E-4
kinematic 0.0010940919037199124 4.0661736852554045 0.004448767708156898
generally 8.7527352297593E-4 0.9021060968821986 7.895895815161476E-4
computation 0.002188183807439825 2.5257286443082556 0.005526758521462266
mpcc 8.7527352297593E-4 5.1647859739235145 0.004520600414812705
report 2.188183807439825E-4 0.3364722366212129 7.362630998275994E-5
efficiently 0.0010940919037199124 2.0292917579943643 0.002220231682707182
compensate 6.564551422319475E-4 2.9675613965872945 0.0019480709386787492
hyq 4.37636761487965E-4 5.1647859739235145 0.0022603002074063523
constant 6.564551422319475E-4 2.073743520565198 0.0013613195977452066
use 0.0015317286652078775 0.03488725900044054 5.34378146615063E-5
subject 4.37636761487965E-4 0.9021060968821986 3.947947907580738E-4
several 0.001312910284463895 0.3526016185510966 4.6293429131435005E-4
cheetah 6.564551422319475E-4 5.1647859739235145 0.003390450311109528
while 0.0024070021881838076 0.20895891632225325 5.029645688281807E-4
alleviation 2.188183807439825E-4 4.471638793363569 9.78476760035792E-4
second 4.37636761487965E-4 0.4373981552111735 1.9142151212742822E-4
that 0.011597374179431073 0.017291497110061043 2.0053596210792895E-4
lagrangian 6.564551422319475E-4 4.0661736852554045 0.0026692606248941387
high 6.564551422319475E-4 0.11492996667397702 7.544636761967856E-5
solution 0.003938730853391685 1.0216512475319812 0.00402400929006032
fine 4.37636761487965E-4 2.5257286443082556 0.0011053517042924532
find 2.188183807439825E-4 0.16083966797805488 3.5194675706357744E-5
publication 4.37636761487965E-4 1.6990500711237875 7.43566770732511E-4
sufficient 4.37636761487965E-4 1.5012243277938677 6.569909530826555E-4
than 0.0010940919037199124 0.058840500022933395 6.437691468592276E-5
claim 4.37636761487965E-4 1.6682784124570338 7.300999616879798E-4
different 0.00175054704595186 0.18805223150293962 3.2919427834212625E-4
directly 8.7527352297593E-4 0.7703368192510752 6.742554216639608E-4
combine 2.188183807439825E-4 0.6321864807702582 1.3833402205038473E-4
coplanar 4.37636761487965E-4 5.1647859739235145 0.0022603002074063523
approximation 0.0010940919037199124 3.0853444322436783 0.0033756503635051184
level 2.188183807439825E-4 0.4373981552111735 9.571075606371411E-5
author 2.188183807439825E-4 0.017291497110061043 3.7836973982628106E-6
difficult 0.001312910284463895 0.7703368192510752 0.0010113831324959411
pressure 4.37636761487965E-4 1.5538680612792897 6.800297861178511E-4
wensin 4.37636761487965E-4 5.1647859739235145 0.0022603002074063523
wrench 4.37636761487965E-4 5.1647859739235145 0.0022603002074063523
undesirable 4.37636761487965E-4 3.5553480614894135 0.0015559510115927412
replanning 4.37636761487965E-4 5.1647859739235145 0.0022603002074063523
task 2.188183807439825E-4 1.0216512475319812 2.235560716700178E-4
prediction 6.564551422319475E-4 1.5012243277938677 9.854864296239831E-4
true 4.37636761487965E-4 1.1394342831883648 4.986583296229168E-4
survey 0.0024070021881838076 1.3805963400052528 0.0033230984113911993
position 0.0015317286652078775 1.0059028905638423 0.0015407702918920998
present 4.37636761487965E-4 0.083381608939051 3.6490857303742236E-5
since 6.564551422319475E-4 0.377294231141468 2.4767673816726565E-4
differentiation 8.7527352297593E-4 2.9675613965872945 0.0025974279182383324
box 4.37636761487965E-4 2.2203469947570738 9.717054681650214E-4
fernbach 4.37636761487965E-4 5.1647859739235145 0.0022603002074063523
switch 2.188183807439825E-4 2.456735772821304 5.375789437245742E-4
total 0.0015317286652078775 0.5108256237659907 7.824462508450624E-4
transform 2.188183807439825E-4 1.5012243277938677 3.2849547654132777E-4
considerable 4.37636761487965E-4 1.7635885922613586 7.718112001143801E-4
sqp 0.0019693654266958426 3.5553480614894135 0.007001779552167336
physical 4.37636761487965E-4 1.3146383722134554 5.753340797433065E-4
make 4.37636761487965E-4 0.2521310881874621 1.1034183290479743E-4
highly 6.564551422319475E-4 0.9162907318741551 6.015037627182637E-4
brief 4.37636761487965E-4 2.2203469947570738 9.717054681650214E-4
simulator 4.37636761487965E-4 3.7784916128036232 0.0016536068327368154
determine 6.564551422319475E-4 0.40261203912575794 2.642967434085938E-4
problematic 4.37636761487965E-4 2.5257286443082556 0.0011053517042924532
considerably 4.37636761487965E-4 2.331572629867298 0.001020381894909102
equation 0.00175054704595186 1.6384254493073527 0.002868140830297335
darpa 4.37636761487965E-4 5.1647859739235145 0.0022603002074063523
control 0.007221006564551422 0.5398131606392429 0.0038979943766072243
rathod 4.37636761487965E-4 5.1647859739235145 0.0022603002074063523
rapidly 4.37636761487965E-4 1.906689435902032 8.344373898914802E-4
friction 0.0015317286652078775 4.471638793363569 0.006849337320250544
structure 0.001312910284463895 0.8340526336371831 0.0010950362804864548
underlie 2.188183807439825E-4 1.293584963015623 2.8306016696184313E-4
due 0.0015317286652078775 0.20895891632225325 3.200683619815695E-4
carlo 4.37636761487965E-4 3.7784916128036232 0.0016536068327368154
online 0.0015317286652078775 1.3581234841531944 0.0020802766715694444
simplify 4.37636761487965E-4 2.169053700369523 9.492576369232049E-4
depend 2.188183807439825E-4 0.8472978603872037 1.8540434581776886E-4
vary 2.188183807439825E-4 0.9751312318970885 2.1337663717660581E-4
upper 4.37636761487965E-4 1.8689491079191851 8.179208349755734E-4
ayusawa 4.37636761487965E-4 5.1647859739235145 0.0022603002074063523
nontrivial 4.37636761487965E-4 4.471638793363569 0.001956953520071584
objective 4.37636761487965E-4 1.121734706088964 4.909123440214285E-4
reflect 2.188183807439825E-4 0.7827593392496325 1.7128213112683425E-4
dynamics 0.015317286652078774 2.392197251683733 0.03664197103235477
contribution 4.37636761487965E-4 1.2135422553420867 5.310907025567119E-4
extremely 4.37636761487965E-4 1.9459101490553132 8.516018157791306E-4
inevitably 4.37636761487965E-4 2.9675613965872945 0.0012987139591191662
above 8.7527352297593E-4 0.9021060968821986 7.895895815161476E-4
yoshida 4.37636761487965E-4 5.1647859739235145 0.0022603002074063523
recent 0.0024070021881838076 0.5596157879354227 0.001346996426102768
they 0.002188183807439825 0.05279818556697083 1.1553213471984863E-4
recursion 0.00175054704595186 4.0661736852554045 0.007118028333051037
comprise 2.188183807439825E-4 1.4759065198095778 3.2295547479421836E-4
height 8.7527352297593E-4 3.7784916128036232 0.003307213665473631
qp 2.188183807439825E-4 4.471638793363569 9.78476760035792E-4
unrealistic 4.37636761487965E-4 4.0661736852554045 0.0017795070832627592
then 0.001312910284463895 0.4285875255290187 5.626969700599808E-4
negligibly 4.37636761487965E-4 5.1647859739235145 0.0022603002074063523
singular 4.37636761487965E-4 2.9675613965872945 0.0012987139591191662
conservative 4.37636761487965E-4 3.373026504695459 0.001476160395927991
fact 4.37636761487965E-4 0.9452782687474074 4.136885202395656E-4
torque 6.564551422319475E-4 3.373026504695459 0.002214240593891986
eliminate 4.37636761487965E-4 1.6990500711237875 7.43566770732511E-4
long 8.7527352297593E-4 0.44628710262841953 3.906232845762972E-4
extended 4.37636761487965E-4 1.6682784124570338 7.300999616879798E-4
augment 2.188183807439825E-4 2.2203469947570738 4.858527340825107E-4
offline 0.0019693654266958426 2.7668907011251433 0.005449018886242077
into 0.0019693654266958426 0.10854016857520597 2.137552553997492E-4
current 4.37636761487965E-4 0.4919571394616079 2.1529852930486122E-4
min 6.564551422319475E-4 2.169053700369523 0.0014238864553848074
variety 4.37636761487965E-4 1.0539121097502027 4.612306826040274E-4
mip 4.37636761487965E-4 4.471638793363569 0.001956953520071584
mit 6.564551422319475E-4 4.471638793363569 0.002935430280107376
vector 8.7527352297593E-4 1.2135422553420867 0.0010621814051134239
subproblem 4.37636761487965E-4 3.5553480614894135 0.0015559510115927412
relationship 8.7527352297593E-4 0.758066726659261 6.635157344938828E-4
equality 0.0010940919037199124 2.7668907011251433 0.0030272327145789315
stiff 4.37636761487965E-4 5.1647859739235145 0.0022603002074063523
controller 8.7527352297593E-4 2.5257286443082556 0.0022107034085849064
reaction 4.37636761487965E-4 2.2744142160273495 9.95367271784398E-4
though 4.37636761487965E-4 1.1043429633770947 4.833010780643741E-4
decision 0.0019693654266958426 0.9452782687474074 0.0018615983410780453
necessary 6.564551422319475E-4 0.8607208807193443 5.650246481746242E-4
one 0.00175054704595186 0.06491954609931569 1.1364471964869267E-4
many 0.0010940919037199124 0.20194134366360675 2.2094238912867258E-4
single 0.0019693654266958426 0.6429973968744738 0.001266296842860014
appear 2.188183807439825E-4 0.7459453661269161 1.6322655713936894E-4
extensive 6.564551422319475E-4 1.5271998141971284 0.0010025381712453797
progress 4.37636761487965E-4 1.6990500711237875 7.43566770732511E-4
open 4.37636761487965E-4 0.8881198549074587 3.886738971148616E-4
but 0.00262582056892779 0.083381608939051 2.189451438224534E-4
calculation 2.188183807439825E-4 1.6094379124341003 3.521745979068053E-4
treat 0.00175054704595186 0.7827593392496325 0.001370257049014674
joint 0.0010940919037199124 1.906689435902032 0.0020860934747287
stabilization 4.37636761487965E-4 3.0853444322436783 0.0013502601454020474
approximate 2.188183807439825E-4 1.9867321435755685 4.3473351062922724E-4
express 4.37636761487965E-4 0.8743265327751228 3.8263743228670585E-4
inside 0.0015317286652078775 1.906689435902032 0.0029205308646201803
independence 4.37636761487965E-4 2.8622008809294686 0.0012526043242579732
mainly 4.37636761487965E-4 1.0059028905638423 4.402200833977428E-4
frequency 6.564551422319475E-4 1.0216512475319812 6.706682150100533E-4
horizontal 8.7527352297593E-4 3.5553480614894135 0.0031119020231854823
trivial 4.37636761487965E-4 3.5553480614894135 0.0015559510115927412
swiftly 4.37636761487965E-4 5.1647859739235145 0.0022603002074063523
stationary 4.37636761487965E-4 3.7784916128036232 0.0016536068327368154
roughly 4.37636761487965E-4 1.9459101490553132 8.516018157791306E-4
variant 4.37636761487965E-4 1.9867321435755685 8.694670212584545E-4
dynamic 0.002188183807439825 1.7635885922613586 0.0038590560005719006
generate 2.188183807439825E-4 0.7953381214564925 1.740345998810706E-4
ensure 8.7527352297593E-4 1.0216512475319812 8.942242866800712E-4
coordinate 4.37636761487965E-4 1.906689435902032 8.344373898914802E-4
invert 2.188183807439825E-4 4.471638793363569 9.78476760035792E-4
cassie 4.37636761487965E-4 5.1647859739235145 0.0022603002074063523
multiplier 2.188183807439825E-4 4.0661736852554045 8.897535416313796E-4
this 0.0056892778993435445 0.017291497110061043 9.837613235483306E-5
degree 2.188183807439825E-4 1.1394342831883648 2.493291648114584E-4
iterative 4.37636761487965E-4 2.169053700369523 9.492576369232049E-4
collection 4.37636761487965E-4 0.9600933545325481 4.20172146403741E-4
modification 6.564551422319475E-4 2.0292917579943643 0.0013321390096243091
discrete 4.37636761487965E-4 2.392197251683733 0.0010469134580672792
ilqr 6.564551422319475E-4 5.1647859739235145 0.003390450311109528
solve 0.0010940919037199124 1.4271163556401458 0.0015613964503721506
coefficient 8.7527352297593E-4 1.6990500711237875 0.001487133541465022
know 2.188183807439825E-4 0.6214911916535102 1.359936962042692E-4
regulator 4.37636761487965E-4 3.2188758248682006 0.0014086983916272212
mujoco 4.37636761487965E-4 5.1647859739235145 0.0022603002074063523
region 6.564551422319475E-4 1.5538680612792897 0.0010200446791767766
suboptimal 4.37636761487965E-4 3.373026504695459 0.001476160395927991
support 8.7527352297593E-4 0.5300569856938783 4.6394484524628295E-4
allow 2.188183807439825E-4 0.5398131606392429 1.1812104171537045E-4
preview 6.564551422319475E-4 4.471638793363569 0.002935430280107376
rough 4.37636761487965E-4 4.0661736852554045 0.0017795070832627592
idea 2.188183807439825E-4 1.2329603411991883 2.697943853827546E-4
sequential 6.564551422319475E-4 2.169053700369523 0.0014238864553848074
mass 0.0010940919037199124 2.169053700369523 0.002373144092308012
decompose 4.37636761487965E-4 3.5553480614894135 0.0015559510115927412
update 0.0010940919037199124 1.6682784124570338 0.0018252499042199493
derivative 8.7527352297593E-4 2.8622008809294686 0.0025052086485159463
vertical 8.7527352297593E-4 2.9675613965872945 0.0025974279182383324
learning 4.37636761487965E-4 0.9306794693262548 4.0729954893928E-4
speed 0.001312910284463895 1.730798769438368 0.002272383504733087
dantec 6.564551422319475E-4 5.1647859739235145 0.003390450311109528
common 4.37636761487965E-4 0.3526016185510966 1.5431143043811668E-4
srbd 0.002188183807439825 5.1647859739235145 0.01130150103703176
definition 2.188183807439825E-4 1.252762968495368 2.741275642221812E-4
every 4.37636761487965E-4 1.0539121097502027 4.612306826040274E-4
successful 4.37636761487965E-4 1.3361445774344192 5.847459857481047E-4
summary 4.37636761487965E-4 1.3581234841531944 5.943647633055556E-4
normal 4.37636761487965E-4 1.4035858582299516 6.14260769466062E-4
figure 0.0019693654266958426 0.18805223150293962 3.7034356313489204E-4
apply 2.188183807439825E-4 0.41119578281714936 8.997719536480293E-5
recently 4.37636761487965E-4 1.5271998141971284 6.683587808302532E-4
dramatic 4.37636761487965E-4 3.373026504695459 0.001476160395927991
technology 4.37636761487965E-4 1.293584963015623 5.661203339236863E-4
step 6.564551422319475E-4 0.8080771472339223 5.304663986218308E-4
biped 4.37636761487965E-4 5.1647859739235145 0.0022603002074063523
base 8.7527352297593E-4 0.14090545307723773 1.2333081232143345E-4
software 8.7527352297593E-4 1.157452788691043 0.0010130877800359238
achievement 2.188183807439825E-4 2.7668907011251433 6.054465429157863E-4
whole 4.37636761487965E-4 1.252762968495368 5.482551284443624E-4
during 6.564551422319475E-4 0.28958865072236245 1.901019588987062E-4
type 2.188183807439825E-4 0.3364722366212129 7.362630998275994E-5
cone 4.37636761487965E-4 4.0661736852554045 0.0017795070832627592
beyond 4.37636761487965E-4 1.5538680612792897 6.800297861178511E-4
consist 2.188183807439825E-4 0.7459453661269161 1.6322655713936894E-4
feedback 4.37636761487965E-4 1.79749014393704 7.866477653991423E-4
inexact 4.37636761487965E-4 5.1647859739235145 0.0022603002074063523
problem 0.00350109409190372 0.7221347174331975 0.00252826159276393
relate 2.188183807439825E-4 0.27443684570176036 6.0051826192945375E-5
optimization 0.00612691466083151 2.2203469947570738 0.013603876554310298
enable 4.37636761487965E-4 0.9751312318970885 4.2675327435321163E-4
review 8.7527352297593E-4 0.4734380916943703 4.143878264283329E-4
safety 4.37636761487965E-4 1.8325814637483102 8.02005016957685E-4
obstacle 6.564551422319475E-4 2.7668907011251433 0.0018163396287473588
between 0.00175054704595186 0.058840500022933395 1.030030634974764E-4
mpc 0.027571115973741796 3.2188758248682006 0.08874799867251494
still 0.00175054704595186 0.5300569856938783 9.278896904925659E-4
efficiency 0.0015317286652078775 1.6384254493073527 0.002509623226510168
researcher 2.188183807439825E-4 1.0539121097502027 2.306153413020137E-4
method 0.0032822757111597373 0.0958817717032825 3.1471041040464717E-4
natural 4.37636761487965E-4 0.6429973968744738 2.8139929841333646E-4
briefly 4.37636761487965E-4 2.331572629867298 0.001020381894909102
work 4.37636761487965E-4 0.4285875255290187 1.8756565668666026E-4
arise 4.37636761487965E-4 1.79749014393704 7.866477653991423E-4
exceptional 4.37636761487965E-4 4.471638793363569 0.001956953520071584
conclude 2.188183807439825E-4 1.252762968495368 2.741275642221812E-4
utilization 6.564551422319475E-4 2.5257286443082556 0.00165802755643868
come 6.564551422319475E-4 0.990398704027877 6.501523221189565E-4
push 2.188183807439825E-4 3.373026504695459 7.380801979639955E-4
exist 4.37636761487965E-4 0.664976303593249 2.910180759707873E-4
inequality 0.00262582056892779 2.6798793241355137 0.007036882251559335
insight 2.188183807439825E-4 1.0539121097502027 2.306153413020137E-4
concatenation 4.37636761487965E-4 3.373026504695459 0.001476160395927991
among 4.37636761487965E-4 0.32850406697203605 1.4376545600526742E-4
exact 6.564551422319475E-4 1.5271998141971284 0.0010025381712453797
force 0.0019693654266958426 1.5271998141971284 0.003007614513736139
theory 6.564551422319475E-4 1.4271163556401458 9.368378702232905E-4
extension 0.0010940919037199124 1.906689435902032 0.0020860934747287
classical 6.564551422319475E-4 2.392197251683733 0.0015703701871009187
range 4.37636761487965E-4 0.3941013494578493 1.7247323827476995E-4
sotaro 8.7527352297593E-4 5.1647859739235145 0.004520600414812705
distribution 6.564551422319475E-4 0.9600933545325481 6.302582196056114E-4
derive 2.188183807439825E-4 1.2329603411991883 2.697943853827546E-4
out 6.564551422319475E-4 0.368995428326773 2.4222894638519017E-4
across 4.37636761487965E-4 0.7703368192510752 3.371277108319804E-4
predetermine 2.188183807439825E-4 2.9675613965872945 6.493569795595831E-4
fall 4.37636761487965E-4 1.6682784124570338 7.300999616879798E-4
include 2.188183807439825E-4 0.0771896386911299 1.6890511748606103E-5
computationally 0.0010940919037199124 2.5257286443082556 0.002763379260731133
lead 4.37636761487965E-4 0.3127557100038969 1.3687339606297457E-4
expect 2.188183807439825E-4 0.8743265327751228 1.9131871614335293E-4
owe 2.188183807439825E-4 2.5257286443082556 5.526758521462266E-4
first 6.564551422319475E-4 0.167573700159399 1.10004617172472E-4
mathematical 0.0010940919037199124 2.2203469947570738 0.0024292636704125532
theoretical 6.564551422319475E-4 1.5538680612792897 0.0010200446791767766
qcqp 4.37636761487965E-4 4.471638793363569 0.001956953520071584
regularization 4.37636761487965E-4 4.0661736852554045 0.0017795070832627592
existence 4.37636761487965E-4 1.6990500711237875 7.43566770732511E-4
rigorously 6.564551422319475E-4 4.0661736852554045 0.0026692606248941387
reference 6.564551422319475E-4 1.2135422553420867 7.966360538350679E-4
barrier 4.37636761487965E-4 2.073743520565198 9.075463984968044E-4
only 0.00175054704595186 0.10854016857520597 1.9000467146644372E-4
from 0.00350109409190372 0.023122417420854212 8.095375902268433E-5
zmp 0.0028446389496717722 5.1647859739235145 0.014691951348141287
development 6.564551422319475E-4 0.5596157879354227 3.6736266166439123E-4
indirect 4.37636761487965E-4 1.9459101490553132 8.516018157791306E-4
offset 2.188183807439825E-4 3.0853444322436783 6.751300727010237E-4
bottom 4.37636761487965E-4 2.7668907011251433 0.0012108930858315725
capture 0.0010940919037199124 0.990398704027877 0.0010835872035315941
constrain 2.188183807439825E-4 2.5998366164619773 5.688920386131242E-4
sequence 0.0024070021881838076 1.2729656758128876 0.0030640311671644997
qualification 4.37636761487965E-4 4.471638793363569 0.001956953520071584
collision 2.188183807439825E-4 3.373026504695459 7.380801979639955E-4
mastalli 4.37636761487965E-4 5.1647859739235145 0.0022603002074063523
ground 6.564551422319475E-4 1.8689491079191851 0.00122688125246336
rotational 0.002188183807439825 3.373026504695459 0.0073808019796399536
send 2.188183807439825E-4 1.9459101490553132 4.258009078895653E-4
potentially 4.37636761487965E-4 1.1394342831883648 4.986583296229168E-4
note 0.0010940919037199124 0.5013468798114469 5.485195621569441E-4
frequent 4.37636761487965E-4 1.4271163556401458 6.245585801488604E-4
link 4.37636761487965E-4 1.0872485300177945 4.758199256095381E-4
error 4.37636761487965E-4 1.2329603411991883 5.395887707655092E-4
platform 2.188183807439825E-4 1.4759065198095778 3.2295547479421836E-4
differential 0.0010940919037199124 2.392197251683733 0.0026172836451681977
numerical 0.0019693654266958426 1.6990500711237875 0.0033460504682962995
can 0.008971553610503282 0.0958817717032825 8.602084551060355E-4
paper 0.0010940919037199124 0.8340526336371831 9.125302337387124E-4
carpentier 6.564551422319475E-4 5.1647859739235145 0.003390450311109528
parameter 4.37636761487965E-4 1.0539121097502027 4.612306826040274E-4
iteration 6.564551422319475E-4 2.392197251683733 0.0015703701871009187
predictor 2.188183807439825E-4 1.8325814637483102 4.010025084788425E-4
track 6.564551422319475E-4 1.906689435902032 0.0012516560848372202
smooth 4.37636761487965E-4 2.6798793241355137 0.0011728137085932227
limb 2.188183807439825E-4 4.471638793363569 9.78476760035792E-4
inverse 6.564551422319475E-4 2.6798793241355137 0.0017592205628898338
orientation 6.564551422319475E-4 2.5257286443082556 0.00165802755643868
cost 0.002188183807439825 1.1944940603713923 0.0026137725609877292
motion 0.00262582056892779 2.073743520565198 0.005445278390980826
satisfy 4.37636761487965E-4 1.7635885922613586 7.718112001143801E-4
limited 4.37636761487965E-4 0.5696661237889241 2.4930683754438695E-4
will 6.564551422319475E-4 0.3526016185510966 2.3146714565717503E-4
february 8.7527352297593E-4 2.2203469947570738 0.0019434109363300428
arbitrary 4.37636761487965E-4 2.331572629867298 0.001020381894909102
follow 2.188183807439825E-4 0.0958817717032825 2.098069402697648E-5
tensor 6.564551422319475E-4 3.7784916128036232 0.002480410249105223
instead 0.0015317286652078775 1.0376515888784226 0.0015894006831835795
command 2.188183807439825E-4 2.9675613965872945 6.493569795595831E-4
expensive 4.37636761487965E-4 2.331572629867298 0.001020381894909102
performance 0.001312910284463895 0.7703368192510752 0.0010113831324959411
variable 6.564551422319475E-4 0.8080771472339223 5.304663986218308E-4
challenge 6.564551422319475E-4 0.9751312318970885 6.401299115298174E-4
derivation 4.37636761487965E-4 3.5553480614894135 0.0015559510115927412
