prepare 4.952947003467063E-4 1.79749014393704 8.902873422174542E-4
mostly 0.0014858841010401188 1.1758019273592397 0.001747105389835423
bag 0.001981178801386825 2.8622008809294686 0.0056705317106081595
accuracy 0.0029717682020802376 1.0539121097502027 0.0031319824955429497
remote 9.905894006934125E-4 2.9675613965872945 0.002939634865366314
abba 4.952947003467063E-4 4.471638793363569 0.002214778996217716
tokenization 0.0014858841010401188 2.8622008809294686 0.00425289878295612
iot 0.0014858841010401188 4.0661736852554045 0.006041862830988714
evaluation 0.0014858841010401188 0.7827593392496325 0.0011630896571316975
score 0.0024764735017335313 1.0059028905638423 0.0024910918537985197
agraian 9.905894006934125E-4 5.1647859739235145 0.005116182242618637
record 4.952947003467063E-4 0.8340526336371831 4.1310184925070977E-4
electronically 9.905894006934125E-4 5.1647859739235145 0.005116182242618637
humidity 9.905894006934125E-4 4.0661736852554045 0.004027908553992475
diverse 9.905894006934125E-4 1.7635885922613586 0.0017469921666779182
bay 4.952947003467063E-4 4.471638793363569 0.002214778996217716
near 4.952947003467063E-4 1.79749014393704 8.902873422174542E-4
calculate 9.905894006934125E-4 0.7221347174331975 7.153389969620579E-4
because 0.0014858841010401188 0.34450440831847723 5.118936230586585E-4
ten 9.905894006934125E-4 1.9459101490553132 0.0019275979683559318
doucment 4.952947003467063E-4 5.1647859739235145 0.0025580911213093187
blogging 9.905894006934125E-4 4.471638793363569 0.004429557992435432
preprocessing 0.001981178801386825 2.5257286443082556 0.0050039200481590005
nadeem 0.004457652303120356 5.1647859739235145 0.023022820091783868
profile 9.905894006934125E-4 1.8325814637483102 0.0018153357738962953
impact 9.905894006934125E-4 0.6874491594453075 6.809798508621174E-4
posterior 9.905894006934125E-4 1.8325814637483102 0.0018153357738962953
google 9.905894006934125E-4 1.9867321435755685 0.001968035803442861
require 4.952947003467063E-4 0.3127557100038969 1.549062456681015E-4
analysis 0.008420009905894007 0.13434805253107854 0.0011312119331492497
size 0.00396235760277365 0.12136085700426753 4.8087511442998526E-4
stop 0.0014858841010401188 1.7635885922613586 0.0026204882500168772
chemical 9.905894006934125E-4 2.5257286443082556 0.0025019600240795002
science 0.001981178801386825 1.5538680612792897 0.003078490463158573
domain 0.0014858841010401188 1.1394342831883648 0.0016930672855696356
plant 0.0029717682020802376 2.392197251683733 0.007109055725657452
institute 0.0014858841010401188 2.169053700369523 0.003222962407681312
mineau 9.905894006934125E-4 5.1647859739235145 0.005116182242618637
much 0.0014858841010401188 0.7827593392496325 0.0011630896571316975
strong 9.905894006934125E-4 1.1043429633770947 0.0010939504342517034
compare 9.905894006934125E-4 0.17435338714477774 1.7271261728061193E-4
forest 9.905894006934125E-4 2.9675613965872945 0.002939634865366314
be 4.952947003467063E-4 0.017291497110061043 8.564386879673622E-6
role 0.0014858841010401188 0.664976303593249 9.88077717077636E-4
depict 4.952947003467063E-4 1.7635885922613586 8.734960833389591E-4
scheme 9.905894006934125E-4 1.9459101490553132 0.0019275979683559318
affect 9.905894006934125E-4 0.5596157879354227 5.543494679895221E-4
soil 0.003467062902426944 3.5553480614894135 0.012326615369205495
result 4.952947003467063E-4 0.058840500022933395 2.9143387827109157E-5
how 0.0014858841010401188 0.5496654570822546 8.167391635694718E-4
coding 9.905894006934125E-4 2.169053700369523 0.0021486416051208746
see 9.905894006934125E-4 0.5696661237889241 5.643052241594096E-4
same 0.001981178801386825 0.2972515234679317 5.889084169746047E-4
aspect 4.952947003467063E-4 0.9452782687474074 4.681913168635004E-4
national 9.905894006934125E-4 1.293584963015623 0.0012814115532596563
term 0.0029717682020802376 0.4643056081310978 0.0013798086422915237
certified 0.0014858841010401188 3.5553480614894135 0.005282835158230926
after 9.905894006934125E-4 0.12136085700426753 1.2021877860749631E-4
policy 0.001981178801386825 1.9459101490553132 0.0038551959367118635
contain 9.905894006934125E-4 0.6429973968744738 6.369464060173093E-4
neighbor 4.952947003467063E-4 3.373026504695459 0.0016706421519046353
sample 9.905894006934125E-4 0.6321864807702582 6.262372271126876E-4
textual 0.0014858841010401188 1.9459101490553132 0.0028913969525338977
the 0.05745418524021793 0.017291497110061043 9.9346887804214E-4
component 9.905894006934125E-4 0.9600933545325481 9.510583006761248E-4
fast 4.952947003467063E-4 1.3581234841531944 6.726713641174811E-4
maximum 9.905894006934125E-4 1.2329603411991883 0.0012213574454672494
information 9.905894006934125E-4 0.3049735695618419 3.021035854995957E-4
naive 0.0014858841010401188 2.6798793241355137 0.0039819900804390984
novel 9.905894006934125E-4 1.3805963400052528 0.0013676041010453222
essential 9.905894006934125E-4 1.252762968495368 0.001240973718172727
represent 0.0014858841010401188 0.4285875255290187 6.368313900876949E-4
encode 4.952947003467063E-4 1.79749014393704 8.902873422174542E-4
standard 9.905894006934125E-4 0.7221347174331975 7.153389969620579E-4
correct 9.905894006934125E-4 1.4759065198095778 0.0014620173549376699
corpus 0.0014858841010401188 1.6094379124341003 0.0023914382056970285
language 9.905894006934125E-4 0.664976303593249 6.587184780517572E-4
good 9.905894006934125E-4 0.2160260835453457 2.1399314863332906E-4
down 9.905894006934125E-4 1.6384254493073527 0.0016230068839102056
meaningful 9.905894006934125E-4 1.730798769438368 0.0017145109157388487
compute 4.952947003467063E-4 1.2729656758128876 6.304931529533866E-4
post 9.905894006934125E-4 1.6990500711237875 0.0016830609917026125
agricultural 0.011391778107974244 3.5553480614894135 0.04050173621310377
prior 9.905894006934125E-4 0.8209805520698303 8.132546330558002E-4
implement 4.952947003467063E-4 1.0376515888784226 5.13943332777822E-4
predicted 0.0014858841010401188 1.5271998141971284 0.0022692419230269365
computational 9.905894006934125E-4 1.3146383722134554 0.00130226683725949
train 4.952947003467063E-4 1.252762968495368 6.204868590863635E-4
polarity 0.0014858841010401188 2.6798793241355137 0.0039819900804390984
which 0.003467062902426944 0.023122417420854212 8.016687565427414E-5
add 9.905894006934125E-4 0.7827593392496325 7.753931047544651E-4
bayesian 9.905894006934125E-4 2.5998366164619773 0.0025753705958018597
test 9.905894006934125E-4 0.44628710262841953 4.420872735298856E-4
need 9.905894006934125E-4 0.27443684570176036 2.718542305118973E-4
count 0.0014858841010401188 1.0376515888784226 0.0015418299983334658
informative 0.0024764735017335313 2.9675613965872945 0.007349087163415786
enormous 9.905894006934125E-4 2.7668907011251433 0.002740852601411732
scholar 0.0014858841010401188 2.6798793241355137 0.0039819900804390984
list 9.905894006934125E-4 0.8472978603872037 8.393242797297708E-4
scrub 4.952947003467063E-4 5.1647859739235145 0.0025580911213093187
graph 0.0014858841010401188 1.8689491079191851 0.0027770417651102304
lack 9.905894006934125E-4 0.5696661237889241 5.643052241594096E-4
shi 0.0014858841010401188 3.7784916128036232 0.005614400613378341
irfan 0.004457652303120356 5.1647859739235145 0.023022820091783868
carry 4.952947003467063E-4 0.8472978603872037 4.196621398648854E-4
some 9.905894006934125E-4 0.2160260835453457 2.1399314863332906E-4
deep 0.001981178801386825 1.157452788691043 0.0022931209285607587
neural 0.0014858841010401188 1.5271998141971284 0.0022692419230269365
for 0.01981178801386825 0.017291497110061043 3.425754751869449E-4
jyothi 9.905894006934125E-4 5.1647859739235145 0.005116182242618637
training 0.001981178801386825 1.0059028905638423 0.0019928734830388156
choose 4.952947003467063E-4 0.7221347174331975 3.5766949848102894E-4
remove 9.905894006934125E-4 1.0872485300177945 0.0010770168697551209
content 9.905894006934125E-4 1.293584963015623 0.0012814115532596563
primarily 9.905894006934125E-4 1.4512139072192063 0.001437557114630219
random 9.905894006934125E-4 1.2329603411991883 0.0012213574454672494
accomplish 4.952947003467063E-4 2.7668907011251433 0.001370426300705866
rath 9.905894006934125E-4 5.1647859739235145 0.005116182242618637
human 9.905894006934125E-4 0.8743265327751228 8.660985961120582E-4
over 0.001981178801386825 0.3364722366212129 6.666116624491588E-4
digital 9.905894006934125E-4 1.730798769438368 0.0017145109157388487
effectiveness 9.905894006934125E-4 1.5271998141971284 0.0015128279486846244
living 9.905894006934125E-4 2.456735772821304 0.0024336164168611233
perform 4.952947003467063E-4 0.2669461739726028 1.3221702524646002E-4
false 0.0014858841010401188 2.169053700369523 0.003222962407681312
tweet 4.952947003467063E-4 2.392197251683733 0.0011848426209429088
label 4.952947003467063E-4 1.1394342831883648 5.643557618565452E-4
concentrate 4.952947003467063E-4 2.456735772821304 0.0012168082084305617
versatile 9.905894006934125E-4 4.0661736852554045 0.004027908553992475
with 0.0079247152055473 0.017291497110061043 1.3703019007477795E-4
explosion 9.905894006934125E-4 3.373026504695459 0.0033412843038092706
supervised 9.905894006934125E-4 1.9867321435755685 0.001968035803442861
material 4.952947003467063E-4 1.0059028905638423 4.982183707597039E-4
form 0.0014858841010401188 0.5013468798114469 7.449433578179002E-4
approximately 9.905894006934125E-4 0.9452782687474074 9.363826337270008E-4
management 0.0024764735017335313 0.9452782687474074 0.002340956584317502
service 4.952947003467063E-4 1.2329603411991883 6.106787227336247E-4
there 0.0014858841010401188 0.12136085700426753 1.8032816791124448E-4
publish 4.952947003467063E-4 0.03488725900044054 1.727947449254113E-5
farmer 9.905894006934125E-4 4.0661736852554045 0.004027908553992475
significantly 9.905894006934125E-4 0.5900749954201312 5.845220360773959E-4
umar 0.004457652303120356 5.1647859739235145 0.023022820091783868
big 9.905894006934125E-4 1.3581234841531944 0.0013453427282349622
expert 4.952947003467063E-4 1.6094379124341003 7.971460685656761E-4
biotechnology 9.905894006934125E-4 5.1647859739235145 0.005116182242618637
select 9.905894006934125E-4 0.5798184952529422 5.743620557235683E-4
movie 4.952947003467063E-4 2.9675613965872945 0.001469817432683157
tabulate 4.952947003467063E-4 4.0661736852554045 0.0020139542769962377
focus 9.905894006934125E-4 0.4285875255290187 4.2455426005846326E-4
zhang 9.905894006934125E-4 2.331572629867298 0.0023096311340934103
convert 9.905894006934125E-4 1.121734706088964 0.0011111785102416681
approach 0.0024764735017335313 0.40261203912575794 9.970580463738432E-4
bahauddin 9.905894006934125E-4 5.1647859739235145 0.005116182242618637
number 0.003467062902426944 0.14750613710858965 5.114130558494936E-4
experiment 9.905894006934125E-4 1.293584963015623 0.0012814115532596563
classifier 0.0029717682020802376 2.0292917579943643 0.0060305847191511565
model 0.0024764735017335313 0.41985384556026406 0.0010397569231309163
text 0.009905894006934125 0.8209805520698303 0.008132546330558002
judge 9.905894006934125E-4 2.2203469947570738 0.002199452198867829
flow 0.001981178801386825 1.4035858582299516 0.002780754548251514
algorithm 0.0024764735017335313 0.8472978603872037 0.002098310699324427
sentence 9.905894006934125E-4 1.3146383722134554 0.00130226683725949
reduce 4.952947003467063E-4 0.3941013494578493 1.9519630978595803E-4
similar 0.001981178801386825 0.20895891632225325 4.1398497537841156E-4
large 9.905894006934125E-4 0.22314355131420976 2.210436367649428E-4
ijaz 0.004457652303120356 5.1647859739235145 0.023022820091783868
classification 0.0024764735017335313 0.9600933545325481 0.0023776457516903123
propose 4.952947003467063E-4 0.6214911916535102 3.0782129353814275E-4
altered 9.905894006934125E-4 2.9675613965872945 0.002939634865366314
intelligence 9.905894006934125E-4 1.9459101490553132 0.0019275979683559318
system 0.001981178801386825 0.36076492919025743 7.14739829995557E-4
field 9.905894006934125E-4 0.6988778552689304 6.923009958087473E-4
analyze 9.905894006934125E-4 0.758066726659261 7.509328644470143E-4
lemmatization 9.905894006934125E-4 3.2188758248682006 0.0031885842742627045
evaluate 4.952947003467063E-4 0.40261203912575794 1.9941160927476866E-4
hammad 0.004457652303120356 5.1647859739235145 0.023022820091783868
become 9.905894006934125E-4 0.6321864807702582 6.262372271126876E-4
breeding 9.905894006934125E-4 5.1647859739235145 0.005116182242618637
other 0.0014858841010401188 0.0408219945202552 6.065675263039405E-5
hundred 9.905894006934125E-4 2.073743520565198 0.0020542283512285267
aim 0.0014858841010401188 0.6109090823229731 9.077400926047149E-4
save 4.952947003467063E-4 2.2203469947570738 0.0010997260994339145
disseminate 4.952947003467063E-4 3.0853444322436783 0.0015281547460345112
respectively 9.905894006934125E-4 1.9459101490553132 0.0019275979683559318
occurrence 4.952947003467063E-4 1.79749014393704 8.902873422174542E-4
viswanathan 9.905894006934125E-4 5.1647859739235145 0.005116182242618637
appleid 9.905894006934125E-4 5.1647859739235145 0.005116182242618637
healthcare 9.905894006934125E-4 1.9867321435755685 0.001968035803442861
spry 9.905894006934125E-4 5.1647859739235145 0.005116182242618637
world 0.0014858841010401188 1.4035858582299516 0.002085565911188635
government 0.0014858841010401188 2.2203469947570738 0.003299178298301744
top 9.905894006934125E-4 1.5538680612792897 0.0015392452315792864
yield 9.905894006934125E-4 1.4512139072192063 0.001437557114630219
have 0.007429420505200594 0.017291497110061043 1.2846580319510434E-4
noise 9.905894006934125E-4 2.331572629867298 0.0023096311340934103
december 0.004457652303120356 1.3361445774344192 0.005956067952902314
share 9.905894006934125E-4 1.0539121097502027 0.0010439941651809832
table 0.003467062902426944 0.18117935221517753 6.28160210750987E-4
twenty 9.905894006934125E-4 3.5553480614894135 0.003521890105487284
product 4.952947003467063E-4 1.3361445774344192 6.61785328100257E-4
particularly 9.905894006934125E-4 0.9751312318970885 9.65954662602366E-4
question 4.952947003467063E-4 0.8743265327751228 4.330492980560291E-4
dominant 9.905894006934125E-4 2.2744142160273495 0.00225301061518311
may 9.905894006934125E-4 0.15415067982725836 1.5270002954656598E-4
break 4.952947003467063E-4 1.906689435902032 9.443731728093274E-4
change 0.0014858841010401188 0.3941013494578493 5.855889293578741E-4
draw 4.952947003467063E-4 1.1944940603713923 5.916265776975692E-4
positive 0.003467062902426944 0.6761496041913742 0.002344253209182575
machine 0.008915304606240713 1.0539121097502027 0.00939594748662885
future 9.905894006934125E-4 0.48265474679929443 4.7811267637374384E-4
regard 4.952947003467063E-4 0.4919571394616079 2.4366376397305986E-4
negation 9.905894006934125E-4 3.0853444322436783 0.0030563094920690224
minor 9.905894006934125E-4 2.0292917579943643 0.002010194906383719
dimensional 9.905894006934125E-4 3.0853444322436783 0.0030563094920690224
use 9.905894006934125E-4 0.03488725900044054 3.455894898508226E-5
precision 0.001981178801386825 1.8689491079191851 0.003702722353480307
several 0.0014858841010401188 0.3526016185510966 5.239251390060871E-4
cotton 9.905894006934125E-4 4.0661736852554045 0.004027908553992475
networking 0.0014858841010401188 3.2188758248682006 0.004782876411394057
main 9.905894006934125E-4 0.6004377824556778 5.947873030764515E-4
suffix 9.905894006934125E-4 3.2188758248682006 0.0031885842742627045
anger 9.905894006934125E-4 4.471638793363569 0.004429557992435432
associate 4.952947003467063E-4 0.38566248081198473 1.9101658286873932E-4
second 9.905894006934125E-4 0.4373981552111735 4.3328197643504056E-4
that 0.010401188707280832 0.017291497110061043 1.7985212447314605E-4
preprocess 9.905894006934125E-4 3.373026504695459 0.0033412843038092706
download 0.0014858841010401188 0.24480504809538922 3.6375192881930044E-4
high 0.001981178801386825 0.11492996667397702 2.2769681361857754E-4
academia 9.905894006934125E-4 3.7784916128036232 0.003742933742252227
find 0.0029717682020802376 0.16083966797805488 4.7797821093032653E-4
than 0.0014858841010401188 0.058840500022933395 8.743016348132748E-5
continuous 9.905894006934125E-4 1.1758019273592397 0.0011647369265569486
insect 9.905894006934125E-4 4.471638793363569 0.004429557992435432
different 0.004457652303120356 0.18805223150293962 8.382714628660012E-4
all 0.005943536404160475 0.017291497110061043 1.0277264255608347E-4
mn 4.952947003467063E-4 5.1647859739235145 0.0025580911213093187
comparison 0.0024764735017335313 0.6988778552689304 0.0017307524895218683
below 9.905894006934125E-4 1.4035858582299516 0.001390377274125757
level 0.0014858841010401188 0.4373981552111735 6.499229646525609E-4
illustrate 4.952947003467063E-4 1.252762968495368 6.204868590863635E-4
author 4.952947003467063E-4 0.017291497110061043 8.564386879673622E-6
rout 9.905894006934125E-4 5.1647859739235145 0.005116182242618637
calcualt 4.952947003467063E-4 5.1647859739235145 0.0025580911213093187
weighting 9.905894006934125E-4 2.392197251683733 0.0023696852418858176
relevant 9.905894006934125E-4 0.7703368192510752 7.630874881139922E-4
synthetic 0.001981178801386825 3.2188758248682006 0.006377168548525409
specialist 4.952947003467063E-4 2.5257286443082556 0.0012509800120397501
improve 4.952947003467063E-4 0.377294231141468 1.8687183315575431E-4
predicited 9.905894006934125E-4 5.1647859739235145 0.005116182242618637
prediction 0.0024764735017335313 1.5012243277938677 0.0037177422679392463
true 0.001981178801386825 1.1394342831883648 0.0022574230474261808
survey 4.952947003467063E-4 1.3805963400052528 6.838020505226611E-4
present 0.001981178801386825 0.083381608939051 1.6519387605557403E-4
basic 0.0014858841010401188 1.1944940603713923 0.0017748797330927077
collect 4.952947003467063E-4 0.6761496041913742 3.348933155975107E-4
datum 4.952947003467063E-4 0.167573700159399 8.299836560643833E-5
sentiment 0.001981178801386825 1.8689491079191851 0.003702722353480307
belong 4.952947003467063E-4 1.3805963400052528 6.838020505226611E-4
university 0.001981178801386825 1.1043429633770947 0.0021879008685034068
dongare 9.905894006934125E-4 5.1647859739235145 0.005116182242618637
technique 9.905894006934125E-4 0.7953381214564925 7.878535130822115E-4
media 0.001981178801386825 1.5812670354674039 0.0031327727299998095
bow 9.905894006934125E-4 3.7784916128036232 0.003742933742252227
total 0.00396235760277365 0.5108256237659907 0.0020240737940207653
productivity 0.008420009905894007 2.6798793241355137 0.02256461045582156
proforma 4.952947003467063E-4 5.1647859739235145 0.0025580911213093187
and 0.06240713224368499 0.017291497110061043 0.0010791127468388765
design 4.952947003467063E-4 0.6004377824556778 2.9739365153822573E-4
repeat 9.905894006934125E-4 1.5012243277938677 0.0014870969071756985
define 9.905894006934125E-4 0.3526016185510966 3.492834260040581E-4
chose 9.905894006934125E-4 5.1647859739235145 0.005116182242618637
land 9.905894006934125E-4 3.0853444322436783 0.0030563094920690224
make 4.952947003467063E-4 0.2521310881874621 1.2487919177189803E-4
highly 9.905894006934125E-4 0.9162907318741551 9.076678869481477E-4
poultry 9.905894006934125E-4 4.471638793363569 0.004429557992435432
subjective 9.905894006934125E-4 2.0292917579943643 0.002010194906383719
determine 0.0014858841010401188 0.40261203912575794 5.98234827824306E-4
social 0.003467062902426944 1.0704414117014134 0.0037112877077314973
accord 4.952947003467063E-4 0.4919571394616079 2.4366376397305986E-4
equation 0.0014858841010401188 1.6384254493073527 0.0024345103258653087
requirement 4.952947003467063E-4 1.6990500711237875 8.415304958513063E-4
specific 9.905894006934125E-4 0.40261203912575794 3.988232185495373E-4
intensity 9.905894006934125E-4 2.8622008809294686 0.0028352658553040797
application 4.952947003467063E-4 0.7703368192510752 3.815437440569961E-4
conduct 4.952947003467063E-4 0.5798184952529422 2.8718102786178413E-4
due 0.0024764735017335313 0.20895891632225325 5.174812192230145E-4
online 0.0014858841010401188 1.3581234841531944 0.0020180140923524432
descriptive 0.001981178801386825 1.9867321435755685 0.003936071606885722
multan 0.001981178801386825 5.1647859739235145 0.010232364485237275
depend 4.952947003467063E-4 0.8472978603872037 4.196621398648854E-4
thought 4.952947003467063E-4 2.8622008809294686 0.0014176329276520399
altaf 0.004457652303120356 5.1647859739235145 0.023022820091783868
respondent 4.952947003467063E-4 2.7668907011251433 0.001370426300705866
discussion 0.001981178801386825 0.23031204079282225 4.562893329228771E-4
behalf 9.905894006934125E-4 4.0661736852554045 0.004027908553992475
duveiller 9.905894006934125E-4 5.1647859739235145 0.005116182242618637
professional 0.0014858841010401188 1.5538680612792897 0.0023088678473689294
objective 9.905894006934125E-4 1.121734706088964 0.0011111785102416681
kumari 9.905894006934125E-4 5.1647859739235145 0.005116182242618637
cover 4.952947003467063E-4 1.0704414117014134 5.301839582473567E-4
predicate 4.952947003467063E-4 3.2188758248682006 0.0015942921371313523
contribution 4.952947003467063E-4 1.2135422553420867 6.010610477177249E-4
meaning 4.952947003467063E-4 1.0704414117014134 5.301839582473567E-4
they 9.905894006934125E-4 0.05279818556697083 5.230132299848522E-5
environmental 9.905894006934125E-4 2.120263536200091 0.002100310585636544
divergent 9.905894006934125E-4 4.0661736852554045 0.004027908553992475
mitchell 0.0014858841010401188 4.471638793363569 0.006644336988653149
monitoring 9.905894006934125E-4 1.8325814637483102 0.0018153357738962953
vapnik 9.905894006934125E-4 5.1647859739235145 0.005116182242618637
demand 9.905894006934125E-4 1.3805963400052528 0.0013676041010453222
each 9.905894006934125E-4 0.13434805253107854 1.3308375684108819E-4
labor 9.905894006934125E-4 3.0853444322436783 0.0030563094920690224
input 9.905894006934125E-4 0.990398704027877 9.810784586705072E-4
wang 9.905894006934125E-4 2.073743520565198 0.0020542283512285267
unique 0.0014858841010401188 1.157452788691043 0.001719840696420569
seed 0.003467062902426944 2.9675613965872945 0.0102887220287821
frequently 0.0014858841010401188 1.157452788691043 0.001719840696420569
document 0.009905894006934125 0.8743265327751228 0.008660985961120582
another 9.905894006934125E-4 0.40261203912575794 3.988232185495373E-4
two 0.0014858841010401188 0.11492996667397702 1.7077261021393315E-4
ahmad 0.004457652303120356 4.0661736852554045 0.01812558849296614
promote 4.952947003467063E-4 1.4512139072192063 7.187785573151095E-4
into 0.001981178801386825 0.10854016857520597 2.150374810801505E-4
current 9.905894006934125E-4 0.4919571394616079 4.8732752794611973E-4
vector 0.001981178801386825 1.2135422553420867 0.0024042441908708996
where 0.0014858841010401188 0.32850406697203605 4.8811897024076675E-4
popular 9.905894006934125E-4 1.252762968495368 0.001240973718172727
genetic 9.905894006934125E-4 2.5257286443082556 0.0025019600240795002
receive 4.952947003467063E-4 0.653926467406664 3.2388631372296385E-4
detection 9.905894006934125E-4 1.5271998141971284 0.0015128279486846244
necessary 9.905894006934125E-4 0.8607208807193443 8.526209813960815E-4
decision 0.0014858841010401188 0.9452782687474074 0.0014045739505905012
one 0.0014858841010401188 0.06491954609931569 9.646292139571424E-5
store 4.952947003467063E-4 1.730798769438368 8.572554578694244E-4
many 0.003467062902426944 0.20194134366360675 7.001433410823414E-4
entirely 9.905894006934125E-4 2.456735772821304 0.0024336164168611233
call 4.952947003467063E-4 1.0539121097502027 5.219970825904916E-4
single 9.905894006934125E-4 0.6429973968744738 6.369464060173093E-4
such 0.005448241703813769 0.10219094089654716 5.567609459445362E-4
appear 9.905894006934125E-4 0.7459453661269161 7.3892557318169E-4
touqeer 0.004457652303120356 5.1647859739235145 0.023022820091783868
describe 4.952947003467063E-4 0.28958865072236245 1.434317239833395E-4
dataset 0.003467062902426944 1.1043429633770947 0.003828826519880962
ratio 0.0024764735017335313 1.0704414117014134 0.002650919791236784
through 0.0079247152055473 0.2595111954850846 0.002056552316870408
calculation 0.0014858841010401188 1.6094379124341003 0.0023914382056970285
but 9.905894006934125E-4 0.083381608939051 8.259693802778702E-5
reasonable 9.905894006934125E-4 1.5012243277938677 0.0014870969071756985
express 4.952947003467063E-4 0.8743265327751228 4.330492980560291E-4
source 9.905894006934125E-4 0.7703368192510752 7.630874881139922E-4
independence 9.905894006934125E-4 2.8622008809294686 0.0028352658553040797
research 0.003467062902426944 0.40261203912575794 0.0013958812649233806
frequency 0.006934125804853888 1.0216512475319812 0.007084258279072678
lim 9.905894006934125E-4 4.0661736852554045 0.004027908553992475
view 4.952947003467063E-4 1.121734706088964 5.555892551208341E-4
irrigation 0.0014858841010401188 3.7784916128036232 0.005614400613378341
ict 9.905894006934125E-4 4.471638793363569 0.004429557992435432
helpful 9.905894006934125E-4 2.2203469947570738 0.002199452198867829
generate 4.952947003467063E-4 0.7953381214564925 3.9392675654110576E-4
last 0.0014858841010401188 0.7459453661269161 0.001108388359772535
widely 9.905894006934125E-4 1.0059028905638423 9.964367415194078E-4
degree 4.952947003467063E-4 1.1394342831883648 5.643557618565452E-4
this 0.006934125804853888 0.017291497110061043 1.199014163154307E-4
weight 0.001981178801386825 1.0059028905638423 0.0019928734830388156
tampaka 4.952947003467063E-4 5.1647859739235145 0.0025580911213093187
collection 0.0029717682020802376 0.9600933545325481 0.0028531749020283747
significant 9.905894006934125E-4 0.377294231141468 3.7374366631150863E-4
engineering 9.905894006934125E-4 2.0292917579943643 0.002010194906383719
develop 9.905894006934125E-4 0.32850406697203605 3.2541264682717783E-4
sharing 9.905894006934125E-4 2.169053700369523 0.0021486416051208746
intrinsic 9.905894006934125E-4 2.7668907011251433 0.002740852601411732
finding 0.001981178801386825 0.7459453661269161 0.00147785114636338
javeria 0.004457652303120356 5.1647859739235145 0.023022820091783868
extract 0.0014858841010401188 0.8080771472339223 0.0012007089854887403
measure 9.905894006934125E-4 0.48265474679929443 4.7811267637374384E-4
overall 0.0014858841010401188 0.7339691750802005 0.0010905931279052013
know 4.952947003467063E-4 0.6214911916535102 3.0782129353814275E-4
demonstrate 4.952947003467063E-4 0.5108256237659907 2.5300922425259566E-4
assume 4.952947003467063E-4 0.9452782687474074 4.681913168635004E-4
uncertified 9.905894006934125E-4 5.1647859739235145 0.005116182242618637
support 0.0014858841010401188 0.5300569856938783 7.876032476877834E-4
crop 0.010896483407627538 4.471638793363569 0.04872513791678976
full 0.003467062902426944 0.14750613710858965 5.114130558494936E-4
questionnaire 9.905894006934125E-4 2.2744142160273495 0.00225301061518311
scientist 4.952947003467063E-4 2.7668907011251433 0.001370426300705866
show 9.905894006934125E-4 0.0771896386911299 7.646323793078741E-5
detect 4.952947003467063E-4 0.8881198549074587 4.3988105740835003E-4
learning 0.008420009905894007 0.9306794693262548 0.007836330350939242
simplicity 9.905894006934125E-4 3.2188758248682006 0.0031885842742627045
gesture 4.952947003467063E-4 4.0661736852554045 0.0020139542769962377
agriculture 0.008915304606240713 3.7784916128036232 0.033686403680270045
conclusion 0.0014858841010401188 0.28958865072236245 4.302951719500185E-4
negative 0.0014858841010401188 0.6321864807702582 9.393558406690315E-4
not 9.905894006934125E-4 0.03488725900044054 3.455894898508226E-5
common 9.905894006934125E-4 0.3526016185510966 3.492834260040581E-4
similarity 0.0024764735017335313 1.4759065198095778 0.0036550433873441747
factor 4.952947003467063E-4 0.38566248081198473 1.9101658286873932E-4
every 9.905894006934125E-4 1.0539121097502027 0.0010439941651809832
enhance 9.905894006934125E-4 1.1944940603713923 0.0011832531553951384
summary 9.905894006934125E-4 1.3581234841531944 0.0013453427282349622
figure 0.0079247152055473 0.18805223150293962 0.0014902603784284465
disease 4.952947003467063E-4 1.1758019273592397 5.823684632784743E-4
previous 0.0014858841010401188 0.32850406697203605 4.8811897024076675E-4
apply 9.905894006934125E-4 0.41119578281714936 4.073261840684986E-4
center 0.0014858841010401188 1.5812670354674039 0.002349579547499857
way 0.0014858841010401188 0.8340526336371831 0.0012393055477521293
target 9.905894006934125E-4 0.8743265327751228 8.660985961120582E-4
bye 4.952947003467063E-4 4.471638793363569 0.002214778996217716
alike 9.905894006934125E-4 4.0661736852554045 0.004027908553992475
artificial 9.905894006934125E-4 1.5012243277938677 0.0014870969071756985
formula 9.905894006934125E-4 2.2203469947570738 0.002199452198867829
similarite 4.952947003467063E-4 5.1647859739235145 0.0025580911213093187
time 4.952947003467063E-4 0.167573700159399 8.299836560643833E-5
muhammad 0.004457652303120356 4.0661736852554045 0.01812558849296614
base 4.952947003467063E-4 0.14090545307723773 6.978972415910735E-5
play 9.905894006934125E-4 0.9600933545325481 9.510583006761248E-4
ecosystem 9.905894006934125E-4 4.471638793363569 0.004429557992435432
tissue 9.905894006934125E-4 1.906689435902032 0.0018887463456186547
semantics 0.008915304606240713 2.392197251683733 0.021327167176972358
leanring 9.905894006934125E-4 5.1647859739235145 0.005116182242618637
type 4.952947003467063E-4 0.3364722366212129 1.666529156122897E-4
gujrat 9.905894006934125E-4 5.1647859739235145 0.005116182242618637
consist 4.952947003467063E-4 0.7459453661269161 3.69462786590845E-4
feedback 0.0014858841010401188 1.79749014393704 0.0026708620266523626
loss 0.0014858841010401188 0.9162907318741551 0.0013615018304222214
zakariya 9.905894006934125E-4 5.1647859739235145 0.005116182242618637
problem 4.952947003467063E-4 0.7221347174331975 3.5766949848102894E-4
relate 4.952947003467063E-4 0.27443684570176036 1.3592711525594865E-4
review 9.905894006934125E-4 0.4734380916943703 4.6898275551695917E-4
enable 4.952947003467063E-4 0.9751312318970885 4.82977331301183E-4
between 0.00396235760277365 0.058840500022933395 2.3314710261687326E-4
give 9.905894006934125E-4 0.2595111954850846 2.57069039608801E-4
pest 9.905894006934125E-4 5.1647859739235145 0.005116182242618637
efficiency 9.905894006934125E-4 1.6384254493073527 0.0016230068839102056
researcher 4.952947003467063E-4 1.0539121097502027 5.219970825904916E-4
biology 9.905894006934125E-4 4.471638793363569 0.004429557992435432
method 0.001981178801386825 0.0958817717032825 1.8995893353795443E-4
work 0.0024764735017335313 0.4285875255290187 0.0010613856501461582
probability 0.0014858841010401188 1.4035858582299516 0.002085565911188635
extraction 0.0024764735017335313 1.3361445774344192 0.0033089266405012855
innovative 9.905894006934125E-4 3.2188758248682006 0.0031885842742627045
exist 9.905894006934125E-4 0.664976303593249 6.587184780517572E-4
gdp 9.905894006934125E-4 3.7784916128036232 0.003742933742252227
toward 9.905894006934125E-4 1.6094379124341003 0.0015942921371313523
provide 9.905894006934125E-4 0.167573700159399 1.6599673121287667E-4
force 9.905894006934125E-4 1.5271998141971284 0.0015128279486846244
sensitivity 9.905894006934125E-4 2.0292917579943643 0.002010194906383719
word 0.006934125804853888 0.8743265327751228 0.006062690172784407
valuable 0.0014858841010401188 1.730798769438368 0.0025717663736082733
primary 9.905894006934125E-4 0.9306794693262548 9.219212177575579E-4
implicit 9.905894006934125E-4 2.6798793241355137 0.002654660053626066
study 0.004952947003467063 0.07103577311675174 3.518364195975817E-4
log 9.905894006934125E-4 1.8325814637483102 0.0018153357738962953
heng 9.905894006934125E-4 5.1647859739235145 0.005116182242618637
lazy 9.905894006934125E-4 5.1647859739235145 0.005116182242618637
range 0.0014858841010401188 0.3941013494578493 5.855889293578741E-4
out 0.0014858841010401188 0.368995428326773 5.482844403072407E-4
feature 0.001981178801386825 0.7221347174331975 0.0014306779939241157
recall 0.0014858841010401188 1.7635885922613586 0.0026204882500168772
uaf 9.905894006934125E-4 5.1647859739235145 0.005116182242618637
explore 4.952947003467063E-4 0.9600933545325481 4.755291503380624E-4
more 0.0024764735017335313 0.05279818556697083 1.3075330749621304E-4
prominently 9.905894006934125E-4 3.7784916128036232 0.003742933742252227
facebook 9.905894006934125E-4 2.8622008809294686 0.0028352658553040797
display 0.003467062902426944 0.16083966797805488 5.576412460853809E-4
csvdisplay 0.0014858841010401188 0.2669461739726028 3.9665107573938E-4
continued 9.905894006934125E-4 1.906689435902032 0.0018887463456186547
knn 0.003467062902426944 4.0661736852554045 0.014097679938973665
climate 0.003467062902426944 2.9675613965872945 0.0102887220287821
opinion 0.001981178801386825 1.8689491079191851 0.003702722353480307
fraction 9.905894006934125E-4 2.2203469947570738 0.002199452198867829
help 0.0014858841010401188 0.6874491594453075 0.0010214697762931761
site 4.952947003467063E-4 1.3805963400052528 6.838020505226611E-4
emotion 4.952947003467063E-4 2.2203469947570738 0.0010997260994339145
first 9.905894006934125E-4 0.167573700159399 1.6599673121287667E-4
small 0.0024764735017335313 0.45525577261118 0.0011274288573828132
voice 4.952947003467063E-4 2.456735772821304 0.0012168082084305617
nutrient 4.952947003467063E-4 4.0661736852554045 0.0020139542769962377
section 0.001981178801386825 0.6988778552689304 0.0013846019916174946
simple 9.905894006934125E-4 1.0539121097502027 0.0010439941651809832
translate 4.952947003467063E-4 1.906689435902032 9.443731728093274E-4
cloud 0.0014858841010401188 2.5998366164619773 0.003863055893702789
major 0.0014858841010401188 0.7104386776700063 0.001055629535913828
denote 0.0014858841010401188 1.5538680612792897 0.0023088678473689294
zone 9.905894006934125E-4 2.169053700369523 0.0021486416051208746
arrange 4.952947003467063E-4 2.6798793241355137 0.001327330026813033
create 4.952947003467063E-4 0.7339691750802005 3.6353104263506713E-4
from 0.009410599306587419 0.023122417420854212 2.175958053473155E-4
comparsion 9.905894006934125E-4 5.1647859739235145 0.005116182242618637
consider 4.952947003467063E-4 0.17435338714477774 8.635630864030596E-5
adnan 0.004457652303120356 4.471638793363569 0.019933010965959445
group 4.952947003467063E-4 0.41119578281714936 2.036630920342493E-4
obtain 4.952947003467063E-4 0.3526016185510966 1.7464171300202904E-4
punjab 9.905894006934125E-4 5.1647859739235145 0.005116182242618637
development 9.905894006934125E-4 0.5596157879354227 5.543494679895221E-4
like 0.0024764735017335313 0.7703368192510752 0.0019077187202849806
baye 4.952947003467063E-4 2.7668907011251433 0.001370426300705866
numerically 9.905894006934125E-4 3.373026504695459 0.0033412843038092706
mining 9.905894006934125E-4 1.8325814637483102 0.0018153357738962953
water 0.0024764735017335313 2.331572629867298 0.005774077835233525
documentsz 9.905894006934125E-4 5.1647859739235145 0.005116182242618637
both 9.905894006934125E-4 0.13434805253107854 1.3308375684108819E-4
most 0.001981178801386825 0.0771896386911299 1.5292647586157481E-4
person 9.905894006934125E-4 0.9021060968821986 8.936167378724106E-4
effect 4.952947003467063E-4 0.4919571394616079 2.4366376397305986E-4
cosine 0.0029717682020802376 2.456735772821304 0.00730084925058337
consine 9.905894006934125E-4 5.1647859739235145 0.005116182242618637
send 4.952947003467063E-4 1.9459101490553132 9.637989841779659E-4
abdul 0.004457652303120356 5.1647859739235145 0.023022820091783868
classify 4.952947003467063E-4 0.9162907318741551 4.538339434740738E-4
limitation 4.952947003467063E-4 0.6988778552689304 3.4615049790437364E-4
contribute 9.905894006934125E-4 0.6874491594453075 6.809798508621174E-4
generator 4.952947003467063E-4 2.8622008809294686 0.0014176329276520399
why 9.905894006934125E-4 1.4271163556401458 0.001413686335453339
linkedin 0.0014858841010401188 4.471638793363569 0.006644336988653149
platform 9.905894006934125E-4 1.4759065198095778 0.0014620173549376699
network 4.952947003467063E-4 0.990398704027877 4.905392293352536E-4
integrated 9.905894006934125E-4 1.6384254493073527 0.0016230068839102056
can 0.0014858841010401188 0.0958817717032825 1.4246920015346582E-4
paper 9.905894006934125E-4 0.8340526336371831 8.262036985014195E-4
mehak 0.004457652303120356 5.1647859739235145 0.023022820091783868
parameter 4.952947003467063E-4 1.0539121097502027 5.219970825904916E-4
transgenic 9.905894006934125E-4 3.7784916128036232 0.003742933742252227
predictor 9.905894006934125E-4 1.8325814637483102 0.0018153357738962953
value 9.905894006934125E-4 0.34450440831847723 3.41262415372439E-4
introduction 9.905894006934125E-4 0.10219094089654716 1.0122926289900659E-4
occurance 9.905894006934125E-4 5.1647859739235145 0.005116182242618637
inverse 0.0024764735017335313 2.6798793241355137 0.006636650134065164
rest 9.905894006934125E-4 1.730798769438368 0.0017145109157388487
amount 0.0014858841010401188 0.9306794693262548 0.001382881826636337
protasiewicz 0.001981178801386825 5.1647859739235145 0.010232364485237275
process 9.905894006934125E-4 0.41985384556026406 4.1590276925236656E-4
will 0.001981178801386825 0.3526016185510966 6.985668520081162E-4
advantage 4.952947003467063E-4 1.0376515888784226 5.13943332777822E-4
alternative 9.905894006934125E-4 1.3146383722134554 0.00130226683725949
also 0.004457652303120356 0.05279818556697083 2.3535595349318347E-4
kathiriya 9.905894006934125E-4 5.1647859739235145 0.005116182242618637
increase 4.952947003467063E-4 0.16083966797805488 7.966303515505442E-5
follow 9.905894006934125E-4 0.0958817717032825 9.497946676897722E-5
clean 4.952947003467063E-4 2.2203469947570738 0.0010997260994339145
fertilizer 0.0014858841010401188 5.1647859739235145 0.007674273363927956
agrarian 0.003467062902426944 5.1647859739235145 0.01790663784916523
performance 0.0014858841010401188 0.7703368192510752 0.0011446312321709883
currently 9.905894006934125E-4 1.4035858582299516 0.001390377274125757
various 0.0024764735017335313 0.5798184952529422 0.0014359051393089206
response 9.905894006934125E-4 1.0539121097502027 0.0010439941651809832
interaction 9.905894006934125E-4 1.1758019273592397 0.0011647369265569486
growth 0.0014858841010401188 1.4512139072192063 0.002156335671945329
methodology 0.001981178801386825 1.252762968495368 0.002481947436345454
