extent 0.0010309278350515464 1.3805963400052528 0.0014232951958817039
coherence 0.001288659793814433 2.456735772821304 0.003165896614460443
optimal 7.731958762886598E-4 1.2329603411991883 9.533198514426714E-4
numerous 5.154639175257732E-4 1.6384254493073527 8.445492006738932E-4
analyse 0.0018041237113402063 1.4512139072192063 0.002618169420240836
ambiguous 7.731958762886598E-4 2.5998366164619773 0.002010182950872663
deviational 0.0015463917525773195 5.1647859739235145 0.007986782433902342
without 5.154639175257732E-4 0.32850406697203605 1.6933199328455467E-4
robot 2.577319587628866E-4 3.0853444322436783 7.951918639803294E-4
score 0.002577319587628866 1.0059028905638423 0.0025925332231026862
path 5.154639175257732E-4 2.169053700369523 0.001118068917716249
quote 2.577319587628866E-4 2.8622008809294686 7.376806394148115E-4
would 7.731958762886598E-4 0.5013468798114469 3.8763934006039706E-4
record 2.577319587628866E-4 0.8340526336371831 2.1496201897865545E-4
understanding 0.0010309278350515464 0.990398704027877 0.0010210295917813166
rank 2.577319587628866E-4 1.8689491079191851 4.8168791441216113E-4
calculate 2.577319587628866E-4 0.7221347174331975 1.861171952147416E-4
near 7.731958762886598E-4 1.79749014393704 0.001389811966961629
announcement 2.577319587628866E-4 3.7784916128036232 9.738380445370163E-4
knowledge 5.154639175257732E-4 0.8080771472339223 4.1653461197624863E-4
addition 7.731958762886598E-4 0.7953381214564925 6.149521557653292E-4
audience 5.154639175257732E-4 2.9675613965872945 0.0015296708229831416
afterwards 5.154639175257732E-4 3.7784916128036232 0.0019476760890740326
thus 7.731958762886598E-4 0.8881198549074587 6.866906094645298E-4
shrink 2.577319587628866E-4 4.0661736852554045 0.0010479829085709806
impact 0.010051546391752578 0.6874491594453075 0.006909927118135823
profile 2.577319587628866E-4 1.8325814637483102 4.7231481024440986E-4
sjoberg 5.154639175257732E-4 5.1647859739235145 0.0026622608113007805
hazardous 5.154639175257732E-4 3.7784916128036232 0.0019476760890740326
biased 5.154639175257732E-4 2.456735772821304 0.0012663586457841774
require 5.154639175257732E-4 0.3127557100038969 1.6121428350716335E-4
google 0.001288659793814433 1.9867321435755685 0.0025602218345045983
geolocate 5.154639175257732E-4 3.7784916128036232 0.0019476760890740326
community 0.0010309278350515464 1.6384254493073527 0.0016890984013477864
analysis 0.0028350515463917525 0.13434805253107854 3.808836540829546E-4
interdisciplinary 5.154639175257732E-4 3.0853444322436783 0.0015903837279606589
panic 2.577319587628866E-4 4.0661736852554045 0.0010479829085709806
population 7.731958762886598E-4 0.9021060968821986 6.975047140841741E-4
proxy 2.577319587628866E-4 3.0853444322436783 7.951918639803294E-4
size 0.003865979381443299 0.12136085700426753 4.691785708927869E-4
stop 5.154639175257732E-4 1.7635885922613586 9.090662846708034E-4
left 5.154639175257732E-4 1.2729656758128876 6.561678741303544E-4
sde 0.001288659793814433 4.471638793363569 0.005762421125468517
turning 5.154639175257732E-4 2.8622008809294686 0.001475361278829623
unsupervised 5.154639175257732E-4 2.0292917579943643 0.0010460266793785383
attitude 5.154639175257732E-4 2.392197251683733 0.001233091366847285
object 5.154639175257732E-4 1.7635885922613586 9.090662846708034E-4
montani 7.731958762886598E-4 4.471638793363569 0.00345745267528111
average 0.003092783505154639 0.7104386776700063 0.002197233023721669
flight 5.154639175257732E-4 3.5553480614894135 0.0018326536399429967
geographical 0.0010309278350515464 2.5998366164619773 0.0026802439344968836
strong 0.001288659793814433 1.1043429633770947 0.0014231223754859468
compare 0.0010309278350515464 0.17435338714477774 1.7974575994306985E-4
be 2.577319587628866E-4 0.017291497110061043 4.456571420118826E-6
role 5.154639175257732E-4 0.664976303593249 3.42771290511984E-4
affect 0.0010309278350515464 0.5596157879354227 5.769234927169306E-4
least 5.154639175257732E-4 0.653926467406664 3.370754986632289E-4
utility 5.154639175257732E-4 2.2744142160273495 0.0011723784618697679
uncertainty 5.154639175257732E-4 1.9867321435755685 0.0010240887338018394
transparent 5.154639175257732E-4 3.2188758248682006 0.0016592143427155673
result 0.0010309278350515464 0.058840500022933395 6.066030930199319E-5
optimistic 5.154639175257732E-4 4.471638793363569 0.0023049684501874066
how 0.0015463917525773195 0.5496654570822546 8.49998129508641E-4
same 0.001288659793814433 0.2972515234679317 3.83056086943211E-4
disparity 2.577319587628866E-4 3.5553480614894135 9.163268199714983E-4
popularity 0.0010309278350515464 2.392197251683733 0.00246618273369457
unlike 5.154639175257732E-4 1.6682784124570338 8.599373260087804E-4
aspect 2.577319587628866E-4 0.9452782687474074 2.4362841978025964E-4
national 5.154639175257732E-4 1.293584963015623 6.667963726884655E-4
indicate 0.0023195876288659794 0.4919571394616079 0.001141137694627441
after 0.001288659793814433 0.12136085700426753 1.563928569642623E-4
resilience 0.0010309278350515464 3.373026504695459 0.0034773469120571742
close 5.154639175257732E-4 0.6988778552689304 3.602463171489332E-4
connect 2.577319587628866E-4 1.293584963015623 3.3339818634423274E-4
jth 5.154639175257732E-4 3.5553480614894135 0.0018326536399429967
contain 7.731958762886598E-4 0.6429973968744738 4.971629357276859E-4
set 7.731958762886598E-4 0.5108256237659907 3.949682657984464E-4
abc 5.154639175257732E-4 4.0661736852554045 0.0020959658171419613
density 0.005412371134020618 2.456735772821304 0.013296765780733862
mitigate 5.154639175257732E-4 1.8689491079191851 9.633758288243223E-4
kernel 0.003092783505154639 2.9675613965872945 0.009178024937898849
photo 2.577319587628866E-4 4.471638793363569 0.0011524842250937033
union 5.154639175257732E-4 2.7668907011251433 0.0014262323201675996
possible 5.154639175257732E-4 0.38566248081198473 1.98795093202054E-4
sample 7.731958762886598E-4 0.6321864807702582 4.888039799770037E-4
integrate 5.154639175257732E-4 1.8325814637483102 9.446296204888197E-4
logical 5.154639175257732E-4 2.331572629867298 0.001201841561787267
textual 0.0010309278350515464 1.9459101490553132 0.002006092937170426
the 0.12036082474226804 0.017291497110061043 0.0020812188531954914
component 2.577319587628866E-4 0.9600933545325481 2.4744674085890413E-4
suite 5.154639175257732E-4 3.5553480614894135 0.0018326536399429967
answer 7.731958762886598E-4 1.3805963400052528 0.0010674713969112779
unrelated 5.154639175257732E-4 2.456735772821304 0.0012663586457841774
information 0.01675257731958763 0.3049735695618419 0.005109093304515392
emerge 2.577319587628866E-4 1.293584963015623 3.3339818634423274E-4
westernmost 5.154639175257732E-4 5.1647859739235145 0.0026622608113007805
under 0.001288659793814433 0.7459453661269161 9.612698017099434E-4
represent 0.0010309278350515464 0.4285875255290187 4.418428098237306E-4
register 2.577319587628866E-4 2.331572629867298 6.009207808936335E-4
standard 0.0018041237113402063 0.7221347174331975 0.0013028203665031914
visualization 5.154639175257732E-4 2.456735772821304 0.0012663586457841774
communicate 7.731958762886598E-4 2.2744142160273495 0.0017585676928046517
evidence 5.154639175257732E-4 0.8881198549074587 4.5779373964301997E-4
resolve 5.154639175257732E-4 2.0292917579943643 0.0010460266793785383
wahlberg 5.154639175257732E-4 5.1647859739235145 0.0026622608113007805
nltk 7.731958762886598E-4 3.2188758248682006 0.0024888215140733507
emergency 0.0018041237113402063 1.9867321435755685 0.003584310568306438
official 5.154639175257732E-4 2.392197251683733 0.001233091366847285
corpus 5.154639175257732E-4 1.6094379124341003 8.296071713577836E-4
language 7.731958762886598E-4 0.664976303593249 5.14156935767976E-4
do 2.577319587628866E-4 0.14750613710858965 3.801704564654373E-5
good 2.577319587628866E-4 0.2160260835453457 5.567682565601693E-5
observe 2.577319587628866E-4 0.5496654570822546 1.4166635491810685E-4
meaningful 0.0010309278350515464 1.730798769438368 0.0017843286282869773
dominate 5.154639175257732E-4 2.331572629867298 0.001201841561787267
exploratory 5.154639175257732E-4 2.5257286443082556 0.0013019219816021936
syntactic 5.154639175257732E-4 2.2203469947570738 0.0011445087601840587
assessment 5.154639175257732E-4 1.2729656758128876 6.561678741303544E-4
kent 5.154639175257732E-4 5.1647859739235145 0.0026622608113007805
act 2.577319587628866E-4 1.121734706088964 2.891068830126196E-4
later 5.154639175257732E-4 1.3361445774344192 6.887343182651645E-4
post 5.154639175257732E-4 1.6990500711237875 8.757990057339111E-4
prior 5.154639175257732E-4 0.8209805520698303 4.2318585158238677E-4
warning 2.577319587628866E-4 4.0661736852554045 0.0010479829085709806
ith 7.731958762886598E-4 2.9675613965872945 0.002294506234474712
train 2.577319587628866E-4 1.252762968495368 3.2287705373591964E-4
possibly 0.0010309278350515464 1.6384254493073527 0.0016890984013477864
area 0.001288659793814433 0.664976303593249 8.5692822627996E-4
which 0.004896907216494845 0.023122417420854212 1.1322833273098713E-4
angeles 5.154639175257732E-4 5.1647859739235145 0.0026622608113007805
metropolitan 2.577319587628866E-4 4.0661736852554045 0.0010479829085709806
test 2.577319587628866E-4 0.44628710262841953 1.1502244913103596E-4
count 0.001288659793814433 1.0376515888784226 0.0013371798825752867
its 0.001288659793814433 0.19497267434751336 2.5125344632411515E-4
originally 5.154639175257732E-4 2.5257286443082556 0.0013019219816021936
pay 0.0018041237113402063 1.8689491079191851 0.003371815400885128
often 5.154639175257732E-4 0.5900749954201312 3.041623687732635E-4
informative 7.731958762886598E-4 2.9675613965872945 0.002294506234474712
unpopular 0.0018041237113402063 5.1647859739235145 0.009317912839552732
list 7.731958762886598E-4 0.8472978603872037 6.551272116395904E-4
article 5.154639175257732E-4 1.252762968495368 6.457541074718393E-4
lack 5.154639175257732E-4 0.5696661237889241 2.936423318499609E-4
never 5.154639175257732E-4 2.169053700369523 0.001118068917716249
relatively 0.001288659793814433 0.8209805520698303 0.001057964628955967
exchange 5.154639175257732E-4 1.6682784124570338 8.599373260087804E-4
carry 5.154639175257732E-4 0.8472978603872037 4.3675147442639366E-4
washington 5.154639175257732E-4 3.5553480614894135 0.0018326536399429967
contiguous 0.0010309278350515464 4.471638793363569 0.004609936900374813
frame 5.154639175257732E-4 2.169053700369523 0.001118068917716249
some 0.0010309278350515464 0.2160260835453457 2.2270730262406773E-4
blank 5.154639175257732E-4 3.373026504695459 0.0017386734560285871
analytical 5.154639175257732E-4 1.9459101490553132 0.001003046468585213
united 0.0015463917525773195 1.5812670354674039 0.002445258302269181
importance 5.154639175257732E-4 0.9600933545325481 4.948934817178083E-4
additional 5.154639175257732E-4 0.5300569856938783 2.732252503576692E-4
origin 5.154639175257732E-4 2.6798793241355137 0.0013813810949152132
for 0.007216494845360825 0.017291497110061043 1.247839997633271E-4
training 0.0010309278350515464 1.0059028905638423 0.0010370132892410745
content 7.731958762886598E-4 1.293584963015623 0.0010001945590326982
remove 2.577319587628866E-4 1.0872485300177945 2.802186933035553E-4
fox 5.154639175257732E-4 4.471638793363569 0.0023049684501874066
random 5.154639175257732E-4 1.2329603411991883 6.355465676284476E-4
precisely 5.154639175257732E-4 2.5998366164619773 0.0013401219672484418
plot 5.154639175257732E-4 2.073743520565198 0.0010689399590542259
root 5.154639175257732E-4 1.906689435902032 9.82829606135068E-4
diego 0.005154639175257732 4.471638793363569 0.023049684501874067
reception 5.154639175257732E-4 5.1647859739235145 0.0026622608113007805
over 0.0018041237113402063 0.3364722366212129 6.070375402960026E-4
six 7.731958762886598E-4 0.9162907318741551 7.084722153666148E-4
identify 7.731958762886598E-4 0.3049735695618419 2.3580430636224888E-4
mobile 5.154639175257732E-4 2.331572629867298 0.001201841561787267
multiple 5.154639175257732E-4 0.5108256237659907 2.633121771989643E-4
monitor 5.154639175257732E-4 1.9867321435755685 0.0010240887338018394
dalla 2.577319587628866E-4 5.1647859739235145 0.0013311304056503903
tweet 0.0059278350515463915 2.392197251683733 0.014180550718743776
parse 2.577319587628866E-4 2.120263536200091 5.46459674278374E-4
peak 5.154639175257732E-4 2.392197251683733 0.001233091366847285
label 2.577319587628866E-4 1.1394342831883648 2.936686296877229E-4
message 2.577319587628866E-4 2.169053700369523 5.590344588581245E-4
improvement 2.577319587628866E-4 0.9306794693262548 2.3986584260985948E-4
concentrate 2.577319587628866E-4 2.456735772821304 6.331793228920887E-4
michael 5.154639175257732E-4 2.7668907011251433 0.0014262323201675996
with 0.008505154639175257 0.017291497110061043 1.4706685686392124E-4
environment 5.154639175257732E-4 1.3361445774344192 6.887343182651645E-4
form 2.577319587628866E-4 0.5013468798114469 1.292131133534657E-4
management 7.731958762886598E-4 0.9452782687474074 7.308852593407789E-4
centroid 7.731958762886598E-4 3.5553480614894135 0.0027489804599144948
publish 5.154639175257732E-4 0.03488725900044054 1.798312319610337E-5
well 5.154639175257732E-4 0.3127557100038969 1.6121428350716335E-4
avoid 5.154639175257732E-4 1.0376515888784226 5.348719530301147E-4
assign 2.577319587628866E-4 1.0704414117014134 2.758869617787148E-4
explain 5.154639175257732E-4 0.9751312318970885 5.026449648954064E-4
big 5.154639175257732E-4 1.3581234841531944 7.00063651625358E-4
very 5.154639175257732E-4 0.5596157879354227 2.884617463584653E-4
irrelevant 7.731958762886598E-4 2.392197251683733 0.0018496370502709273
select 7.731958762886598E-4 0.5798184952529422 4.483132695254707E-4
injustice 5.154639175257732E-4 5.1647859739235145 0.0026622608113007805
channel 5.154639175257732E-4 2.456735772821304 0.0012663586457841774
cutter 7.731958762886598E-4 3.7784916128036232 0.002921514133611049
focus 5.154639175257732E-4 0.4285875255290187 2.209214049118653E-4
convert 5.154639175257732E-4 1.121734706088964 5.782137660252392E-4
construct 5.154639175257732E-4 1.2135422553420867 6.255372450216942E-4
attempt 5.154639175257732E-4 1.0216512475319812 5.266243543979285E-4
variation 7.731958762886598E-4 1.1944940603713923 9.235778817304579E-4
output 5.154639175257732E-4 1.121734706088964 5.782137660252392E-4
number 0.003865979381443299 0.14750613710858965 5.702556846981559E-4
four 0.0059278350515463915 0.4643056081310978 0.0027523270585090845
property 5.154639175257732E-4 1.4035858582299516 7.234978650669854E-4
decline 7.731958762886598E-4 1.9867321435755685 0.0015361331007027591
model 0.0015463917525773195 0.41985384556026406 6.49258524062264E-4
majority 7.731958762886598E-4 0.9452782687474074 7.308852593407789E-4
text 0.0015463917525773195 0.8209805520698303 0.0012695575547471603
spatial 0.007216494845360825 2.120263536200091 0.015300870879794473
per 5.154639175257732E-4 0.7339691750802005 3.783346263300003E-4
flow 2.577319587628866E-4 1.4035858582299516 3.617489325334927E-4
repost 5.154639175257732E-4 5.1647859739235145 0.0026622608113007805
reduce 7.731958762886598E-4 0.3941013494578493 3.047175382406051E-4
similar 5.154639175257732E-4 0.20895891632225325 1.0771078160940889E-4
likely 5.154639175257732E-4 0.5798184952529422 2.988755130169805E-4
python 0.002061855670103093 2.120263536200091 0.004371677394226992
period 5.154639175257732E-4 0.7953381214564925 4.0996810384355287E-4
issue 5.154639175257732E-4 0.7953381214564925 4.0996810384355287E-4
large 0.002061855670103093 0.22314355131420976 4.6008979652414385E-4
shape 5.154639175257732E-4 1.906689435902032 9.82829606135068E-4
distant 7.731958762886598E-4 2.9675613965872945 0.002294506234474712
understand 0.0018041237113402063 1.0704414117014134 0.0019312087324510037
classification 0.0010309278350515464 0.9600933545325481 9.897869634356165E-4
broadcasting 0.0010309278350515464 5.1647859739235145 0.005324521622601561
heavy 5.154639175257732E-4 2.5998366164619773 0.0013401219672484418
traditional 5.154639175257732E-4 1.1758019273592397 6.060834677109483E-4
likelihood 5.154639175257732E-4 1.7635885922613586 9.090662846708034E-4
million 5.154639175257732E-4 1.3805963400052528 7.116475979408519E-4
field 5.154639175257732E-4 0.6988778552689304 3.602463171489332E-4
contents 0.0018041237113402063 2.331572629867298 0.004206445466255434
indication 5.154639175257732E-4 1.906689435902032 9.82829606135068E-4
evaluate 5.154639175257732E-4 0.40261203912575794 2.0753197893080307E-4
partial 5.154639175257732E-4 1.6682784124570338 8.599373260087804E-4
southeast 7.731958762886598E-4 5.1647859739235145 0.003993391216951171
become 5.154639175257732E-4 0.6321864807702582 3.258693199846692E-4
status 5.154639175257732E-4 1.3805963400052528 7.116475979408519E-4
skew 2.577319587628866E-4 2.6798793241355137 6.906905474576066E-4
semantic 5.154639175257732E-4 1.4512139072192063 7.48048405783096E-4
diffusion 0.017783505154639175 2.5257286443082556 0.04491630836527568
other 0.002061855670103093 0.0408219945202552 8.416906086650557E-5
lemmatize 2.577319587628866E-4 3.373026504695459 8.693367280142936E-4
aim 5.154639175257732E-4 0.6109090823229731 3.149015888262748E-4
proportion 0.0010309278350515464 1.4271163556401458 0.0014712539748867482
city 7.731958762886598E-4 2.331572629867298 0.0018027623426809002
locational 5.154639175257732E-4 4.471638793363569 0.0023049684501874066
disseminate 5.154639175257732E-4 3.0853444322436783 0.0015903837279606589
phenomenon 2.577319587628866E-4 1.6094379124341003 4.148035856788918E-4
local 0.002061855670103093 1.0704414117014134 0.0022070956942297185
eight 5.154639175257732E-4 1.7635885922613586 9.090662846708034E-4
valid 0.0010309278350515464 1.79749014393704 0.0018530826226155052
streaming 0.0018041237113402063 3.7784916128036232 0.006816866311759115
government 5.154639175257732E-4 2.2203469947570738 0.0011445087601840587
hava 2.577319587628866E-4 5.1647859739235145 0.0013311304056503903
top 0.0010309278350515464 1.5538680612792897 0.0016019258363704017
stream 2.577319587628866E-4 2.6798793241355137 6.906905474576066E-4
directional 7.731958762886598E-4 4.471638793363569 0.00345745267528111
have 0.006958762886597939 0.017291497110061043 1.203274283432083E-4
december 0.001288659793814433 1.3361445774344192 0.0017218357956629113
share 7.731958762886598E-4 1.0539121097502027 8.148804972295381E-4
ability 0.0010309278350515464 0.8881198549074587 9.155874792860399E-4
map 7.731958762886598E-4 1.4512139072192063 0.0011220726086746439
table 0.0033505154639175256 0.18117935221517753 6.070442213395123E-4
statewide 7.731958762886598E-4 4.471638793363569 0.00345745267528111
cnn 5.154639175257732E-4 2.5257286443082556 0.0013019219816021936
retweet 0.0033505154639175256 3.7784916128036232 0.012659894578981212
question 2.577319587628866E-4 0.8743265327751228 2.2534188989049557E-4
may 0.0023195876288659794 0.15415067982725836 3.5756600990858895E-4
dominant 5.154639175257732E-4 2.2744142160273495 0.0011723784618697679
sloan 5.154639175257732E-4 5.1647859739235145 0.0026622608113007805
within 0.003865979381443299 0.3127557100038969 0.0012091071263037251
forward 2.577319587628866E-4 1.730798769438368 4.460821570717443E-4
change 0.0010309278350515464 0.3941013494578493 4.0629005098747354E-4
draw 5.154639175257732E-4 1.1944940603713923 6.157185878203054E-4
positive 0.0010309278350515464 0.6761496041913742 6.970614476199733E-4
picture 2.577319587628866E-4 2.392197251683733 6.165456834236425E-4
generally 7.731958762886598E-4 0.9021060968821986 6.975047140841741E-4
sharp 2.577319587628866E-4 2.7668907011251433 7.131161600837998E-4
demographic 2.577319587628866E-4 1.4271163556401458 3.6781349372168705E-4
future 0.0010309278350515464 0.48265474679929443 4.975822131951489E-4
report 2.577319587628866E-4 0.3364722366212129 8.671964861371467E-5
complete 5.154639175257732E-4 0.8080771472339223 4.1653461197624863E-4
minor 5.154639175257732E-4 2.0292917579943643 0.0010460266793785383
concerned 7.731958762886598E-4 2.2744142160273495 0.0017585676928046517
use 7.731958762886598E-4 0.03488725900044054 2.6974684794155056E-5
screen 2.577319587628866E-4 1.7635885922613586 4.545331423354017E-4
paramkusham 5.154639175257732E-4 5.1647859739235145 0.0026622608113007805
diffuse 2.577319587628866E-4 3.5553480614894135 9.163268199714983E-4
while 0.002061855670103093 0.20895891632225325 4.3084312643763557E-4
associate 5.154639175257732E-4 0.38566248081198473 1.98795093202054E-4
perception 0.0015463917525773195 1.252762968495368 0.0019372623224155176
second 5.154639175257732E-4 0.4373981552111735 2.2546296660369767E-4
identical 5.154639175257732E-4 2.2744142160273495 0.0011723784618697679
that 0.009536082474226805 0.017291497110061043 1.6489314254439656E-4
high 0.0023195876288659794 0.11492996667397702 2.6659012888293637E-4
download 0.001288659793814433 0.24480504809538922 3.154704228033366E-4
geographic 0.003865979381443299 2.392197251683733 0.009248185251354638
split 5.154639175257732E-4 1.6384254493073527 8.445492006738932E-4
find 5.154639175257732E-4 0.16083966797805488 8.290704534951283E-5
whether 5.154639175257732E-4 0.5300569856938783 2.732252503576692E-4
function 5.154639175257732E-4 0.5496654570822546 2.833327098362137E-4
than 0.003092783505154639 0.058840500022933395 1.8198092790597955E-4
visualize 5.154639175257732E-4 2.331572629867298 0.001201841561787267
limit 0.0010309278350515464 1.3146383722134554 0.0013552972909417066
west 7.731958762886598E-4 2.6798793241355137 0.00207207164237282
widespread 5.154639175257732E-4 1.9867321435755685 0.0010240887338018394
seattle 5.154639175257732E-4 4.471638793363569 0.0023049684501874066
communication 0.002061855670103093 1.5538680612792897 0.0032038516727408034
directly 0.0010309278350515464 0.7703368192510752 7.941616693310054E-4
different 0.006443298969072165 0.18805223150293962 0.0012116767493746108
combine 2.577319587628866E-4 0.6321864807702582 1.629346599923346E-4
all 0.007731958762886598 0.017291497110061043 1.3369714260356476E-4
new 0.0010309278350515464 0.36076492919025743 3.719226074126365E-4
comparison 5.154639175257732E-4 0.6988778552689304 3.602463171489332E-4
below 7.731958762886598E-4 1.4035858582299516 0.001085246797600478
level 5.154639175257732E-4 0.4373981552111735 2.2546296660369767E-4
author 2.577319587628866E-4 0.017291497110061043 4.456571420118826E-6
real 7.731958762886598E-4 1.3361445774344192 0.0010331014773977468
less 0.0010309278350515464 0.36076492919025743 3.719226074126365E-4
tool 0.0010309278350515464 0.8743265327751228 9.013675595619823E-4
establish 2.577319587628866E-4 0.9600933545325481 2.4744674085890413E-4
originate 2.577319587628866E-4 2.7668907011251433 7.131161600837998E-4
improve 0.0015463917525773195 0.377294231141468 5.83444687332167E-4
snow 5.154639175257732E-4 4.471638793363569 0.0023049684501874066
sensor 5.154639175257732E-4 2.6798793241355137 0.0013813810949152132
position 2.577319587628866E-4 1.0059028905638423 2.592533223102686E-4
worrisome 5.154639175257732E-4 5.1647859739235145 0.0026622608113007805
present 2.577319587628866E-4 0.083381608939051 2.149010539666263E-5
collect 2.577319587628866E-4 0.6761496041913742 1.7426536190499333E-4
kang 5.154639175257732E-4 4.471638793363569 0.0023049684501874066
since 0.0010309278350515464 0.377294231141468 3.8896312488811134E-4
datum 2.577319587628866E-4 0.167573700159399 4.318909797922655E-5
hastak 7.731958762886598E-4 5.1647859739235145 0.003993391216951171
facilitate 5.154639175257732E-4 1.2729656758128876 6.561678741303544E-4
sentiment 0.006701030927835051 1.8689491079191851 0.012523885774716189
locate 2.577319587628866E-4 1.5812670354674039 4.075430503781969E-4
honnibal 5.154639175257732E-4 5.1647859739235145 0.0026622608113007805
cause 2.577319587628866E-4 0.5398131606392429 1.3912710325753684E-4
technique 2.577319587628866E-4 0.7953381214564925 2.0498405192177644E-4
media 0.005670103092783505 1.5812670354674039 0.00896594710832033
investigate 5.154639175257732E-4 0.653926467406664 3.370754986632289E-4
around 7.731958762886598E-4 1.0216512475319812 7.899365315968927E-4
effective 0.0015463917525773195 0.8472978603872037 0.0013102544232791809
total 0.0018041237113402063 0.5108256237659907 9.215926201963751E-4
and 0.04974226804123711 0.017291497110061043 8.601182840829333E-4
negatively 5.154639175257732E-4 1.8689491079191851 9.633758288243223E-4
convey 5.154639175257732E-4 2.5998366164619773 0.0013401219672484418
extra 5.154639175257732E-4 2.073743520565198 0.0010689399590542259
dump 2.577319587628866E-4 4.471638793363569 0.0011524842250937033
make 5.154639175257732E-4 0.2521310881874621 1.2996447844714542E-4
snowy 2.577319587628866E-4 5.1647859739235145 0.0013311304056503903
categorize 2.577319587628866E-4 1.730798769438368 4.460821570717443E-4
direction 0.005154639175257732 1.3581234841531944 0.007000636516253579
follower 2.577319587628866E-4 5.1647859739235145 0.0013311304056503903
social 0.007731958762886598 1.0704414117014134 0.008276608853361444
anderson 5.154639175257732E-4 3.373026504695459 0.0017386734560285871
equation 0.001288659793814433 1.6384254493073527 0.002111373001684733
accord 2.577319587628866E-4 0.4919571394616079 1.2679307718082677E-4
interesting 5.154639175257732E-4 1.6682784124570338 8.599373260087804E-4
lda 0.0023195876288659794 2.5998366164619773 0.0060305488526179885
lengthy 5.154639175257732E-4 3.7784916128036232 0.0019476760890740326
sojka 5.154639175257732E-4 4.471638793363569 0.0023049684501874066
specific 5.154639175257732E-4 0.40261203912575794 2.0753197893080307E-4
any 0.0015463917525773195 0.2669461739726028 4.128033618133033E-4
despite 5.154639175257732E-4 0.7221347174331975 3.722343904294832E-4
intelligent 5.154639175257732E-4 2.5998366164619773 0.0013401219672484418
structure 2.577319587628866E-4 0.8340526336371831 2.1496201897865545E-4
rapidly 5.154639175257732E-4 1.906689435902032 9.82829606135068E-4
underlie 2.577319587628866E-4 1.293584963015623 3.3339818634423274E-4
English 2.577319587628866E-4 1.4512139072192063 3.74024202891548E-4
conduct 2.577319587628866E-4 0.5798184952529422 1.4943775650849025E-4
spatially 5.154639175257732E-4 3.2188758248682006 0.0016592143427155673
application 5.154639175257732E-4 0.7703368192510752 3.970808346655027E-4
due 0.002061855670103093 0.20895891632225325 4.3084312643763557E-4
engage 2.577319587628866E-4 1.79749014393704 4.632706556538763E-4
threat 5.154639175257732E-4 2.5998366164619773 0.0013401219672484418
interested 5.154639175257732E-4 1.8689491079191851 9.633758288243223E-4
respond 7.731958762886598E-4 1.6682784124570338 0.0012899059890131705
strategy 2.577319587628866E-4 0.9021060968821986 2.325015713613914E-4
collapse 2.577319587628866E-4 3.373026504695459 8.693367280142936E-4
gensim 7.731958762886598E-4 3.7784916128036232 0.002921514133611049
cluster 2.577319587628866E-4 1.8689491079191851 4.8168791441216113E-4
inform 2.577319587628866E-4 2.392197251683733 6.165456834236425E-4
accurate 5.154639175257732E-4 1.3805963400052528 7.116475979408519E-4
depend 2.577319587628866E-4 0.8472978603872037 2.1837573721319683E-4
vary 2.577319587628866E-4 0.9751312318970885 2.513224824477032E-4
conus 0.0010309278350515464 5.1647859739235145 0.005324521622601561
upper 7.731958762886598E-4 1.8689491079191851 0.0014450637432364833
about 0.0028350515463917525 0.377294231141468 0.001069648593442306
empirical 5.154639175257732E-4 1.8325814637483102 9.446296204888197E-4
county 5.154639175257732E-4 3.2188758248682006 0.0016592143427155673
decay 0.002061855670103093 3.2188758248682006 0.006636857370862269
discussion 5.154639175257732E-4 0.23031204079282225 1.1871754680042384E-4
stevenson 5.154639175257732E-4 5.1647859739235145 0.0026622608113007805
circulate 5.154639175257732E-4 2.7668907011251433 0.0014262323201675996
concern 2.577319587628866E-4 1.0539121097502027 2.7162683240984604E-4
battersby 5.154639175257732E-4 5.1647859739235145 0.0026622608113007805
cover 2.577319587628866E-4 1.0704414117014134 2.758869617787148E-4
iterator 7.731958762886598E-4 5.1647859739235145 0.003993391216951171
reflect 5.154639175257732E-4 0.7827593392496325 4.034841954895013E-4
contribution 7.731958762886598E-4 1.2135422553420867 9.383058675325412E-4
locally 5.154639175257732E-4 3.5553480614894135 0.0018326536399429967
geography 5.154639175257732E-4 3.7784916128036232 0.0019476760890740326
notation 5.154639175257732E-4 3.2188758248682006 0.0016592143427155673
meaning 5.154639175257732E-4 1.0704414117014134 5.517739235574296E-4
estimate 2.577319587628866E-4 0.8743265327751228 2.2534188989049557E-4
state 5.154639175257732E-4 0.6761496041913742 3.4853072380998666E-4
api 0.0015463917525773195 2.5998366164619773 0.004020365901745326
meaningless 5.154639175257732E-4 4.0661736852554045 0.0020959658171419613
recent 5.154639175257732E-4 0.5596157879354227 2.884617463584653E-4
they 5.154639175257732E-4 0.05279818556697083 2.721555957060352E-5
fully 5.154639175257732E-4 1.2729656758128876 6.561678741303544E-4
environmental 5.154639175257732E-4 2.120263536200091 0.001092919348556748
august 0.004123711340206186 2.2203469947570738 0.00915607008147247
blindness 5.154639175257732E-4 2.8622008809294686 0.001475361278829623
forecast 5.154639175257732E-4 3.5553480614894135 0.0018326536399429967
opposite 5.154639175257732E-4 2.2744142160273495 0.0011723784618697679
then 7.731958762886598E-4 0.4285875255290187 3.3138210736779794E-4
uncover 5.154639175257732E-4 2.8622008809294686 0.001475361278829623
recognize 5.154639175257732E-4 1.4035858582299516 7.234978650669854E-4
javascript 5.154639175257732E-4 5.1647859739235145 0.0026622608113007805
each 0.005154639175257732 0.13434805253107854 6.925157346962811E-4
intention 2.577319587628866E-4 2.2203469947570738 5.722543800920294E-4
charlotte 5.154639175257732E-4 5.1647859739235145 0.0026622608113007805
dictionary 5.154639175257732E-4 1.9459101490553132 0.001003046468585213
slow 2.577319587628866E-4 2.331572629867298 6.009207808936335E-4
disastrous 5.154639175257732E-4 5.1647859739235145 0.0026622608113007805
unique 0.0015463917525773195 1.157452788691043 0.001789875446429448
processing 7.731958762886598E-4 0.7221347174331975 5.583515856442249E-4
difference 7.731958762886598E-4 0.36076492919025743 2.789419555594774E-4
dissipate 2.577319587628866E-4 4.471638793363569 0.0011524842250937033
boost 5.154639175257732E-4 2.331572629867298 0.001201841561787267
except 7.731958762886598E-4 1.3805963400052528 0.0010674713969112779
atlanta 7.731958762886598E-4 5.1647859739235145 0.003993391216951171
fact 5.154639175257732E-4 0.9452782687474074 4.872568395605193E-4
access 7.731958762886598E-4 1.1394342831883648 8.810058890631686E-4
activity 2.577319587628866E-4 1.0872485300177945 2.802186933035553E-4
examine 7.731958762886598E-4 0.8881198549074587 6.866906094645298E-4
snowfall 5.154639175257732E-4 5.1647859739235145 0.0026622608113007805
dispersed 5.154639175257732E-4 3.2188758248682006 0.0016592143427155673
frequently 5.154639175257732E-4 1.157452788691043 5.966251488098161E-4
another 5.154639175257732E-4 0.40261203912575794 2.0753197893080307E-4
fundamental 7.731958762886598E-4 1.906689435902032 0.0014742444092026021
eliminate 5.154639175257732E-4 1.6990500711237875 8.757990057339111E-4
industry 5.154639175257732E-4 1.7635885922613586 9.090662846708034E-4
two 0.0028350515463917525 0.11492996667397702 3.2583237974581115E-4
long 5.154639175257732E-4 0.44628710262841953 2.3004489826207192E-4
into 0.004639175257731959 0.10854016857520597 5.035368645241514E-4
situational 7.731958762886598E-4 3.5553480614894135 0.0027489804599144948
identifiable 5.154639175257732E-4 2.9675613965872945 0.0015296708229831416
actively 5.154639175257732E-4 2.2744142160273495 0.0011723784618697679
where 0.0023195876288659794 0.32850406697203605 7.61993969780496E-4
attach 2.577319587628866E-4 2.169053700369523 5.590344588581245E-4
worried 5.154639175257732E-4 5.1647859739235145 0.0026622608113007805
popular 0.005670103092783505 1.252762968495368 0.007103295182190231
ontonote 2.577319587628866E-4 3.7784916128036232 9.738380445370163E-4
situation 5.154639175257732E-4 1.4512139072192063 7.48048405783096E-4
hashtag 5.154639175257732E-4 3.7784916128036232 0.0019476760890740326
calendar 5.154639175257732E-4 3.373026504695459 0.0017386734560285871
receive 2.577319587628866E-4 0.653926467406664 1.6853774933161446E-4
storm 0.00979381443298969 3.7784916128036232 0.03700584569240662
manager 5.154639175257732E-4 2.456735772821304 0.0012663586457841774
one 0.0018041237113402063 0.06491954609931569 1.1712289244721904E-4
store 5.154639175257732E-4 1.730798769438368 8.921643141434887E-4
many 0.0010309278350515464 0.20194134366360675 2.0818695223052242E-4
actually 5.154639175257732E-4 1.5812670354674039 8.150861007563938E-4
single 5.154639175257732E-4 0.6429973968744738 3.3144195715179063E-4
confirm 5.154639175257732E-4 0.8209805520698303 4.2318585158238677E-4
such 0.004123711340206186 0.10219094089654716 4.2140594184143164E-4
extensive 0.001288659793814433 1.5271998141971284 0.001968040997676712
geodesic 5.154639175257732E-4 4.471638793363569 0.0023049684501874066
nlp 7.731958762886598E-4 0.41119578281714936 3.179348836215072E-4
watch 2.577319587628866E-4 3.5553480614894135 9.163268199714983E-4
extensively 0.0010309278350515464 2.456735772821304 0.002532717291568355
household 5.154639175257732E-4 3.5553480614894135 0.0018326536399429967
ranking 2.577319587628866E-4 5.1647859739235145 0.0013311304056503903
centrographic 5.154639175257732E-4 5.1647859739235145 0.0026622608113007805
adverse 5.154639175257732E-4 2.073743520565198 0.0010689399590542259
open 2.577319587628866E-4 0.8881198549074587 2.2889686982150998E-4
ratio 0.0018041237113402063 1.0704414117014134 0.0019312087324510037
but 0.002061855670103093 0.083381608939051 1.7192084317330103E-4
through 0.002577319587628866 0.2595111954850846 6.688432873326923E-4
project 2.577319587628866E-4 1.3361445774344192 3.4436715913258227E-4
express 0.0010309278350515464 0.8743265327751228 9.013675595619823E-4
inside 0.001288659793814433 1.906689435902032 0.00245707401533767
tokenize 2.577319587628866E-4 3.373026504695459 8.693367280142936E-4
coordination 5.154639175257732E-4 3.0853444322436783 0.0015903837279606589
frequency 5.154639175257732E-4 1.0216512475319812 5.266243543979285E-4
late 2.577319587628866E-4 1.5012243277938677 3.869134865448113E-4
white 5.154639175257732E-4 2.5998366164619773 0.0013401219672484418
awareness 7.731958762886598E-4 2.0292917579943643 0.0015690400190678075
huge 5.154639175257732E-4 1.9459101490553132 0.001003046468585213
ellipse 0.0018041237113402063 5.1647859739235145 0.009317912839552732
geographically 5.154639175257732E-4 3.7784916128036232 0.0019476760890740326
keyword 2.577319587628866E-4 1.8689491079191851 4.8168791441216113E-4
generate 2.577319587628866E-4 0.7953381214564925 2.0498405192177644E-4
coordinate 2.577319587628866E-4 1.906689435902032 4.91414803067534E-4
ensure 7.731958762886598E-4 1.0216512475319812 7.899365315968927E-4
last 5.154639175257732E-4 0.7459453661269161 3.845079206839774E-4
wong 5.154639175257732E-4 3.7784916128036232 0.0019476760890740326
query 5.154639175257732E-4 2.392197251683733 0.001233091366847285
widely 0.0010309278350515464 1.0059028905638423 0.0010370132892410745
this 0.008247422680412371 0.017291497110061043 1.4261028544380243E-4
collection 7.731958762886598E-4 0.9600933545325481 7.423402225767123E-4
qiang 0.004123711340206186 5.1647859739235145 0.021298086490406244
develop 2.577319587628866E-4 0.32850406697203605 8.466599664227734E-5
duplicate 2.577319587628866E-4 3.0853444322436783 7.951918639803294E-4
bold 5.154639175257732E-4 3.2188758248682006 0.0016592143427155673
finding 0.0010309278350515464 0.7459453661269161 7.690158413679548E-4
modelling 0.0010309278350515464 1.906689435902032 0.001965659212270136
decrease 7.731958762886598E-4 0.7827593392496325 6.052262932342519E-4
volunteer 5.154639175257732E-4 3.5553480614894135 0.0018326536399429967
extract 5.154639175257732E-4 0.8080771472339223 4.1653461197624863E-4
measure 7.731958762886598E-4 0.48265474679929443 3.7318665989636164E-4
lubbock 5.154639175257732E-4 5.1647859739235145 0.0026622608113007805
proximity 5.154639175257732E-4 2.9675613965872945 0.0015296708229831416
know 2.577319587628866E-4 0.6214911916535102 1.6017814217873975E-4
demonstrate 2.577319587628866E-4 0.5108256237659907 1.3165608859948215E-4
region 5.154639175257732E-4 1.5538680612792897 8.009629181852008E-4
support 7.731958762886598E-4 0.5300569856938783 4.098378755365038E-4
full 0.0033505154639175256 0.14750613710858965 4.942215934050683E-4
allow 2.577319587628866E-4 0.5398131606392429 1.3912710325753684E-4
occupy 7.731958762886598E-4 2.5998366164619773 0.002010182950872663
distance 0.005154639175257732 1.4035858582299516 0.0072349786506698535
show 0.001288659793814433 0.0771896386911299 9.947118388032203E-5
destination 2.577319587628866E-4 4.0661736852554045 0.0010479829085709806
update 2.577319587628866E-4 1.6682784124570338 4.299686630043902E-4
rule 2.577319587628866E-4 1.1043429633770947 2.846244750971894E-4
detect 5.154639175257732E-4 0.8881198549074587 4.5779373964301997E-4
description 2.577319587628866E-4 1.157452788691043 2.9831257440490804E-4
effort 2.577319587628866E-4 1.252762968495368 3.2287705373591964E-4
kim 0.0010309278350515464 2.9675613965872945 0.003059341645966283
we 2.577319587628866E-4 0.19497267434751336 5.0250689264823035E-5
speed 5.154639175257732E-4 1.730798769438368 8.921643141434887E-4
life 5.154639175257732E-4 1.3581234841531944 7.00063651625358E-4
disaster 0.003865979381443299 3.2188758248682006 0.012444107570366755
underrepresented 5.154639175257732E-4 3.373026504695459 0.0017386734560285871
conclusion 5.154639175257732E-4 0.28958865072236245 1.4927250037235178E-4
not 0.0028350515463917525 0.03488725900044054 9.890717757856854E-5
negative 7.731958762886598E-4 0.6321864807702582 4.888039799770037E-4
common 0.0010309278350515464 0.3526016185510966 3.6350682324855324E-4
interest 5.154639175257732E-4 1.0059028905638423 5.185066446205372E-4
similarity 5.154639175257732E-4 1.4759065198095778 7.607765566028751E-4
street 5.154639175257732E-4 2.7668907011251433 0.0014262323201675996
disorganized 5.154639175257732E-4 5.1647859739235145 0.0026622608113007805
factor 5.154639175257732E-4 0.38566248081198473 1.98795093202054E-4
every 5.154639175257732E-4 1.0539121097502027 5.432536648196921E-4
early 2.577319587628866E-4 0.6214911916535102 1.6017814217873975E-4
news 5.154639175257732E-4 2.0292917579943643 0.0010460266793785383
outage 5.154639175257732E-4 4.471638793363569 0.0023049684501874066
figure 0.007474226804123712 0.18805223150293962 0.0014055450292745487
previous 5.154639175257732E-4 0.32850406697203605 1.6933199328455467E-4
apply 5.154639175257732E-4 0.41119578281714936 2.1195658908100483E-4
effectively 5.154639175257732E-4 1.6384254493073527 8.445492006738932E-4
transmit 2.577319587628866E-4 2.8622008809294686 7.376806394148115E-4
start 5.154639175257732E-4 0.8472978603872037 4.3675147442639366E-4
colour 2.577319587628866E-4 2.8622008809294686 7.376806394148115E-4
what 7.731958762886598E-4 0.8209805520698303 6.347787773735801E-4
refer 2.577319587628866E-4 0.7827593392496325 2.0174209774475064E-4
actionable 5.154639175257732E-4 4.471638793363569 0.0023049684501874066
short 7.731958762886598E-4 0.9452782687474074 7.308852593407789E-4
risk 7.731958762886598E-4 0.758066726659261 5.861340670045832E-4
location 0.0015463917525773195 1.3805963400052528 0.0021349427938225558
step 2.577319587628866E-4 0.8080771472339223 2.0826730598812431E-4
time 0.001288659793814433 0.167573700159399 2.1594548989613274E-4
base 2.577319587628866E-4 0.14090545307723773 3.631583842196849E-5
stem 2.577319587628866E-4 1.906689435902032 4.91414803067534E-4
play 5.154639175257732E-4 0.9600933545325481 4.948934817178083E-4
reach 2.577319587628866E-4 1.0376515888784226 2.6743597651505735E-4
quickly 5.154639175257732E-4 2.0292917579943643 0.0010460266793785383
whole 5.154639175257732E-4 1.252762968495368 6.457541074718393E-4
during 0.001288659793814433 0.28958865072236245 3.731812509308794E-4
semantics 5.154639175257732E-4 2.392197251683733 0.001233091366847285
program 5.154639175257732E-4 1.6094379124341003 8.296071713577836E-4
type 5.154639175257732E-4 0.3364722366212129 1.7343929722742933E-4
three 0.0010309278350515464 0.22314355131420976 2.3004489826207192E-4
when 0.0010309278350515464 0.14750613710858965 1.520681825861749E-4
nearby 7.731958762886598E-4 3.373026504695459 0.0026080101840428808
relation 5.154639175257732E-4 1.121734706088964 5.782137660252392E-4
reliable 5.154639175257732E-4 1.6990500711237875 8.757990057339111E-4
twitter 0.003092783505154639 2.456735772821304 0.007598151874705064
relate 2.577319587628866E-4 0.27443684570176036 7.073114579942277E-5
connectivity 5.154639175257732E-4 3.2188758248682006 0.0016592143427155673
hazard 0.0010309278350515464 3.0853444322436783 0.0031807674559213178
far 5.154639175257732E-4 1.3361445774344192 6.887343182651645E-4
broad 5.154639175257732E-4 1.2135422553420867 6.255372450216942E-4
weather 0.0010309278350515464 2.8622008809294686 0.002950722557659246
connection 2.577319587628866E-4 1.906689435902032 4.91414803067534E-4
embed 2.577319587628866E-4 1.8325814637483102 4.7231481024440986E-4
catch 5.154639175257732E-4 3.0853444322436783 0.0015903837279606589
between 0.003092783505154639 0.058840500022933395 1.8198092790597955E-4
case 0.004123711340206186 0.24480504809538922 0.0010095053529706772
give 5.154639175257732E-4 0.2595111954850846 1.3376865746653847E-4
efficiency 5.154639175257732E-4 1.6384254493073527 8.445492006738932E-4
natural 0.005154639175257732 0.6429973968744738 0.003314419571517906
method 7.731958762886598E-4 0.0958817717032825 7.413539049222874E-5
work 5.154639175257732E-4 0.4285875255290187 2.209214049118653E-4
vader 7.731958762886598E-4 3.7784916128036232 0.002921514133611049
jinwen 0.004123711340206186 5.1647859739235145 0.021298086490406244
insight 5.154639175257732E-4 1.0539121097502027 5.432536648196921E-4
coast 7.731958762886598E-4 3.7784916128036232 0.002921514133611049
provide 0.0010309278350515464 0.167573700159399 1.727563919169062E-4
latent 0.001288659793814433 2.0292917579943643 0.0026150666984463456
choropleth 5.154639175257732E-4 5.1647859739235145 0.0026622608113007805
among 0.004381443298969072 0.32850406697203605 0.0014393219429187146
utilize 2.577319587628866E-4 1.2729656758128876 3.280839370651772E-4
prevail 2.577319587628866E-4 3.7784916128036232 9.738380445370163E-4
labelling 5.154639175257732E-4 2.392197251683733 0.001233091366847285
word 0.001288659793814433 0.8743265327751228 0.0011267094494524779
primary 5.154639175257732E-4 0.9306794693262548 4.7973168521971897E-4
broadcast 5.154639175257732E-4 4.0661736852554045 0.0020959658171419613
damage 5.154639175257732E-4 1.6384254493073527 8.445492006738932E-4
study 0.006958762886597939 0.07103577311675174 4.943211015856436E-4
hotspot 5.154639175257732E-4 4.0661736852554045 0.0020959658171419613
pattern 0.003865979381443299 0.9751312318970885 0.0037698372367155485
range 2.577319587628866E-4 0.3941013494578493 1.0157251274686838E-4
distribution 0.0023195876288659794 0.9600933545325481 0.0022270206677301374
fireplace 5.154639175257732E-4 5.1647859739235145 0.0026622608113007805
derive 2.577319587628866E-4 1.2329603411991883 3.177732838142238E-4
cope 2.577319587628866E-4 2.120263536200091 5.46459674278374E-4
out 5.154639175257732E-4 0.368995428326773 1.9020382903441908E-4
gain 5.154639175257732E-4 0.9751312318970885 5.026449648954064E-4
across 7.731958762886598E-4 0.7703368192510752 5.95621251998254E-4
los 5.154639175257732E-4 5.1647859739235145 0.0026622608113007805
low 0.0010309278350515464 0.28958865072236245 2.9854500074470356E-4
theme 5.154639175257732E-4 2.120263536200091 0.001092919348556748
place 2.577319587628866E-4 0.9600933545325481 2.4744674085890413E-4
power 7.731958762886598E-4 1.4759065198095778 0.0011411648349043126
copy 5.154639175257732E-4 2.5998366164619773 0.0013401219672484418
event 0.0010309278350515464 1.157452788691043 0.0011932502976196321
means 0.0010309278350515464 0.6988778552689304 7.204926342978664E-4
include 0.0010309278350515464 0.0771896386911299 7.957694710425762E-5
agency 2.577319587628866E-4 2.6798793241355137 6.906905474576066E-4
explore 5.154639175257732E-4 0.9600933545325481 4.948934817178083E-4
more 0.004123711340206186 0.05279818556697083 2.1772447656482816E-4
display 0.003092783505154639 0.16083966797805488 4.974422720970769E-4
csvdisplay 0.001288659793814433 0.2669461739726028 3.4400280151108606E-4
centre 5.154639175257732E-4 2.120263536200091 0.001092919348556748
climate 7.731958762886598E-4 2.9675613965872945 0.002294506234474712
lead 5.154639175257732E-4 0.3127557100038969 1.6121428350716335E-4
opinion 2.577319587628866E-4 1.8689491079191851 4.8168791441216113E-4
help 7.731958762886598E-4 0.6874491594453075 5.315328552412171E-4
emotion 5.154639175257732E-4 2.2203469947570738 0.0011445087601840587
preparedness 7.731958762886598E-4 3.5553480614894135 0.0027489804599144948
organization 2.577319587628866E-4 1.5538680612792897 4.004814590926004E-4
width 7.731958762886598E-4 3.0853444322436783 0.0023855755919409884
behaviour 2.577319587628866E-4 2.2203469947570738 5.722543800920294E-4
summarize 2.577319587628866E-4 1.121734706088964 2.891068830126196E-4
labelleda 2.577319587628866E-4 5.1647859739235145 0.0013311304056503903
travel 5.154639175257732E-4 2.7668907011251433 0.0014262323201675996
owe 2.577319587628866E-4 2.5257286443082556 6.509609908010968E-4
dispersion 7.731958762886598E-4 3.7784916128036232 0.002921514133611049
inflection 2.577319587628866E-4 4.471638793363569 0.0011524842250937033
small 5.154639175257732E-4 0.45525577261118 2.3466792402638146E-4
reveal 5.154639175257732E-4 1.0216512475319812 5.266243543979285E-4
fed 5.154639175257732E-4 1.9867321435755685 0.0010240887338018394
mature 5.154639175257732E-4 3.0853444322436783 0.0015903837279606589
section 7.731958762886598E-4 0.6988778552689304 5.403694757233998E-4
threshold 5.154639175257732E-4 2.120263536200091 0.001092919348556748
space 5.154639175257732E-4 1.293584963015623 6.667963726884655E-4
influence 5.154639175257732E-4 0.6874491594453075 3.543552368274781E-4
hit 5.154639175257732E-4 3.2188758248682006 0.0016592143427155673
spacy 5.154639175257732E-4 3.5553480614894135 0.0018326536399429967
newline 5.154639175257732E-4 5.1647859739235145 0.0026622608113007805
pessimistic 7.731958762886598E-4 4.471638793363569 0.00345745267528111
major 0.001288659793814433 0.7104386776700063 9.155137598840288E-4
jordan 5.154639175257732E-4 3.7784916128036232 0.0019476760890740326
percentage 7.731958762886598E-4 1.2329603411991883 9.533198514426714E-4
only 0.002061855670103093 0.10854016857520597 2.2379416201073396E-4
should 0.001288659793814433 0.368995428326773 4.755095725860477E-4
create 7.731958762886598E-4 0.7339691750802005 5.675019394950004E-4
few 5.154639175257732E-4 0.5013468798114469 2.584262267069314E-4
from 0.007731958762886598 0.023122417420854212 1.7878157799629545E-4
consider 2.577319587628866E-4 0.17435338714477774 4.493643998576746E-5
potential 0.0010309278350515464 0.4373981552111735 4.5092593320739533E-4
day 2.577319587628866E-4 0.8881198549074587 2.2889686982150998E-4
group 0.003092783505154639 0.41119578281714936 0.0012717395344860288
obtain 5.154639175257732E-4 0.3526016185510966 1.8175341162427662E-4
package 0.0015463917525773195 2.073743520565198 0.003206819877162677
manually 5.154639175257732E-4 1.4512139072192063 7.48048405783096E-4
imply 0.0010309278350515464 1.730798769438368 0.0017843286282869773
crisis 5.154639175257732E-4 2.6798793241355137 0.0013813810949152132
individual 5.154639175257732E-4 0.6214911916535102 3.203562843574795E-4
like 5.154639175257732E-4 0.7703368192510752 3.970808346655027E-4
capture 0.0010309278350515464 0.990398704027877 0.0010210295917813166
populated 5.154639175257732E-4 3.7784916128036232 0.0019476760890740326
towards 7.731958762886598E-4 1.5012243277938677 0.0011607404596344338
both 0.0018041237113402063 0.13434805253107854 2.423805071436984E-4
most 0.0018041237113402063 0.0771896386911299 1.3925965743245085E-4
important 5.154639175257732E-4 0.2669461739726028 1.3760112060443442E-4
person 2.577319587628866E-4 0.9021060968821986 2.325015713613914E-4
outside 0.006185567010309278 1.4035858582299516 0.008681974380803825
effect 2.577319587628866E-4 0.4919571394616079 1.2679307718082677E-4
keep 2.577319587628866E-4 1.4271163556401458 3.6781349372168705E-4
topic 0.009536082474226805 1.1043429633770947 0.010531105578596007
perceive 5.154639175257732E-4 1.5012243277938677 7.738269730896226E-4
potentially 7.731958762886598E-4 1.1394342831883648 8.810058890631686E-4
who 5.154639175257732E-4 0.44628710262841953 2.3004489826207192E-4
classify 2.577319587628866E-4 0.9162907318741551 2.3615740512220493E-4
note 2.577319587628866E-4 0.5013468798114469 1.292131133534657E-4
critical 5.154639175257732E-4 1.2135422553420867 6.255372450216942E-4
line 0.001288659793814433 0.9021060968821986 0.0011625078568069569
contribute 2.577319587628866E-4 0.6874491594453075 1.7717761841373904E-4
link 5.154639175257732E-4 1.0872485300177945 5.604373866071106E-4
frequent 0.0015463917525773195 1.4271163556401458 0.0022068809623301223
cyberworld 5.154639175257732E-4 5.1647859739235145 0.0026622608113007805
winter 0.007731958762886598 4.471638793363569 0.0345745267528111
scale 7.731958762886598E-4 1.2135422553420867 9.383058675325412E-4
platform 5.154639175257732E-4 1.4759065198095778 7.607765566028751E-4
network 7.731958762886598E-4 0.990398704027877 7.657721938359874E-4
aware 5.154639175257732E-4 2.169053700369523 0.001118068917716249
principal 0.002061855670103093 2.392197251683733 0.00493236546738914
can 0.006958762886597939 0.0958817717032825 6.672185144300587E-4
highlight 5.154639175257732E-4 0.9306794693262548 4.7973168521971897E-4
general 7.731958762886598E-4 0.4734380916943703 3.660603801760595E-4
tend 0.001288659793814433 1.1394342831883648 0.0014683431484386145
trace 2.577319587628866E-4 2.7668907011251433 7.131161600837998E-4
east 5.154639175257732E-4 2.9675613965872945 0.0015296708229831416
capello 7.731958762886598E-4 5.1647859739235145 0.003993391216951171
public 0.0028350515463917525 1.3361445774344192 0.0037880387504584047
salient 5.154639175257732E-4 3.2188758248682006 0.0016592143427155673
parameter 2.577319587628866E-4 1.0539121097502027 2.7162683240984604E-4
alarm 2.577319587628866E-4 4.471638793363569 0.0011524842250937033
track 5.154639175257732E-4 1.906689435902032 9.82829606135068E-4
introduction 5.154639175257732E-4 0.10219094089654716 5.2675742730178954E-5
san 5.154639175257732E-4 3.0853444322436783 0.0015903837279606589
zou 5.154639175257732E-4 4.0661736852554045 0.0020959658171419613
amount 5.154639175257732E-4 0.9306794693262548 4.7973168521971897E-4
process 5.154639175257732E-4 0.41985384556026406 2.1641950802075467E-4
orientation 0.001288659793814433 2.5257286443082556 0.003254804954005484
original 0.010309278350515464 1.1944940603713923 0.012314371756406105
cost 5.154639175257732E-4 1.1944940603713923 6.157185878203054E-4
quantity 2.577319587628866E-4 2.2744142160273495 5.861892309348839E-4
limited 7.731958762886598E-4 0.5696661237889241 4.404634977749413E-4
match 2.577319587628866E-4 1.5271998141971284 3.936081995353424E-4
clear 5.154639175257732E-4 0.990398704027877 5.105147958906583E-4
also 0.0036082474226804126 0.05279818556697083 1.9050891699422465E-4
concentration 0.001288659793814433 2.2744142160273495 0.0029309461546744194
increase 0.001288659793814433 0.16083966797805488 2.0726761337378207E-4
follow 2.577319587628866E-4 0.0958817717032825 2.4711796830742913E-5
clean 5.154639175257732E-4 2.2203469947570738 0.0011445087601840587
ellipsis 2.577319587628866E-4 5.1647859739235145 0.0013311304056503903
spread 0.003865979381443299 2.073743520565198 0.008017049692906694
performance 5.154639175257732E-4 0.7703368192510752 3.970808346655027E-4
crowdsource 2.577319587628866E-4 2.9675613965872945 7.648354114915708E-4
build 5.154639175257732E-4 0.9162907318741551 4.7231481024440986E-4
variance 5.154639175257732E-4 1.8689491079191851 9.633758288243223E-4
response 7.731958762886598E-4 1.0539121097502027 8.148804972295381E-4
various 0.001288659793814433 0.5798184952529422 7.471887825424512E-4
mean 5.154639175257732E-4 0.5398131606392429 2.782542065150737E-4
york 5.154639175257732E-4 3.5553480614894135 0.0018326536399429967
geocode 2.577319587628866E-4 4.471638793363569 0.0011524842250937033
attention 0.003865979381443299 1.157452788691043 0.00447468861607362
further 0.0015463917525773195 0.27443684570176036 4.243868747965366E-4
user 0.004123711340206186 1.293584963015623 0.005334370981507724
account 2.577319587628866E-4 0.7459453661269161 1.922539603419887E-4
