half 5.059448520111307E-4 1.3805963400052528 6.985056109310664E-4
year 2.5297242600556537E-4 0.5203950747821414 1.3164560454898594E-4
numerous 5.059448520111307E-4 1.6384254493073527 8.289529214810789E-4
analyse 2.5297242600556537E-4 1.4512139072192063 3.6711710276225804E-4
accuracy 7.589172780166962E-4 1.0539121097502027 7.998321096004574E-4
explanation 7.589172780166962E-4 1.6384254493073527 0.0012434293822216184
without 0.0017708069820389577 0.32850406697203605 5.817172954222748E-4
via 7.589172780166962E-4 0.9021060968821986 6.846239035281041E-4
would 0.0010118897040222615 0.5013468798114469 5.073077458248893E-4
xml 5.059448520111307E-4 3.373026504695459 0.0017065653957477657
because 0.0032886415380723503 0.34450440831847723 0.001132951507245182
internally 5.059448520111307E-4 4.471638793363569 0.0022624026275555624
thus 0.0022767518340500886 0.8881198549074587 0.0020220285085168553
biased 5.059448520111307E-4 2.456735772821304 0.0012429728170105256
google 0.0012648621300278269 1.9867321435755685 0.002512942250917744
require 5.059448520111307E-4 0.3127557100038969 1.5823714141355774E-4
proportional 0.0012648621300278269 2.7668907011251433 0.0034997352657793364
restructuring 7.589172780166962E-4 5.1647859739235145 0.003919645312868845
analysis 7.589172780166962E-4 0.13434805253107854 1.0195905833373023E-4
community 5.059448520111307E-4 1.6384254493073527 8.289529214810789E-4
version 0.0012648621300278269 1.293584963015623 0.0016362066316919087
interdisciplinary 7.589172780166962E-4 3.0853444322436783 0.002341521198262341
normalise 2.5297242600556537E-4 3.0853444322436783 7.80507066087447E-4
cooperative 5.059448520111307E-4 3.0853444322436783 0.001561014132174894
folder 2.5297242600556537E-4 4.471638793363569 0.0011312013137777812
size 0.0025297242600556538 0.12136085700426753 3.070095041848407E-4
selection 5.059448520111307E-4 1.0872485300177945 5.500877966191725E-4
left 5.059448520111307E-4 1.2729656758128876 6.440504304644004E-4
detail 7.589172780166962E-4 1.0216512475319812 7.75348783859333E-4
much 5.059448520111307E-4 0.7827593392496325 3.9603305805698577E-4
appropriate 5.059448520111307E-4 1.0539121097502027 5.332214064003049E-4
usefulness 5.059448520111307E-4 2.5998366164619773 0.001315373952168974
chapter 5.059448520111307E-4 2.6798793241355137 0.0013558711480574316
accessible 5.059448520111307E-4 2.331572629867298 0.0011796471691714128
statistical 5.059448520111307E-4 0.653926467406664 3.308507297782261E-4
role 5.059448520111307E-4 0.664976303593249 3.364413375123951E-4
independent 5.059448520111307E-4 1.0059028905638423 5.089313891038918E-4
achieve 2.5297242600556537E-4 0.6109090823229731 1.5454315262407615E-4
utility 5.059448520111307E-4 2.2744142160273495 0.0011507281639399692
notable 5.059448520111307E-4 2.392197251683733 0.0012103198844845599
manual 5.059448520111307E-4 1.4512139072192063 7.342342055245161E-4
subsequently 7.589172780166962E-4 1.79749014393704 0.0013641463272985378
example 0.0015178345560333923 0.6988778552689304 0.0010607809591736863
result 0.0012648621300278269 0.058840500022933395 7.442512019090992E-5
gold 5.059448520111307E-4 2.7668907011251433 0.0013998941063117344
humanities 5.059448520111307E-4 3.5553480614894135 0.0017988100488183219
same 0.0017708069820389577 0.2972515234679317 5.263750731787306E-4
French 2.5297242600556537E-4 3.2188758248682006 8.142868264275741E-4
aspect 5.059448520111307E-4 0.9452782687474074 4.782586737907449E-4
after 5.059448520111307E-4 0.12136085700426753 6.140190083696813E-5
hand 7.589172780166962E-4 1.4512139072192063 0.0011013513082867743
editorial 5.059448520111307E-4 3.7784916128036232 0.0019117083798652278
meyer 0.0015178345560333923 4.471638793363569 0.006787207882666687
address 2.5297242600556537E-4 0.7827593392496325 1.9801652902849288E-4
mitigate 2.5297242600556537E-4 1.8689491079191851 4.7279258991125345E-4
union 5.059448520111307E-4 2.7668907011251433 0.0013998941063117344
the 0.09132304578800911 0.017291497110061043 0.0015791121823253318
information 0.0043005312420946115 0.3049735695618419 0.0013115483639138154
Czech 2.5297242600556537E-4 4.471638793363569 0.0011312013137777812
emerge 2.5297242600556537E-4 1.293584963015623 3.272413263383817E-4
exploit 0.0010118897040222615 1.8689491079191851 0.0018911703596450138
standard 7.589172780166962E-4 0.7221347174331975 5.480405141157583E-4
nine 5.059448520111307E-4 1.9459101490553132 9.845232223907477E-4
evidence 7.589172780166962E-4 0.8881198549074587 6.740095028389517E-4
resolve 5.059448520111307E-4 2.0292917579943643 0.001026709718185866
iso 5.059448520111307E-4 4.471638793363569 0.0022624026275555624
correct 2.5297242600556537E-4 1.4759065198095778 3.733636528736599E-4
official 7.589172780166962E-4 2.392197251683733 0.00181547982672684
good 2.5297242600556537E-4 0.2160260835453457 5.4648642434947046E-5
empty 0.0010118897040222615 3.0853444322436783 0.003122028264349788
serious 5.059448520111307E-4 2.120263536200091 0.0010727364210473518
implement 2.5297242600556537E-4 1.0376515888784226 2.6249723978710406E-4
export 2.5297242600556537E-4 3.373026504695459 8.532826978738828E-4
add 2.5297242600556537E-4 0.7827593392496325 1.9801652902849288E-4
need 5.059448520111307E-4 0.27443684570176036 1.3884990928497866E-4
bibliographic 0.0010118897040222615 3.5553480614894135 0.0035976200976366437
its 0.0025297242600556538 0.19497267434751336 4.932271043448352E-4
originally 0.0015178345560333923 2.5257286443082556 0.003833638215494443
gather 5.059448520111307E-4 1.6682784124570338 8.44056874503938E-4
European 2.5297242600556537E-4 2.456735772821304 6.214864085052628E-4
list 2.5297242600556537E-4 0.8472978603872037 2.1434299529147574E-4
parenthesis 2.5297242600556537E-4 3.7784916128036232 9.558541899326139E-4
lack 7.589172780166962E-4 0.5696661237889241 4.323294640442126E-4
volume 2.5297242600556537E-4 1.3581234841531944 3.435677926013646E-4
mutual 5.059448520111307E-4 2.7668907011251433 0.0013998941063117344
prioritise 2.5297242600556537E-4 4.471638793363569 0.0011312013137777812
revise 2.5297242600556537E-4 2.5998366164619773 6.57686976084487E-4
therefore 7.589172780166962E-4 1.1394342831883648 8.647363646762192E-4
exchange 7.589172780166962E-4 1.6682784124570338 0.0012660853117559072
paramount 5.059448520111307E-4 3.7784916128036232 0.0019117083798652278
alignment 0.0022767518340500886 2.9675613965872945 0.006756400852336365
useful 5.059448520111307E-4 0.9162907318741551 4.6359257873724007E-4
technical 5.059448520111307E-4 2.0292917579943643 0.001026709718185866
breakdown 5.059448520111307E-4 2.7668907011251433 0.0013998941063117344
choose 2.5297242600556537E-4 0.7221347174331975 1.826801713719194E-4
interface 0.0010118897040222615 1.9459101490553132 0.0019690464447814954
representation 0.0012648621300278269 1.2135422553420867 0.0015349636419707648
capitalise 5.059448520111307E-4 3.7784916128036232 0.0019117083798652278
engine 5.059448520111307E-4 2.8622008809294686 0.001448115801127988
scope 7.589172780166962E-4 1.9459101490553132 0.0014767848335861219
motivate 2.5297242600556537E-4 1.9867321435755685 5.025884501835487E-4
end 5.059448520111307E-4 0.8607208807193443 4.3547729861843877E-4
hard 5.059448520111307E-4 1.6990500711237875 8.596256367942258E-4
identify 5.059448520111307E-4 0.3049735695618419 1.542998075192724E-4
citation 7.589172780166962E-4 2.9675613965872945 0.002252133617445455
multiple 5.059448520111307E-4 0.5108256237659907 2.5844959461977774E-4
precondition 5.059448520111307E-4 4.471638793363569 0.0022624026275555624
improvement 5.059448520111307E-4 0.9306794693262548 4.7087248637806966E-4
with 0.009612952188211486 0.017291497110061043 1.662223349816139E-4
there 0.0027826966860612194 0.12136085700426753 3.377104546033248E-4
translation 0.008348090058183658 1.9459101490553132 0.01624463316944734
well 0.002023779408044523 0.3127557100038969 6.32948565654231E-4
suitable 5.059448520111307E-4 1.121734706088964 5.675358998679302E-4
inconsistency 2.5297242600556537E-4 3.2188758248682006 8.142868264275741E-4
translational 7.589172780166962E-4 4.0661736852554045 0.00308588946515715
release 5.059448520111307E-4 1.79749014393704 9.094308848656918E-4
focus 5.059448520111307E-4 0.4285875255290187 2.168416521775961E-4
entire 0.0010118897040222615 1.1944940603713923 0.0012086962412055575
approach 2.5297242600556537E-4 0.40261203912575794 1.0184974427669059E-4
number 0.004553503668100177 0.14750613710858965 6.716697363912507E-4
decisive 5.059448520111307E-4 3.373026504695459 0.0017065653957477657
thesis 2.5297242600556537E-4 3.373026504695459 8.532826978738828E-4
proceedings 0.0017708069820389577 4.471638793363569 0.007918409196444468
per 0.0010118897040222615 0.7339691750802005 7.426958513333675E-4
write 2.5297242600556537E-4 0.9162907318741551 2.3179628936862004E-4
order 0.0022767518340500886 0.5900749954201312 0.0013434543280498813
algorithm 0.0010118897040222615 0.8472978603872037 8.57371981165903E-4
similar 0.0010118897040222615 0.20895891632225325 2.1144337599013734E-4
period 7.589172780166962E-4 0.7953381214564925 6.035958422386738E-4
specify 5.059448520111307E-4 1.5538680612792897 7.861715463087729E-4
handle 5.059448520111307E-4 1.5812670354674039 8.000339162496351E-4
maximise 0.0017708069820389577 3.373026504695459 0.00597297888511718
intelligence 5.059448520111307E-4 1.9459101490553132 9.845232223907477E-4
system 2.5297242600556537E-4 0.36076492919025743 9.126357935498542E-5
million 0.0015178345560333923 1.3805963400052528 0.0020955168327931994
even 0.002023779408044523 0.377294231141468 7.635602957580935E-4
strongly 5.059448520111307E-4 1.6990500711237875 8.596256367942258E-4
other 0.0032886415380723503 0.0408219945202552 1.3424890684627313E-4
hundred 2.5297242600556537E-4 2.073743520565198 5.245999293107002E-4
aim 0.0012648621300278269 0.6109090823229731 7.727157631203809E-4
coexistence 5.059448520111307E-4 5.1647859739235145 0.0026130968752458962
against 5.059448520111307E-4 0.9600933545325481 4.857542901758401E-4
restrict 2.5297242600556537E-4 1.906689435902032 4.8233985223932E-4
matter 5.059448520111307E-4 1.9867321435755685 0.0010051769003670975
optimise 2.5297242600556537E-4 2.9675613965872945 7.507112058151515E-4
native 5.059448520111307E-4 2.7668907011251433 0.0013998941063117344
Maltese 2.5297242600556537E-4 5.1647859739235145 0.0013065484376229481
Gaelic 2.5297242600556537E-4 5.1647859739235145 0.0013065484376229481
directional 0.0022767518340500886 4.471638793363569 0.010180811824000031
yield 5.059448520111307E-4 1.4512139072192063 7.342342055245161E-4
have 0.0032886415380723503 0.017291497110061043 5.686553565160475E-5
noise 7.589172780166962E-4 2.331572629867298 0.0017694707537571194
share 5.059448520111307E-4 1.0539121097502027 5.332214064003049E-4
costly 5.059448520111307E-4 2.6798793241355137 0.0013558711480574316
latinisation 5.059448520111307E-4 5.1647859739235145 0.0026130968752458962
produce 5.059448520111307E-4 0.8607208807193443 4.3547729861843877E-4
inconsistent 0.0010118897040222615 2.6798793241355137 0.002711742296114863
framework 5.059448520111307E-4 1.4035858582299516 7.101370393270688E-4
future 5.059448520111307E-4 0.48265474679929443 2.441966844418388E-4
irrespective 0.0010118897040222615 3.373026504695459 0.0034131307914955313
regard 7.589172780166962E-4 0.4919571394616079 3.7335477318108367E-4
impractical 5.059448520111307E-4 3.5553480614894135 0.0017988100488183219
cite 2.5297242600556537E-4 2.2744142160273495 5.753640819699846E-4
minor 5.059448520111307E-4 2.0292917579943643 0.001026709718185866
almost 7.589172780166962E-4 1.1043429633770947 8.381049557630366E-4
precision 0.0010118897040222615 1.8689491079191851 0.0018911703596450138
implicitly 5.059448520111307E-4 2.9675613965872945 0.001501422411630303
upon 0.0010118897040222615 1.5538680612792897 0.0015723430926175457
correspond 5.059448520111307E-4 0.8743265327751228 4.423610082343146E-4
associate 2.5297242600556537E-4 0.38566248081198473 9.756197339033258E-5
spur 5.059448520111307E-4 4.0661736852554045 0.0020572596434380998
exploitation 7.589172780166962E-4 4.0661736852554045 0.00308588946515715
identical 7.589172780166962E-4 2.2744142160273495 0.0017260922459099541
whether 7.589172780166962E-4 0.5300569856938783 4.0226940477653295E-4
academic 5.059448520111307E-4 1.730798769438368 8.756887272645422E-4
mellinger 5.059448520111307E-4 5.1647859739235145 0.0026130968752458962
qualify 5.059448520111307E-4 4.0661736852554045 0.0020572596434380998
all 0.00885403491019479 0.017291497110061043 1.530995190620128E-4
new 0.0010118897040222615 0.36076492919025743 3.650543174199417E-4
triangulation 5.059448520111307E-4 4.471638793363569 0.0022624026275555624
comparison 7.589172780166962E-4 0.6988778552689304 5.303904795868432E-4
less 0.0015178345560333923 0.36076492919025743 5.475814761299126E-4
adhere 5.059448520111307E-4 2.6798793241355137 0.0013558711480574316
basis 5.059448520111307E-4 1.293584963015623 6.544826526767634E-4
tool 5.059448520111307E-4 0.8743265327751228 4.423610082343146E-4
quantify 2.5297242600556537E-4 2.0292917579943643 5.13354859092933E-4
improve 5.059448520111307E-4 0.377294231141468 1.9089007393952338E-4
individually 5.059448520111307E-4 2.5998366164619773 0.001315373952168974
collect 5.059448520111307E-4 0.6761496041913742 3.420944114299894E-4
boundary 2.5297242600556537E-4 2.169053700369523 5.48710776718827E-4
facilitate 7.589172780166962E-4 1.2729656758128876 9.660756456966007E-4
structurally 5.059448520111307E-4 4.0661736852554045 0.0020572596434380998
locate 2.5297242600556537E-4 1.5812670354674039 4.0001695812481755E-4
respective 7.589172780166962E-4 1.9459101490553132 0.0014767848335861219
around 5.059448520111307E-4 1.0216512475319812 5.168991892395554E-4
normalisation 0.0010118897040222615 3.5553480614894135 0.0035976200976366437
islam 0.0010118897040222615 4.471638793363569 0.004524805255111125
pursue 5.059448520111307E-4 2.7668907011251433 0.0013998941063117344
and 0.042499367568934986 0.017291497110061043 7.348776914976613E-4
design 2.5297242600556537E-4 0.6004377824556778 1.518942024932147E-4
possibility 5.059448520111307E-4 1.0704414117014134 5.415843216298574E-4
direction 0.0012648621300278269 1.3581234841531944 0.0017178389630068231
manifest 2.5297242600556537E-4 2.8622008809294686 7.24057900563994E-4
accord 2.5297242600556537E-4 0.4919571394616079 1.244515910603612E-4
Bulgarian 2.5297242600556537E-4 5.1647859739235145 0.0013065484376229481
adjacent 5.059448520111307E-4 2.6798793241355137 0.0013558711480574316
requirement 2.5297242600556537E-4 1.6990500711237875 4.298128183971129E-4
specific 7.589172780166962E-4 0.40261203912575794 3.055492328300718E-4
despite 0.0010118897040222615 0.7221347174331975 7.307206854876776E-4
any 7.589172780166962E-4 0.2669461739726028 2.0259006372825913E-4
English 2.5297242600556537E-4 1.4512139072192063 3.6711710276225804E-4
application 7.589172780166962E-4 0.7703368192510752 5.846219220220657E-4
conduct 2.5297242600556537E-4 0.5798184952529422 1.4667809138703316E-4
compilation 5.059448520111307E-4 3.373026504695459 0.0017065653957477657
quantitative 0.0015178345560333923 1.5538680612792897 0.0023585146389263185
interested 5.059448520111307E-4 1.8689491079191851 9.455851798225069E-4
sketch 5.059448520111307E-4 4.0661736852554045 0.0020572596434380998
reason 5.059448520111307E-4 0.7221347174331975 3.653603427438388E-4
csv 5.059448520111307E-4 4.471638793363569 0.0022624026275555624
gephi 5.059448520111307E-4 5.1647859739235145 0.0026130968752458962
concern 5.059448520111307E-4 1.0539121097502027 5.332214064003049E-4
enrichment 5.059448520111307E-4 3.5553480614894135 0.0017988100488183219
identification 0.002023779408044523 1.3146383722134554 0.002660538066710762
merge 2.5297242600556537E-4 2.331572629867298 5.898235845857064E-4
annual 5.059448520111307E-4 2.2203469947570738 0.0011233731316757265
pivot 5.059448520111307E-4 4.471638793363569 0.0022624026275555624
fully 7.589172780166962E-4 1.2729656758128876 9.660756456966007E-4
margin 2.5297242600556537E-4 3.373026504695459 8.532826978738828E-4
remain 2.5297242600556537E-4 0.7104386776700063 1.7972139581836738E-4
opposite 5.059448520111307E-4 2.2744142160273495 0.0011507281639399692
demand 0.0012648621300278269 1.3805963400052528 0.001746264027327666
unambiguously 5.059448520111307E-4 5.1647859739235145 0.0026130968752458962
each 0.0027826966860612194 0.13434805253107854 3.7384988055701087E-4
untapped 5.059448520111307E-4 3.7784916128036232 0.0019117083798652278
toolkit 0.003794586390083481 2.7668907011251433 0.01049920579733801
difference 0.0012648621300278269 0.36076492919025743 4.5631789677492713E-4
reality 5.059448520111307E-4 2.6798793241355137 0.0013558711480574316
maximally 5.059448520111307E-4 4.471638793363569 0.0022624026275555624
perfectly 5.059448520111307E-4 3.5553480614894135 0.0017988100488183219
another 0.0012648621300278269 0.40261203912575794 5.09248721383453E-4
automatically 5.059448520111307E-4 1.4759065198095778 7.467273057473198E-4
availability 5.059448520111307E-4 1.6384254493073527 8.289529214810789E-4
two 0.0022767518340500886 0.11492996667397702 2.6166701241229275E-4
promote 5.059448520111307E-4 1.4512139072192063 7.342342055245161E-4
summarise 2.5297242600556537E-4 2.456735772821304 6.214864085052628E-4
structured 5.059448520111307E-4 1.3805963400052528 6.985056109310664E-4
where 0.0012648621300278269 0.32850406697203605 4.155123538730534E-4
attribute 5.059448520111307E-4 1.293584963015623 6.544826526767634E-4
receive 2.5297242600556537E-4 0.653926467406664 1.6542536488911306E-4
detection 5.059448520111307E-4 1.5271998141971284 7.726788839853924E-4
correspondence 5.059448520111307E-4 3.2188758248682006 0.0016285736528551481
mikhailov 7.589172780166962E-4 4.471638793363569 0.0033936039413333435
plenary 5.059448520111307E-4 5.1647859739235145 0.0026130968752458962
entirely 7.589172780166962E-4 2.456735772821304 0.0018644592255157885
consensus 5.059448520111307E-4 2.073743520565198 0.0010491998586214003
such 0.002023779408044523 0.10219094089654716 2.0681192187512704E-4
nlp 0.0015178345560333923 0.41119578281714936 6.241271684550711E-4
speech 7.589172780166962E-4 2.120263536200091 0.0016091046315710278
extensively 5.059448520111307E-4 2.456735772821304 0.0012429728170105256
costep 0.0010118897040222615 5.1647859739235145 0.0052261937504917925
describe 2.5297242600556537E-4 0.28958865072236245 7.325794351691434E-5
principle 5.059448520111307E-4 1.4512139072192063 7.342342055245161E-4
strength 5.059448520111307E-4 1.5538680612792897 7.861715463087729E-4
disregard 0.0012648621300278269 3.2188758248682006 0.004071434132137871
source 0.009359979762205919 0.7703368192510752 0.007210337038272143
microsoft 5.059448520111307E-4 3.2188758248682006 0.0016285736528551481
align 2.5297242600556537E-4 1.9459101490553132 4.922616111953738E-4
research 0.004553503668100177 0.40261203912575794 0.0018332953969804307
debate 5.059448520111307E-4 2.6798793241355137 0.0013558711480574316
view 0.0010118897040222615 1.121734706088964 0.0011350717997358603
incomplete 0.0010118897040222615 2.456735772821304 0.002485945634021051
either 0.0015178345560333923 0.7827593392496325 0.0011880991741709574
compile 7.589172780166962E-4 2.9675613965872945 0.002252133617445455
late 2.5297242600556537E-4 1.5012243277938677 3.797683601805888E-4
continue 5.059448520111307E-4 1.5812670354674039 8.000339162496351E-4
bias 5.059448520111307E-4 1.4512139072192063 7.342342055245161E-4
segment 2.5297242600556537E-4 1.730798769438368 4.378443636322711E-4
counterpart 5.059448520111307E-4 2.8622008809294686 0.001448115801127988
huge 5.059448520111307E-4 1.9459101490553132 9.845232223907477E-4
actual 0.0010118897040222615 1.293584963015623 0.0013089653053535268
perish 5.059448520111307E-4 4.471638793363569 0.0022624026275555624
adapt 2.5297242600556537E-4 1.5271998141971284 3.863394419926962E-4
weight 7.589172780166962E-4 1.0059028905638423 7.633970836558378E-4
develop 2.5297242600556537E-4 0.32850406697203605 8.310247077461068E-5
decrease 7.589172780166962E-4 0.7827593392496325 5.940495870854787E-4
difficulty 5.059448520111307E-4 1.4512139072192063 7.342342055245161E-4
measure 5.059448520111307E-4 0.48265474679929443 2.441966844418388E-4
overlap 2.5297242600556537E-4 1.9867321435755685 5.025884501835487E-4
name 5.059448520111307E-4 1.157452788691043 5.856072798841604E-4
overall 7.589172780166962E-4 0.7339691750802005 5.570218885000257E-4
assume 2.5297242600556537E-4 0.9452782687474074 2.3912933689537245E-4
full 0.0010118897040222615 0.14750613710858965 1.492599414202779E-4
memory 5.059448520111307E-4 2.073743520565198 0.0010491998586214003
string 7.589172780166962E-4 2.5998366164619773 0.001973060928253461
occupy 2.5297242600556537E-4 2.5998366164619773 6.57686976084487E-4
motivation 5.059448520111307E-4 1.906689435902032 9.6467970447864E-4
book 5.059448520111307E-4 2.0292917579943643 0.001026709718185866
show 5.059448520111307E-4 0.0771896386911299 3.9053700324376365E-5
impossible 5.059448520111307E-4 2.2203469947570738 0.0011233731316757265
description 5.059448520111307E-4 1.157452788691043 5.856072798841604E-4
effort 5.059448520111307E-4 1.252762968495368 6.338289747004138E-4
simplicity 5.059448520111307E-4 3.2188758248682006 0.0016285736528551481
conclusion 5.059448520111307E-4 0.28958865072236245 1.465158870338287E-4
not 0.007842145206172527 0.03488725900044054 2.7359095092680414E-4
statement 0.0017708069820389577 1.9867321435755685 0.0035181191512848415
enhance 5.059448520111307E-4 1.1944940603713923 6.043481206027787E-4
yet 7.589172780166962E-4 1.4271163556401458 0.0010830632600355267
pair 5.059448520111307E-4 1.293584963015623 6.544826526767634E-4
target 0.0030356691120667846 0.8743265327751228 0.0026541660494058877
momentum 5.059448520111307E-4 3.2188758248682006 0.0016285736528551481
equal 2.5297242600556537E-4 1.293584963015623 3.272413263383817E-4
borderline 5.059448520111307E-4 4.0661736852554045 0.0020572596434380998
colour 0.0012648621300278269 2.8622008809294686 0.00362028950281997
what 5.059448520111307E-4 0.8209805520698303 4.1537088392098673E-4
detailed 5.059448520111307E-4 1.1394342831883648 5.764909097841461E-4
short 2.5297242600556537E-4 0.9452782687474074 2.3912933689537245E-4
time 7.589172780166962E-4 0.167573700159399 1.271745763921571E-4
rise 5.059448520111307E-4 1.7635885922613586 8.922785693201914E-4
Greek 2.5297242600556537E-4 5.1647859739235145 0.0013065484376229481
play 2.5297242600556537E-4 0.9600933545325481 2.4287714508792004E-4
discard 2.5297242600556537E-4 3.0853444322436783 7.80507066087447E-4
complementary 7.589172780166962E-4 2.073743520565198 0.0015737997879321005
three 0.0012648621300278269 0.22314355131420976 2.8224582761726506E-4
when 5.059448520111307E-4 0.14750613710858965 7.462997071013894E-5
largely 0.0010118897040222615 1.79749014393704 0.0018188617697313836
far 0.0010118897040222615 1.3361445774344192 0.001352030940991064
ustaszewski 0.0022767518340500886 5.1647859739235145 0.011758935938606534
case 5.059448520111307E-4 0.24480504809538922 1.2385785383019944E-4
struggle 2.5297242600556537E-4 2.9675613965872945 7.507112058151515E-4
generation 5.059448520111307E-4 1.6682784124570338 8.44056874503938E-4
give 2.5297242600556537E-4 0.2595111954850846 6.564917669746637E-5
identifier 7.589172780166962E-4 3.0853444322436783 0.002341521198262341
item 2.5297242600556537E-4 1.8325814637483102 4.6359257873724007E-4
extraction 0.0027826966860612194 1.3361445774344192 0.0037180850877254266
unification 5.059448520111307E-4 4.471638793363569 0.0022624026275555624
explicit 5.059448520111307E-4 2.120263536200091 0.0010727364210473518
provide 0.0012648621300278269 0.167573700159399 2.1195762732026182E-4
minimise 2.5297242600556537E-4 2.7668907011251433 6.999470531558672E-4
valuable 5.059448520111307E-4 1.730798769438368 8.756887272645422E-4
study 2.5297242600556537E-4 0.07103577311675174 1.797009185852561E-5
explicitly 5.059448520111307E-4 1.5812670354674039 8.000339162496351E-4
redistribute 2.5297242600556537E-4 5.1647859739235145 0.0013065484376229481
portion 2.5297242600556537E-4 2.2744142160273495 5.753640819699846E-4
translator 2.5297242600556537E-4 4.471638793363569 0.0011312013137777812
direct 5.059448520111307E-4 0.8743265327751228 4.423610082343146E-4
multivariate 5.059448520111307E-4 2.6798793241355137 0.0013558711480574316
priori 5.059448520111307E-4 3.5553480614894135 0.0017988100488183219
planned 5.059448520111307E-4 2.392197251683733 0.0012103198844845599
gain 2.5297242600556537E-4 0.9751312318970885 2.4668131340680203E-4
linguistic 0.0015178345560333923 1.79749014393704 0.0027282926545970755
low 2.5297242600556537E-4 0.28958865072236245 7.325794351691434E-5
web 5.059448520111307E-4 1.6384254493073527 8.289529214810789E-4
occasionally 5.059448520111307E-4 2.9675613965872945 0.001501422411630303
consult 2.5297242600556537E-4 2.8622008809294686 7.24057900563994E-4
merely 5.059448520111307E-4 2.5257286443082556 0.0012778794051648142
architecture 7.589172780166962E-4 1.6682784124570338 0.0012660853117559072
wealth 5.059448520111307E-4 3.5553480614894135 0.0017988100488183219
means 0.0010118897040222615 0.6988778552689304 7.071873061157909E-4
customise 0.0010118897040222615 4.471638793363569 0.004524805255111125
efficient 5.059448520111307E-4 1.3581234841531944 6.871355852027292E-4
more 0.0025297242600556538 0.05279818556697083 1.3356485091568638E-4
display 0.0010118897040222615 0.16083966797805488 1.6275200402535275E-4
csvdisplay 0.0015178345560333923 0.2669461739726028 4.0518012745651826E-4
consistent 5.059448520111307E-4 0.9306794693262548 4.7087248637806966E-4
choice 5.059448520111307E-4 1.4759065198095778 7.467273057473198E-4
economic 5.059448520111307E-4 1.6990500711237875 8.596256367942258E-4
statistics 5.059448520111307E-4 1.5538680612792897 7.861715463087729E-4
small 7.589172780166962E-4 0.45525577261118 3.4550147175146467E-4
distinction 5.059448520111307E-4 2.5998366164619773 0.001315373952168974
section 0.004047558816089046 0.6988778552689304 0.0028287492244631635
simple 7.589172780166962E-4 1.0539121097502027 7.998321096004574E-4
influence 5.059448520111307E-4 0.6874491594453075 3.478113632407323E-4
major 0.0010118897040222615 0.7104386776700063 7.188855832734695E-4
percentage 7.589172780166962E-4 1.2329603411991883 9.357149060454249E-4
enrich 5.059448520111307E-4 3.2188758248682006 0.0016285736528551481
potential 5.059448520111307E-4 0.4373981552111735 2.2129934490825877E-4
day 5.059448520111307E-4 0.8881198549074587 4.493396685593011E-4
group 5.059448520111307E-4 0.41119578281714936 2.0804238948502369E-4
combination 0.0010118897040222615 0.6761496041913742 6.841888228599788E-4
obtain 2.5297242600556537E-4 0.3526016185510966 8.919848685835987E-5
otherwise 5.059448520111307E-4 2.0292917579943643 0.001026709718185866
manually 0.0010118897040222615 1.4512139072192063 0.0014684684110490322
package 5.059448520111307E-4 2.073743520565198 0.0010491998586214003
inductively 5.059448520111307E-4 4.0661736852554045 0.0020572596434380998
gross 5.059448520111307E-4 3.373026504695459 0.0017065653957477657
format 0.0015178345560333923 1.9867321435755685 0.0030155307011012927
particular 0.0015178345560333923 1.0704414117014134 0.0016247529648895725
both 0.0012648621300278269 0.13434805253107854 1.6993176388955037E-4
most 0.0025297242600556538 0.0771896386911299 1.9526850162188182E-4
important 0.0010118897040222615 0.2669461739726028 2.7012008497101216E-4
twice 5.059448520111307E-4 2.5257286443082556 0.0012778794051648142
slavic 5.059448520111307E-4 3.7784916128036232 0.0019117083798652278
topic 5.059448520111307E-4 1.1043429633770947 5.587366371753577E-4
omit 2.5297242600556537E-4 2.169053700369523 5.48710776718827E-4
option 2.5297242600556537E-4 1.6990500711237875 4.298128183971129E-4
classify 2.5297242600556537E-4 0.9162907318741551 2.3179628936862004E-4
limitation 5.059448520111307E-4 0.6988778552689304 3.5359365305789544E-4
ease 5.059448520111307E-4 2.5998366164619773 0.001315373952168974
part 0.0010118897040222615 0.4285875255290187 4.336833043551922E-4
why 7.589172780166962E-4 1.4271163556401458 0.0010830632600355267
inherently 5.059448520111307E-4 3.2188758248682006 0.0016285736528551481
point 7.589172780166962E-4 0.5108256237659907 3.8767439192966663E-4
necessarily 0.0010118897040222615 1.6990500711237875 0.0017192512735884516
homogeneity 5.059448520111307E-4 3.2188758248682006 0.0016285736528551481
general 0.0010118897040222615 0.4734380916943703 4.790671304774806E-4
tend 5.059448520111307E-4 1.1394342831883648 5.764909097841461E-4
candidate 5.059448520111307E-4 2.073743520565198 0.0010491998586214003
along 5.059448520111307E-4 1.2135422553420867 6.139854567883059E-4
parallel 0.006830255502150265 1.6094379124341003 0.01099287215677225
structural 5.059448520111307E-4 1.9459101490553132 9.845232223907477E-4
sheer 5.059448520111307E-4 3.5553480614894135 0.0017988100488183219
introduction 5.059448520111307E-4 0.10219094089654716 5.170298046878176E-5
amount 0.0012648621300278269 0.9306794693262548 0.0011771812159451743
original 0.0035416139640779155 1.1944940603713923 0.004230436844219452
alternative 5.059448520111307E-4 1.3146383722134554 6.651345166776905E-4
also 0.002023779408044523 0.05279818556697083 1.068518807325491E-4
say 2.5297242600556537E-4 1.6990500711237875 4.298128183971129E-4
increase 0.0010118897040222615 0.16083966797805488 1.6275200402535275E-4
clean 5.059448520111307E-4 2.2203469947570738 0.0011233731316757265
splitter 5.059448520111307E-4 5.1647859739235145 0.0026130968752458962
differ 5.059448520111307E-4 1.0059028905638423 5.089313891038918E-4
duplication 5.059448520111307E-4 3.7784916128036232 0.0019117083798652278
third 5.059448520111307E-4 0.990398704027877 5.010871257413999E-4
build 2.5297242600556537E-4 0.9162907318741551 2.3179628936862004E-4
various 0.0010118897040222615 0.5798184952529422 5.867123655481326E-4
attention 5.059448520111307E-4 1.157452788691043 5.856072798841604E-4
latter 5.059448520111307E-4 1.8325814637483102 9.271851574744801E-4
further 0.002023779408044523 0.27443684570176036 5.553996371399147E-4
user 2.5297242600556537E-4 1.293584963015623 3.272413263383817E-4
account 0.0012648621300278269 0.7459453661269161 9.435180446836783E-4
bring 2.5297242600556537E-4 1.3361445774344192 3.38007735247766E-4
parliament 0.0012648621300278269 5.1647859739235145 0.006532742188114741
ambiguous 0.0012648621300278269 2.5998366164619773 0.003288434880422435
evaluation 7.589172780166962E-4 0.7827593392496325 5.940495870854787E-4
offer 2.5297242600556537E-4 1.0059028905638423 2.544656945519459E-4
qualitative 0.0010118897040222615 1.6990500711237875 0.0017192512735884516
retrieval 5.059448520111307E-4 2.331572629867298 0.0011796471691714128
addition 0.0010118897040222615 0.7953381214564925 8.047944563182316E-4
neglect 2.5297242600556537E-4 2.8622008809294686 7.24057900563994E-4
prime 5.059448520111307E-4 3.0853444322436783 0.001561014132174894
grow 2.5297242600556537E-4 1.2329603411991883 3.1190496868180827E-4
Cyrillic 2.5297242600556537E-4 5.1647859739235145 0.0013065484376229481
impact 0.0012648621300278269 0.6874491594453075 8.695284081018308E-4
preference 5.059448520111307E-4 2.0292917579943643 0.001026709718185866
whose 5.059448520111307E-4 1.730798769438368 8.756887272645422E-4
extend 5.059448520111307E-4 1.4512139072192063 7.342342055245161E-4
drive 2.5297242600556537E-4 1.5271998141971284 3.863394419926962E-4
compare 2.5297242600556537E-4 0.17435338714477774 4.410659932830198E-5
deal 2.5297242600556537E-4 1.3361445774344192 3.38007735247766E-4
be 2.5297242600556537E-4 0.017291497110061043 4.3742719732003644E-6
scheme 5.059448520111307E-4 1.9459101490553132 9.845232223907477E-4
influential 7.589172780166962E-4 3.0853444322436783 0.002341521198262341
unmatched 5.059448520111307E-4 5.1647859739235145 0.0026130968752458962
characteristic 2.5297242600556537E-4 0.664976303593249 1.6822066875619754E-4
how 7.589172780166962E-4 0.5496654570822546 4.1715061250866773E-4
coding 5.059448520111307E-4 2.169053700369523 0.001097421553437654
see 7.589172780166962E-4 0.5696661237889241 4.323294640442126E-4
journal 5.059448520111307E-4 2.169053700369523 0.001097421553437654
distinctive 5.059448520111307E-4 3.7784916128036232 0.0019117083798652278
unlike 5.059448520111307E-4 1.6682784124570338 8.44056874503938E-4
genre 5.059448520111307E-4 3.373026504695459 0.0017065653957477657
subsequent 5.059448520111307E-4 1.3581234841531944 6.871355852027292E-4
segmentation 0.0010118897040222615 2.7668907011251433 0.002799788212623469
term 2.5297242600556537E-4 0.4643056081310978 1.1745651609691317E-4
indicate 5.059448520111307E-4 0.4919571394616079 2.489031821207224E-4
innovation 5.059448520111307E-4 2.9675613965872945 0.001501422411630303
contain 0.0010118897040222615 0.6429973968744738 6.506424456103959E-4
set 7.589172780166962E-4 0.5108256237659907 3.8767439192966663E-4
incorrect 0.0010118897040222615 2.5998366164619773 0.002630747904337948
possible 0.0015178345560333923 0.38566248081198473 5.853718403419955E-4
procedure 0.0032886415380723503 0.8080771472339223 0.0026574760723604833
partly 0.0012648621300278269 2.331572629867298 0.0029491179229285324
noticeable 7.589172780166962E-4 3.373026504695459 0.0025598480936216486
sample 0.0015178345560333923 0.6321864807702582 9.595544863702375E-4
june 0.0022767518340500886 2.2744142160273495 0.005178276737729862
meet 5.059448520111307E-4 1.1394342831883648 5.764909097841461E-4
series 5.059448520111307E-4 1.1758019273592397 5.948909321321728E-4
maximum 5.059448520111307E-4 1.2329603411991883 6.238099373636165E-4
somewhat 5.059448520111307E-4 2.5998366164619773 0.001315373952168974
under 5.059448520111307E-4 0.7459453661269161 3.774072178734713E-4
freely 0.0015178345560333923 2.6798793241355137 0.004067613444172295
essential 5.059448520111307E-4 1.252762968495368 6.338289747004138E-4
represent 5.059448520111307E-4 0.4285875255290187 2.168416521775961E-4
encode 2.5297242600556537E-4 1.79749014393704 4.547154424328459E-4
corpus 0.011383759170250442 1.6094379124341003 0.018321453594620417
fantinuoli 5.059448520111307E-4 5.1647859739235145 0.0026130968752458962
language 0.023526435618517583 0.664976303593249 0.015644522194326375
do 2.5297242600556537E-4 0.14750613710858965 3.731498535506947E-5
denomination 5.059448520111307E-4 5.1647859739235145 0.0026130968752458962
exploratory 7.589172780166962E-4 2.5257286443082556 0.0019168191077472215
later 5.059448520111307E-4 1.3361445774344192 6.76015470495532E-4
prior 5.059448520111307E-4 0.8209805520698303 4.1537088392098673E-4
legal 5.059448520111307E-4 2.7668907011251433 0.0013998941063117344
exclude 2.5297242600556537E-4 0.9021060968821986 2.2820796784270135E-4
imperfection 2.5297242600556537E-4 4.471638793363569 0.0011312013137777812
programming 7.589172780166962E-4 1.79749014393704 0.0013641463272985378
computational 0.0010118897040222615 1.3146383722134554 0.001330269033355381
which 0.0065772830761447005 0.023122417420854212 1.520826847817378E-4
disadvantage 5.059448520111307E-4 2.169053700369523 0.001097421553437654
dedicated 0.0010118897040222615 2.7668907011251433 0.002799788212623469
count 5.059448520111307E-4 1.0376515888784226 5.249944795742081E-4
tokeniser 5.059448520111307E-4 5.1647859739235145 0.0026130968752458962
monolingual 0.0017708069820389577 3.373026504695459 0.00597297888511718
parenthesise 2.5297242600556537E-4 5.1647859739235145 0.0013065484376229481
scholar 0.0012648621300278269 2.6798793241355137 0.003389677870143579
contradictory 5.059448520111307E-4 3.5553480614894135 0.0017988100488183219
take 5.059448520111307E-4 0.368995428326773 1.8669133737757296E-4
final 5.059448520111307E-4 0.6988778552689304 3.5359365305789544E-4
relatively 7.589172780166962E-4 0.8209805520698303 6.230563258814801E-4
carry 2.5297242600556537E-4 0.8472978603872037 2.1434299529147574E-4
rigour 5.059448520111307E-4 5.1647859739235145 0.0026130968752458962
methodological 7.589172780166962E-4 2.2203469947570738 0.0016850596975135899
little 5.059448520111307E-4 1.252762968495368 6.338289747004138E-4
some 0.0012648621300278269 0.2160260835453457 2.7324321217473525E-4
blank 2.5297242600556537E-4 3.373026504695459 8.532826978738828E-4
beginning 5.059448520111307E-4 1.6990500711237875 8.596256367942258E-4
rather 0.0010118897040222615 0.758066726659261 7.670799156683642E-4
contrastive 0.0022767518340500886 4.471638793363569 0.010180811824000031
importance 5.059448520111307E-4 0.9600933545325481 4.857542901758401E-4
additional 7.589172780166962E-4 0.5300569856938783 4.0226940477653295E-4
for 0.023779408044523147 0.017291497110061043 4.111815654808343E-4
training 5.059448520111307E-4 1.0059028905638423 5.089313891038918E-4
title 7.589172780166962E-4 2.5257286443082556 0.0019168191077472215
miss 2.5297242600556537E-4 1.4512139072192063 3.6711710276225804E-4
random 5.059448520111307E-4 1.2329603411991883 6.238099373636165E-4
harvesting 5.059448520111307E-4 5.1647859739235145 0.0026130968752458962
terminology 5.059448520111307E-4 2.5998366164619773 0.001315373952168974
rate 7.589172780166962E-4 0.5696661237889241 4.323294640442126E-4
ignore 2.5297242600556537E-4 1.9867321435755685 5.025884501835487E-4
human 7.589172780166962E-4 0.8743265327751228 6.635415123514719E-4
contrary 0.0010118897040222615 3.2188758248682006 0.0032571473057102962
over 0.0010118897040222615 0.3364722366212129 3.4047279192634744E-4
digital 5.059448520111307E-4 1.730798769438368 8.756887272645422E-4
sole 7.589172780166962E-4 3.2188758248682006 0.0024428604792827223
spelling 5.059448520111307E-4 2.8622008809294686 0.001448115801127988
go 2.5297242600556537E-4 1.5012243277938677 3.797683601805888E-4
false 0.0010118897040222615 2.169053700369523 0.002194843106875308
trajectory 5.059448520111307E-4 2.456735772821304 0.0012429728170105256
michael 0.0022767518340500886 2.7668907011251433 0.006299523478402806
europarlextract 0.008601062484189223 5.1647859739235145 0.04442264687918024
form 7.589172780166962E-4 0.5013468798114469 3.8048080936866697E-4
although 0.0015178345560333923 0.4285875255290187 6.505249565327883E-4
approximately 5.059448520111307E-4 0.9452782687474074 4.782586737907449E-4
interpret 2.5297242600556537E-4 1.3581234841531944 3.435677926013646E-4
publish 7.589172780166962E-4 0.03488725900044054 2.6476543638077818E-5
avoid 7.589172780166962E-4 1.0376515888784226 7.874917193613124E-4
comprehensive 5.059448520111307E-4 1.3805963400052528 6.985056109310664E-4
assign 5.059448520111307E-4 1.0704414117014134 5.415843216298574E-4
president 5.059448520111307E-4 4.0661736852554045 0.0020572596434380998
straightforward 7.589172780166962E-4 2.2744142160273495 0.0017260922459099541
explain 5.059448520111307E-4 0.9751312318970885 4.933626268136041E-4
very 7.589172780166962E-4 0.5596157879354227 4.2470209051511965E-4
practice 0.0010118897040222615 1.0376515888784226 0.0010499889591484163
select 2.5297242600556537E-4 0.5798184952529422 1.4667809138703316E-4
advanced 7.589172780166962E-4 1.4512139072192063 0.0011013513082867743
directionality 0.0017708069820389577 5.1647859739235145 0.009145839063360637
hope 2.5297242600556537E-4 2.7668907011251433 6.999470531558672E-4
output 0.0025297242600556538 1.121734706088964 0.002837679499339651
scholarly 0.0012648621300278269 3.373026504695459 0.004266413489369414
thanks 5.059448520111307E-4 3.5553480614894135 0.0017988100488183219
transcribe 2.5297242600556537E-4 2.5998366164619773 6.57686976084487E-4
usability 5.059448520111307E-4 3.5553480614894135 0.0017988100488183219
four 7.589172780166962E-4 0.4643056081310978 3.523695482907395E-4
easily 5.059448520111307E-4 1.4271163556401458 7.220421733570178E-4
majority 0.0010118897040222615 0.9452782687474074 9.565173475814898E-4
text 0.006071338224133569 0.8209805520698303 0.004984450607051841
whereas 0.0010118897040222615 1.0872485300177945 0.001100175593238345
usually 5.059448520111307E-4 0.9600933545325481 4.857542901758401E-4
id 2.5297242600556537E-4 4.471638793363569 0.0011312013137777812
join 2.5297242600556537E-4 2.9675613965872945 7.507112058151515E-4
reduce 2.5297242600556537E-4 0.3941013494578493 9.969677446441925E-5
sentence 0.0022767518340500886 1.3146383722134554 0.0029931053250496077
likely 5.059448520111307E-4 0.5798184952529422 2.933561827740663E-4
python 5.059448520111307E-4 2.120263536200091 0.0010727364210473518
large 0.0017708069820389577 0.22314355131420976 3.951441586641711E-4
issue 2.5297242600556537E-4 0.7953381214564925 2.011986140795579E-4
robustness 5.059448520111307E-4 2.392197251683733 0.0012103198844845599
sense 5.059448520111307E-4 1.4271163556401458 7.220421733570178E-4
classification 7.589172780166962E-4 0.9600933545325481 7.286314352637602E-4
field 0.0017708069820389577 0.6988778552689304 0.0012375777857026342
contrast 5.059448520111307E-4 1.4271163556401458 7.220421733570178E-4
exclusively 5.059448520111307E-4 2.331572629867298 0.0011796471691714128
skew 2.5297242600556537E-4 2.6798793241355137 6.779355740287158E-4
status 5.059448520111307E-4 1.3805963400052528 6.985056109310664E-4
paragraph 5.059448520111307E-4 3.0853444322436783 0.001561014132174894
deliver 2.5297242600556537E-4 2.073743520565198 5.245999293107002E-4
tailor 2.5297242600556537E-4 2.8622008809294686 7.24057900563994E-4
neighbour 2.5297242600556537E-4 2.5998366164619773 6.57686976084487E-4
phenomenon 2.5297242600556537E-4 1.6094379124341003 4.0714341321378703E-4
lexicography 5.059448520111307E-4 5.1647859739235145 0.0026130968752458962
mention 2.5297242600556537E-4 0.8881198549074587 2.2466983427965056E-4
bibliography 7.589172780166962E-4 4.471638793363569 0.0033936039413333435
library 5.059448520111307E-4 1.730798769438368 8.756887272645422E-4
file 7.589172780166962E-4 2.392197251683733 0.00181547982672684
recur 2.5297242600556537E-4 3.0853444322436783 7.80507066087447E-4
member 2.5297242600556537E-4 1.6094379124341003 4.0714341321378703E-4
accumulate 5.059448520111307E-4 2.6798793241355137 0.0013558711480574316
stand 5.059448520111307E-4 1.9867321435755685 0.0010051769003670975
table 0.0050594485201113076 0.18117935221517753 9.166676054398053E-4
side 5.059448520111307E-4 1.6682784124570338 8.44056874503938E-4
may 0.004047558816089046 0.15415067982725836 6.239339431409394E-4
within 0.0010118897040222615 0.3127557100038969 3.164742828271155E-4
could 5.059448520111307E-4 0.22314355131420976 1.1289833104690602E-4
draw 5.059448520111307E-4 1.1944940603713923 6.043481206027787E-4
systematic 5.059448520111307E-4 2.0292917579943643 0.001026709718185866
positive 2.5297242600556537E-4 0.6761496041913742 1.710472057149947E-4
generalisability 5.059448520111307E-4 4.471638793363569 0.0022624026275555624
machine 0.0010118897040222615 1.0539121097502027 0.0010664428128006097
able 7.589172780166962E-4 0.7703368192510752 5.846219220220657E-4
comparable 0.0043005312420946115 1.5812670354674039 0.0068002882881218986
compensate 7.589172780166962E-4 2.9675613965872945 0.002252133617445455
return 2.5297242600556537E-4 1.5271998141971284 3.863394419926962E-4
visualisation 2.5297242600556537E-4 3.373026504695459 8.532826978738828E-4
concerned 5.059448520111307E-4 2.2744142160273495 0.0011507281639399692
subject 0.0010118897040222615 0.9021060968821986 9.128318713708054E-4
use 0.0022767518340500886 0.03488725900044054 7.942963091423346E-5
several 7.589172780166962E-4 0.3526016185510966 2.675954605750796E-4
mehler 0.0010118897040222615 5.1647859739235145 0.0052261937504917925
political 5.059448520111307E-4 2.169053700369523 0.001097421553437654
main 0.0015178345560333923 0.6004377824556778 9.113652149592884E-4
serve 2.5297242600556537E-4 1.1944940603713923 3.0217406030138937E-4
while 0.0017708069820389577 0.20895891632225325 3.700259079827404E-4
second 5.059448520111307E-4 0.4373981552111735 2.2129934490825877E-4
that 0.01593726283835062 0.017291497110061043 2.75579134311623E-4
high 2.5297242600556537E-4 0.11492996667397702 2.9074112490254745E-5
download 0.0015178345560333923 0.24480504809538922 3.7157356149059836E-4
edge 2.5297242600556537E-4 2.331572629867298 5.898235845857064E-4
split 5.059448520111307E-4 1.6384254493073527 8.289529214810789E-4
solution 5.059448520111307E-4 1.0216512475319812 5.168991892395554E-4
find 2.5297242600556537E-4 0.16083966797805488 4.068800100633819E-5
diverge 2.5297242600556537E-4 4.0661736852554045 0.0010286298217190499
publication 5.059448520111307E-4 1.6990500711237875 8.596256367942258E-4
than 0.0017708069820389577 0.058840500022933395 1.0419516826727391E-4
limit 2.5297242600556537E-4 1.3146383722134554 3.3256725833884525E-4
claim 5.059448520111307E-4 1.6682784124570338 8.44056874503938E-4
bilingual 0.0022767518340500886 3.373026504695459 0.007679544280864946
supplementary 5.059448520111307E-4 2.5257286443082556 0.0012778794051648142
different 0.0017708069820389577 0.18805223150293962 3.3300420453341193E-4
directly 7.589172780166962E-4 0.7703368192510752 5.846219220220657E-4
combine 2.5297242600556537E-4 0.6321864807702582 1.5992574772837292E-4
author 5.059448520111307E-4 0.017291497110061043 8.748543946400729E-6
occur 5.059448520111307E-4 0.6109090823229731 3.090863052481523E-4
sustainability 5.059448520111307E-4 3.373026504695459 0.0017065653957477657
europarl 0.0204907665064508 5.1647859739235145 0.10583042344745881
relevant 0.0017708069820389577 0.7703368192510752 0.0013641178180514866
disk 5.059448520111307E-4 3.7784916128036232 0.0019117083798652278
retrieve 2.5297242600556537E-4 2.0292917579943643 5.13354859092933E-4
present 5.059448520111307E-4 0.083381608939051 4.2186495795118135E-5
since 0.0012648621300278269 0.377294231141468 4.772251848488085E-4
datum 2.5297242600556537E-4 0.167573700159399 4.2391525464052364E-5
behind 5.059448520111307E-4 1.6682784124570338 8.44056874503938E-4
code 7.589172780166962E-4 1.3361445774344192 0.001014023205743298
paradigm 5.059448520111307E-4 2.5998366164619773 0.001315373952168974
student 2.5297242600556537E-4 1.9867321435755685 5.025884501835487E-4
conceive 2.5297242600556537E-4 3.2188758248682006 8.142868264275741E-4
subcorpora 0.0035416139640779155 5.1647859739235145 0.018291678126721275
total 0.0015178345560333923 0.5108256237659907 7.753487838593333E-4
make 5.059448520111307E-4 0.2521310881874621 1.2756442610041086E-4
highly 7.589172780166962E-4 0.9162907318741551 6.953888681058602E-4
initiative 5.059448520111307E-4 2.8622008809294686 0.001448115801127988
determine 5.059448520111307E-4 0.40261203912575794 2.0369948855338118E-4
nature 5.059448520111307E-4 1.0216512475319812 5.168991892395554E-4
considerably 5.059448520111307E-4 2.331572629867298 0.0011796471691714128
interesting 5.059448520111307E-4 1.6682784124570338 8.44056874503938E-4
control 2.5297242600556537E-4 0.5398131606392429 1.3655784483664125E-4
segmented 7.589172780166962E-4 2.9675613965872945 0.002252133617445455
underlie 2.5297242600556537E-4 1.293584963015623 3.272413263383817E-4
witness 2.5297242600556537E-4 3.5553480614894135 8.994050244091609E-4
regulation 2.5297242600556537E-4 1.8689491079191851 4.7279258991125345E-4
due 0.0015178345560333923 0.20895891632225325 3.17165063985206E-4
online 5.059448520111307E-4 1.3581234841531944 6.871355852027292E-4
metadata 0.004047558816089046 3.7784916128036232 0.015293667038921823
subcorpus 0.0022767518340500886 5.1647859739235145 0.011758935938606534
strategic 5.059448520111307E-4 2.7668907011251433 0.0013998941063117344
depend 2.5297242600556537E-4 0.8472978603872037 2.1434299529147574E-4
vary 2.5297242600556537E-4 0.9751312318970885 2.4668131340680203E-4
readily 0.0010118897040222615 2.5257286443082556 0.0025557588103296285
about 0.0032886415380723503 0.377294231141468 0.001240785480606902
adaptation 2.5297242600556537E-4 2.2203469947570738 5.616865658378633E-4
discipline 2.5297242600556537E-4 2.392197251683733 6.051599422422799E-4
cover 5.059448520111307E-4 1.0704414117014134 5.415843216298574E-4
improperly 5.059448520111307E-4 5.1647859739235145 0.0026130968752458962
reflect 2.5297242600556537E-4 0.7827593392496325 1.9801652902849288E-4
meaning 7.589172780166962E-4 1.0704414117014134 8.123764824447862E-4
estimate 5.059448520111307E-4 0.8743265327751228 4.423610082343146E-4
above 5.059448520111307E-4 0.9021060968821986 4.564159356854027E-4
recent 7.589172780166962E-4 0.5596157879354227 4.2470209051511965E-4
they 0.0022767518340500886 0.05279818556697083 1.2020836582411776E-4
comprise 2.5297242600556537E-4 1.4759065198095778 3.733636528736599E-4
divergent 5.059448520111307E-4 4.0661736852554045 0.0020572596434380998
distinguish 5.059448520111307E-4 1.6990500711237875 8.596256367942258E-4
edit 2.5297242600556537E-4 2.5257286443082556 6.389397025824071E-4
old 2.5297242600556537E-4 1.5012243277938677 3.797683601805888E-4
shortcoming 5.059448520111307E-4 2.8622008809294686 0.001448115801127988
benefit 5.059448520111307E-4 1.0059028905638423 5.089313891038918E-4
quality 0.002023779408044523 0.7953381214564925 0.0016095889126364633
node 7.589172780166962E-4 1.9459101490553132 0.0014767848335861219
processing 7.589172780166962E-4 0.7221347174331975 5.480405141157583E-4
cartoni 0.0015178345560333923 5.1647859739235145 0.00783929062573769
conference 7.589172780166962E-4 2.7668907011251433 0.0020998411594676017
access 5.059448520111307E-4 1.1394342831883648 5.764909097841461E-4
examine 2.5297242600556537E-4 0.8881198549074587 2.2466983427965056E-4
association 5.059448520111307E-4 1.0376515888784226 5.249944795742081E-4
fundamental 7.589172780166962E-4 1.906689435902032 0.00144701955671796
long 5.059448520111307E-4 0.44628710262841953 2.2579666209381205E-4
koehn 0.0010118897040222615 5.1647859739235145 0.0052261937504917925
into 0.0043005312420946115 0.10854016857520597 4.667803859798891E-4
outline 2.5297242600556537E-4 2.0292917579943643 5.13354859092933E-4
xpath 5.059448520111307E-4 5.1647859739235145 0.0026130968752458962
perspective 0.0010118897040222615 1.4271163556401458 0.0014440843467140355
operating 5.059448520111307E-4 1.6990500711237875 8.596256367942258E-4
free 7.589172780166962E-4 1.6990500711237875 0.0012894384551913388
mix 5.059448520111307E-4 2.5998366164619773 0.001315373952168974
key 2.5297242600556537E-4 0.9751312318970885 2.4668131340680203E-4
apart 7.589172780166962E-4 2.169053700369523 0.001646132330156481
expression 2.5297242600556537E-4 1.2729656758128876 3.220252152322002E-4
though 5.059448520111307E-4 1.1043429633770947 5.587366371753577E-4
decision 5.059448520111307E-4 0.9452782687474074 4.782586737907449E-4
necessary 7.589172780166962E-4 0.8607208807193443 6.532159479276582E-4
one 0.004806476094105743 0.06491954609931569 3.120342463665566E-4
restrictive 5.059448520111307E-4 4.0661736852554045 0.0020572596434380998
heuristic 0.0010118897040222615 2.6798793241355137 0.002711742296114863
store 2.5297242600556537E-4 1.730798769438368 4.378443636322711E-4
many 0.0015178345560333923 0.20194134366360675 3.0651354970443725E-4
actually 5.059448520111307E-4 1.5812670354674039 8.000339162496351E-4
appear 5.059448520111307E-4 0.7459453661269161 3.774072178734713E-4
tightly 5.059448520111307E-4 3.5553480614894135 0.0017988100488183219
vast 7.589172780166962E-4 1.8689491079191851 0.0014183777697337604
compressed 5.059448520111307E-4 4.0661736852554045 0.0020572596434380998
open 0.0012648621300278269 0.8881198549074587 0.0011233491713982528
but 0.005312420946116873 0.083381608939051 4.429582058487404E-4
country 2.5297242600556537E-4 1.6682784124570338 4.22028437251969E-4
treat 2.5297242600556537E-4 0.7827593392496325 1.9801652902849288E-4
available 0.004047558816089046 0.5696661237889241 0.0023057571415691334
seven 7.589172780166962E-4 1.5538680612792897 0.0011792573194631592
advocate 2.5297242600556537E-4 2.6798793241355137 6.779355740287158E-4
misspelling 2.5297242600556537E-4 3.7784916128036232 9.558541899326139E-4
mainly 7.589172780166962E-4 1.0059028905638423 7.633970836558378E-4
drawback 7.589172780166962E-4 2.7668907011251433 0.0020998411594676017
variant 2.5297242600556537E-4 1.9867321435755685 5.025884501835487E-4
satisfactory 7.589172780166962E-4 2.7668907011251433 0.0020998411594676017
generate 5.059448520111307E-4 0.7953381214564925 4.023972281591158E-4
five 5.059448520111307E-4 0.9021060968821986 4.564159356854027E-4
oake 2.5297242600556537E-4 5.1647859739235145 0.0013065484376229481
surprise 5.059448520111307E-4 3.373026504695459 0.0017065653957477657
authoritative 5.059448520111307E-4 3.7784916128036232 0.0019117083798652278
ensure 7.589172780166962E-4 1.0216512475319812 7.75348783859333E-4
query 0.0015178345560333923 2.392197251683733 0.00363095965345368
this 0.006324310650139135 0.017291497110061043 1.0935679933000913E-4
collection 2.5297242600556537E-4 0.9600933545325481 2.4287714508792004E-4
finding 2.5297242600556537E-4 0.7459453661269161 1.8870360893673564E-4
disambiguate 2.5297242600556537E-4 4.471638793363569 0.0011312013137777812
incorrectly 0.0010118897040222615 3.2188758248682006 0.0032571473057102962
extract 0.0017708069820389577 0.8080771472339223 0.0014309486543479526
especially 7.589172780166962E-4 0.7104386776700063 5.391641874551022E-4
know 2.5297242600556537E-4 0.6214911916535102 1.5722013449367825E-4
support 7.589172780166962E-4 0.5300569856938783 4.0226940477653295E-4
allow 2.5297242600556537E-4 0.5398131606392429 1.3655784483664125E-4
idea 7.589172780166962E-4 1.2329603411991883 9.357149060454249E-4
rule 2.5297242600556537E-4 1.1043429633770947 2.7936831858767886E-4
proper 0.0017708069820389577 1.5538680612792897 0.0027516004120807054
common 5.059448520111307E-4 0.3526016185510966 1.7839697371671974E-4
similarity 2.5297242600556537E-4 1.4759065198095778 3.733636528736599E-4
customisation 5.059448520111307E-4 5.1647859739235145 0.0026130968752458962
summary 5.059448520111307E-4 1.3581234841531944 6.871355852027292E-4
coverage 0.0010118897040222615 2.5257286443082556 0.0025557588103296285
figure 0.0030356691120667846 0.18805223150293962 5.708643506287061E-4
wide 5.059448520111307E-4 1.121734706088964 5.675358998679302E-4
apply 2.5297242600556537E-4 0.41119578281714936 1.0402119474251184E-4
artificial 5.059448520111307E-4 1.5012243277938677 7.595367203611776E-4
removal 5.059448520111307E-4 1.9459101490553132 9.845232223907477E-4
step 0.0015178345560333923 0.8080771472339223 0.0012265274180125307
erroneously 0.0010118897040222615 5.1647859739235145 0.0052261937504917925
base 2.5297242600556537E-4 0.14090545307723773 3.5645194302362186E-5
stem 5.059448520111307E-4 1.906689435902032 9.6467970447864E-4
employ 2.5297242600556537E-4 1.1944940603713923 3.0217406030138937E-4
tagging 5.059448520111307E-4 2.392197251683733 0.0012103198844845599
software 0.0012648621300278269 1.157452788691043 0.0014640181997104009
trend 5.059448520111307E-4 1.1394342831883648 5.764909097841461E-4
comparatively 5.059448520111307E-4 4.0661736852554045 0.0020572596434380998
whole 5.059448520111307E-4 1.252762968495368 6.338289747004138E-4
fruitful 5.059448520111307E-4 4.0661736852554045 0.0020572596434380998
during 5.059448520111307E-4 0.28958865072236245 1.465158870338287E-4
none 5.059448520111307E-4 1.6384254493073527 8.289529214810789E-4
type 0.0010118897040222615 0.3364722366212129 3.4047279192634744E-4
consist 5.059448520111307E-4 0.7459453661269161 3.774072178734713E-4
reliable 5.059448520111307E-4 1.6990500711237875 8.596256367942258E-4
relate 2.5297242600556537E-4 0.27443684570176036 6.942495464248933E-5
problem 7.589172780166962E-4 0.7221347174331975 5.480405141157583E-4
review 2.5297242600556537E-4 0.4734380916943703 1.1976678261937015E-4
between 0.0017708069820389577 0.058840500022933395 1.0419516826727391E-4
guide 2.5297242600556537E-4 1.5012243277938677 3.797683601805888E-4
inability 5.059448520111307E-4 3.0853444322436783 0.001561014132174894
still 5.059448520111307E-4 0.5300569856938783 2.681796031843553E-4
van 5.059448520111307E-4 2.2744142160273495 0.0011507281639399692
researcher 2.5297242600556537E-4 1.0539121097502027 2.6661070320015243E-4
method 0.0017708069820389577 0.0958817717032825 1.6978811078243803E-4
natural 5.059448520111307E-4 0.6429973968744738 3.2532122280519795E-4
work 0.0017708069820389577 0.4285875255290187 7.589457826215864E-4
enriched 7.589172780166962E-4 2.6798793241355137 0.0020338067220861474
come 2.5297242600556537E-4 0.990398704027877 2.5054356287069996E-4
exist 2.5297242600556537E-4 0.664976303593249 1.6822066875619754E-4
among 7.589172780166962E-4 0.32850406697203605 2.493074123238321E-4
word 2.5297242600556537E-4 0.8743265327751228 2.211805041171573E-4
theory 5.059448520111307E-4 1.4271163556401458 7.220421733570178E-4
linguistics 0.0022767518340500886 3.0853444322436783 0.007024563594787024
internal 7.589172780166962E-4 1.3805963400052528 0.0010477584163965997
literary 7.589172780166962E-4 4.0661736852554045 0.00308588946515715
unequally 7.589172780166962E-4 4.471638793363569 0.0033936039413333435
range 5.059448520111307E-4 0.3941013494578493 1.993935489288385E-4
German 2.5297242600556537E-4 3.373026504695459 8.532826978738828E-4
distribution 7.589172780166962E-4 0.9600933545325481 7.286314352637602E-4
out 0.0012648621300278269 0.368995428326773 4.6672834344393244E-4
across 0.0032886415380723503 0.7703368192510752 0.002533361662095618
flexibility 5.059448520111307E-4 2.6798793241355137 0.0013558711480574316
transcript 2.5297242600556537E-4 2.6798793241355137 6.779355740287158E-4
identity 7.589172780166962E-4 2.5998366164619773 0.001973060928253461
recall 0.0015178345560333923 1.7635885922613586 0.0026768357079605745
get 5.059448520111307E-4 1.121734706088964 5.675358998679302E-4
multilingual 0.0025297242600556538 3.0853444322436783 0.0078050706608744705
regular 5.059448520111307E-4 1.9459101490553132 9.845232223907477E-4
sensible 5.059448520111307E-4 3.7784916128036232 0.0019117083798652278
include 2.5297242600556537E-4 0.0771896386911299 1.9526850162188182E-5
prominently 5.059448520111307E-4 3.7784916128036232 0.0019117083798652278
observation 7.589172780166962E-4 1.2135422553420867 9.209781851824589E-4
token 2.5297242600556537E-4 2.120263536200091 5.363682105236759E-4
filter 5.059448520111307E-4 1.8325814637483102 9.271851574744801E-4
help 5.059448520111307E-4 0.6874491594453075 3.478113632407323E-4
additionally 5.059448520111307E-4 2.6798793241355137 0.0013558711480574316
owe 2.5297242600556537E-4 2.5257286443082556 6.389397025824071E-4
scarce 5.059448520111307E-4 3.373026504695459 0.0017065653957477657
first 7.589172780166962E-4 0.167573700159399 1.271745763921571E-4
infrequently 5.059448520111307E-4 3.7784916128036232 0.0019117083798652278
date 7.589172780166962E-4 1.6384254493073527 0.0012434293822216184
theoretical 0.0010118897040222615 1.5538680612792897 0.0015723430926175457
prefer 5.059448520111307E-4 1.9459101490553132 9.845232223907477E-4
utter 2.5297242600556537E-4 4.471638793363569 0.0011312013137777812
own 5.059448520111307E-4 1.293584963015623 6.544826526767634E-4
clearly 0.0010118897040222615 1.6384254493073527 0.0016579058429621579
translate 2.5297242600556537E-4 1.906689435902032 4.8233985223932E-4
reference 7.589172780166962E-4 1.2135422553420867 9.209781851824589E-4
barrier 5.059448520111307E-4 2.073743520565198 0.0010491998586214003
enlargement 5.059448520111307E-4 4.0661736852554045 0.0020572596434380998
plain 0.0012648621300278269 3.2188758248682006 0.004071434132137871
only 0.006071338224133569 0.10854016857520597 6.589840743245493E-4
bibliometric 0.0010118897040222615 3.5553480614894135 0.0035976200976366437
should 5.059448520111307E-4 0.368995428326773 1.8669133737757296E-4
from 0.010624841892233746 0.023122417420854212 2.456720292628072E-4
Spanish 2.5297242600556537E-4 3.2188758248682006 8.142868264275741E-4
tag 7.589172780166962E-4 2.120263536200091 0.0016091046315710278
tan 5.059448520111307E-4 2.9675613965872945 0.001501422411630303
discover 2.5297242600556537E-4 1.7635885922613586 4.461392846600957E-4
individual 0.0010118897040222615 0.6214911916535102 6.28880537974713E-4
indirect 0.0010118897040222615 1.9459101490553132 0.0019690464447814954
resource 5.059448520111307E-4 1.1043429633770947 5.587366371753577E-4
capture 5.059448520111307E-4 0.990398704027877 5.010871257413999E-4
towards 5.059448520111307E-4 1.5012243277938677 7.595367203611776E-4
estimation 5.059448520111307E-4 2.392197251683733 0.0012103198844845599
speaker 0.006324310650139135 2.7668907011251433 0.017498676328896682
potentially 5.059448520111307E-4 1.1394342831883648 5.764909097841461E-4
note 7.589172780166962E-4 0.5013468798114469 3.8048080936866697E-4
purpose 5.059448520111307E-4 0.9021060968821986 4.564159356854027E-4
line 0.0010118897040222615 0.9021060968821986 9.128318713708054E-4
curate 2.5297242600556537E-4 3.373026504695459 8.532826978738828E-4
frequent 0.0012648621300278269 1.4271163556401458 0.0018051054333925445
distinct 7.589172780166962E-4 1.6990500711237875 0.0012894384551913388
error 0.0015178345560333923 1.2329603411991883 0.0018714298120908498
network 5.059448520111307E-4 0.990398704027877 5.010871257413999E-4
inclusion 5.059448520111307E-4 1.3581234841531944 6.871355852027292E-4
can 0.004806476094105743 0.0958817717032825 4.6085344355233185E-4
paper 0.0010118897040222615 0.8340526336371831 8.439692725901169E-4
subdivide 2.5297242600556537E-4 2.9675613965872945 7.507112058151515E-4
purport 2.5297242600556537E-4 5.1647859739235145 0.0013065484376229481
value 5.059448520111307E-4 0.34450440831847723 1.7430023188387412E-4
quantity 0.002023779408044523 2.2744142160273495 0.004602912655759877
limited 0.0015178345560333923 0.5696661237889241 8.646589280884252E-4
will 7.589172780166962E-4 0.3526016185510966 2.675954605750796E-4
satisfy 5.059448520111307E-4 1.7635885922613586 8.922785693201914E-4
advantage 5.059448520111307E-4 1.0376515888784226 5.249944795742081E-4
implementation 5.059448520111307E-4 1.3146383722134554 6.651345166776905E-4
match 7.589172780166962E-4 1.5271998141971284 0.0011590183259780889
follow 2.5297242600556537E-4 0.0958817717032825 2.4255444397491144E-5
instead 5.059448520111307E-4 1.0376515888784226 5.249944795742081E-4
command 0.0010118897040222615 2.9675613965872945 0.003002844823260606
round 2.5297242600556537E-4 2.9675613965872945 7.507112058151515E-4
category 2.5297242600556537E-4 0.8080771472339223 2.0442123633542176E-4
