citationagrawal 4.4863167339614175E-4 5.1647859739235145 0.002317086574214228
analyse 2.2431583669807088E-4 1.4512139072192063 3.2553026182575285E-4
accuracy 4.4863167339614175E-4 1.0539121097502027 4.728183534096916E-4
citationluo 6.729475100942127E-4 5.1647859739235145 0.003475629861321342
mohamad 0.001794526693584567 5.1647859739235145 0.009268346296856913
via 4.4863167339614175E-4 0.9021060968821986 4.047133678251227E-4
setting 2.2431583669807088E-4 1.1394342831883648 2.555931545958647E-4
nondeterministic 4.4863167339614175E-4 5.1647859739235145 0.002317086574214228
because 8.972633467922835E-4 0.34450440831847723 3.091111783925323E-4
calculate 4.4863167339614175E-4 0.7221347174331975 3.2397250669950533E-4
near 2.2431583669807088E-4 1.79749014393704 4.03205505593773E-4
utilise 4.4863167339614175E-4 2.6798793241355137 0.0012022787456866368
successfully 4.4863167339614175E-4 1.5538680612792897 6.971144285685463E-4
solid 6.729475100942127E-4 2.2744142160273495 0.0015305613835984856
scaffolding 4.4863167339614175E-4 4.0661736852554045 0.0018242143047354888
require 8.972633467922835E-4 0.3127557100038969 2.806242350864934E-4
analysis 0.0022431583669807087 0.13434805253107854 3.013639581226526E-4
selection 0.0011215791834903544 1.0872485300177945 0.001219435318548446
size 0.0015702108568864963 0.12136085700426753 1.9056213526915048E-4
correlation 4.4863167339614175E-4 1.293584963015623 5.803431866377852E-4
stop 4.4863167339614175E-4 1.7635885922613586 7.912017013285592E-4
left 6.729475100942127E-4 1.2729656758128876 8.566390819736793E-4
detail 4.4863167339614175E-4 1.0216512475319812 4.5834510880752856E-4
object 2.2431583669807088E-4 1.7635885922613586 3.956008506642796E-4
accessible 4.4863167339614175E-4 2.331572629867298 0.0010460173305820088
statistical 8.972633467922835E-4 0.653926467406664 5.867442507013585E-4
criterion 2.2431583669807088E-4 1.0376515888784226 2.32761684360346E-4
role 4.4863167339614175E-4 0.664976303593249 2.983294318498201E-4
achieve 8.972633467922835E-4 0.6109090823229731 5.481463277909136E-4
least 4.4863167339614175E-4 0.653926467406664 2.9337212535067924E-4
turn 8.972633467922835E-4 1.4035858582299516 0.001259386144665726
immediately 4.4863167339614175E-4 1.9459101490553132 8.729969264492208E-4
manual 6.729475100942127E-4 1.4512139072192063 9.765907854772586E-4
matrix 0.0011215791834903544 1.4759065198095778 0.0016553460293961166
weekly 4.4863167339614175E-4 3.2188758248682006 0.001444089647765007
example 2.2431583669807088E-4 0.6988778552689304 1.567693708544034E-4
result 2.2431583669807088E-4 0.058840500022933395 1.3198855994377163E-5
same 0.0015702108568864963 0.2972515234679317 4.667475693753975E-4
aspect 2.2431583669807088E-4 0.9452782687474074 2.1204088576657858E-4
after 0.0015702108568864963 0.12136085700426753 1.9056213526915048E-4
close 2.2431583669807088E-4 0.6988778552689304 1.567693708544034E-4
connect 2.2431583669807088E-4 1.293584963015623 2.901715933188926E-4
address 2.2431583669807088E-4 0.7827593392496325 1.755853161170104E-4
learn 4.4863167339614175E-4 1.252762968495368 5.620291469247949E-4
probabilistic 0.0031404217137729925 2.5257286443082556 0.007931853077684068
kernel 6.729475100942127E-4 2.9675613965872945 0.001997013052885124
citationallan 4.4863167339614175E-4 5.1647859739235145 0.002317086574214228
abbreviation 4.4863167339614175E-4 2.7668907011251433 0.001241314805349997
the 0.10004486316733961 0.017291497110061043 0.0017299254623345053
component 2.2431583669807088E-4 0.9600933545325481 2.1536414413022613E-4
timeline 4.4863167339614175E-4 4.0661736852554045 0.0018242143047354888
emerge 2.2431583669807088E-4 1.293584963015623 2.901715933188926E-4
information 0.0029161058770749214 0.3049735695618419 8.893352185518046E-4
exploit 2.2431583669807088E-4 1.8689491079191851 4.1923488288900517E-4
register 4.4863167339614175E-4 2.331572629867298 0.0010460173305820088
standard 4.4863167339614175E-4 0.7221347174331975 3.2397250669950533E-4
couple 4.4863167339614175E-4 2.331572629867298 0.0010460173305820088
communicate 4.4863167339614175E-4 2.2744142160273495 0.0010203742557323237
resolve 2.2431583669807088E-4 2.0292917579943643 4.55202278599005E-4
correct 2.2431583669807088E-4 1.4759065198095778 3.3106920587922336E-4
good 8.972633467922835E-4 0.2160260835453457 1.938322867163263E-4
predefined 6.729475100942127E-4 2.2203469947570738 0.0014941769816669407
empty 4.4863167339614175E-4 3.0853444322436783 0.0013841832356409503
compute 2.2431583669807088E-4 1.2729656758128876 2.855463606578931E-4
institution 2.2431583669807088E-4 1.9867321435755685 4.4565548308110554E-4
assessment 4.4863167339614175E-4 1.2729656758128876 5.710927213157862E-4
post 8.972633467922835E-4 1.6990500711237875 0.0015244953531841968
implement 2.2431583669807088E-4 1.0376515888784226 2.32761684360346E-4
ith 4.4863167339614175E-4 2.9675613965872945 0.0013313420352567495
predicted 4.4863167339614175E-4 1.5271998141971284 6.851502082535345E-4
ontology 0.0022431583669807087 2.8622008809294686 0.006420369854036493
add 4.4863167339614175E-4 0.7827593392496325 3.511706322340208E-4
area 2.2431583669807088E-4 0.664976303593249 1.4916471592491004E-4
educational 0.0013458950201884253 2.5257286443082556 0.0033993656047217437
need 0.0011215791834903544 0.27443684570176036 3.0780265332184875E-4
finite 4.4863167339614175E-4 2.331572629867298 0.0010460173305820088
its 0.0026917900403768506 0.19497267434751336 5.248255029542756E-4
informative 4.4863167339614175E-4 2.9675613965872945 0.0013313420352567495
lack 8.972633467922835E-4 0.5696661237889241 5.111405327850373E-4
volume 0.00246747420367878 1.3581234841531944 0.003351134662558353
sparse 6.729475100942127E-4 3.0853444322436783 0.0020762748534614256
success 8.972633467922835E-4 1.6094379124341003 0.001444089647765007
exchange 2.2431583669807088E-4 1.6682784124570338 3.742212679356289E-4
useful 4.4863167339614175E-4 0.9162907318741551 4.1107704435807763E-4
breakdown 4.4863167339614175E-4 2.7668907011251433 0.001241314805349997
decomposition 4.4863167339614175E-4 3.2188758248682006 0.001444089647765007
polysemy 4.4863167339614175E-4 3.5553480614894135 0.0015950417503317242
citationaggarwal 4.4863167339614175E-4 5.1647859739235145 0.002317086574214228
representation 6.729475100942127E-4 1.2135422553420867 8.166502391265725E-4
remove 2.2431583669807088E-4 1.0872485300177945 2.4388706370968922E-4
expanded 4.4863167339614175E-4 2.2744142160273495 0.0010203742557323237
previously 4.4863167339614175E-4 0.8340526336371831 3.741824287291086E-4
mixture 4.4863167339614175E-4 2.5998366164619773 0.0011663690517999
motivate 4.4863167339614175E-4 1.9867321435755685 8.913109661622111E-4
root 4.4863167339614175E-4 1.906689435902032 8.554012722754742E-4
responsible 4.4863167339614175E-4 1.6682784124570338 7.484425358712578E-4
scope 4.4863167339614175E-4 1.9459101490553132 8.729969264492208E-4
marginal 8.972633467922835E-4 3.373026504695459 0.0030264930504221256
end 2.2431583669807088E-4 0.8607208807193443 1.9307332452206017E-4
satellite 2.2431583669807088E-4 3.7784916128036232 8.47575507582688E-4
projection 6.729475100942127E-4 2.2744142160273495 0.0015305613835984856
multiply 2.2431583669807088E-4 2.456735772821304 5.510847404264925E-4
effectiveness 6.729475100942127E-4 1.5271998141971284 0.0010277253123803017
identify 6.729475100942127E-4 0.3049735695618419 2.0523120428118566E-4
victory 4.4863167339614175E-4 5.1647859739235145 0.002317086574214228
banerjee 4.4863167339614175E-4 3.7784916128036232 0.001695151015165376
multiple 0.0011215791834903544 0.5108256237659907 5.729313860094108E-4
perform 2.2431583669807088E-4 0.2669461739726028 5.988025436801319E-5
rich 4.4863167339614175E-4 1.79749014393704 8.06411011187546E-4
evolution 4.4863167339614175E-4 2.120263536200091 9.512173782862678E-4
label 4.4863167339614175E-4 1.1394342831883648 5.111863091917294E-4
message 4.4863167339614175E-4 2.169053700369523 9.731061912828726E-4
forum 8.972633467922835E-4 2.9675613965872945 0.002662684070513499
with 0.008972633467922835 0.017291497110061043 1.551502656802247E-4
modify 2.2431583669807088E-4 1.5812670354674039 3.547032381039488E-4
supervised 6.729475100942127E-4 1.9867321435755685 0.0013369664492433166
environment 4.4863167339614175E-4 1.3361445774344192 5.994367776735841E-4
service 2.2431583669807088E-4 1.2329603411991883 2.7657253055163485E-4
centroid 0.0015702108568864963 3.5553480614894135 0.005582646126161036
there 8.972633467922835E-4 0.12136085700426753 1.0889264872522882E-4
automate 8.972633467922835E-4 1.4759065198095778 0.0013242768235168934
suitable 0.0011215791834903544 1.121734706088964 0.0012581142957480528
automata 4.4863167339614175E-4 4.471638793363569 0.002006118794689802
citationwitten 4.4863167339614175E-4 5.1647859739235145 0.002317086574214228
education 0.001794526693584567 1.730798769438368 0.0031059645929804717
manitoba 4.4863167339614175E-4 5.1647859739235145 0.002317086574214228
focus 4.4863167339614175E-4 0.4285875255290187 1.922779387747953E-4
approach 0.0015702108568864963 0.40261203912575794 6.321857949484759E-4
variation 4.4863167339614175E-4 1.1944940603713923 5.358878691661697E-4
number 0.003813369223867205 0.14750613710858965 5.624953635814321E-4
pairwise 4.4863167339614175E-4 2.6798793241355137 0.0012022787456866368
property 4.4863167339614175E-4 1.4035858582299516 6.29693072332863E-4
judge 4.4863167339614175E-4 2.2203469947570738 9.961179877779605E-4
order 8.972633467922835E-4 0.5900749954201312 5.294526652491083E-4
algorithm 0.006056527590847914 0.8472978603872037 0.005131682869101503
similar 0.0011215791834903544 0.20895891632225325 2.3436397075174209E-4
cormier 4.4863167339614175E-4 5.1647859739235145 0.002317086574214228
shape 4.4863167339614175E-4 1.906689435902032 8.554012722754742E-4
understand 4.4863167339614175E-4 1.0704414117014134 4.802339218041334E-4
specify 2.2431583669807088E-4 1.5538680612792897 3.4855721428427315E-4
outlier 4.4863167339614175E-4 3.373026504695459 0.0015132465252110628
handle 2.2431583669807088E-4 1.5812670354674039 3.547032381039488E-4
propose 2.2431583669807088E-4 0.6214911916535102 1.3941031665623825E-4
system 0.004486316733961417 0.36076492919025743 0.0016185057388526578
million 2.2431583669807088E-4 1.3805963400052528 3.0968962315057263E-4
even 4.4863167339614175E-4 0.377294231141468 1.6926614227970747E-4
binary 4.4863167339614175E-4 1.6990500711237875 7.622476765920984E-4
schultz 4.4863167339614175E-4 5.1647859739235145 0.002317086574214228
hash 2.2431583669807088E-4 5.1647859739235145 0.001158543287107114
hundred 2.2431583669807088E-4 2.073743520565198 4.651735129127855E-4
other 0.003813369223867205 0.0408219945202552 1.5566933756041686E-4
aim 0.0011215791834903544 0.6109090823229731 6.851829097386418E-4
against 4.4863167339614175E-4 0.9600933545325481 4.3072828826045225E-4
optimise 4.4863167339614175E-4 2.9675613965872945 0.0013313420352567495
politecnico 4.4863167339614175E-4 5.1647859739235145 0.002317086574214228
barreiro 4.4863167339614175E-4 5.1647859739235145 0.002317086574214228
valid 4.4863167339614175E-4 1.79749014393704 8.06411011187546E-4
citationgaber 4.4863167339614175E-4 5.1647859739235145 0.002317086574214228
top 4.4863167339614175E-4 1.5538680612792897 6.971144285685463E-4
native 4.4863167339614175E-4 2.7668907011251433 0.001241314805349997
peer 4.4863167339614175E-4 3.373026504695459 0.0015132465252110628
have 0.004486316733961417 0.017291497110061043 7.757513284011235E-5
share 6.729475100942127E-4 1.0539121097502027 7.092275301145374E-4
robust 6.729475100942127E-4 1.6682784124570338 0.0011226638038068868
question 2.2431583669807088E-4 0.8743265327751228 1.9612528774677496E-4
noisy 4.4863167339614175E-4 3.2188758248682006 0.001444089647765007
produce 4.4863167339614175E-4 0.8607208807193443 3.8614664904412034E-4
demographic 2.2431583669807088E-4 1.4271163556401458 3.2012479938092097E-4
proportionally 4.4863167339614175E-4 3.373026504695459 0.0015132465252110628
citationdhillon 6.729475100942127E-4 5.1647859739235145 0.003475629861321342
framework 4.4863167339614175E-4 1.4035858582299516 6.29693072332863E-4
future 8.972633467922835E-4 0.48265474679929443 4.330684134583171E-4
polynomial 4.4863167339614175E-4 2.9675613965872945 0.0013313420352567495
constraint 2.2431583669807088E-4 1.6682784124570338 3.742212679356289E-4
thousand 2.2431583669807088E-4 2.456735772821304 5.510847404264925E-4
udacity 4.4863167339614175E-4 5.1647859739235145 0.002317086574214228
entity 6.729475100942127E-4 1.9867321435755685 0.0013369664492433166
coursera 6.729475100942127E-4 5.1647859739235145 0.003475629861321342
col 4.4863167339614175E-4 5.1647859739235145 0.002317086574214228
citationlandauer 4.4863167339614175E-4 5.1647859739235145 0.002317086574214228
almost 4.4863167339614175E-4 1.1043429633770947 4.9544323166312E-4
equally 4.4863167339614175E-4 2.073743520565198 9.30347025825571E-4
flora 4.4863167339614175E-4 4.471638793363569 0.002006118794689802
pedagogy 4.4863167339614175E-4 4.0661736852554045 0.0018242143047354888
bryan 4.4863167339614175E-4 5.1647859739235145 0.002317086574214228
associate 2.2431583669807088E-4 0.38566248081198473 8.651020206639406E-5
whether 6.729475100942127E-4 0.5300569856938783 3.567005287307391E-4
function 0.00246747420367878 0.5496654570822546 0.0013562853360037687
bipartitioning 4.4863167339614175E-4 5.1647859739235145 0.002317086574214228
courseware 4.4863167339614175E-4 5.1647859739235145 0.002317086574214228
all 0.006953790937640198 0.017291497110061043 1.2024145590217416E-4
new 0.004262000897263347 0.36076492919025743 0.001537580451910025
read 2.2431583669807088E-4 1.3581234841531944 3.04648605687123E-4
below 4.4863167339614175E-4 1.4035858582299516 6.29693072332863E-4
less 0.0011215791834903544 0.36076492919025743 4.0462643471316444E-4
real 6.729475100942127E-4 1.3361445774344192 8.991551665103763E-4
pedagogical 4.4863167339614175E-4 3.373026504695459 0.0015132465252110628
hybrid 6.729475100942127E-4 2.073743520565198 0.0013955205387383566
improve 8.972633467922835E-4 0.377294231141468 3.3853228455941494E-4
october 0.001794526693584567 2.0292917579943643 0.00364161822879204
basic 4.4863167339614175E-4 1.1944940603713923 5.358878691661697E-4
leverage 4.4863167339614175E-4 2.2744142160273495 0.0010203742557323237
university 8.972633467922835E-4 1.1043429633770947 9.9088646332624E-4
safwan 0.001794526693584567 5.1647859739235145 0.009268346296856913
citationmurtagh 4.4863167339614175E-4 5.1647859739235145 0.002317086574214228
technique 6.729475100942127E-4 0.7953381214564925 5.352208085171551E-4
discriminative 0.0013458950201884253 3.7784916128036232 0.005085453045496128
around 6.729475100942127E-4 1.0216512475319812 6.875176632112929E-4
favour 4.4863167339614175E-4 3.373026504695459 0.0015132465252110628
substring 2.2431583669807088E-4 4.471638793363569 0.001003059397344901
effective 8.972633467922835E-4 0.8472978603872037 7.602493139409633E-4
normalisation 4.4863167339614175E-4 3.5553480614894135 0.0015950417503317242
and 0.05136832660385823 0.017291497110061043 8.882352710192865E-4
design 2.2431583669807088E-4 0.6004377824556778 1.3468770355667964E-4
extra 4.4863167339614175E-4 2.073743520565198 9.30347025825571E-4
define 2.2431583669807088E-4 0.3526016185510966 7.909412708638327E-5
predict 2.2431583669807088E-4 1.1043429633770947 2.4772161583156E-4
row 4.4863167339614175E-4 2.6798793241355137 0.0012022787456866368
direction 2.2431583669807088E-4 1.3581234841531944 3.04648605687123E-4
fractionation 4.4863167339614175E-4 5.1647859739235145 0.002317086574214228
aforementioned 8.972633467922835E-4 2.0292917579943643 0.00182080911439602
accord 2.2431583669807088E-4 0.4919571394616079 1.1035377735792012E-4
lda 0.0015702108568864963 2.5998366164619773 0.00408229168129965
automatic 8.972633467922835E-4 1.5812670354674039 0.0014188129524157953
despite 4.4863167339614175E-4 0.7221347174331975 3.2397250669950533E-4
any 0.0015702108568864963 0.2669461739726028 4.1916178057609235E-4
interconnect 2.2431583669807088E-4 3.373026504695459 7.566232626055314E-4
English 2.2431583669807088E-4 1.4512139072192063 3.2553026182575285E-4
cocea 0.001794526693584567 5.1647859739235145 0.009268346296856913
engage 4.4863167339614175E-4 1.79749014393704 8.06411011187546E-4
stable 4.4863167339614175E-4 1.8689491079191851 8.384697657780103E-4
quantitative 6.729475100942127E-4 1.5538680612792897 0.0010456716428528193
until 8.972633467922835E-4 1.0376515888784226 9.31046737441384E-4
cluster 0.006280843427545985 1.8689491079191851 0.011738576720892145
maintain 4.4863167339614175E-4 1.2329603411991883 5.531450611032697E-4
moocs 0.00986989681471512 5.1647859739235145 0.05097590463271302
discussion 2.2431583669807088E-4 0.23031204079282225 5.166263813208216E-5
identification 4.4863167339614175E-4 1.3146383722134554 5.897884128369023E-4
merge 2.2431583669807088E-4 2.331572629867298 5.230086652910044E-4
smoothing 6.729475100942127E-4 3.7784916128036232 0.002542726522748064
state 6.729475100942127E-4 0.6761496041913742 4.5501319259177265E-4
interchange 4.4863167339614175E-4 4.471638793363569 0.002006118794689802
element 4.4863167339614175E-4 1.1758019273592397 5.275019862535844E-4
drift 6.729475100942127E-4 3.7784916128036232 0.002542726522748064
inefficiency 4.4863167339614175E-4 3.5553480614894135 0.0015950417503317242
merging 4.4863167339614175E-4 3.2188758248682006 0.001444089647765007
remain 2.2431583669807088E-4 0.7104386776700063 1.5936264640421856E-4
refine 4.4863167339614175E-4 2.9675613965872945 0.0013313420352567495
each 0.00515926424405563 0.13434805253107854 6.93137103682101E-4
bisect 2.2431583669807088E-4 4.471638793363569 0.001003059397344901
dictionary 4.4863167339614175E-4 1.9459101490553132 8.729969264492208E-4
must 6.729475100942127E-4 1.0376515888784226 6.98285053081038E-4
sophisticated 6.729475100942127E-4 2.073743520565198 0.0013955205387383566
cut 6.729475100942127E-4 2.2744142160273495 0.0015305613835984856
document 0.010094212651413189 0.8743265327751228 0.008825637948604872
another 0.0011215791834903544 0.40261203912575794 4.515612821060542E-4
automatically 4.4863167339614175E-4 1.4759065198095778 6.621384117584467E-4
deterministic 6.729475100942127E-4 2.8622008809294686 0.0019261109562109479
guarantee 2.2431583669807088E-4 1.8689491079191851 4.1923488288900517E-4
availability 4.4863167339614175E-4 1.6384254493073527 7.35049551057583E-4
two 0.0031404217137729925 0.11492996667397702 3.6092856290616384E-4
acquire 2.2431583669807088E-4 1.79749014393704 4.03205505593773E-4
fertile 4.4863167339614175E-4 4.0661736852554045 0.0018242143047354888
incompatible 4.4863167339614175E-4 4.0661736852554045 0.0018242143047354888
summarise 2.2431583669807088E-4 2.456735772821304 5.510847404264925E-4
found 4.4863167339614175E-4 4.0661736852554045 0.0018242143047354888
structured 0.0013458950201884253 1.3805963400052528 0.0018581377389034358
where 0.004486316733961417 0.32850406697203605 0.0014737732928310275
distribute 2.2431583669807088E-4 1.5812670354674039 3.547032381039488E-4
attribute 4.4863167339614175E-4 1.293584963015623 5.803431866377852E-4
popular 4.4863167339614175E-4 1.252762968495368 5.620291469247949E-4
validate 2.2431583669807088E-4 1.5538680612792897 3.4855721428427315E-4
receive 2.2431583669807088E-4 0.653926467406664 1.4668606267533962E-4
detection 0.004262000897263347 1.5271998141971284 0.006508926978408578
participate 4.4863167339614175E-4 1.5812670354674039 7.094064762078976E-4
grading 4.4863167339614175E-4 4.471638793363569 0.002006118794689802
call 2.2431583669807088E-4 1.0539121097502027 2.364091767048458E-4
such 0.003813369223867205 0.10219094089654716 3.896917889729255E-4
nlp 0.0011215791834903544 0.41119578281714936 4.6118863034673544E-4
speech 4.4863167339614175E-4 2.120263536200091 9.512173782862678E-4
extensively 4.4863167339614175E-4 2.456735772821304 0.001102169480852985
describe 8.972633467922835E-4 0.28958865072236245 2.5983728194020855E-4
through 4.4863167339614175E-4 0.2595111954850846 1.1642494189550678E-4
categorise 2.2431583669807088E-4 3.0853444322436783 6.920916178204752E-4
organisation 4.4863167339614175E-4 2.8622008809294686 0.0012840739708072986
run 2.2431583669807088E-4 1.5012243277938677 3.3674839116058043E-4
incorporate 2.2431583669807088E-4 1.6384254493073527 3.675247755287915E-4
challenging 4.4863167339614175E-4 1.5538680612792897 6.971144285685463E-4
research 0.001794526693584567 0.40261203912575794 7.224980513696867E-4
participant 4.4863167339614175E-4 1.6094379124341003 7.220448238825035E-4
rus 4.4863167339614175E-4 5.1647859739235145 0.002317086574214228
view 4.4863167339614175E-4 1.121734706088964 5.032457182992211E-4
continue 2.2431583669807088E-4 1.5812670354674039 3.547032381039488E-4
correctness 4.4863167339614175E-4 3.2188758248682006 0.001444089647765007
last 4.4863167339614175E-4 0.7459453661269161 3.34654717867616E-4
weight 6.729475100942127E-4 1.0059028905638423 6.76919845601509E-4
significant 8.972633467922835E-4 0.377294231141468 3.3853228455941494E-4
develop 4.4863167339614175E-4 0.32850406697203605 1.4737732928310276E-4
unbridled 4.4863167339614175E-4 5.1647859739235145 0.002317086574214228
measure 4.4863167339614175E-4 0.48265474679929443 2.1653420672915856E-4
overlap 4.4863167339614175E-4 1.9867321435755685 8.913109661622111E-4
proximity 4.4863167339614175E-4 2.9675613965872945 0.0013313420352567495
name 2.2431583669807088E-4 1.157452788691043 2.5963499073374674E-4
assume 4.4863167339614175E-4 0.9452782687474074 4.2408177153315717E-4
full 0.0011215791834903544 0.14750613710858965 1.6543981281806822E-4
next 8.972633467922835E-4 0.8080771472339223 7.2505800559347E-4
memory 4.4863167339614175E-4 2.073743520565198 9.30347025825571E-4
hidden 6.729475100942127E-4 1.730798769438368 0.001164736722367677
distance 0.0013458950201884253 1.4035858582299516 0.0018890792169985891
mooc 0.004262000897263347 4.471638793363569 0.019058128549553122
attract 4.4863167339614175E-4 2.5257286443082556 0.0011331218682405812
concept 0.0013458950201884253 1.157452788691043 0.0015578099444024805
nearly 4.4863167339614175E-4 2.120263536200091 9.512173782862678E-4
book 2.2431583669807088E-4 2.0292917579943643 4.55202278599005E-4
show 8.972633467922835E-4 0.0771896386911299 6.925943354969035E-5
description 4.4863167339614175E-4 1.157452788691043 5.192699814674935E-4
effort 4.4863167339614175E-4 1.252762968495368 5.620291469247949E-4
nor 4.4863167339614175E-4 1.6094379124341003 7.220448238825035E-4
not 0.005607895917451772 0.03488725900044054 1.956441173196531E-4
arrive 4.4863167339614175E-4 2.6798793241355137 0.0012022787456866368
factor 4.4863167339614175E-4 0.38566248081198473 1.7302040413278813E-4
early 4.4863167339614175E-4 0.6214911916535102 2.788206333124765E-4
enhance 0.002018842530282638 1.1944940603713923 0.0024114954112477638
news 4.4863167339614175E-4 2.0292917579943643 9.1040455719801E-4
overview 0.0015702108568864963 1.4271163556401458 0.002240873595666447
introduce 4.4863167339614175E-4 0.7339691750802005 3.2928181923741614E-4
effectively 4.4863167339614175E-4 1.6384254493073527 7.35049551057583E-4
start 6.729475100942127E-4 0.8472978603872037 5.701869854557225E-4
pair 4.4863167339614175E-4 1.293584963015623 5.803431866377852E-4
manage 0.0013458950201884253 1.4035858582299516 0.0018890792169985891
citationaslam 4.4863167339614175E-4 5.1647859739235145 0.002317086574214228
what 6.729475100942127E-4 0.8209805520698303 5.524768183511644E-4
refer 4.4863167339614175E-4 0.7827593392496325 3.511706322340208E-4
learner 2.2431583669807088E-4 3.373026504695459 7.566232626055314E-4
dirichlet 6.729475100942127E-4 2.456735772821304 0.0016532542212794779
time 8.972633467922835E-4 0.167573700159399 1.5035773903938898E-4
dimensionality 6.729475100942127E-4 2.8622008809294686 0.0019261109562109479
interactive 0.0011215791834903544 3.0853444322436783 0.0034604580891023757
experimental 0.0011215791834903544 1.4512139072192063 0.0016276513091287642
when 0.00246747420367878 0.14750613710858965 3.6396758819975017E-4
three 8.972633467922835E-4 0.22314355131420976 2.002185296673035E-4
premise 2.2431583669807088E-4 3.5553480614894135 7.975208751658621E-4
far 4.4863167339614175E-4 1.3361445774344192 5.994367776735841E-4
controversial 4.4863167339614175E-4 3.373026504695459 0.0015132465252110628
embed 2.2431583669807088E-4 1.8325814637483102 4.1107704435807763E-4
designate 2.2431583669807088E-4 3.2188758248682006 7.220448238825035E-4
case 4.4863167339614175E-4 0.24480504809538922 1.0982729838285743E-4
hardware 4.4863167339614175E-4 2.9675613965872945 0.0013313420352567495
promising 4.4863167339614175E-4 1.8325814637483102 8.221540887161553E-4
give 0.0015702108568864963 0.2595111954850846 4.0748729663427373E-4
item 6.729475100942127E-4 1.8325814637483102 0.001233231133074233
imooc 0.001794526693584567 5.1647859739235145 0.009268346296856913
probability 0.0013458950201884253 1.4035858582299516 0.0018890792169985891
extraction 4.4863167339614175E-4 1.3361445774344192 5.994367776735841E-4
theoretic 4.4863167339614175E-4 5.1647859739235145 0.002317086574214228
grouping 6.729475100942127E-4 2.9675613965872945 0.001997013052885124
dynamically 4.4863167339614175E-4 2.9675613965872945 0.0013313420352567495
creative 4.4863167339614175E-4 3.2188758248682006 0.001444089647765007
bootstrapping 4.4863167339614175E-4 3.7784916128036232 0.001695151015165376
provide 0.001794526693584567 0.167573700159399 3.0071547807877796E-4
latent 0.00246747420367878 2.0292917579943643 0.005007225064589055
mellon 4.4863167339614175E-4 4.0661736852554045 0.0018242143047354888
style 4.4863167339614175E-4 2.8622008809294686 0.0012840739708072986
study 6.729475100942127E-4 0.07103577311675174 4.7803346646535494E-5
formulate 4.4863167339614175E-4 1.5538680612792897 6.971144285685463E-4
pattern 4.4863167339614175E-4 0.9751312318970885 4.37474756346832E-4
direct 4.4863167339614175E-4 0.8743265327751228 3.922505754935499E-4
teaching 4.4863167339614175E-4 2.392197251683733 0.0010732154561165243
smart 4.4863167339614175E-4 2.5257286443082556 0.0011331218682405812
unknown 4.4863167339614175E-4 1.79749014393704 8.06411011187546E-4
gain 2.2431583669807088E-4 0.9751312318970885 2.18737378173416E-4
computer 4.4863167339614175E-4 1.5012243277938677 6.734967823211609E-4
web 0.0013458950201884253 1.6384254493073527 0.002205148653172749
low 2.2431583669807088E-4 0.28958865072236245 6.495932048505214E-5
theme 4.4863167339614175E-4 2.120263536200091 9.512173782862678E-4
consult 4.4863167339614175E-4 2.8622008809294686 0.0012840739708072986
architecture 8.972633467922835E-4 1.6682784124570338 0.0014968850717425157
yin 4.4863167339614175E-4 5.1647859739235145 0.002317086574214228
means 4.4863167339614175E-4 0.6988778552689304 3.135387417088068E-4
chain 2.2431583669807088E-4 2.120263536200091 4.756086891431339E-4
desire 2.2431583669807088E-4 1.5812670354674039 3.547032381039488E-4
explore 2.2431583669807088E-4 0.9600933545325481 2.1536414413022613E-4
initial 0.001794526693584567 0.6988778552689304 0.0012541549668352273
efficient 0.0011215791834903544 1.3581234841531944 0.001523243028435615
more 0.003813369223867205 0.05279818556697083 2.0133897591711623E-4
display 0.0011215791834903544 0.16083966797805488 1.803944234836865E-4
csvdisplay 8.972633467922835E-4 0.2669461739726028 2.3952101747205275E-4
centre 4.4863167339614175E-4 2.120263536200091 9.512173782862678E-4
great 4.4863167339614175E-4 0.5398131606392429 2.4217728157884381E-4
staggering 4.4863167339614175E-4 4.471638793363569 0.002006118794689802
conceptual 4.4863167339614175E-4 2.120263536200091 9.512173782862678E-4
randomly 4.4863167339614175E-4 1.6384254493073527 7.35049551057583E-4
small 6.729475100942127E-4 0.45525577261118 3.0636323863471066E-4
before 6.729475100942127E-4 0.5203950747821414 3.5019856983993367E-4
replace 2.2431583669807088E-4 1.8325814637483102 4.1107704435807763E-4
section 0.002018842530282638 0.6988778552689304 0.0014109243376896308
simple 4.4863167339614175E-4 1.0539121097502027 4.728183534096916E-4
experience 4.4863167339614175E-4 1.1043429633770947 4.9544323166312E-4
citationschleimer 4.4863167339614175E-4 5.1647859739235145 0.002317086574214228
major 4.4863167339614175E-4 0.7104386776700063 3.187252928084371E-4
denote 2.2431583669807088E-4 1.5538680612792897 3.4855721428427315E-4
jordan 4.4863167339614175E-4 3.7784916128036232 0.001695151015165376
citationparapar 4.4863167339614175E-4 5.1647859739235145 0.002317086574214228
few 4.4863167339614175E-4 0.5013468798114469 2.2492008964174377E-4
consider 4.4863167339614175E-4 0.17435338714477774 7.822045183704699E-5
potential 4.4863167339614175E-4 0.4373981552111735 1.962306663127741E-4
group 4.4863167339614175E-4 0.41119578281714936 1.8447545213869419E-4
combination 2.2431583669807088E-4 0.6761496041913742 1.5167106419725754E-4
obtain 6.729475100942127E-4 0.3526016185510966 2.372823812591498E-4
manually 4.4863167339614175E-4 1.4512139072192063 6.510605236515057E-4
kind 4.4863167339614175E-4 1.5538680612792897 6.971144285685463E-4
both 8.972633467922835E-4 0.13434805253107854 1.2054558324906105E-4
most 0.0015702108568864963 0.0771896386911299 1.2120400871195812E-4
important 4.4863167339614175E-4 0.2669461739726028 1.1976050873602637E-4
formal 4.4863167339614175E-4 2.2203469947570738 9.961179877779605E-4
transfer 4.4863167339614175E-4 1.5271998141971284 6.851502082535345E-4
instructor 4.4863167339614175E-4 4.0661736852554045 0.0018242143047354888
correlate 2.2431583669807088E-4 1.5812670354674039 3.547032381039488E-4
outside 4.4863167339614175E-4 1.4035858582299516 6.29693072332863E-4
daily 4.4863167339614175E-4 1.6384254493073527 7.35049551057583E-4
cosine 0.0011215791834903544 2.456735772821304 0.0027554237021324627
topic 0.008748317631224764 1.1043429633770947 0.00966114301743084
lsa 0.001794526693584567 4.0661736852554045 0.007296857218941955
who 4.4863167339614175E-4 0.44628710262841953 2.002185296673035E-4
classify 4.4863167339614175E-4 0.9162907318741551 4.1107704435807763E-4
limitation 4.4863167339614175E-4 0.6988778552689304 3.135387417088068E-4
lsi 4.4863167339614175E-4 5.1647859739235145 0.002317086574214228
convergence 6.729475100942127E-4 2.7668907011251433 0.0018619722080249956
globally 4.4863167339614175E-4 3.2188758248682006 0.001444089647765007
part 2.2431583669807088E-4 0.4285875255290187 9.613896938739764E-5
crucial 4.4863167339614175E-4 1.4035858582299516 6.29693072332863E-4
contribute 0.0015702108568864963 0.6874491594453075 0.001079440133718518
point 2.2431583669807088E-4 0.5108256237659907 1.1458627720188217E-4
necessarily 6.729475100942127E-4 1.6990500711237875 0.0011433715148881478
generative 8.972633467922835E-4 2.7668907011251433 0.002482629610699994
general 4.4863167339614175E-4 0.4734380916943703 2.1239932332632133E-4
tend 6.729475100942127E-4 1.1394342831883648 7.667794637875941E-4
strive 4.4863167339614175E-4 3.2188758248682006 0.001444089647765007
database 4.4863167339614175E-4 1.2329603411991883 5.531450611032697E-4
candidate 0.0011215791834903544 2.073743520565198 0.0023258675645639274
synonym 2.2431583669807088E-4 3.0853444322436783 6.920916178204752E-4
along 4.4863167339614175E-4 1.2135422553420867 5.444334927510483E-4
david 4.4863167339614175E-4 2.2744142160273495 0.0010203742557323237
introduction 4.4863167339614175E-4 0.10219094089654716 4.584609282034417E-5
amount 6.729475100942127E-4 0.9306794693262548 6.262984315789064E-4
process 0.0031404217137729925 0.41985384556026406 0.0013185181332085458
original 0.0013458950201884253 1.1944940603713923 0.001607663607498509
agglomerate 2.2431583669807088E-4 5.1647859739235145 0.001158543287107114
also 0.0029161058770749214 0.05279818556697083 1.5396509923073593E-4
increase 6.729475100942127E-4 0.16083966797805488 1.082366540902119E-4
third 6.729475100942127E-4 0.990398704027877 6.664863418760949E-4
build 6.729475100942127E-4 0.9162907318741551 6.166155665371165E-4
variance 4.4863167339614175E-4 1.8689491079191851 8.384697657780103E-4
various 6.729475100942127E-4 0.5798184952529422 3.901874126870405E-4
interaction 6.729475100942127E-4 1.1758019273592397 7.912529793803767E-4
attention 4.4863167339614175E-4 1.157452788691043 5.192699814674935E-4
latter 0.0011215791834903544 1.8325814637483102 0.002055385221790388
user 2.2431583669807088E-4 1.293584963015623 2.901715933188926E-4
account 4.4863167339614175E-4 0.7459453661269161 3.34654717867616E-4
parent 4.4863167339614175E-4 2.9675613965872945 0.0013313420352567495
dissimilarity 4.4863167339614175E-4 4.471638793363569 0.002006118794689802
viewing 4.4863167339614175E-4 3.373026504695459 0.0015132465252110628
evaluation 4.4863167339614175E-4 0.7827593392496325 3.511706322340208E-4
offer 6.729475100942127E-4 1.0059028905638423 6.76919845601509E-4
suffer 2.2431583669807088E-4 1.6990500711237875 3.811238382960492E-4
fix 2.2431583669807088E-4 1.5538680612792897 3.4855721428427315E-4
retrieval 6.729475100942127E-4 2.331572629867298 0.0015690259958730133
rank 4.4863167339614175E-4 1.8689491079191851 8.384697657780103E-4
dfa 2.2431583669807088E-4 5.1647859739235145 0.001158543287107114
knowledge 8.972633467922835E-4 0.8080771472339223 7.2505800559347E-4
happen 2.2431583669807088E-4 1.9867321435755685 4.4565548308110554E-4
preprocessing 4.4863167339614175E-4 2.5257286443082556 0.0011331218682405812
pass 2.2431583669807088E-4 2.120263536200091 4.756086891431339E-4
opportunity 2.2431583669807088E-4 1.3361445774344192 2.9971838883679206E-4
posterior 4.4863167339614175E-4 1.8325814637483102 8.221540887161553E-4
former 0.0013458950201884253 2.073743520565198 0.002791041077476713
unsupervised 0.0013458950201884253 2.0292917579943643 0.00273121367159403
domain 0.002018842530282638 1.1394342831883648 0.0023003383913627823
simultaneously 4.4863167339614175E-4 2.169053700369523 9.731061912828726E-4
average 6.729475100942127E-4 0.7104386776700063 4.780879392126557E-4
deal 8.972633467922835E-4 1.3361445774344192 0.0011988735553471682
compare 2.2431583669807088E-4 0.17435338714477774 3.9110225918523496E-5
be 2.2431583669807088E-4 0.017291497110061043 3.878756642005618E-6
prove 2.2431583669807088E-4 1.0539121097502027 2.364091767048458E-4
subgroup 4.4863167339614175E-4 2.5998366164619773 0.0011663690517999
depict 2.2431583669807088E-4 1.7635885922613586 3.956008506642796E-4
linkage 8.972633467922835E-4 3.5553480614894135 0.0031900835006634484
hot 4.4863167339614175E-4 2.8622008809294686 0.0012840739708072986
characteristic 2.2431583669807088E-4 0.664976303593249 1.4916471592491004E-4
how 0.002018842530282638 0.5496654570822546 0.0011096880021849015
see 6.729475100942127E-4 0.5696661237889241 3.83355399588778E-4
adoption 4.4863167339614175E-4 2.331572629867298 0.0010460173305820088
journal 2.2431583669807088E-4 2.169053700369523 4.865530956414363E-4
integral 4.4863167339614175E-4 2.5998366164619773 0.0011663690517999
unlike 8.972633467922835E-4 1.6682784124570338 0.0014968850717425157
national 4.4863167339614175E-4 1.293584963015623 5.803431866377852E-4
term 0.001794526693584567 0.4643056081310978 8.332088077722705E-4
override 2.2431583669807088E-4 4.0661736852554045 9.121071523677444E-4
jth 4.4863167339614175E-4 3.5553480614894135 0.0015950417503317242
mine 4.4863167339614175E-4 3.7784916128036232 0.001695151015165376
set 0.004037685060565276 0.5108256237659907 0.0020625529896338792
contain 4.4863167339614175E-4 0.6429973968744738 2.884689981491583E-4
business 4.4863167339614175E-4 2.0292917579943643 9.1040455719801E-4
emergence 4.4863167339614175E-4 2.6798793241355137 0.0012022787456866368
advent 6.729475100942127E-4 2.6798793241355137 0.0018034181185299554
predictive 4.4863167339614175E-4 1.5012243277938677 6.734967823211609E-4
possible 4.4863167339614175E-4 0.38566248081198473 1.7302040413278813E-4
integrate 2.2431583669807088E-4 1.8325814637483102 4.1107704435807763E-4
answer 4.4863167339614175E-4 1.3805963400052528 6.193792463011453E-4
maximum 6.729475100942127E-4 1.2329603411991883 8.297175916549046E-4
under 6.729475100942127E-4 0.7459453661269161 5.01982076801424E-4
freely 4.4863167339614175E-4 2.6798793241355137 0.0012022787456866368
cmooc 2.2431583669807088E-4 5.1647859739235145 0.001158543287107114
represent 0.002018842530282638 0.4285875255290187 8.652507244865788E-4
compete 4.4863167339614175E-4 2.8622008809294686 0.0012840739708072986
scalable 8.972633467922835E-4 3.7784916128036232 0.003390302030330752
personalise 0.0011215791834903544 5.1647859739235145 0.00579271643553557
corpus 0.001794526693584567 1.6094379124341003 0.002888179295530014
language 8.972633467922835E-4 0.664976303593249 5.966588636996401E-4
do 2.2431583669807088E-4 0.14750613710858965 3.3087962563613645E-5
observe 2.2431583669807088E-4 0.5496654570822546 1.232986669094335E-4
later 4.4863167339614175E-4 1.3361445774344192 5.994367776735841E-4
criticise 6.729475100942127E-4 4.0661736852554045 0.002736321457103233
outdated 4.4863167339614175E-4 4.471638793363569 0.002006118794689802
hierarchical 0.0031404217137729925 2.5257286443082556 0.007931853077684068
rare 4.4863167339614175E-4 1.906689435902032 8.554012722754742E-4
criticism 2.2431583669807088E-4 3.0853444322436783 6.920916178204752E-4
computational 8.972633467922835E-4 1.3146383722134554 0.0011795768256738046
which 0.009645580978017048 0.023122417420854212 2.230291496403614E-4
disadvantage 2.2431583669807088E-4 2.169053700369523 4.865530956414363E-4
image 2.2431583669807088E-4 1.5271998141971284 3.4257510412676723E-4
commonly 4.4863167339614175E-4 1.0216512475319812 4.5834510880752856E-4
test 2.2431583669807088E-4 0.44628710262841953 1.0010926483365175E-4
generalise 4.4863167339614175E-4 3.373026504695459 0.0015132465252110628
prerequisite 2.2431583669807088E-4 2.5998366164619773 5.8318452589995E-4
count 6.729475100942127E-4 1.0376515888784226 6.98285053081038E-4
fractional 4.4863167339614175E-4 4.471638793363569 0.002006118794689802
gaber 0.001794526693584567 5.1647859739235145 0.009268346296856913
graph 0.0013458950201884253 1.8689491079191851 0.0025154092973340312
take 2.2431583669807088E-4 0.368995428326773 8.277151824288313E-5
relatively 4.4863167339614175E-4 0.8209805520698303 3.6831787890077627E-4
little 4.4863167339614175E-4 1.252762968495368 5.620291469247949E-4
some 0.0022431583669807087 0.2160260835453457 4.845807167908158E-4
virtual 4.4863167339614175E-4 2.5998366164619773 0.0011663690517999
analytical 4.4863167339614175E-4 1.9459101490553132 8.729969264492208E-4
for 0.01727231942575146 0.017291497110061043 2.9866426143443256E-4
back 8.972633467922835E-4 1.6094379124341003 0.001444089647765007
training 8.972633467922835E-4 1.0059028905638423 9.025597941353452E-4
expectation 2.2431583669807088E-4 1.906689435902032 4.277006361377371E-4
content 0.0015702108568864963 1.293584963015623 0.002031201153232248
random 4.4863167339614175E-4 1.2329603411991883 5.531450611032697E-4
rate 2.2431583669807088E-4 0.5696661237889241 1.2778513319625933E-4
incrementally 4.4863167339614175E-4 5.1647859739235145 0.002317086574214228
divide 2.2431583669807088E-4 1.0059028905638423 2.256399485338363E-4
class 4.4863167339614175E-4 1.2135422553420867 5.444334927510483E-4
utilisation 4.4863167339614175E-4 4.471638793363569 0.002006118794689802
digital 4.4863167339614175E-4 1.730798769438368 7.764911482451179E-4
over 0.00246747420367878 0.3364722366212129 8.302365641169453E-4
outperform 2.2431583669807088E-4 2.0292917579943643 4.55202278599005E-4
go 2.2431583669807088E-4 1.5012243277938677 3.3674839116058043E-4
length 4.4863167339614175E-4 1.1944940603713923 5.358878691661697E-4
tuition 4.4863167339614175E-4 5.1647859739235145 0.002317086574214228
statistically 4.4863167339614175E-4 1.1758019273592397 5.275019862535844E-4
parse 4.4863167339614175E-4 2.120263536200091 9.512173782862678E-4
citationtam 4.4863167339614175E-4 5.1647859739235145 0.002317086574214228
citationzaki 4.4863167339614175E-4 5.1647859739235145 0.002317086574214228
material 2.2431583669807088E-4 1.0059028905638423 2.256399485338363E-4
although 8.972633467922835E-4 0.4285875255290187 3.845558775495906E-4
form 0.0011215791834903544 0.5013468798114469 5.623002241043594E-4
management 0.002018842530282638 0.9452782687474074 0.0019083679718992074
publish 2.2431583669807088E-4 0.03488725900044054 7.825764692786124E-6
he 2.2431583669807088E-4 1.6384254493073527 3.675247755287915E-4
significantly 4.4863167339614175E-4 0.5900749954201312 2.6472633262455416E-4
subset 8.972633467922835E-4 1.5812670354674039 0.0014188129524157953
assign 4.4863167339614175E-4 1.0704414117014134 4.802339218041334E-4
buckshot 4.4863167339614175E-4 5.1647859739235145 0.002317086574214228
very 4.4863167339614175E-4 0.5596157879354227 2.5106136740036904E-4
big 8.972633467922835E-4 1.3581234841531944 0.001218594422748492
inefficiently 4.4863167339614175E-4 5.1647859739235145 0.002317086574214228
select 4.4863167339614175E-4 0.5798184952529422 2.601249417913603E-4
construct 4.4863167339614175E-4 1.2135422553420867 5.444334927510483E-4
attempt 2.2431583669807088E-4 1.0216512475319812 2.2917255440376428E-4
william 4.4863167339614175E-4 3.7784916128036232 0.001695151015165376
four 4.4863167339614175E-4 0.4643056081310978 2.0830220194306763E-4
easily 4.4863167339614175E-4 1.4271163556401458 6.402495987618419E-4
model 0.003589053387169134 0.41985384556026406 0.0015068778665240522
text 0.013907581875280395 0.8209805520698303 0.011417854245924066
usually 4.4863167339614175E-4 0.9600933545325481 4.3072828826045225E-4
reduce 4.4863167339614175E-4 0.3941013494578493 1.7680634789495257E-4
large 0.0026917900403768506 0.22314355131420976 6.006555890019106E-4
index 2.2431583669807088E-4 1.4271163556401458 3.2012479938092097E-4
ordinary 4.4863167339614175E-4 3.373026504695459 0.0015132465252110628
traditional 0.0013458950201884253 1.1758019273592397 0.0015825059587607534
field 6.729475100942127E-4 0.6988778552689304 4.7030811256321023E-4
contents 8.972633467922835E-4 2.331572629867298 0.0020920346611640176
evaluate 2.2431583669807088E-4 0.40261203912575794 9.031225642121084E-5
behaviouristic 4.4863167339614175E-4 5.1647859739235145 0.002317086574214228
become 4.4863167339614175E-4 0.6321864807702582 2.836188787663787E-4
semantic 0.0029161058770749214 1.4512139072192063 0.004231893403734787
enrol 4.4863167339614175E-4 3.0853444322436783 0.0013841832356409503
tailor 4.4863167339614175E-4 2.8622008809294686 0.0012840739708072986
monotonicity 4.4863167339614175E-4 4.471638793363569 0.002006118794689802
neighbour 4.4863167339614175E-4 2.5998366164619773 0.0011663690517999
phenomenon 6.729475100942127E-4 1.6094379124341003 0.0010830672358237553
sparsely 6.729475100942127E-4 3.5553480614894135 0.0023925626254975864
mention 2.2431583669807088E-4 0.8881198549074587 1.992193483417359E-4
streaming 0.0026917900403768506 3.7784916128036232 0.010170906090992256
ftc 6.729475100942127E-4 5.1647859739235145 0.003475629861321342
stream 0.004486316733961417 2.6798793241355137 0.012022787456866368
hopefully 4.4863167339614175E-4 4.0661736852554045 0.0018242143047354888
stand 6.729475100942127E-4 1.9867321435755685 0.0013369664492433166
table 0.0033647375504710633 0.18117935221517753 6.096209697684304E-4
may 0.0011215791834903544 0.15415067982725836 1.7289219361513948E-4
within 4.4863167339614175E-4 0.3127557100038969 1.403121175432467E-4
change 4.4863167339614175E-4 0.3941013494578493 1.7680634789495257E-4
srikant 4.4863167339614175E-4 5.1647859739235145 0.002317086574214228
systematic 4.4863167339614175E-4 2.0292917579943643 9.1040455719801E-4
draw 4.4863167339614175E-4 1.1944940603713923 5.358878691661697E-4
generally 6.729475100942127E-4 0.9021060968821986 6.070700517376842E-4
singapore 4.4863167339614175E-4 3.7784916128036232 0.001695151015165376
machine 0.0013458950201884253 1.0539121097502027 0.0014184550602290749
able 6.729475100942127E-4 0.7703368192510752 5.183962444489066E-4
report 4.4863167339614175E-4 0.3364722366212129 1.5095210256671731E-4
complete 6.729475100942127E-4 0.8080771472339223 5.437935041951025E-4
unseen 4.4863167339614175E-4 3.5553480614894135 0.0015950417503317242
spectral 4.4863167339614175E-4 3.373026504695459 0.0015132465252110628
instance 2.2431583669807088E-4 1.5812670354674039 3.547032381039488E-4
dimensional 6.729475100942127E-4 3.0853444322436783 0.0020762748534614256
use 0.0013458950201884253 0.03488725900044054 4.695458815671674E-5
several 6.729475100942127E-4 0.3526016185510966 2.372823812591498E-4
main 0.0011215791834903544 0.6004377824556778 6.734385177833981E-4
while 0.001794526693584567 0.20895891632225325 3.749823532027873E-4
radio 4.4863167339614175E-4 4.0661736852554045 0.0018242143047354888
second 4.4863167339614175E-4 0.4373981552111735 1.962306663127741E-4
that 0.00986989681471512 0.017291497110061043 1.706652922482472E-4
high 8.972633467922835E-4 0.11492996667397702 1.0312244654461822E-4
download 8.972633467922835E-4 0.24480504809538922 2.1965459676571487E-4
edge 8.972633467922835E-4 2.331572629867298 0.0020920346611640176
split 4.4863167339614175E-4 1.6384254493073527 7.35049551057583E-4
solution 4.4863167339614175E-4 1.0216512475319812 4.5834510880752856E-4
downloading 4.4863167339614175E-4 4.471638793363569 0.002006118794689802
find 0.0015702108568864963 0.16083966797805488 2.525521928771611E-4
continuous 8.972633467922835E-4 1.1758019273592397 0.0010550039725071689
than 0.0015702108568864963 0.058840500022933395 9.239199196064015E-5
limit 4.4863167339614175E-4 1.3146383722134554 5.897884128369023E-4
interactivity 6.729475100942127E-4 4.471638793363569 0.003009178192034703
claim 2.2431583669807088E-4 1.6682784124570338 3.742212679356289E-4
credibility 6.729475100942127E-4 3.0853444322436783 0.0020762748534614256
dramatically 4.4863167339614175E-4 2.9675613965872945 0.0013313420352567495
different 0.0022431583669807087 0.18805223150293962 4.2183093652521224E-4
credit 4.4863167339614175E-4 2.5998366164619773 0.0011663690517999
communication 0.001794526693584567 1.5538680612792897 0.002788457714274185
intensive 4.4863167339614175E-4 2.6798793241355137 0.0012022787456866368
incoming 8.972633467922835E-4 5.1647859739235145 0.004634173148428456
level 6.729475100942127E-4 0.4373981552111735 2.9434599946916114E-4
author 2.2431583669807088E-4 0.017291497110061043 3.878756642005618E-6
illustrate 2.2431583669807088E-4 1.252762968495368 2.8101457346239747E-4
occur 4.4863167339614175E-4 0.6109090823229731 2.740731638954568E-4
weighting 2.2431583669807088E-4 2.392197251683733 5.366077280582622E-4
establish 2.2431583669807088E-4 0.9600933545325481 2.1536414413022613E-4
relevant 4.4863167339614175E-4 0.7703368192510752 3.4559749629927105E-4
professor 6.729475100942127E-4 3.5553480614894135 0.0023925626254975864
task 6.729475100942127E-4 1.0216512475319812 6.875176632112929E-4
infer 6.729475100942127E-4 2.073743520565198 0.0013955205387383566
prediction 4.4863167339614175E-4 1.5012243277938677 6.734967823211609E-4
position 2.2431583669807088E-4 1.0059028905638423 2.256399485338363E-4
present 0.0011215791834903544 0.083381608939051 9.351907687197285E-5
harvard 4.4863167339614175E-4 4.471638793363569 0.002006118794689802
since 4.4863167339614175E-4 0.377294231141468 1.6926614227970747E-4
datum 2.2431583669807088E-4 0.167573700159399 3.7589434759847246E-5
belong 2.2431583669807088E-4 1.3805963400052528 3.0968962315057263E-4
student 0.0015702108568864963 1.9867321435755685 0.0031195883815677387
certificate 4.4863167339614175E-4 5.1647859739235145 0.002317086574214228
mixed 4.4863167339614175E-4 1.9459101490553132 8.729969264492208E-4
investigate 2.2431583669807088E-4 0.653926467406664 1.4668606267533962E-4
unstructured 6.729475100942127E-4 1.6990500711237875 0.0011433715148881478
repeat 2.2431583669807088E-4 1.5012243277938677 3.3674839116058043E-4
make 6.729475100942127E-4 0.2521310881874621 1.6967098801309698E-4
dendogram 6.729475100942127E-4 5.1647859739235145 0.003475629861321342
brief 4.4863167339614175E-4 2.2203469947570738 9.961179877779605E-4
initiative 4.4863167339614175E-4 2.8622008809294686 0.0012840739708072986
determine 4.4863167339614175E-4 0.40261203912575794 1.8062451284242168E-4
social 0.0013458950201884253 1.0704414117014134 0.0014407017654124003
intelligent 0.0011215791834903544 2.5998366164619773 0.00291592262949975
structure 4.4863167339614175E-4 0.8340526336371831 3.741824287291086E-4
underlie 2.2431583669807088E-4 1.293584963015623 2.901715933188926E-4
due 8.972633467922835E-4 0.20895891632225325 1.8749117660139366E-4
online 0.003589053387169134 1.3581234841531944 0.004874377690993968
clustering 0.011440107671601614 2.2744142160273495 0.026019543521174252
sized 4.4863167339614175E-4 3.2188758248682006 0.001444089647765007
upper 8.972633467922835E-4 1.8689491079191851 0.0016769395315560207
about 8.972633467922835E-4 0.377294231141468 3.3853228455941494E-4
adaptation 4.4863167339614175E-4 2.2203469947570738 9.961179877779605E-4
nontrivial 6.729475100942127E-4 4.471638793363569 0.003009178192034703
objective 6.729475100942127E-4 1.121734706088964 7.548685774488317E-4
cover 4.4863167339614175E-4 1.0704414117014134 4.802339218041334E-4
reflect 4.4863167339614175E-4 0.7827593392496325 3.511706322340208E-4
extremely 4.4863167339614175E-4 1.9459101490553132 8.729969264492208E-4
contribution 2.2431583669807088E-4 1.2135422553420867 2.7221674637552414E-4
meaning 6.729475100942127E-4 1.0704414117014134 7.203508827062002E-4
above 6.729475100942127E-4 0.9021060968821986 6.070700517376842E-4
estimate 2.2431583669807088E-4 0.8743265327751228 1.9612528774677496E-4
refinement 4.4863167339614175E-4 3.0853444322436783 0.0013841832356409503
they 0.005832211754149843 0.05279818556697083 3.0793019846147185E-4
massiveness 6.729475100942127E-4 5.1647859739235145 0.003475629861321342
temporal 6.729475100942127E-4 2.169053700369523 0.001459659286924309
distinguish 2.2431583669807088E-4 1.6990500711237875 3.811238382960492E-4
old 4.4863167339614175E-4 1.5012243277938677 6.734967823211609E-4
module 0.0013458950201884253 2.331572629867298 0.0031380519917460267
then 0.0013458950201884253 0.4285875255290187 5.768338163243858E-4
connectivisim 4.4863167339614175E-4 5.1647859739235145 0.002317086574214228
substantial 4.4863167339614175E-4 1.5812670354674039 7.094064762078976E-4
bigram 0.0015702108568864963 3.373026504695459 0.00529636283823872
benefit 2.2431583669807088E-4 1.0059028905638423 2.256399485338363E-4
quality 0.00246747420367878 0.7953381214564925 0.0019624762978962358
cognitive 4.4863167339614175E-4 2.120263536200091 9.512173782862678E-4
adopt 2.2431583669807088E-4 1.293584963015623 2.901715933188926E-4
processing 6.729475100942127E-4 0.7221347174331975 4.8595876004925805E-4
understandable 4.4863167339614175E-4 3.7784916128036232 0.001695151015165376
singular 4.4863167339614175E-4 2.9675613965872945 0.0013313420352567495
citationhofmann 6.729475100942127E-4 5.1647859739235145 0.003475629861321342
fact 4.4863167339614175E-4 0.9452782687474074 4.2408177153315717E-4
access 6.729475100942127E-4 1.1394342831883648 7.667794637875941E-4
prominent 4.4863167339614175E-4 2.2744142160273495 0.0010203742557323237
seed 6.729475100942127E-4 2.9675613965872945 0.001997013052885124
examine 2.2431583669807088E-4 0.8881198549074587 1.992193483417359E-4
overcome 6.729475100942127E-4 1.8689491079191851 0.0012577046486670156
association 6.729475100942127E-4 1.0376515888784226 6.98285053081038E-4
eliminate 2.2431583669807088E-4 1.6990500711237875 3.811238382960492E-4
sum 4.4863167339614175E-4 1.6384254493073527 7.35049551057583E-4
believe 4.4863167339614175E-4 1.2729656758128876 5.710927213157862E-4
extended 4.4863167339614175E-4 1.6682784124570338 7.484425358712578E-4
offline 8.972633467922835E-4 2.7668907011251433 0.002482629610699994
into 0.0029161058770749214 0.10854016857520597 3.1651462348086085E-4
outline 2.2431583669807088E-4 2.0292917579943643 4.55202278599005E-4
current 6.729475100942127E-4 0.4919571394616079 3.3106133207376037E-4
partition 4.4863167339614175E-4 3.2188758248682006 0.001444089647765007
partitional 0.0013458950201884253 5.1647859739235145 0.006951259722642684
variety 8.972633467922835E-4 1.0539121097502027 9.456367068193832E-4
mit 8.972633467922835E-4 4.471638793363569 0.004012237589379604
perspective 4.4863167339614175E-4 1.4271163556401458 6.402495987618419E-4
vector 0.0013458950201884253 1.2135422553420867 0.001633300478253145
key 4.4863167339614175E-4 0.9751312318970885 4.37474756346832E-4
expression 2.2431583669807088E-4 1.2729656758128876 2.855463606578931E-4
star 6.729475100942127E-4 3.0853444322436783 0.0020762748534614256
one 0.0033647375504710633 0.06491954609931569 2.1843723451990475E-4
milano 4.4863167339614175E-4 5.1647859739235145 0.002317086574214228
heuristic 8.972633467922835E-4 2.6798793241355137 0.0024045574913732735
store 2.2431583669807088E-4 1.730798769438368 3.8824557412255896E-4
many 0.00246747420367878 0.20194134366360675 4.982850561461809E-4
democracy 4.4863167339614175E-4 4.0661736852554045 0.0018242143047354888
appear 2.2431583669807088E-4 0.7459453661269161 1.67327358933808E-4
evolve 6.729475100942127E-4 2.331572629867298 0.0015690259958730133
randomise 2.2431583669807088E-4 3.5553480614894135 7.975208751658621E-4
iteratively 4.4863167339614175E-4 2.9675613965872945 0.0013313420352567495
open 0.003813369223867205 0.8881198549074587 0.0033867289218095105
ratio 4.4863167339614175E-4 1.0704414117014134 4.802339218041334E-4
story 8.972633467922835E-4 2.456735772821304 0.00220433896170597
but 8.972633467922835E-4 0.083381608939051 7.481526149757828E-5
joint 4.4863167339614175E-4 1.906689435902032 8.554012722754742E-4
vertex 4.4863167339614175E-4 3.373026504695459 0.0015132465252110628
conditional 0.0011215791834903544 2.120263536200091 0.0023780434457156695
reasonable 4.4863167339614175E-4 1.5012243277938677 6.734967823211609E-4
available 4.4863167339614175E-4 0.5696661237889241 2.5557026639251866E-4
project 8.972633467922835E-4 1.3361445774344192 0.0011988735553471682
advocate 4.4863167339614175E-4 2.6798793241355137 0.0012022787456866368
mainly 6.729475100942127E-4 1.0059028905638423 6.76919845601509E-4
frequency 6.729475100942127E-4 1.0216512475319812 6.875176632112929E-4
drawback 4.4863167339614175E-4 2.7668907011251433 0.001241314805349997
variant 4.4863167339614175E-4 1.9867321435755685 8.913109661622111E-4
generate 0.0013458950201884253 0.7953381214564925 0.0010704416170343102
this 0.01256168685509197 0.017291497110061043 2.1721037195231459E-4
collection 0.0011215791834903544 0.9600933545325481 0.0010768207206511306
finding 2.2431583669807088E-4 0.7459453661269161 1.67327358933808E-4
modelling 0.0022431583669807087 1.906689435902032 0.004277006361377371
brake 2.2431583669807088E-4 4.471638793363569 0.001003059397344901
once 4.4863167339614175E-4 1.4271163556401458 6.402495987618419E-4
solve 4.4863167339614175E-4 1.4271163556401458 6.402495987618419E-4
know 2.2431583669807088E-4 0.6214911916535102 1.3941031665623825E-4
organise 2.2431583669807088E-4 2.8622008809294686 6.420369854036493E-4
support 8.972633467922835E-4 0.5300569856938783 4.7560070497431874E-4
internet 4.4863167339614175E-4 2.2744142160273495 0.0010203742557323237
coin 2.2431583669807088E-4 3.7784916128036232 8.47575507582688E-4
allow 0.0011215791834903544 0.5398131606392429 6.054432039471095E-4
sequential 4.4863167339614175E-4 2.169053700369523 9.731061912828726E-4
rule 6.729475100942127E-4 1.1043429633770947 7.431648474946802E-4
detect 4.4863167339614175E-4 0.8881198549074587 3.984386966834718E-4
learning 0.00493494840735756 0.9306794693262548 0.00459285516491198
we 2.2431583669807088E-4 0.19497267434751336 4.373545857952296E-5
speed 4.4863167339614175E-4 1.730798769438368 7.764911482451179E-4
common 0.0011215791834903544 0.3526016185510966 3.954706354319163E-4
similarity 0.008524001794526694 1.4759065198095778 0.012580629823410489
every 0.001794526693584567 1.0539121097502027 0.0018912734136387664
successful 4.4863167339614175E-4 1.3361445774344192 5.994367776735841E-4
summary 0.0013458950201884253 1.3581234841531944 0.0018278916341227382
prestigious 6.729475100942127E-4 4.0661736852554045 0.002736321457103233
figure 0.0029161058770749214 0.18805223150293962 5.483802174827759E-4
allocation 6.729475100942127E-4 2.120263536200091 0.0014268260674294019
previous 4.4863167339614175E-4 0.32850406697203605 1.4737732928310276E-4
apply 4.4863167339614175E-4 0.41119578281714936 1.8447545213869419E-4
licens 2.2431583669807088E-4 4.471638793363569 0.001003059397344901
teach 2.2431583669807088E-4 2.5998366164619773 5.8318452589995E-4
qualitatively 4.4863167339614175E-4 2.8622008809294686 0.0012840739708072986
argue 4.4863167339614175E-4 1.6990500711237875 7.622476765920984E-4
medhat 0.001794526693584567 5.1647859739235145 0.009268346296856913
relational 4.4863167339614175E-4 2.7668907011251433 0.001241314805349997
comment 2.2431583669807088E-4 2.073743520565198 4.651735129127855E-4
step 8.972633467922835E-4 0.8080771472339223 7.2505800559347E-4
base 2.2431583669807088E-4 0.14090545307723773 3.160732460234135E-5
software 6.729475100942127E-4 1.157452788691043 7.789049722012403E-4
reach 6.729475100942127E-4 1.0376515888784226 6.98285053081038E-4
comparative 4.4863167339614175E-4 2.2744142160273495 0.0010203742557323237
citationcutt 2.2431583669807088E-4 5.1647859739235145 0.001158543287107114
whole 6.729475100942127E-4 1.252762968495368 8.430437203871925E-4
type 2.2431583669807088E-4 0.3364722366212129 7.547605128335866E-5
feedback 0.004486316733961417 1.79749014393704 0.00806411011187546
practise 2.2431583669807088E-4 4.0661736852554045 9.121071523677444E-4
positively 4.4863167339614175E-4 1.9867321435755685 8.913109661622111E-4
problem 6.729475100942127E-4 0.7221347174331975 4.8595876004925805E-4
relate 2.2431583669807088E-4 0.27443684570176036 6.156053066436975E-5
review 0.002018842530282638 0.4734380916943703 9.557969549684461E-4
enable 2.2431583669807088E-4 0.9751312318970885 2.18737378173416E-4
deeply 4.4863167339614175E-4 3.2188758248682006 0.001444089647765007
simulate 2.2431583669807088E-4 2.5998366164619773 5.8318452589995E-4
between 0.005383580080753701 0.058840500022933395 3.1677254386505195E-4
still 4.4863167339614175E-4 0.5300569856938783 2.3780035248715937E-4
efficiency 4.4863167339614175E-4 1.6384254493073527 7.35049551057583E-4
researcher 2.2431583669807088E-4 1.0539121097502027 2.364091767048458E-4
method 0.001794526693584567 0.0958817717032825 1.7206239874972186E-4
natural 4.4863167339614175E-4 0.6429973968744738 2.884689981491583E-4
arise 2.2431583669807088E-4 1.79749014393704 4.03205505593773E-4
work 0.0015702108568864963 0.4285875255290187 6.729727857117835E-4
plagiarism 4.4863167339614175E-4 4.471638793363569 0.002006118794689802
come 2.2431583669807088E-4 0.990398704027877 2.2216211395869828E-4
exist 0.0013458950201884253 0.664976303593249 8.949882955494603E-4
insight 4.4863167339614175E-4 1.0539121097502027 4.728183534096916E-4
among 0.0011215791834903544 0.32850406697203605 3.684433232077569E-4
labelling 6.729475100942127E-4 2.392197251683733 0.0016098231841747866
terminate 2.2431583669807088E-4 3.5553480614894135 7.975208751658621E-4
word 0.003589053387169134 0.8743265327751228 0.0031380046039483993
theory 2.2431583669807088E-4 1.4271163556401458 3.2012479938092097E-4
internal 6.729475100942127E-4 1.3805963400052528 9.290688694517179E-4
variational 4.4863167339614175E-4 3.373026504695459 0.0015132465252110628
preset 4.4863167339614175E-4 4.0661736852554045 0.0018242143047354888
distribution 0.0011215791834903544 0.9600933545325481 0.0010768207206511306
semiautomatic 4.4863167339614175E-4 5.1647859739235145 0.002317086574214228
carnegie 4.4863167339614175E-4 4.471638793363569 0.002006118794689802
out 6.729475100942127E-4 0.368995428326773 2.4831455472864943E-4
across 4.4863167339614175E-4 0.7703368192510752 3.4559749629927105E-4
feature 0.0015702108568864963 0.7221347174331975 0.0011339037734482689
fall 6.729475100942127E-4 1.6682784124570338 0.0011226638038068868
flat 6.729475100942127E-4 2.9675613965872945 0.001997013052885124
get 4.4863167339614175E-4 1.121734706088964 5.032457182992211E-4
course 0.0026917900403768506 1.6094379124341003 0.004332268943295021
copy 4.4863167339614175E-4 2.5998366164619773 0.0011663690517999
event 2.2431583669807088E-4 1.157452788691043 2.5963499073374674E-4
include 6.729475100942127E-4 0.0771896386911299 5.1944575162267764E-5
computationally 0.0015702108568864963 2.5257286443082556 0.003965926538842034
tutoring 6.729475100942127E-4 4.471638793363569 0.003009178192034703
abstract 4.4863167339614175E-4 1.906689435902032 8.554012722754742E-4
transformation 4.4863167339614175E-4 2.331572629867298 0.0010460173305820088
lead 4.4863167339614175E-4 0.3127557100038969 1.403121175432467E-4
site 2.2431583669807088E-4 1.3805963400052528 3.0968962315057263E-4
hewlett 4.4863167339614175E-4 5.1647859739235145 0.002317086574214228
typo 2.2431583669807088E-4 4.471638793363569 0.001003059397344901
massive 0.004037685060565276 2.120263536200091 0.00856095640457641
alexander 4.4863167339614175E-4 3.7784916128036232 0.001695151015165376
assess 4.4863167339614175E-4 0.6761496041913742 3.033421283945151E-4
subgraph 6.729475100942127E-4 5.1647859739235145 0.003475629861321342
behaviour 2.2431583669807088E-4 2.2203469947570738 4.980589938889802E-4
owe 2.2431583669807088E-4 2.5257286443082556 5.665609341202906E-4
minimum 0.0013458950201884253 1.3361445774344192 0.0017983103330207527
first 8.972633467922835E-4 0.167573700159399 1.5035773903938898E-4
dashed 6.729475100942127E-4 3.373026504695459 0.0022698697878165944
date 2.2431583669807088E-4 1.6384254493073527 3.675247755287915E-4
categorical 6.729475100942127E-4 2.0292917579943643 0.001365606835797015
reveal 4.4863167339614175E-4 1.0216512475319812 4.5834510880752856E-4
own 8.972633467922835E-4 1.293584963015623 0.0011606863732755704
existence 4.4863167339614175E-4 1.6990500711237875 7.622476765920984E-4
threshold 4.4863167339614175E-4 2.120263536200091 9.512173782862678E-4
piazza 4.4863167339614175E-4 5.1647859739235145 0.002317086574214228
space 0.0015702108568864963 1.293584963015623 0.002031201153232248
only 0.0011215791834903544 0.10854016857520597 1.2173639364648493E-4
create 6.729475100942127E-4 0.7339691750802005 4.939227288561242E-4
from 0.003813369223867205 0.023122417420854212 8.817431497409637E-5
discover 0.0013458950201884253 1.7635885922613586 0.0023736051039856777
development 4.4863167339614175E-4 0.5596157879354227 2.5106136740036904E-4
individual 0.0011215791834903544 0.6214911916535102 6.970515832811913E-4
baye 2.2431583669807088E-4 2.7668907011251433 6.206574026749985E-4
capture 4.4863167339614175E-4 0.990398704027877 4.4432422791739655E-4
populated 4.4863167339614175E-4 3.7784916128036232 0.001695151015165376
mining 0.008524001794526694 1.8325814637483102 0.015620927685606953
edm 4.4863167339614175E-4 5.1647859739235145 0.002317086574214228
edx 4.4863167339614175E-4 5.1647859739235145 0.002317086574214228
send 0.0013458950201884253 1.9459101490553132 0.0026189907793476627
note 2.2431583669807088E-4 0.5013468798114469 1.1246004482087189E-4
scientific 6.729475100942127E-4 1.8325814637483102 0.001233231133074233
frequent 0.003589053387169134 1.4271163556401458 0.0051219967900947355
link 0.0011215791834903544 1.0872485300177945 0.001219435318548446
interact 0.001794526693584567 1.7635885922613586 0.0031648068053142368
platform 2.2431583669807088E-4 1.4759065198095778 3.3106920587922336E-4
network 6.729475100942127E-4 0.990398704027877 6.664863418760949E-4
can 0.007178106774338268 0.0958817717032825 6.882495949988874E-4
inclusion 4.4863167339614175E-4 1.3581234841531944 6.09297211374246E-4
paper 6.729475100942127E-4 0.8340526336371831 5.612736430936629E-4
iteration 2.2431583669807088E-4 2.392197251683733 5.366077280582622E-4
discriminate 2.2431583669807088E-4 3.5553480614894135 7.975208751658621E-4
track 2.2431583669807088E-4 1.906689435902032 4.277006361377371E-4
value 0.002018842530282638 0.34450440831847723 6.955001513831977E-4
inverse 4.4863167339614175E-4 2.6798793241355137 0.0012022787456866368
contrera 2.2431583669807088E-4 5.1647859739235145 0.001158543287107114
quantity 2.2431583669807088E-4 2.2744142160273495 5.101871278661618E-4
cost 4.4863167339614175E-4 1.1944940603713923 5.358878691661697E-4
limited 8.972633467922835E-4 0.5696661237889241 5.111405327850373E-4
will 0.004037685060565276 0.3526016185510966 0.0014236942875548988
advantage 2.2431583669807088E-4 1.0376515888784226 2.32761684360346E-4
bipartite 4.4863167339614175E-4 4.0661736852554045 0.0018242143047354888
citationwallach 6.729475100942127E-4 5.1647859739235145 0.003475629861321342
follow 2.2431583669807088E-4 0.0958817717032825 2.1507799843715233E-5
instead 0.0011215791834903544 1.0376515888784226 0.00116380842180173
command 4.4863167339614175E-4 2.9675613965872945 0.0013313420352567495
expensive 6.729475100942127E-4 2.331572629867298 0.0015690259958730133
performance 4.4863167339614175E-4 0.7703368192510752 3.4559749629927105E-4
response 4.4863167339614175E-4 1.0539121097502027 4.728183534096916E-4
variable 2.2431583669807088E-4 0.8080771472339223 1.812645013983675E-4
challenge 4.4863167339614175E-4 0.9751312318970885 4.37474756346832E-4
growth 4.4863167339614175E-4 1.4512139072192063 6.510605236515057E-4
category 4.4863167339614175E-4 0.8080771472339223 3.62529002796735E-4
mihaela 0.001794526693584567 5.1647859739235145 0.009268346296856913
