prepare 2.7693159789531985E-4 1.79749014393704 4.97781817761573E-4
mostly 0.0011077263915812794 1.1758019273592397 0.0013024668262079642
half 8.307947936859596E-4 1.3805963400052528 0.001146992251458255
numerous 5.538631957906397E-4 1.6384254493073527 9.074635554180851E-4
accuracy 5.538631957906397E-4 1.0539121097502027 5.837231291887027E-4
annotate 2.7693159789531985E-4 1.8689491079191851 5.175710628410926E-4
theano 5.538631957906397E-4 5.1647859739235145 0.0028605848650919492
affine 5.538631957906397E-4 4.0661736852554045 0.002252103951955361
tokenization 5.538631957906397E-4 2.8622008809294686 0.0015852677269063797
without 5.538631957906397E-4 0.32850406697203605 1.8194631236335423E-4
evaluation 0.0027693159789531985 0.7827593392496325 0.002167707945858855
score 2.7693159789531985E-4 1.0059028905638423 2.785662948113659E-4
would 5.538631957906397E-4 0.5013468798114469 2.776775850520337E-4
xml 0.008307947936859596 3.373026504695459 0.028022928590657376
record 2.7693159789531985E-4 0.8340526336371831 2.309755285619449E-4
visual 5.538631957906397E-4 1.157452788691043 6.410705005212091E-4
because 0.008031016338964275 0.34450440831847723 0.002766720532050911
near 5.538631957906397E-4 1.79749014393704 9.95563635523146E-4
addition 5.538631957906397E-4 0.7953381214564925 4.405085136840169E-4
thus 5.538631957906397E-4 0.8881198549074587 4.918969010841643E-4
excellent 0.0011077263915812794 2.169053700369523 0.0024027180286563536
raw 0.0011077263915812794 2.2744142160273495 0.0025194286524811405
require 2.7693159789531985E-4 0.3127557100038969 8.661193852226444E-5
personal 5.538631957906397E-4 1.8325814637483102 0.0010149994260583274
accurately 0.0011077263915812794 2.073743520565198 0.0022971404271007454
analysis 0.0013846579894765993 0.13434805253107854 1.8602610430777975E-4
easy 5.538631957906397E-4 1.3805963400052528 7.646615009721699E-4
version 2.7693159789531985E-4 1.293584963015623 3.5823455082127474E-4
former 8.307947936859596E-4 2.073743520565198 0.001722855320325559
stop 0.001661589587371919 1.7635885922613586 0.0029303604413093744
size 0.0027693159789531985 0.12136085700426753 3.360865605213723E-4
triple 0.001938521185267239 3.373026504695459 0.006538683337820053
chemical 0.001938521185267239 2.5257286443082556 0.004896178485227856
science 8.307947936859596E-4 1.5538680612792897 0.0012909454953857293
domain 5.538631957906397E-4 1.1394342831883648 6.310907134801245E-4
institute 0.0011077263915812794 2.169053700369523 0.0024027180286563536
consideration 5.538631957906397E-4 1.3361445774344192 7.400413056961613E-4
recognizer 0.002215452783162559 3.7784916128036232 0.008371069759742172
detail 2.7693159789531985E-4 1.0216512475319812 2.829275124707785E-4
appropriate 5.538631957906397E-4 1.0539121097502027 5.837231291887027E-4
compare 5.538631957906397E-4 0.17435338714477774 9.656792420092925E-5
be 2.7693159789531985E-4 0.017291497110061043 4.78856192469151E-6
achieve 2.7693159789531985E-4 0.6109090823229731 1.6918002833646444E-4
immediately 0.0011077263915812794 1.9459101490553132 0.0021555360277544316
manual 0.0011077263915812794 1.4512139072192063 0.001607547944856501
measurement 0.0011077263915812794 1.5012243277938677 0.001662945807581133
example 2.7693159789531985E-4 0.6988778552689304 1.93541361193279E-4
result 5.538631957906397E-4 0.058840500022933395 3.25895873846211E-5
smoothly 5.538631957906397E-4 4.471638793363569 0.002476676152513746
journal 0.0011077263915812794 2.169053700369523 0.0024027180286563536
same 0.0011077263915812794 0.2972515234679317 3.2927335748317E-4
term 2.7693159789531985E-4 0.4643056081310978 1.2858089397150313E-4
indicate 0.002215452783162559 0.4919571394616079 0.0010899078138169103
after 0.004430905566325118 0.12136085700426753 5.377384968341957E-4
close 5.538631957906397E-4 0.6988778552689304 3.87082722386558E-4
annotation 0.0013846579894765993 2.120263536200091 0.002935839845195363
contain 2.7693159789531985E-4 0.6429973968744738 1.7806629655897917E-4
set 0.0013846579894765993 0.5108256237659907 7.073187811769464E-4
address 5.538631957906397E-4 0.7827593392496325 4.3354158917177096E-4
incorrect 0.003323179174743838 2.5998366164619773 0.008639722901562926
kernel 5.538631957906397E-4 2.9675613965872945 0.001643623038818773
column 0.0024923843810578787 2.456735772821304 0.006123129868565975
procedure 5.538631957906397E-4 0.8080771472339223 4.475641912123635E-4
abbreviation 2.7693159789531985E-4 2.7668907011251433 7.662394630642878E-4
sample 0.002215452783162559 0.6321864807702582 0.001400579298300212
transition 0.0011077263915812794 2.2744142160273495 0.0025194286524811405
the 0.11132650235391858 0.017291497110061043 0.001925001893725987
component 0.0027693159789531985 0.9600933545325481 0.002658801867993764
stage 0.0013846579894765993 1.3581234841531944 0.0018805365330285162
blue 8.307947936859596E-4 2.456735772821304 0.0020410432895219916
answer 5.538631957906397E-4 1.3805963400052528 7.646615009721699E-4
unrelated 5.538631957906397E-4 2.456735772821304 0.0013606955263479944
complicated 0.0030462475768485184 1.8325814637483102 0.0055824968433208005
information 0.002215452783162559 0.3049735695618419 6.756545434768029E-4
polylactide 5.538631957906397E-4 5.1647859739235145 0.0028605848650919492
register 2.7693159789531985E-4 2.331572629867298 6.45686133998144E-4
represent 5.538631957906397E-4 0.4285875255290187 2.3737885656550467E-4
correct 8.307947936859596E-4 1.4759065198095778 0.0012261754526249607
language 5.538631957906397E-4 0.664976303593249 3.683059006332035E-4
do 2.7693159789531985E-4 0.14750613710858965 4.084911024884787E-5
good 0.0011077263915812794 0.2160260835453457 2.392977940131218E-4
observe 2.7693159789531985E-4 0.5496654570822546 1.5221973333765011E-4
reproduce 2.7693159789531985E-4 2.9675613965872945 8.218115194093865E-4
red 5.538631957906397E-4 1.9459101490553132 0.0010777680138772158
bracket 2.7693159789531985E-4 4.0661736852554045 0.0011260519759776805
besides 5.538631957906397E-4 1.8689491079191851 0.0010351421256821851
exclude 8.307947936859596E-4 0.9021060968821986 7.494650486420924E-4
masashi 0.003323179174743838 4.471638793363569 0.014860056915082479
train 2.7693159789531985E-4 1.252762968495368 3.469296506495065E-4
which 0.006092495153697037 0.023122417420854212 1.4087321607831422E-4
image 5.538631957906397E-4 1.5271998141971284 8.458597697020927E-4
count 5.538631957906397E-4 1.0376515888784226 5.747170251334382E-4
originally 5.538631957906397E-4 2.5257286443082556 0.0013989081386365303
its 0.0013846579894765993 0.19497267434751336 2.699704712649036E-4
check 0.0013846579894765993 1.5812670354674039 0.0021895140341559177
list 5.538631957906397E-4 0.8472978603872037 4.692871007406279E-4
parenthesis 2.7693159789531985E-4 3.7784916128036232 0.0010463837199677715
article 5.538631957906397E-4 1.252762968495368 6.93859301299013E-4
graph 2.7693159789531985E-4 1.8689491079191851 5.175710628410926E-4
take 2.7693159789531985E-4 0.368995428326773 1.0218649358260122E-4
useful 0.0013846579894765993 0.9162907318741551 0.0012687492825729093
santos 5.538631957906397E-4 3.5553480614894135 0.0019691764394845824
some 5.538631957906397E-4 0.2160260835453457 1.196488970065609E-4
deep 5.538631957906397E-4 1.157452788691043 6.410705005212091E-4
blank 0.0011077263915812794 3.373026504695459 0.003736390478754316
neural 8.307947936859596E-4 1.5271998141971284 0.001268789654553139
beginning 5.538631957906397E-4 1.6990500711237875 9.410413022009346E-4
rather 5.538631957906397E-4 0.758066726659261 4.198652598500476E-4
for 0.0321240653558571 0.017291497110061043 5.554731832642151E-4
training 0.004984768762115757 1.0059028905638423 0.0050141933066045865
decomposition 8.307947936859596E-4 3.2188758248682006 0.0026742252768220997
title 2.7693159789531985E-4 2.5257286443082556 6.994540693182652E-4
representation 8.307947936859596E-4 1.2135422553420867 0.001008204587656123
remove 2.7693159789531985E-4 1.0872485300177945 3.0109347272716546E-4
prevent 2.7693159789531985E-4 1.1944940603713923 3.3079314881511834E-4
society 5.538631957906397E-4 2.073743520565198 0.0011485702135503727
nameend 5.538631957906397E-4 5.1647859739235145 0.0028605848650919492
previously 5.538631957906397E-4 0.8340526336371831 4.619510571238898E-4
plot 5.538631957906397E-4 2.073743520565198 0.0011485702135503727
motivate 2.7693159789531985E-4 1.9867321435755685 5.501889071103762E-4
molecular 0.0013846579894765993 2.5257286443082556 0.0034972703465913258
end 5.538631957906397E-4 0.8607208807193443 4.7672161767895E-4
divide 2.7693159789531985E-4 1.0059028905638423 2.785662948113659E-4
human 5.538631957906397E-4 0.8743265327751228 4.8425728760737903E-4
conversion 8.307947936859596E-4 3.2188758248682006 0.0026742252768220997
over 0.0030462475768485184 0.3364722366212129 0.001024977735484171
identify 5.538631957906397E-4 0.3049735695618419 1.6891363586920072E-4
intersect 2.7693159789531985E-4 2.8622008809294686 7.926338634531899E-4
lowercase 5.538631957906397E-4 3.7784916128036232 0.002092767439935543
perform 0.001938521185267239 0.2669461739726028 5.174808135719245E-4
false 8.307947936859596E-4 2.169053700369523 0.0018020385214922651
parse 2.7693159789531985E-4 2.120263536200091 5.871679690390725E-4
label 0.0011077263915812794 1.1394342831883648 0.001262181426960249
with 0.006646358349487676 0.017291497110061043 1.1492548619259624E-4
modify 2.7693159789531985E-4 1.5812670354674039 4.3790280683118357E-4
pdf 0.0011077263915812794 3.7784916128036232 0.004185534879871086
material 5.538631957906397E-4 1.0059028905638423 5.571325896227318E-4
form 5.538631957906397E-4 0.5013468798114469 2.776775850520337E-4
although 0.0030462475768485184 0.4285875255290187 0.0013055837111102756
approximately 0.003600110772639158 0.9452782687474074 0.0034031064784592344
there 0.002215452783162559 0.12136085700426753 2.6886924841709785E-4
publish 2.7693159789531985E-4 0.03488725900044054 9.661384381179878E-6
automate 2.7693159789531985E-4 1.4759065198095778 4.087251508749869E-4
well 0.0013846579894765993 0.3127557100038969 4.330596926113222E-4
peculiar 5.538631957906397E-4 4.471638793363569 0.002476676152513746
avoid 0.0013846579894765993 1.0376515888784226 0.0014367925628335954
significantly 0.001661589587371919 0.5900749954201312 9.804624681586228E-4
very 8.307947936859596E-4 0.5596157879354227 4.649258830812152E-4
slightly 5.538631957906397E-4 1.5271998141971284 8.458597697020927E-4
expert 2.7693159789531985E-4 1.6094379124341003 4.4570421280368326E-4
select 2.7693159789531985E-4 0.5798184952529422 1.605700623796572E-4
atsushi 0.003323179174743838 5.1647859739235145 0.017163509190551696
focus 2.7693159789531985E-4 0.4285875255290187 1.1868942828275234E-4
convert 2.7693159789531985E-4 1.121734706088964 3.1064378457185376E-4
construct 2.7693159789531985E-4 1.2135422553420867 3.3606819588537435E-4
output 0.0011077263915812794 1.121734706088964 0.001242575138287415
dummy 5.538631957906397E-4 4.0661736852554045 0.002252103951955361
division 5.538631957906397E-4 2.8622008809294686 0.0015852677269063797
number 0.0027693159789531985 0.14750613710858965 4.0849110248847867E-4
experiment 5.538631957906397E-4 1.293584963015623 7.164691016425495E-4
four 5.538631957906397E-4 0.4643056081310978 2.5716178794300625E-4
property 0.007200221545278316 1.4035858582299516 0.010106129137075254
easily 5.538631957906397E-4 1.4271163556401458 7.904272254999423E-4
model 8.307947936859596E-4 0.41985384556026406 3.488123890004963E-4
text 0.003323179174743838 0.8209805520698303 0.0027282654735081594
join 2.7693159789531985E-4 2.9675613965872945 8.218115194093865E-4
usually 0.0013846579894765993 0.9600933545325481 0.001329400933996882
peo 5.538631957906397E-4 5.1647859739235145 0.0028605848650919492
write 2.7693159789531985E-4 0.9162907318741551 2.5374985651458186E-4
algorithm 0.003323179174743838 0.8472978603872037 0.0028157226044437673
cooperation 8.307947936859596E-4 2.6798793241355137 0.002226429790198433
reduce 2.7693159789531985E-4 0.3941013494578493 1.0913911643806405E-4
sentence 8.307947936859596E-4 1.3146383722134554 0.0010921947152147233
similar 0.0013846579894765993 0.20895891632225325 2.8933663295798015E-4
period 5.538631957906397E-4 0.7953381214564925 4.405085136840169E-4
large 0.001661589587371919 0.22314355131420976 3.7077300135288246E-4
issue 8.307947936859596E-4 0.7953381214564925 6.607627705260253E-4
dnn 0.005815563555801717 5.1647859739235145 0.03003614108346547
outlier 2.7693159789531985E-4 3.373026504695459 9.34097619688579E-4
index 0.0024923843810578787 1.4271163556401458 0.0035569225147497404
encoder 5.538631957906397E-4 2.6798793241355137 0.0014842865267989552
system 0.006092495153697037 0.36076492919025743 0.002197958582715498
even 5.538631957906397E-4 0.377294231141468 2.0896938861338576E-4
compose 2.7693159789531985E-4 1.79749014393704 4.97781817761573E-4
analyze 2.7693159789531985E-4 0.758066726659261 2.099326299250238E-4
interval 2.7693159789531985E-4 1.5538680612792897 4.3031516512857646E-4
begin 8.307947936859596E-4 1.9459101490553132 0.0016166520208158238
partial 0.0011077263915812794 1.6682784124570338 0.0018479960259839754
become 5.538631957906397E-4 0.6321864807702582 3.50144824575053E-4
other 0.003323179174743838 0.0408219945202552 1.3565880206121915E-4
American 2.7693159789531985E-4 1.9459101490553132 5.388840069386079E-4
curve 0.0011077263915812794 1.9867321435755685 0.002200755628441505
crystal 5.538631957906397E-4 4.0661736852554045 0.002252103951955361
dot 2.7693159789531985E-4 2.5257286443082556 6.994540693182652E-4
dos 5.538631957906397E-4 4.471638793363569 0.002476676152513746
exclusion 0.0011077263915812794 1.8689491079191851 0.0020702842513643702
epoch 2.7693159789531985E-4 2.6798793241355137 7.421432633994776E-4
cell 0.006369426751592357 1.3361445774344192 0.008510475015505855
homopolymer 0.0011077263915812794 5.1647859739235145 0.0057211697301838985
file 5.538631957906397E-4 2.392197251683733 0.0013249500147791376
have 0.003323179174743838 0.017291497110061043 5.746274309629812E-5
electronic 5.538631957906397E-4 1.730798769438368 9.586257377116411E-4
tgroup 5.538631957906397E-4 5.1647859739235145 0.0028605848650919492
clearance 5.538631957906397E-4 3.2188758248682006 0.001782816851214733
ability 5.538631957906397E-4 0.8881198549074587 4.918969010841643E-4
stand 2.7693159789531985E-4 1.9867321435755685 5.501889071103762E-4
table 0.01883134865688175 0.18117935221517753 0.003411851550991989
together 5.538631957906397E-4 1.1394342831883648 6.310907134801245E-4
convolutional 5.538631957906397E-4 2.5998366164619773 0.0014399538169271543
exponentially 5.538631957906397E-4 3.373026504695459 0.001868195239377158
cnn 0.0011077263915812794 2.5257286443082556 0.0027978162772730607
particularly 5.538631957906397E-4 0.9751312318970885 5.400893004137848E-4
yuji 0.003323179174743838 5.1647859739235145 0.017163509190551696
linear 0.0011077263915812794 1.3146383722134554 0.0014562596202862977
may 5.538631957906397E-4 0.15415067982725836 8.537838816242501E-5
dominant 5.538631957906397E-4 2.2744142160273495 0.0012597143262405703
could 0.0011077263915812794 0.22314355131420976 2.4718200090192164E-4
hyphen 2.7693159789531985E-4 5.1647859739235145 0.0014302924325459746
change 2.7693159789531985E-4 0.3941013494578493 1.0913911643806405E-4
tabular 0.001938521185267239 4.471638793363569 0.008668366533798112
systematic 5.538631957906397E-4 2.0292917579943643 0.001123950018274364
positive 0.0011077263915812794 0.6761496041913742 7.489887612200212E-4
produce 2.7693159789531985E-4 0.8607208807193443 2.38360808839475E-4
generally 0.0013846579894765993 0.9021060968821986 0.0012491084144034873
framework 8.307947936859596E-4 1.4035858582299516 0.001166091823508683
machine 0.005815563555801717 1.0539121097502027 0.006129092856481378
future 0.0011077263915812794 0.48265474679929443 5.346494010515585E-4
regard 2.7693159789531985E-4 0.4919571394616079 1.362384767271138E-4
report 2.7693159789531985E-4 0.3364722366212129 9.317979413492465E-5
entity 0.001661589587371919 1.9867321435755685 0.003301133442662257
bidirectional 8.307947936859596E-4 2.2744142160273495 0.0018895714893608553
almost 5.538631957906397E-4 1.1043429633770947 6.11654922944943E-4
use 8.307947936859596E-4 0.03488725900044054 2.8984153143539634E-5
modifier 2.7693159789531985E-4 3.2188758248682006 8.914084256073665E-4
precision 8.307947936859596E-4 1.8689491079191851 0.0015527131885232776
recognition 0.006923289947382997 1.6384254493073527 0.011343294442726064
several 5.538631957906397E-4 0.3526016185510966 1.9529305929166248E-4
while 0.0011077263915812794 0.20895891632225325 2.314693063663841E-4
body 8.307947936859596E-4 1.4035858582299516 0.001166091823508683
correspond 5.538631957906397E-4 0.8743265327751228 4.8425728760737903E-4
second 0.001661589587371919 0.4373981552111735 7.267762202345724E-4
that 0.005538631957906397 0.017291497110061043 9.57712384938302E-5
high 0.0011077263915812794 0.11492996667397702 1.2731095726832125E-4
download 0.0013846579894765993 0.24480504809538922 3.389712657094838E-4
split 0.001661589587371919 1.6384254493073527 0.002722390666254255
whether 8.307947936859596E-4 0.5300569856938783 4.4036858407134723E-4
publication 2.7693159789531985E-4 1.6990500711237875 4.705206511004673E-4
than 0.004153973968429798 0.058840500022933395 2.444219053846583E-4
quite 5.538631957906397E-4 1.5012243277938677 8.314729037905665E-4
different 0.0011077263915812794 0.18805223150293962 2.083104198315587E-4
combine 2.7693159789531985E-4 0.6321864807702582 1.750724122875265E-4
all 0.008307947936859596 0.017291497110061043 1.4365685774074533E-4
always 8.307947936859596E-4 1.2729656758128876 0.001057573256006276
new 5.538631957906397E-4 0.36076492919025743 1.9981441661049982E-4
elsevier 5.538631957906397E-4 4.0661736852554045 0.002252103951955361
comparison 0.0011077263915812794 0.6988778552689304 7.74165444773116E-4
already 8.307947936859596E-4 1.157452788691043 9.616057507818137E-4
author 2.7693159789531985E-4 0.017291497110061043 4.78856192469151E-6
occur 2.7693159789531985E-4 0.6109090823229731 1.6918002833646444E-4
difficult 8.307947936859596E-4 0.7703368192510752 6.399918188183954E-4
less 8.307947936859596E-4 0.36076492919025743 2.997216249157497E-4
synthetic 8.307947936859596E-4 3.2188758248682006 0.0026742252768220997
entry 8.307947936859596E-4 1.6682784124570338 0.0013859970194879815
condition 2.7693159789531985E-4 0.8607208807193443 2.38360808839475E-4
unit 2.7693159789531985E-4 1.1043429633770947 3.058274614724715E-4
convenient 0.0011077263915812794 2.8622008809294686 0.0031705354538127594
merlin 8.307947936859596E-4 5.1647859739235145 0.004290877297637924
improve 2.7693159789531985E-4 0.377294231141468 1.0448469430669288E-4
true 8.307947936859596E-4 1.1394342831883648 9.466360702201868E-4
header 0.002215452783162559 4.471638793363569 0.009906704610054985
position 2.7693159789531985E-4 1.0059028905638423 2.785662948113659E-4
present 5.538631957906397E-4 0.083381608939051 4.618200439714816E-5
collect 8.307947936859596E-4 0.6761496041913742 5.617415709150159E-4
inconvenience 5.538631957906397E-4 4.471638793363569 0.002476676152513746
datum 0.003877042370534478 0.167573700159399 6.496903357052302E-4
zadrozny 5.538631957906397E-4 5.1647859739235145 0.0028605848650919492
copolymer 2.7693159789531985E-4 5.1647859739235145 0.0014302924325459746
blend 2.7693159789531985E-4 4.0661736852554045 0.0011260519759776805
abundantly 5.538631957906397E-4 5.1647859739235145 0.0028605848650919492
abundance 8.307947936859596E-4 3.2188758248682006 0.0026742252768220997
transformer 2.7693159789531985E-4 2.5998366164619773 7.199769084635771E-4
technique 2.7693159789531985E-4 0.7953381214564925 2.2025425684200846E-4
cause 2.7693159789531985E-4 0.5398131606392429 1.494913211407485E-4
respective 5.538631957906397E-4 1.9459101490553132 0.0010777680138772158
investigate 2.7693159789531985E-4 0.653926467406664 1.8109290152496928E-4
regularity 5.538631957906397E-4 4.471638793363569 0.002476676152513746
effective 5.538631957906397E-4 0.8472978603872037 4.692871007406279E-4
hour 2.7693159789531985E-4 1.5812670354674039 4.3790280683118357E-4
and 0.06009415674328441 0.017291497110061043 0.0010391179376580577
design 2.7693159789531985E-4 0.6004377824556778 1.662801945321733E-4
predict 8.307947936859596E-4 1.1043429633770947 9.174823844174146E-4
row 0.0011077263915812794 2.6798793241355137 0.0029685730535979104
physical 8.307947936859596E-4 1.3146383722134554 0.0010921947152147233
make 2.7693159789531985E-4 0.2521310881874621 6.982306513083969E-5
rescue 2.7693159789531985E-4 4.0661736852554045 0.0011260519759776805
execution 0.0011077263915812794 2.5998366164619773 0.0028799076338543086
determine 5.538631957906397E-4 0.40261203912575794 2.2299199065397836E-4
pla 0.0011077263915812794 5.1647859739235145 0.0057211697301838985
considerably 8.307947936859596E-4 2.331572629867298 0.0019370584019944318
any 0.0013846579894765993 0.2669461739726028 3.6962915255137464E-4
rapidly 0.0011077263915812794 1.906689435902032 0.002112090208697903
orange 5.538631957906397E-4 3.5553480614894135 0.0019691764394845824
English 2.7693159789531985E-4 1.4512139072192063 4.0188698621412524E-4
conduct 5.538631957906397E-4 0.5798184952529422 3.211401247593144E-4
due 0.0027693159789531985 0.20895891632225325 5.786732659159603E-4
essentially 5.538631957906397E-4 2.456735772821304 0.0013606955263479944
simplify 5.538631957906397E-4 2.169053700369523 0.0012013590143281768
gensim 5.538631957906397E-4 3.7784916128036232 0.002092767439935543
reason 2.7693159789531985E-4 0.7221347174331975 1.9998192119446067E-4
accurate 0.0011077263915812794 1.3805963400052528 0.0015293230019443398
oka 0.003323179174743838 5.1647859739235145 0.017163509190551696
vary 2.7693159789531985E-4 0.9751312318970885 2.700446502068924E-4
sized 5.538631957906397E-4 3.2188758248682006 0.001782816851214733
discussion 5.538631957906397E-4 0.23031204079282225 1.275613629425767E-4
objective 8.307947936859596E-4 1.121734706088964 9.319313537155613E-4
cover 8.307947936859596E-4 1.0704414117014134 8.89317151787383E-4
character 0.001938521185267239 1.8325814637483102 0.003552497991204146
identification 0.0024923843810578787 1.3146383722134554 0.0032765841456441703
differently 5.538631957906397E-4 2.2744142160273495 0.0012597143262405703
composite 5.538631957906397E-4 3.0853444322436783 0.0017088587273573405
merge 2.7693159789531985E-4 2.331572629867298 6.45686133998144E-4
iupac 0.003323179174743838 5.1647859739235145 0.017163509190551696
above 5.538631957906397E-4 0.9021060968821986 4.996433657613949E-4
estimate 2.7693159789531985E-4 0.8743265327751228 2.4212864380368951E-4
exhibit 2.7693159789531985E-4 1.8689491079191851 5.175710628410926E-4
they 0.002215452783162559 0.05279818556697083 1.1697188716027877E-4
element 2.7693159789531985E-4 1.1758019273592397 3.2561670655199105E-4
inevitable 5.538631957906397E-4 3.373026504695459 0.001868195239377158
then 0.0024923843810578787 0.4285875255290187 0.001068204854544771
recognize 2.7693159789531985E-4 1.4035858582299516 3.886972745028944E-4
substantial 5.538631957906397E-4 1.5812670354674039 8.758056136623671E-4
each 0.004153973968429798 0.13434805253107854 5.580783129233393E-4
labor 5.538631957906397E-4 3.0853444322436783 0.0017088587273573405
input 5.538631957906397E-4 0.990398704027877 5.485453913197879E-4
stanford 5.538631957906397E-4 2.5257286443082556 0.0013989081386365303
processing 0.0011077263915812794 0.7221347174331975 7.999276847778427E-4
difference 5.538631957906397E-4 0.36076492919025743 1.9981441661049982E-4
must 0.0011077263915812794 1.0376515888784226 0.0011494340502668763
except 5.538631957906397E-4 1.3805963400052528 7.646615009721699E-4
demonstration 5.538631957906397E-4 3.5553480614894135 0.0019691764394845824
circle 2.7693159789531985E-4 2.6798793241355137 7.421432633994776E-4
topmost 8.307947936859596E-4 5.1647859739235145 0.004290877297637924
fact 8.307947936859596E-4 0.9452782687474074 7.853322642598234E-4
examine 2.7693159789531985E-4 0.8881198549074587 2.4594845054208217E-4
dispersed 5.538631957906397E-4 3.2188758248682006 0.001782816851214733
frequently 0.003600110772639158 1.157452788691043 0.004166958253387859
another 8.307947936859596E-4 0.40261203912575794 3.3448798598096756E-4
association 5.538631957906397E-4 1.0376515888784226 5.747170251334382E-4
melting 5.538631957906397E-4 4.471638793363569 0.002476676152513746
availability 5.538631957906397E-4 1.6384254493073527 9.074635554180851E-4
bieso 0.0013846579894765993 5.1647859739235145 0.007151462162729873
two 0.0030462475768485184 0.11492996667397702 3.501051324878835E-4
long 5.538631957906397E-4 0.44628710262841953 2.4718200090192164E-4
seem 2.7693159789531985E-4 1.0216512475319812 2.829275124707785E-4
into 0.0024923843810578787 0.10854016857520597 2.7052382087423257E-4
variety 0.0011077263915812794 1.0539121097502027 0.0011674462583774053
actively 8.307947936859596E-4 2.2744142160273495 0.0018895714893608553
temperature 0.001938521185267239 2.456735772821304 0.004762434342217981
supplemental 8.307947936859596E-4 3.0853444322436783 0.0025632880910360107
vector 2.7693159789531985E-4 1.2135422553420867 3.3606819588537435E-4
where 5.538631957906397E-4 0.32850406697203605 1.8194631236335423E-4
attribute 2.7693159789531985E-4 1.293584963015623 3.5823455082127474E-4
distribute 2.7693159789531985E-4 1.5812670354674039 4.3790280683118357E-4
relationship 8.307947936859596E-4 0.758066726659261 6.297978897750714E-4
creation 5.538631957906397E-4 1.9867321435755685 0.0011003778142207525
expression 5.538631957906397E-4 1.2729656758128876 7.050488373375174E-4
necessary 8.307947936859596E-4 0.8607208807193443 7.15082426518425E-4
curly 5.538631957906397E-4 5.1647859739235145 0.0028605848650919492
one 0.001661589587371919 0.06491954609931569 1.0786964181553424E-4
many 0.001661589587371919 0.20194134366360675 3.355436338913433E-4
shindo 0.003323179174743838 5.1647859739235145 0.017163509190551696
single 5.538631957906397E-4 0.6429973968744738 3.5613259311795834E-4
such 0.009138742730545555 0.10219094089654716 9.338967182459309E-4
leftmost 0.001661589587371919 5.1647859739235145 0.008581754595275848
nlp 0.0011077263915812794 0.41119578281714936 4.5549242073348033E-4
progress 8.307947936859596E-4 1.6990500711237875 0.001411561953301402
assist 2.7693159789531985E-4 2.073743520565198 5.742851067751864E-4
describe 5.538631957906397E-4 0.28958865072236245 1.60392495553787E-4
dataset 0.001661589587371919 1.1043429633770947 0.0018349647688348293
operation 5.538631957906397E-4 1.5271998141971284 8.458597697020927E-4
ratio 5.538631957906397E-4 1.0704414117014134 5.928781011915887E-4
but 8.307947936859596E-4 0.083381608939051 6.927300659572223E-5
calculation 2.7693159789531985E-4 1.6094379124341003 4.4570421280368326E-4
through 0.0011077263915812794 0.2595111954850846 2.874674001496368E-4
tbody 8.307947936859596E-4 5.1647859739235145 0.004290877297637924
rapid 8.307947936859596E-4 1.906689435902032 0.0015840676565234274
run 0.0011077263915812794 1.5012243277938677 0.001662945807581133
align 2.7693159789531985E-4 1.9459101490553132 5.388840069386079E-4
research 0.001938521185267239 0.40261203912575794 7.804719672889242E-4
mainly 8.307947936859596E-4 1.0059028905638423 8.356988844340977E-4
tokenize 2.7693159789531985E-4 3.373026504695459 9.34097619688579E-4
frequency 0.001661589587371919 1.0216512475319812 0.001697565074824671
instantly 5.538631957906397E-4 4.471638793363569 0.002476676152513746
separation 5.538631957906397E-4 2.6798793241355137 0.0014842865267989552
roughly 5.538631957906397E-4 1.9459101490553132 0.0010777680138772158
five 8.307947936859596E-4 0.9021060968821986 7.494650486420924E-4
glass 0.0011077263915812794 2.8622008809294686 0.0031705354538127594
ensure 2.7693159789531985E-4 1.0216512475319812 2.829275124707785E-4
might 5.538631957906397E-4 0.7339691750802005 4.065185129217394E-4
widely 5.538631957906397E-4 1.0059028905638423 5.571325896227318E-4
this 0.015231237884242592 0.017291497110061043 2.633709058580331E-4
degree 2.7693159789531985E-4 1.1394342831883648 3.1554535674006227E-4
weight 0.001661589587371919 1.0059028905638423 0.0016713977688681955
collection 8.307947936859596E-4 0.9600933545325481 7.976405603981291E-4
develop 8.307947936859596E-4 0.32850406697203605 2.729194685450313E-4
duplicate 0.0011077263915812794 3.0853444322436783 0.003417717454714681
significant 8.307947936859596E-4 0.377294231141468 3.1345408292007864E-4
modification 0.0011077263915812794 2.0292917579943643 0.002247900036548728
decrease 5.538631957906397E-4 0.7827593392496325 4.3354158917177096E-4
dense 8.307947936859596E-4 2.456735772821304 0.0020410432895219916
remarkable 8.307947936859596E-4 2.456735772821304 0.0020410432895219916
difficulty 5.538631957906397E-4 1.4512139072192063 8.037739724282505E-4
incorrectly 5.538631957906397E-4 3.2188758248682006 0.001782816851214733
extract 0.0024923843810578787 0.8080771472339223 0.0020140388604556357
measure 2.7693159789531985E-4 0.48265474679929443 1.3366235026288962E-4
solve 2.7693159789531985E-4 1.4271163556401458 3.9521361274997115E-4
name 0.010246469122126834 1.157452788691043 0.011859804259642368
systematically 8.307947936859596E-4 2.392197251683733 0.0019874250221687062
know 2.7693159789531985E-4 0.6214911916535102 1.7211054878247305E-4
demonstrate 5.538631957906397E-4 0.5108256237659907 2.829275124707786E-4
full 0.0030462475768485184 0.14750613710858965 4.493402127373265E-4
polymer 0.04652450844641374 4.0661736852554045 0.18917673196425033
next 8.307947936859596E-4 0.8080771472339223 6.713462868185452E-4
memory 5.538631957906397E-4 2.073743520565198 0.0011485702135503727
rough 5.538631957906397E-4 4.0661736852554045 0.002252103951955361
string 0.001661589587371919 2.5998366164619773 0.004319861450781463
absence 8.307947936859596E-4 1.3581234841531944 0.0011283219198171097
idea 5.538631957906397E-4 1.2329603411991883 6.828913548596999E-4
thead 8.307947936859596E-4 5.1647859739235145 0.004290877297637924
nearly 8.307947936859596E-4 2.120263536200091 0.0017615039071172177
show 8.307947936859596E-4 0.0771896386911299 6.412874995109102E-5
description 8.307947936859596E-4 1.157452788691043 9.616057507818137E-4
learning 0.006092495153697037 0.9306794693262548 0.005670160156515537
we 2.7693159789531985E-4 0.19497267434751336 5.399409425298072E-5
conclusion 2.7693159789531985E-4 0.28958865072236245 8.01962477768935E-5
not 0.008307947936859596 0.03488725900044054 2.898415314353964E-4
negative 5.538631957906397E-4 0.6321864807702582 3.50144824575053E-4
common 8.307947936859596E-4 0.3526016185510966 2.929395889374937E-4
definition 5.538631957906397E-4 1.252762968495368 6.93859301299013E-4
causal 5.538631957906397E-4 2.5257286443082556 0.0013989081386365303
factor 5.538631957906397E-4 0.38566248081198473 2.1360425411907214E-4
every 5.538631957906397E-4 1.0539121097502027 5.837231291887027E-4
chemdataextractor 5.538631957906397E-4 5.1647859739235145 0.0028605848650919492
organic 5.538631957906397E-4 3.373026504695459 0.001868195239377158
enhance 5.538631957906397E-4 1.1944940603713923 6.615862976302367E-4
overview 0.0013846579894765993 1.4271163556401458 0.0019760680637498558
normal 5.538631957906397E-4 1.4035858582299516 7.773945490057888E-4
figure 0.007200221545278316 0.18805223150293962 0.0013540177289051315
wide 8.307947936859596E-4 1.121734706088964 9.319313537155613E-4
previous 0.0011077263915812794 0.32850406697203605 3.6389262472670845E-4
apply 2.7693159789531985E-4 0.41119578281714936 1.1387310518337008E-4
recently 5.538631957906397E-4 1.5271998141971284 8.458597697020927E-4
start 5.538631957906397E-4 0.8472978603872037 4.692871007406279E-4
purchase 2.7693159789531985E-4 2.6798793241355137 7.421432633994776E-4
yet 5.538631957906397E-4 1.4271163556401458 7.904272254999423E-4
informatics 0.002215452783162559 3.2188758248682006 0.007131267404858932
technology 5.538631957906397E-4 1.293584963015623 7.164691016425495E-4
pair 2.7693159789531985E-4 1.293584963015623 3.5823455082127474E-4
ternal 5.538631957906397E-4 5.1647859739235145 0.0028605848650919492
manage 8.307947936859596E-4 1.4035858582299516 0.001166091823508683
target 8.307947936859596E-4 0.8743265327751228 7.263859314110686E-4
matsumoto 0.003323179174743838 5.1647859739235145 0.017163509190551696
typical 8.307947936859596E-4 1.4512139072192063 0.0012056609586423757
formula 2.7693159789531985E-4 2.2203469947570738 6.148842411401478E-4
time 5.538631957906397E-4 0.167573700159399 9.281290510074716E-5
base 2.7693159789531985E-4 0.14090545307723773 3.9021172272843456E-5
tagging 5.538631957906397E-4 2.392197251683733 0.0013249500147791376
trend 2.7693159789531985E-4 1.1394342831883648 3.1554535674006227E-4
achievement 5.538631957906397E-4 2.7668907011251433 0.0015324789261285756
polyinfo 0.004707837164220438 5.1647859739235145 0.024314971353281572
graphical 5.538631957906397E-4 2.8622008809294686 0.0015852677269063797
type 5.538631957906397E-4 0.3364722366212129 1.863595882698493E-4
april 0.003323179174743838 1.906689435902032 0.00633627062609371
when 0.001661589587371919 0.14750613710858965 2.450946614930872E-4
three 0.0013846579894765993 0.22314355131420976 3.0897750112740205E-4
preparation 0.001938521185267239 2.073743520565198 0.004019995747426304
relation 5.538631957906397E-4 1.121734706088964 6.212875691437075E-4
consist 2.7693159789531985E-4 0.7459453661269161 2.0657584218413628E-4
nara 5.538631957906397E-4 5.1647859739235145 0.0028605848650919492
loss 8.307947936859596E-4 0.9162907318741551 7.612495695437456E-4
relate 5.538631957906397E-4 0.27443684570176036 1.5200046840307968E-4
problem 2.7693159789531985E-4 0.7221347174331975 1.9998192119446067E-4
namest 5.538631957906397E-4 5.1647859739235145 0.0028605848650919492
enable 5.538631957906397E-4 0.9751312318970885 5.400893004137848E-4
carbon 5.538631957906397E-4 4.0661736852554045 0.002252103951955361
embed 2.7693159789531985E-4 1.8325814637483102 5.074997130291637E-4
attain 2.7693159789531985E-4 2.6798793241355137 7.421432633994776E-4
between 0.001938521185267239 0.058840500022933395 1.1406355584617385E-4
case 8.307947936859596E-4 0.24480504809538922 2.033827594256903E-4
give 2.7693159789531985E-4 0.2595111954850846 7.18668500374092E-5
resultant 0.003323179174743838 3.0853444322436783 0.010253152364144043
method 8.307947936859596E-4 0.0958817717032825 7.965807674047287E-5
natural 5.538631957906397E-4 0.6429973968744738 3.5613259311795834E-4
work 5.538631957906397E-4 0.4285875255290187 2.3737885656550467E-4
lose 2.7693159789531985E-4 1.8689491079191851 5.175710628410926E-4
chainer 5.538631957906397E-4 5.1647859739235145 0.0028605848650919492
constitute 2.7693159789531985E-4 2.0292917579943643 5.61975009137182E-4
utilization 5.538631957906397E-4 2.5257286443082556 0.0013989081386365303
extraction 0.014400443090556632 1.3361445774344192 0.019241073948100193
benchmark 5.538631957906397E-4 2.456735772821304 0.0013606955263479944
provide 5.538631957906397E-4 0.167573700159399 9.281290510074716E-5
regenerate 2.7693159789531985E-4 4.471638793363569 0.001238338076256873
among 0.001938521185267239 0.32850406697203605 6.368120932717398E-4
labelling 5.538631957906397E-4 2.392197251683733 0.0013249500147791376
word 0.001661589587371919 0.8743265327751228 0.0014527718628221371
nanotube 2.7693159789531985E-4 5.1647859739235145 0.0014302924325459746
specifier 0.004430905566325118 5.1647859739235145 0.022884678920735594
study 0.004707837164220438 0.07103577311675174 3.3442485266817494E-4
pattern 2.7693159789531985E-4 0.9751312318970885 2.700446502068924E-4
increment 5.538631957906397E-4 3.2188758248682006 0.001782816851214733
range 8.307947936859596E-4 0.3941013494578493 3.2741734931419214E-4
distribution 0.0011077263915812794 0.9600933545325481 0.0010635207471975056
across 5.538631957906397E-4 0.7703368192510752 4.266612125455969E-4
modern 5.538631957906397E-4 2.0292917579943643 0.001123950018274364
feature 8.307947936859596E-4 0.7221347174331975 5.99945763583382E-4
fall 2.7693159789531985E-4 1.6682784124570338 4.6199900649599384E-4
saturate 2.7693159789531985E-4 3.5553480614894135 9.845882197422912E-4
low 2.7693159789531985E-4 0.28958865072236245 8.01962477768935E-5
pdfbox 5.538631957906397E-4 5.1647859739235145 0.0028605848650919492
labeling 8.307947936859596E-4 3.2188758248682006 0.0026742252768220997
recall 5.538631957906397E-4 1.7635885922613586 9.767868137697915E-4
occasionally 0.0011077263915812794 2.9675613965872945 0.003287246077637546
embedding 5.538631957906397E-4 1.906689435902032 0.0010560451043489516
regular 5.538631957906397E-4 1.9459101490553132 0.0010777680138772158
architecture 0.001938521185267239 1.6682784124570338 0.003233993045471957
include 0.002215452783162559 0.0771896386911299 1.7100999986957607E-4
more 0.002215452783162559 0.05279818556697083 1.1697188716027877E-4
display 0.002215452783162559 0.16083966797805488 3.5633269006492355E-4
csvdisplay 0.0013846579894765993 0.2669461739726028 3.6962915255137464E-4
consistent 5.538631957906397E-4 0.9306794693262548 5.154691051377762E-4
transformation 5.538631957906397E-4 2.331572629867298 0.001291372267996288
great 5.538631957906397E-4 0.5398131606392429 2.98982642281497E-4
lead 2.7693159789531985E-4 0.3127557100038969 8.661193852226444E-5
token 5.538631957906397E-4 2.120263536200091 0.001174335938078145
expect 2.7693159789531985E-4 0.8743265327751228 2.4212864380368951E-4
summarize 2.7693159789531985E-4 1.121734706088964 3.1064378457185376E-4
owe 2.7693159789531985E-4 2.5257286443082556 6.994540693182652E-4
dispersion 5.538631957906397E-4 3.7784916128036232 0.002092767439935543
first 0.001938521185267239 0.167573700159399 3.248451678526151E-4
span 2.7693159789531985E-4 1.9867321435755685 5.501889071103762E-4
morerow 2.7693159789531985E-4 5.1647859739235145 0.0014302924325459746
before 5.538631957906397E-4 0.5203950747821414 2.882276791925458E-4
adequate 5.538631957906397E-4 2.120263536200091 0.001174335938078145
simple 8.307947936859596E-4 1.0539121097502027 8.75584693783054E-4
section 0.0013846579894765993 0.6988778552689304 9.677068059663949E-4
clearly 8.307947936859596E-4 1.6384254493073527 0.0013611953331271276
condense 2.7693159789531985E-4 3.7784916128036232 0.0010463837199677715
reference 2.7693159789531985E-4 1.2135422553420867 3.3606819588537435E-4
butadiene 5.538631957906397E-4 4.471638793363569 0.002476676152513746
major 5.538631957906397E-4 0.7104386776700063 3.934858364275859E-4
denote 0.0011077263915812794 1.5538680612792897 0.0017212606605143059
plain 0.0013846579894765993 3.2188758248682006 0.0044570421280368325
percentage 5.538631957906397E-4 1.2329603411991883 6.828913548596999E-4
only 0.0024923843810578787 0.10854016857520597 2.7052382087423257E-4
create 8.307947936859596E-4 0.7339691750802005 6.097777693826091E-4
few 8.307947936859596E-4 0.5013468798114469 4.1651637757805055E-4
from 0.015508169482137912 0.023122417420854212 3.585863681993453E-4
bear 8.307947936859596E-4 2.456735772821304 0.0020410432895219916
consider 0.0011077263915812794 0.17435338714477774 1.931358484018585E-4
tag 2.7693159789531985E-4 2.120263536200091 5.871679690390725E-4
prescribe 2.7693159789531985E-4 2.331572629867298 6.45686133998144E-4
day 2.7693159789531985E-4 0.8881198549074587 2.4594845054208217E-4
group 2.7693159789531985E-4 0.41119578281714936 1.1387310518337008E-4
obtain 0.001661589587371919 0.3526016185510966 5.858791778749874E-4
discover 5.538631957906397E-4 1.7635885922613586 9.767868137697915E-4
development 8.307947936859596E-4 0.5596157879354227 4.649258830812152E-4
manually 0.0011077263915812794 1.4512139072192063 0.001607547944856501
imply 2.7693159789531985E-4 1.730798769438368 4.7931286885582054E-4
format 5.538631957906397E-4 1.9867321435755685 0.0011003778142207525
mining 5.538631957906397E-4 1.8325814637483102 0.0010149994260583274
both 0.002215452783162559 0.13434805253107854 2.976417668924476E-4
important 0.0024923843810578787 0.2669461739726028 6.653324745924744E-4
most 0.001938521185267239 0.0771896386911299 1.4963374988587904E-4
square 0.0011077263915812794 2.5998366164619773 0.0028799076338543086
core 5.538631957906397E-4 1.5012243277938677 8.314729037905665E-4
sequence 8.307947936859596E-4 1.2729656758128876 0.001057573256006276
publisher 2.7693159789531985E-4 3.0853444322436783 8.544293636786703E-4
hiroyuki 0.006369426751592357 4.471638793363569 0.028481775753908086
arbitrarily 8.307947936859596E-4 4.0661736852554045 0.0033781559279330415
classify 2.7693159789531985E-4 0.9162907318741551 2.5374985651458186E-4
purpose 5.538631957906397E-4 0.9021060968821986 4.996433657613949E-4
line 0.0011077263915812794 0.9021060968821986 9.992867315227899E-4
scientific 0.009138742730545555 1.8325814637483102 0.0167474905299624
part 8.307947936859596E-4 0.4285875255290187 3.56068284848257E-4
error 5.538631957906397E-4 1.2329603411991883 6.828913548596999E-4
point 2.7693159789531985E-4 0.5108256237659907 1.414637562353893E-4
network 5.538631957906397E-4 0.990398704027877 5.485453913197879E-4
numerical 0.0024923843810578787 1.6990500711237875 0.004234685859904206
can 0.004153973968429798 0.0958817717032825 3.9829038370236435E-4
inclusion 5.538631957906397E-4 1.3581234841531944 7.522146132114064E-4
general 5.538631957906397E-4 0.4734380916943703 2.622199344748658E-4
database 5.538631957906397E-4 1.2329603411991883 6.828913548596999E-4
paper 8.307947936859596E-4 0.8340526336371831 6.929265856858348E-4
visually 5.538631957906397E-4 2.9675613965872945 0.001643623038818773
value 0.001661589587371919 0.34450440831847723 5.724249376657057E-4
introduction 5.538631957906397E-4 0.10219094089654716 5.6599801105813994E-5
amount 0.0011077263915812794 0.9306794693262548 0.0010309382102755523
process 0.0013846579894765993 0.41985384556026406 5.813539816674939E-4
quantity 5.538631957906397E-4 2.2744142160273495 0.0012597143262405703
cost 5.538631957906397E-4 1.1944940603713923 6.615862976302367E-4
ishii 0.003323179174743838 4.471638793363569 0.014860056915082479
original 5.538631957906397E-4 1.1944940603713923 6.615862976302367E-4
will 0.002215452783162559 0.3526016185510966 7.811722371666499E-4
advantage 5.538631957906397E-4 1.0376515888784226 5.747170251334382E-4
match 2.7693159789531985E-4 1.5271998141971284 4.2292988485104633E-4
clear 8.307947936859596E-4 0.990398704027877 8.228180869796818E-4
also 0.004984768762115757 0.05279818556697083 2.631867461106272E-4
increase 0.0013846579894765993 0.16083966797805488 2.2270793129057723E-4
follow 5.538631957906397E-4 0.0958817717032825 5.310538449364858E-5
performance 5.538631957906397E-4 0.7703368192510752 4.266612125455969E-4
trade 8.307947936859596E-4 3.2188758248682006 0.0026742252768220997
third 8.307947936859596E-4 0.990398704027877 8.228180869796818E-4
various 5.538631957906397E-4 0.5798184952529422 3.211401247593144E-4
independently 5.538631957906397E-4 1.9459101490553132 0.0010777680138772158
slash 2.7693159789531985E-4 5.1647859739235145 0.0014302924325459746
further 5.538631957906397E-4 0.27443684570176036 1.5200046840307968E-4
simply 5.538631957906397E-4 1.4512139072192063 8.037739724282505E-4
