reuse 5.641218503196691E-4 4.0661736852554045 0.0022938174230474266
numerous 0.0013162843174125611 1.6384254493073527 0.0021566337241728977
upload 3.76081233546446E-4 3.7784916128036232 0.001421019786688087
year 7.52162467092892E-4 0.5203950747821414 3.9142164331112554E-4
accuracy 3.76081233546446E-4 1.0539121097502027 3.963565662843936E-4
annotate 1.88040616773223E-4 1.8689491079191851 3.514383429708885E-4
resolution 5.641218503196691E-4 2.331572629867298 0.001315291066115437
without 5.641218503196691E-4 0.32850406697203605 1.8531632209780146E-4
via 9.40203083866115E-4 0.9021060968821986 8.481629342630675E-4
consortial 3.76081233546446E-4 5.1647859739235145 0.001942379080076538
would 5.641218503196691E-4 0.5013468798114469 2.8282072949122614E-4
xml 5.641218503196691E-4 3.373026504695459 0.0019027979530060882
mueller 3.76081233546446E-4 4.471638793363569 0.0016816994333823125
because 0.0028206092515983454 0.34450440831847723 9.717123213195108E-4
calculate 3.76081233546446E-4 0.7221347174331975 2.7158131531899115E-4
energy 3.76081233546446E-4 1.8689491079191851 7.02876685941777E-4
organizational 0.001504324934185784 2.8622008809294686 0.004305680151830716
parsia 5.641218503196691E-4 5.1647859739235145 0.0029135686201148072
internally 3.76081233546446E-4 4.471638793363569 0.0016816994333823125
thus 0.0011282437006393381 0.8881198549074587 0.0010020156317120633
virtually 3.76081233546446E-4 3.2188758248682006 0.0012105587908492667
possess 1.88040616773223E-4 2.169053700369523 4.078701956317268E-4
require 1.88040616773223E-4 0.3127557100038969 5.881077660848005E-5
analysis 5.641218503196691E-4 0.13434805253107854 7.578867198067613E-5
version 0.001504324934185784 1.293584963015623 0.0019459721143521972
size 0.003008649868371568 0.12136085700426753 3.651323264513502E-4
triple 3.76081233546446E-4 3.373026504695459 0.0012685319686707255
selection 3.76081233546446E-4 1.0872485300177945 4.088937683406523E-4
left 3.76081233546446E-4 1.2729656758128876 4.7873850162199604E-4
conception 3.76081233546446E-4 4.471638793363569 0.0016816994333823125
guest 3.76081233546446E-4 4.471638793363569 0.0016816994333823125
detail 3.76081233546446E-4 1.0216512475319812 3.8422386142609294E-4
object 9.40203083866115E-4 1.7635885922613586 0.0016581314331152299
appropriate 3.76081233546446E-4 1.0539121097502027 3.963565662843936E-4
accessible 5.641218503196691E-4 2.331572629867298 0.001315291066115437
role 3.76081233546446E-4 0.664976303593249 2.5008510853450505E-4
criterion 1.88040616773223E-4 1.0376515888784226 1.9512064476841343E-4
akkerman 1.88040616773223E-4 5.1647859739235145 9.71189540038269E-4
independent 3.76081233546446E-4 1.0059028905638423 3.7830119991118553E-4
achieve 1.88040616773223E-4 0.6109090823229731 1.1487572063237554E-4
customizable 3.76081233546446E-4 4.471638793363569 0.0016816994333823125
least 3.76081233546446E-4 0.653926467406664 2.4592947251096805E-4
yellow 3.76081233546446E-4 3.2188758248682006 0.0012105587908492667
manual 7.52162467092892E-4 1.4512139072192063 0.0010915486327335135
matrix 5.641218503196691E-4 1.4759065198095778 8.325911168538423E-4
subsequently 3.76081233546446E-4 1.79749014393704 6.760023106194209E-4
measurement 7.52162467092892E-4 1.5012243277938677 0.001129164594053304
example 7.52162467092892E-4 0.6988778552689304 5.256696918156679E-4
result 0.001504324934185784 0.058840500022933395 8.851523132445791E-5
same 0.0026325686348251222 0.2972515234679317 7.825350373356607E-4
aspect 1.88040616773223E-4 0.9452782687474074 1.7775070867758695E-4
wikipedia 3.76081233546446E-4 2.6798793241355137 0.0010078523219765
after 9.40203083866115E-4 0.12136085700426753 1.1410385201604694E-4
connect 3.76081233546446E-4 1.293584963015623 4.864930285880493E-4
hand 5.641218503196691E-4 1.4512139072192063 8.186614745501352E-4
annotation 3.76081233546446E-4 2.120263536200091 7.9739132613768E-4
address 3.76081233546446E-4 0.7827593392496325 2.943810978750028E-4
learn 1.88040616773223E-4 1.252762968495368 2.3557032126652277E-4
querying 9.40203083866115E-4 4.0661736852554045 0.003823029038412377
logical 3.76081233546446E-4 2.331572629867298 8.768607107436246E-4
the 0.1331327566754419 0.017291497110061043 0.0023020646773078634
rdb 5.641218503196691E-4 5.1647859739235145 0.0029135686201148072
characterize 3.76081233546446E-4 1.4512139072192063 5.457743163667567E-4
component 3.76081233546446E-4 0.9600933545325481 3.61073093092346E-4
blue 3.76081233546446E-4 2.456735772821304 9.239322199403174E-4
unrelated 3.76081233546446E-4 2.456735772821304 9.239322199403174E-4
rdf 0.001504324934185784 5.1647859739235145 0.007769516320306152
information 0.003008649868371568 0.3049735695618419 9.17558689919043E-4
wrap 1.88040616773223E-4 4.471638793363569 8.408497166911562E-4
characterization 5.641218503196691E-4 2.456735772821304 0.001385898329910476
correct 5.641218503196691E-4 1.4759065198095778 8.325911168538423E-4
resolve 3.76081233546446E-4 2.0292917579943643 7.631785475721566E-4
good 1.88040616773223E-4 0.2160260835453457 4.0621677988970605E-5
red 5.641218503196691E-4 1.9459101490553132 0.0010977304338409062
goodrelation 1.88040616773223E-4 5.1647859739235145 9.71189540038269E-4
symmetrization 3.76081233546446E-4 5.1647859739235145 0.001942379080076538
implement 3.76081233546446E-4 1.0376515888784226 3.9024128953682685E-4
semdb 5.641218503196691E-4 5.1647859739235145 0.0029135686201148072
ontology 0.021060549078600978 2.8622008809294686 0.06027952212563003
area 1.88040616773223E-4 0.664976303593249 1.2504255426725252E-4
add 1.88040616773223E-4 0.7827593392496325 1.471905489375014E-4
need 9.40203083866115E-4 0.27443684570176036 2.5802636865528426E-4
pose 1.88040616773223E-4 1.8325814637483102 3.445997487304081E-4
costindicator 3.76081233546446E-4 5.1647859739235145 0.001942379080076538
originally 3.76081233546446E-4 2.5257286443082556 9.498791441550416E-4
its 0.003008649868371568 0.19497267434751336 5.866045110116987E-4
often 7.52162467092892E-4 0.5900749954201312 4.4383226432503285E-4
check 7.52162467092892E-4 1.5812670354674039 0.0011893697145298262
enormous 3.76081233546446E-4 2.7668907011251433 0.0010405756679673348
list 1.88040616773223E-4 0.8472978603872037 1.5932641225784199E-4
respect 3.76081233546446E-4 1.5812670354674039 5.946848572649131E-4
lack 3.76081233546446E-4 0.5696661237889241 2.14240738544161E-4
external 0.0026325686348251222 1.4759065198095778 0.0038854252119845975
openlink 3.76081233546446E-4 5.1647859739235145 0.001942379080076538
guideline 1.88040616773223E-4 1.5538680612792897 2.9219030862716994E-4
therefore 3.76081233546446E-4 1.1394342831883648 4.2851985076659073E-4
exchange 3.76081233546446E-4 1.6682784124570338 6.274082032557479E-4
cyganiak 3.76081233546446E-4 5.1647859739235145 0.001942379080076538
technical 3.76081233546446E-4 2.0292917579943643 7.631785475721566E-4
gyear 3.76081233546446E-4 5.1647859739235145 0.001942379080076538
searching 3.76081233546446E-4 1.9459101490553132 7.318202892272708E-4
lasierra 3.76081233546446E-4 5.1647859739235145 0.001942379080076538
interface 0.0028206092515983454 1.9459101490553132 0.005488652169204532
representation 7.52162467092892E-4 1.2135422553420867 9.127809366995763E-4
reconfigure 3.76081233546446E-4 4.471638793363569 0.0016816994333823125
remove 1.88040616773223E-4 1.0872485300177945 2.0444688417032615E-4
prevent 3.76081233546446E-4 1.1944940603713923 4.4922679968837617E-4
previously 0.00188040616773223 0.8340526336371831 0.001568357716504669
vom 3.76081233546446E-4 4.471638793363569 0.0016816994333823125
engine 1.88040616773223E-4 2.8622008809294686 5.382100189788395E-4
dolce 3.76081233546446E-4 5.1647859739235145 0.001942379080076538
scope 9.40203083866115E-4 1.9459101490553132 0.001829550723068177
end 1.88040616773223E-4 0.8607208807193443 1.6185048528005722E-4
levinshtein 3.76081233546446E-4 5.1647859739235145 0.001942379080076538
identify 5.641218503196691E-4 0.3049735695618419 1.7204225435982055E-4
perform 3.76081233546446E-4 0.2669461739726028 1.0039344639812064E-4
multiple 7.52162467092892E-4 0.5108256237659907 3.8422386142609305E-4
label 3.76081233546446E-4 1.1394342831883648 4.2851985076659073E-4
special 5.641218503196691E-4 1.4512139072192063 8.186614745501352E-4
with 0.0069575028206092515 0.017291497110061043 1.2030563991580643E-4
modify 5.641218503196691E-4 1.5812670354674039 8.920272858973697E-4
supervised 3.76081233546446E-4 1.9867321435755685 7.471726752822747E-4
populate 3.76081233546446E-4 4.0661736852554045 0.0015292116153649508
service 0.0052651372696502444 1.2329603411991883 0.006491705444448528
there 3.76081233546446E-4 0.12136085700426753 4.564154080641878E-5
automate 1.88040616773223E-4 1.4759065198095778 2.775303722846141E-4
translation 5.641218503196691E-4 1.9459101490553132 0.0010977304338409062
well 5.641218503196691E-4 0.3127557100038969 1.7643232982544015E-4
slightly 3.76081233546446E-4 1.5271998141971284 5.743511899951592E-4
catalog 5.641218503196691E-4 4.471638793363569 0.002522549150073469
selectable 3.76081233546446E-4 5.1647859739235145 0.001942379080076538
channel 1.88040616773223E-4 2.456735772821304 4.619661099701587E-4
optionally 5.641218503196691E-4 4.471638793363569 0.002522549150073469
focus 0.001504324934185784 0.4285875255290187 6.447349011342891E-4
entire 7.52162467092892E-4 1.1944940603713923 8.984535993767523E-4
approach 0.001504324934185784 0.40261203912575794 6.056593292602602E-4
variation 1.88040616773223E-4 1.1944940603713923 2.2461339984418809E-4
number 0.0031966904851447914 0.14750613710858965 4.7153146499549157E-4
shorten 1.88040616773223E-4 3.2188758248682006 6.052793954246334E-4
subsume 1.88040616773223E-4 4.471638793363569 8.408497166911562E-4
pairwise 3.76081233546446E-4 2.6798793241355137 0.0010078523219765
property 7.52162467092892E-4 1.4035858582299516 0.0010557246019029347
write 3.76081233546446E-4 0.9162907318741551 3.445997487304081E-4
algorithm 0.0013162843174125611 0.8472978603872037 0.0011152848858048939
similar 7.52162467092892E-4 0.20895891632225325 1.5717105402200318E-4
mapping 0.01184655885671305 2.0292917579943643 0.02404012424852293
specify 5.641218503196691E-4 1.5538680612792897 8.765709258815098E-4
handle 5.641218503196691E-4 1.5812670354674039 8.920272858973697E-4
propose 1.88040616773223E-4 0.6214911916535102 1.168655869976514E-4
system 0.009402030838661151 0.36076492919025743 0.003391922989754207
mailbox 3.76081233546446E-4 5.1647859739235145 0.001942379080076538
cachingdictionary 3.76081233546446E-4 5.1647859739235145 0.001942379080076538
even 9.40203083866115E-4 0.377294231141468 3.54733199644103E-4
strongly 3.76081233546446E-4 1.6990500711237875 6.389808466054108E-4
analyze 1.88040616773223E-4 0.758066726659261 1.425473348362657E-4
binary 3.76081233546446E-4 1.6990500711237875 6.389808466054108E-4
integration 0.005641218503196691 2.2203469947570738 0.01252546255034077
restriction 1.88040616773223E-4 2.331572629867298 4.384303553718123E-4
bulk 3.76081233546446E-4 3.5553480614894135 0.0013370996846519042
guo 3.76081233546446E-4 3.7784916128036232 0.001421019786688087
other 0.0013162843174125611 0.0408219945202552 5.373335119251343E-5
pellet 3.76081233546446E-4 4.0661736852554045 0.0015292116153649508
ziaie 3.76081233546446E-4 5.1647859739235145 0.001942379080076538
against 3.76081233546446E-4 0.9600933545325481 3.61073093092346E-4
retain 1.88040616773223E-4 2.331572629867298 4.384303553718123E-4
save 3.76081233546446E-4 2.2203469947570738 8.350308366893846E-4
functionality 1.88040616773223E-4 2.7668907011251433 5.202878339836674E-4
instantiate 3.76081233546446E-4 4.471638793363569 0.0016816994333823125
healthcare 3.76081233546446E-4 1.9867321435755685 7.471726752822747E-4
valid 3.76081233546446E-4 1.79749014393704 6.760023106194209E-4
have 0.00188040616773223 0.017291497110061043 3.2515037815082814E-5
redundancy 1.88040616773223E-4 3.0853444322436783 5.801700699969309E-4
declarative 3.76081233546446E-4 3.7784916128036232 0.001421019786688087
particularly 5.641218503196691E-4 0.9751312318970885 5.500928348422838E-4
abreu 3.76081233546446E-4 5.1647859739235145 0.001942379080076538
question 1.88040616773223E-4 0.8743265327751228 1.6440890048422769E-4
helmut 0.003384731101918014 5.1647859739235145 0.01748141172068884
dattakumar 3.76081233546446E-4 5.1647859739235145 0.001942379080076538
prototype 3.76081233546446E-4 3.373026504695459 0.0012685319686707255
pfaff 0.0045129748025573525 5.1647859739235145 0.023308548960918458
comparability 5.641218503196691E-4 5.1647859739235145 0.0029135686201148072
framework 7.52162467092892E-4 1.4035858582299516 0.0010557246019029347
rudolph 3.76081233546446E-4 5.1647859739235145 0.001942379080076538
pivotal 3.76081233546446E-4 3.5553480614894135 0.0013370996846519042
future 9.40203083866115E-4 0.48265474679929443 4.5379348138331556E-4
regard 1.88040616773223E-4 0.4919571394616079 9.250792393035124E-5
constraint 3.76081233546446E-4 1.6682784124570338 6.274082032557479E-4
logic 7.52162467092892E-4 2.5998366164619773 0.0019554995234764777
entity 0.0013162843174125611 1.9867321435755685 0.0026151043634879616
governance 3.76081233546446E-4 4.0661736852554045 0.0015292116153649508
equally 3.76081233546446E-4 2.073743520565198 7.798960212731094E-4
precision 3.76081233546446E-4 1.8689491079191851 7.02876685941777E-4
manner 3.76081233546446E-4 1.9459101490553132 7.318202892272708E-4
employee 3.76081233546446E-4 2.6798793241355137 0.0010078523219765
upon 3.76081233546446E-4 1.5538680612792897 5.843806172543399E-4
correspond 5.641218503196691E-4 0.8743265327751228 4.932267014526831E-4
associate 5.641218503196691E-4 0.38566248081198473 2.175606322745307E-4
identical 3.76081233546446E-4 2.2744142160273495 8.553645039591386E-4
optimize 1.88040616773223E-4 1.9867321435755685 3.7358633764113735E-4
whether 5.641218503196691E-4 0.5300569856938783 2.9901672754449696E-4
visualize 1.88040616773223E-4 2.331572629867298 4.384303553718123E-4
quite 3.76081233546446E-4 1.5012243277938677 5.64582297026652E-4
etl 0.00188040616773223 5.1647859739235145 0.009711895400382689
all 0.009590071455434375 0.017291497110061043 1.6582669285692238E-4
always 5.641218503196691E-4 1.2729656758128876 7.181077524329941E-4
new 0.00188040616773223 0.36076492919025743 6.783845979508413E-4
daraio 3.76081233546446E-4 5.1647859739235145 0.001942379080076538
comparison 9.40203083866115E-4 0.6988778552689304 6.570871147695848E-4
read 3.76081233546446E-4 1.3581234841531944 5.107647552287305E-4
already 0.0022564874012786762 1.157452788691043 0.0026117776352562088
below 3.76081233546446E-4 1.4035858582299516 5.278623009514673E-4
less 3.76081233546446E-4 0.36076492919025743 1.3567691959016828E-4
basis 7.52162467092892E-4 1.293584963015623 9.729860571760986E-4
tool 3.76081233546446E-4 0.8743265327751228 3.2881780096845537E-4
unit 1.88040616773223E-4 1.1043429633770947 2.0766133196259773E-4
clinical 5.641218503196691E-4 0.9452782687474074 5.332521260327608E-4
improve 1.88040616773223E-4 0.377294231141468 7.094663992882061E-5
mckeen 3.76081233546446E-4 5.1647859739235145 0.001942379080076538
basic 0.001504324934185784 1.1944940603713923 0.0017969071987535047
collect 1.88040616773223E-4 0.6761496041913742 1.271435886031166E-4
facilitate 1.88040616773223E-4 1.2729656758128876 2.3936925081099802E-4
financial 7.52162467092892E-4 1.8689491079191851 0.001405753371883554
technique 1.88040616773223E-4 0.7953381214564925 1.4955587090193542E-4
matthia 1.88040616773223E-4 5.1647859739235145 9.71189540038269E-4
respective 3.76081233546446E-4 1.9459101490553132 7.318202892272708E-4
around 3.76081233546446E-4 1.0216512475319812 3.8422386142609294E-4
lightweight 3.76081233546446E-4 4.471638793363569 0.0016816994333823125
effective 3.76081233546446E-4 0.8472978603872037 3.1865282451568397E-4
reload 3.76081233546446E-4 5.1647859739235145 0.001942379080076538
and 0.047198194810078975 0.017291497110061043 8.161274491585788E-4
design 1.88040616773223E-4 0.6004377824556778 1.1290669094691196E-4
define 3.76081233546446E-4 0.3526016185510966 1.3260685165516985E-4
replot 1.88040616773223E-4 5.1647859739235145 9.71189540038269E-4
construction 7.52162467092892E-4 1.730798769438368 0.0013018418724621045
row 1.88040616773223E-4 2.6798793241355137 5.0392616098825E-4
possibility 1.88040616773223E-4 1.0704414117014134 2.012864632759333E-4
universal 5.641218503196691E-4 2.5257286443082556 0.0014248187162325624
neon 0.0013162843174125611 5.1647859739235145 0.006798326780267883
accord 1.88040616773223E-4 0.4919571394616079 9.250792393035124E-5
specific 0.0026325686348251222 0.40261203912575794 0.0010599038262054552
any 9.40203083866115E-4 0.2669461739726028 2.5098361599530157E-4
prioritize 1.88040616773223E-4 2.9675613965872945 5.580220753266819E-4
English 1.88040616773223E-4 1.4512139072192063 2.728871581833784E-4
conduct 1.88040616773223E-4 0.5798184952529422 1.0902942746388532E-4
application 9.40203083866115E-4 0.7703368192510752 7.24273053075475E-4
quantitative 3.76081233546446E-4 1.5538680612792897 5.843806172543399E-4
aldin 3.76081233546446E-4 5.1647859739235145 0.001942379080076538
strategy 1.88040616773223E-4 0.9021060968821986 1.6963258685261348E-4
remainder 3.76081233546446E-4 2.2744142160273495 8.553645039591386E-4
axiom 1.88040616773223E-4 4.471638793363569 8.408497166911562E-4
accessibility 3.76081233546446E-4 2.8622008809294686 0.001076420037957679
shift 3.76081233546446E-4 1.5538680612792897 5.843806172543399E-4
calvanese 3.76081233546446E-4 5.1647859739235145 0.001942379080076538
java 3.76081233546446E-4 3.5553480614894135 0.0013370996846519042
identification 5.641218503196691E-4 1.3146383722134554 7.416162310342922E-4
state 3.76081233546446E-4 0.6761496041913742 2.542871772062332E-4
interchange 5.641218503196691E-4 4.471638793363569 0.002522549150073469
encompass 3.76081233546446E-4 2.5257286443082556 9.498791441550416E-4
subordinated 3.76081233546446E-4 5.1647859739235145 0.001942379080076538
separately 3.76081233546446E-4 2.331572629867298 8.768607107436246E-4
remain 1.88040616773223E-4 0.7104386776700063 1.3359132712862097E-4
want 3.76081233546446E-4 1.7635885922613586 6.63252573246092E-4
recognize 3.76081233546446E-4 1.4035858582299516 5.278623009514673E-4
demand 3.76081233546446E-4 1.3805963400052528 5.19216374578884E-4
each 0.00376081233546446 0.13434805253107854 5.052578132045075E-4
input 5.641218503196691E-4 0.990398704027877 5.587055494704082E-4
dictionary 3.76081233546446E-4 1.9459101490553132 7.318202892272708E-4
offering 1.88040616773223E-4 4.0661736852554045 7.646058076824754E-4
difference 3.76081233546446E-4 0.36076492919025743 1.3567691959016828E-4
must 5.641218503196691E-4 1.0376515888784226 5.853619343052402E-4
safeguard 3.76081233546446E-4 4.0661736852554045 0.0015292116153649508
complexity 0.0013162843174125611 1.5271998141971284 0.0020102291649830573
dispersed 3.76081233546446E-4 3.2188758248682006 0.0012105587908492667
automatically 0.0011282437006393381 1.4759065198095778 0.0016651822337076846
document 1.88040616773223E-4 0.8743265327751228 1.6440890048422769E-4
guarantee 3.76081233546446E-4 1.8689491079191851 7.02876685941777E-4
recommend 1.88040616773223E-4 1.3581234841531944 2.5538237761436525E-4
two 0.0035727717186912374 0.11492996667397702 4.1061853456291153E-4
literal 9.40203083866115E-4 3.5553480614894135 0.0033427492116297605
scenario 7.52162467092892E-4 1.79749014393704 0.0013520046212388418
structured 3.76081233546446E-4 1.3805963400052528 5.19216374578884E-4
where 7.52162467092892E-4 0.32850406697203605 2.4708842946373526E-4
distribute 1.88040616773223E-4 1.5812670354674039 2.9734242863245654E-4
attach 1.88040616773223E-4 2.169053700369523 4.078701956317268E-4
attribute 1.88040616773223E-4 1.293584963015623 2.4324651429402465E-4
popular 5.641218503196691E-4 1.252762968495368 7.067109637995683E-4
vice 5.641218503196691E-4 2.9675613965872945 0.0016740662259800458
participate 1.88040616773223E-4 1.5812670354674039 2.9734242863245654E-4
mikhailov 3.76081233546446E-4 4.471638793363569 0.0016816994333823125
nest 1.88040616773223E-4 3.5553480614894135 6.685498423259521E-4
biomedical 3.76081233546446E-4 3.2188758248682006 0.0012105587908492667
declaration 3.76081233546446E-4 1.7635885922613586 6.63252573246092E-4
yaw 5.641218503196691E-4 4.471638793363569 0.002522549150073469
call 1.88040616773223E-4 1.0539121097502027 1.981782831421968E-4
such 0.003948852952237684 0.10219094089654716 4.0353699865127693E-4
bmcomponent 5.641218503196691E-4 5.1647859739235145 0.0029135686201148072
nlp 0.0026325686348251222 0.41119578281714936 0.0010825011206167902
metric 0.001692365550959007 1.906689435902032 0.003226815517698061
describe 3.76081233546446E-4 0.28958865072236245 1.0890885698471698E-4
through 0.001692365550959007 0.2595111954850846 4.391878073271458E-4
medical 3.76081233546446E-4 0.9600933545325481 3.61073093092346E-4
smith 3.76081233546446E-4 2.9675613965872945 0.0011160441506533638
consortium 3.76081233546446E-4 4.471638793363569 0.0016816994333823125
administration 0.0013162843174125611 2.169053700369523 0.0028550913694220877
itbm 0.00376081233546446 5.1647859739235145 0.019423790800765377
lie 1.88040616773223E-4 2.2203469947570738 4.175154183446923E-4
organisation 5.641218503196691E-4 2.8622008809294686 0.0016146300569365186
run 3.76081233546446E-4 1.5012243277938677 5.64582297026652E-4
source 0.003008649868371568 0.7703368192510752 0.00231767376984152
align 3.76081233546446E-4 1.9459101490553132 7.318202892272708E-4
research 0.0011282437006393381 0.40261203912575794 4.5424449694519514E-4
participant 0.0011282437006393381 1.6094379124341003 0.0018158381862739003
either 0.0011282437006393381 0.7827593392496325 8.831432936250085E-4
separation 3.76081233546446E-4 2.6798793241355137 0.0010078523219765
segment 1.88040616773223E-4 1.730798769438368 3.254604681155261E-4
basically 3.76081233546446E-4 3.0853444322436783 0.0011603401399938617
realize 1.88040616773223E-4 2.2203469947570738 4.175154183446923E-4
actual 3.76081233546446E-4 1.293584963015623 4.864930285880493E-4
unlock 1.88040616773223E-4 3.7784916128036232 7.105098933440435E-4
last 3.76081233546446E-4 0.7459453661269161 2.8053605345126594E-4
overlay 3.76081233546446E-4 4.0661736852554045 0.0015292116153649508
might 3.76081233546446E-4 0.7339691750802005 2.760320327492292E-4
adapt 3.76081233546446E-4 1.5271998141971284 5.743511899951592E-4
develop 3.76081233546446E-4 0.32850406697203605 1.2354421473186763E-4
engineering 7.52162467092892E-4 2.0292917579943643 0.001526357095144313
typology 1.88040616773223E-4 4.0661736852554045 7.646058076824754E-4
measure 5.641218503196691E-4 0.48265474679929443 2.722760888299893E-4
name 9.40203083866115E-4 1.157452788691043 0.0010882406813567534
overall 5.641218503196691E-4 0.7339691750802005 4.1404804912384386E-4
assume 1.88040616773223E-4 0.9452782687474074 1.7775070867758695E-4
compatibility 3.76081233546446E-4 4.0661736852554045 0.0015292116153649508
full 0.0031966904851447914 0.14750613710858965 4.7153146499549157E-4
next 5.641218503196691E-4 0.8080771472339223 4.558539754986399E-4
string 0.0011282437006393381 2.5998366164619773 0.0029332492852147166
distance 0.0013162843174125611 1.4035858582299516 0.0018475180533301357
color 3.76081233546446E-4 2.5998366164619773 9.777497617382389E-4
concept 0.0022564874012786762 1.157452788691043 0.0026117776352562088
nearly 3.76081233546446E-4 2.120263536200091 7.9739132613768E-4
show 1.88040616773223E-4 0.0771896386911299 1.4514787267982303E-5
description 0.001692365550959007 1.157452788691043 0.0019588332264421564
effort 3.76081233546446E-4 1.252762968495368 4.7114064253304553E-4
conclusion 3.76081233546446E-4 0.28958865072236245 1.0890885698471698E-4
button 3.76081233546446E-4 3.7784916128036232 0.001421019786688087
not 0.002444528018051899 0.03488725900044054 8.52828820996102E-5
minimal 3.76081233546446E-4 1.906689435902032 7.170701150440136E-4
cesare 3.76081233546446E-4 5.1647859739235145 0.001942379080076538
statement 1.88040616773223E-4 1.9867321435755685 3.7358633764113735E-4
analogous 3.76081233546446E-4 2.9675613965872945 0.0011160441506533638
enhance 1.88040616773223E-4 1.1944940603713923 2.2461339984418809E-4
overview 0.0013162843174125611 1.4271163556401458 0.0018784908780520911
green 3.76081233546446E-4 2.169053700369523 8.157403912634536E-4
introduce 1.88040616773223E-4 0.7339691750802005 1.380160163746146E-4
start 1.88040616773223E-4 0.8472978603872037 1.5932641225784199E-4
grained 3.76081233546446E-4 4.471638793363569 0.0016816994333823125
yet 3.76081233546446E-4 1.4271163556401458 5.367116794434546E-4
configure 3.76081233546446E-4 3.7784916128036232 0.001421019786688087
way 7.52162467092892E-4 0.8340526336371831 6.273430866018676E-4
generic 5.641218503196691E-4 2.120263536200091 0.00119608698920652
pair 7.52162467092892E-4 1.293584963015623 9.729860571760986E-4
target 7.52162467092892E-4 0.8743265327751228 6.576356019369107E-4
grey 3.76081233546446E-4 3.7784916128036232 0.001421019786688087
equal 3.76081233546446E-4 1.293584963015623 4.864930285880493E-4
refer 9.40203083866115E-4 0.7827593392496325 7.35952744687507E-4
detailed 0.0011282437006393381 1.1394342831883648 0.0012855595522997722
nissen 3.76081233546446E-4 5.1647859739235145 0.001942379080076538
infrastructure 7.52162467092892E-4 2.5257286443082556 0.0018997582883100831
recipient 3.76081233546446E-4 2.9675613965872945 0.0011160441506533638
initially 3.76081233546446E-4 1.6990500711237875 6.389808466054108E-4
time 9.40203083866115E-4 0.167573700159399 1.5755330966472266E-4
configurable 3.76081233546446E-4 5.1647859739235145 0.001942379080076538
play 3.76081233546446E-4 0.9600933545325481 3.61073093092346E-4
container 7.52162467092892E-4 4.471638793363569 0.003363398866764625
peters 3.76081233546446E-4 3.7784916128036232 0.001421019786688087
modeling 9.40203083866115E-4 2.169053700369523 0.002039350978158634
usage 3.76081233546446E-4 1.8689491079191851 7.02876685941777E-4
semantics 3.76081233546446E-4 2.392197251683733 8.996604932996362E-4
taxonomy 3.76081233546446E-4 3.0853444322436783 0.0011603401399938617
when 5.641218503196691E-4 0.14750613710858965 8.32114349992044E-5
three 0.0013162843174125611 0.22314355131420976 2.937203571266394E-4
consistency 7.52162467092892E-4 2.456735772821304 0.0018478644398806348
deletion 3.76081233546446E-4 4.0661736852554045 0.0015292116153649508
broad 5.641218503196691E-4 1.2135422553420867 6.845857025246822E-4
enter 1.88040616773223E-4 1.5538680612792897 2.9219030862716994E-4
case 7.52162467092892E-4 0.24480504809538922 1.8413316893222206E-4
hardware 3.76081233546446E-4 2.9675613965872945 0.0011160441506533638
give 1.88040616773223E-4 0.2595111954850846 4.8798645258571756E-5
identifier 1.88040616773223E-4 3.0853444322436783 5.801700699969309E-4
item 0.0013162843174125611 1.8325814637483102 0.0024121982411128566
lesson 1.88040616773223E-4 2.9675613965872945 5.580220753266819E-4
interlink 1.88040616773223E-4 5.1647859739235145 9.71189540038269E-4
provide 5.641218503196691E-4 0.167573700159399 9.453198579883359E-5
participation 3.76081233546446E-4 2.2744142160273495 8.553645039591386E-4
study 5.641218503196691E-4 0.07103577311675174 4.00728317695102E-5
explicitly 3.76081233546446E-4 1.5812670354674039 5.946848572649131E-4
competency 5.641218503196691E-4 4.471638793363569 0.002522549150073469
log 3.76081233546446E-4 1.8325814637483102 6.891994974608162E-4
enterprise 3.76081233546446E-4 3.5553480614894135 0.0013370996846519042
formulate 3.76081233546446E-4 1.5538680612792897 5.843806172543399E-4
direct 3.76081233546446E-4 0.8743265327751228 3.2881780096845537E-4
exercise 3.76081233546446E-4 2.5257286443082556 9.498791441550416E-4
carpinettus 1.88040616773223E-4 5.1647859739235145 9.71189540038269E-4
layer 3.76081233546446E-4 1.4759065198095778 5.550607445692282E-4
web 0.003384731101918014 1.6384254493073527 0.005545629576444593
datatype 1.88040616773223E-4 5.1647859739235145 9.71189540038269E-4
assure 1.88040616773223E-4 2.8622008809294686 5.382100189788395E-4
occasionally 3.76081233546446E-4 2.9675613965872945 0.0011160441506533638
licensing 3.76081233546446E-4 4.0661736852554045 0.0015292116153649508
architecture 0.005453177886423468 1.6682784124570338 0.009097418947208346
editor 3.76081233546446E-4 3.7784916128036232 0.001421019786688087
initial 3.76081233546446E-4 0.6988778552689304 2.6283484590783394E-4
more 0.0022564874012786762 0.05279818556697083 1.1913844054224332E-4
display 0.003008649868371568 0.16083966797805488 4.8391024589110153E-4
unify 3.76081233546446E-4 2.6798793241355137 0.0010078523219765
csvdisplay 5.641218503196691E-4 0.2669461739726028 1.5059016959718098E-4
great 1.88040616773223E-4 0.5398131606392429 1.0150679966890614E-4
angularj 1.88040616773223E-4 5.1647859739235145 9.71189540038269E-4
conceptual 5.641218503196691E-4 2.120263536200091 0.00119608698920652
tucci 3.76081233546446E-4 5.1647859739235145 0.001942379080076538
organization 0.0026325686348251222 1.5538680612792897 0.004090664320780379
foster 5.641218503196691E-4 2.7668907011251433 0.0015608635019510023
organized 5.641218503196691E-4 1.6990500711237875 9.584712699081163E-4
summarize 1.88040616773223E-4 1.121734706088964 2.1093168598889883E-4
sparql 0.002444528018051899 4.471638793363569 0.01093104631698503
certain 9.40203083866115E-4 0.8209805520698303 7.718884468501602E-4
economic 5.641218503196691E-4 1.6990500711237875 9.584712699081163E-4
indicator 0.0031966904851447914 1.5538680612792897 0.004967235246661889
small 3.76081233546446E-4 0.45525577261118 1.712131525427529E-4
distinction 3.76081233546446E-4 2.5998366164619773 9.777497617382389E-4
lehmann 3.76081233546446E-4 5.1647859739235145 0.001942379080076538
before 3.76081233546446E-4 0.5203950747821414 1.9571082165556277E-4
simple 5.641218503196691E-4 1.0539121097502027 5.945348494265905E-4
section 0.003948852952237684 0.6988778552689304 0.0027597658820322567
cloud 7.52162467092892E-4 2.5998366164619773 0.0019554995234764777
denote 1.88040616773223E-4 1.5538680612792897 2.9219030862716994E-4
worldwide 3.76081233546446E-4 2.7668907011251433 0.0010405756679673348
propagate 1.88040616773223E-4 3.2188758248682006 6.052793954246334E-4
consider 3.76081233546446E-4 0.17435338714477774 6.557103691040908E-5
funcionality 1.88040616773223E-4 5.1647859739235145 9.71189540038269E-4
group 5.641218503196691E-4 0.41119578281714936 2.319645258464551E-4
combination 3.76081233546446E-4 0.6761496041913742 2.542871772062332E-4
obtain 1.88040616773223E-4 0.3526016185510966 6.630342582758492E-5
marked 3.76081233546446E-4 1.79749014393704 6.760023106194209E-4
manually 0.00188040616773223 1.4512139072192063 0.0027288715818337837
lenzerini 3.76081233546446E-4 5.1647859739235145 0.001942379080076538
temporarily 3.76081233546446E-4 4.0661736852554045 0.0015292116153649508
format 1.88040616773223E-4 1.9867321435755685 3.7358633764113735E-4
gangemi 3.76081233546446E-4 5.1647859739235145 0.001942379080076538
tree 3.76081233546446E-4 1.730798769438368 6.509209362310522E-4
particular 3.76081233546446E-4 1.0704414117014134 4.025729265518666E-4
both 0.0026325686348251222 0.13434805253107854 3.536804692431552E-4
most 7.52162467092892E-4 0.0771896386911299 5.805914907192921E-5
important 3.76081233546446E-4 0.2669461739726028 1.0039344639812064E-4
square 3.76081233546446E-4 2.5998366164619773 9.777497617382389E-4
transfer 3.76081233546446E-4 1.5271998141971284 5.743511899951592E-4
outside 3.76081233546446E-4 1.4035858582299516 5.278623009514673E-4
keep 7.52162467092892E-4 1.4271163556401458 0.0010734233588869091
omit 3.76081233546446E-4 2.169053700369523 8.157403912634536E-4
option 1.88040616773223E-4 1.6990500711237875 3.194904233027054E-4
limitation 3.76081233546446E-4 0.6988778552689304 2.6283484590783394E-4
request 1.88040616773223E-4 2.073743520565198 3.899480106365547E-4
classify 1.88040616773223E-4 0.9162907318741551 1.7229987436520404E-4
ease 3.76081233546446E-4 2.5998366164619773 9.777497617382389E-4
crucial 5.641218503196691E-4 1.4035858582299516 7.91793451427201E-4
part 0.0013162843174125611 0.4285875255290187 5.641430384925029E-4
generator 7.52162467092892E-4 2.8622008809294686 0.002152840075915358
point 5.641218503196691E-4 0.5108256237659907 2.881678960695698E-4
necessarily 3.76081233546446E-4 1.6990500711237875 6.389808466054108E-4
integrated 3.76081233546446E-4 1.6384254493073527 6.161810640493993E-4
tend 1.88040616773223E-4 1.1394342831883648 2.1425992538329536E-4
general 0.00188040616773223 0.4734380916943703 8.90255907661471E-4
highlight 1.88040616773223E-4 0.9306794693262548 1.7500554143028482E-4
administrator 9.40203083866115E-4 4.471638793363569 0.004204248583455781
database 0.003384731101918014 1.2329603411991883 0.004173239214288339
synonym 1.88040616773223E-4 3.0853444322436783 5.801700699969309E-4
candidate 1.88040616773223E-4 2.073743520565198 3.899480106365547E-4
structural 0.001504324934185784 1.9459101490553132 0.0029272811569090833
organizationa 3.76081233546446E-4 5.1647859739235145 0.001942379080076538
browser 3.76081233546446E-4 5.1647859739235145 0.001942379080076538
organizationb 3.76081233546446E-4 5.1647859739235145 0.001942379080076538
hospital 1.88040616773223E-4 1.3805963400052528 2.59608187289442E-4
recommender 0.001504324934185784 4.0661736852554045 0.006116846461459803
introduction 3.76081233546446E-4 0.10219094089654716 3.8432095109645414E-5
fuzzy 7.52162467092892E-4 2.6798793241355137 0.002015704643953
rest 3.76081233546446E-4 1.730798769438368 6.509209362310522E-4
process 0.0035727717186912374 0.41985384556026406 0.00150004194540147
amount 3.76081233546446E-4 0.9306794693262548 3.5001108286056965E-4
original 5.641218503196691E-4 1.1944940603713923 6.738401995325643E-4
assignment 0.0011282437006393381 2.5257286443082556 0.002849637432465125
also 0.004701015419330576 0.05279818556697083 2.4820508446300694E-4
increase 1.88040616773223E-4 0.16083966797805488 3.0244390368193845E-5
differ 5.641218503196691E-4 1.0059028905638423 5.674517998667783E-4
third 3.76081233546446E-4 0.990398704027877 3.724703663136055E-4
various 0.0026325686348251222 0.5798184952529422 0.0015264119844943945
mean 1.88040616773223E-4 0.5398131606392429 1.0150679966890614E-4
interaction 3.76081233546446E-4 1.1758019273592397 4.421970392475516E-4
investigation 3.76081233546446E-4 1.8325814637483102 6.891994974608162E-4
further 9.40203083866115E-4 0.27443684570176036 2.5802636865528426E-4
user 0.006017299736743136 1.293584963015623 0.007783888457408789
encapsulate 1.88040616773223E-4 3.373026504695459 6.342659843353627E-4
methodology 3.76081233546446E-4 1.252762968495368 4.7114064253304553E-4
versioning 3.76081233546446E-4 5.1647859739235145 0.001942379080076538
bad 1.88040616773223E-4 1.4271163556401458 2.683558397217273E-4
evaluation 5.641218503196691E-4 0.7827593392496325 4.4157164681250425E-4
offer 3.76081233546446E-4 1.0059028905638423 3.7830119991118553E-4
qualitative 3.76081233546446E-4 1.6990500711237875 6.389808466054108E-4
disjoint 3.76081233546446E-4 3.7784916128036232 0.001421019786688087
overwritten 3.76081233546446E-4 5.1647859739235145 0.001942379080076538
complex 7.52162467092892E-4 0.8472978603872037 6.373056490313679E-4
record 3.76081233546446E-4 0.8340526336371831 3.136715433009338E-4
conceivable 3.76081233546446E-4 4.471638793363569 0.0016816994333823125
prevention 3.76081233546446E-4 2.331572629867298 8.768607107436246E-4
addition 0.001504324934185784 0.7953381214564925 0.0011964469672154834
knowledge 0.0022564874012786762 0.8080771472339223 0.0018234159019945597
pass 1.88040616773223E-4 2.120263536200091 3.9869566306884E-4
past 3.76081233546446E-4 1.293584963015623 4.864930285880493E-4
impact 3.76081233546446E-4 0.6874491594453075 2.585367278846587E-4
active 7.52162467092892E-4 1.1944940603713923 8.984535993767523E-4
easy 3.76081233546446E-4 1.3805963400052528 5.19216374578884E-4
valuation 3.76081233546446E-4 4.0661736852554045 0.0015292116153649508
flexible 5.641218503196691E-4 2.5998366164619773 0.0014666246426073583
domain 0.006581421587062806 1.1394342831883648 0.007499097388415339
intermediate 7.52162467092892E-4 2.2203469947570738 0.0016700616733787692
schema 7.52162467092892E-4 3.7784916128036232 0.002842039573376174
geographical 3.76081233546446E-4 2.5998366164619773 9.777497617382389E-4
compare 7.52162467092892E-4 0.17435338714477774 1.3114207382081816E-4
be 1.88040616773223E-4 0.017291497110061043 3.2515037815082818E-6
prove 1.88040616773223E-4 1.0539121097502027 1.981782831421968E-4
stepwise 9.40203083866115E-4 3.373026504695459 0.0031713299216768135
linkage 0.00188040616773223 3.5553480614894135 0.006685498423259521
customize 1.88040616773223E-4 3.2188758248682006 6.052793954246334E-4
transparent 3.76081233546446E-4 3.2188758248682006 0.0012105587908492667
how 9.40203083866115E-4 0.5496654570822546 5.167971578434134E-4
see 9.40203083866115E-4 0.5696661237889241 5.356018463604025E-4
capability 5.641218503196691E-4 1.9867321435755685 0.0011207590129234122
search 0.001692365550959007 1.0059028905638423 0.0017023553996003348
responsibility 3.76081233546446E-4 2.7668907011251433 0.0010405756679673348
popularity 3.76081233546446E-4 2.392197251683733 8.996604932996362E-4
subclassof 3.76081233546446E-4 5.1647859739235145 0.001942379080076538
indicate 5.641218503196691E-4 0.4919571394616079 2.775237717910537E-4
term 9.40203083866115E-4 0.4643056081310978 4.3654156462119006E-4
acquisition 5.641218503196691E-4 2.456735772821304 0.001385898329910476
contain 1.88040616773223E-4 0.6429973968744738 1.2090962709185291E-4
set 0.003948852952237684 0.5108256237659907 0.0020171752724869887
business 0.00188040616773223 2.0292917579943643 0.003815892737860783
keeping 3.76081233546446E-4 2.456735772821304 9.239322199403174E-4
column 1.88040616773223E-4 2.456735772821304 4.619661099701587E-4
possible 0.003948852952237684 0.38566248081198473 0.001522924425921715
right 9.40203083866115E-4 1.4271163556401458 0.0013417791986086365
involve 3.76081233546446E-4 0.9452782687474074 3.555014173551739E-4
integrate 7.52162467092892E-4 1.8325814637483102 0.0013783989949216324
partner 1.88040616773223E-4 2.5998366164619773 4.888748808691194E-4
answer 1.88040616773223E-4 1.3805963400052528 2.59608187289442E-4
jung 3.76081233546446E-4 4.471638793363569 0.0016816994333823125
pseudocode 5.641218503196691E-4 4.471638793363569 0.002522549150073469
maximum 3.76081233546446E-4 1.2329603411991883 4.636932460320377E-4
wizard 5.641218503196691E-4 5.1647859739235145 0.0029135686201148072
represent 3.76081233546446E-4 0.4285875255290187 1.611837252835723E-4
visualization 3.76081233546446E-4 2.456735772821304 9.239322199403174E-4
language 0.002444528018051899 0.664976303593249 0.0016255532054742828
oiko 5.641218503196691E-4 5.1647859739235145 0.0029135686201148072
observe 1.88040616773223E-4 0.5496654570822546 1.0335943156868268E-4
meaningful 3.76081233546446E-4 1.730798769438368 6.509209362310522E-4
hold 1.88040616773223E-4 1.3581234841531944 2.5538237761436525E-4
later 3.76081233546446E-4 1.3361445774344192 5.024989008779313E-4
prior 3.76081233546446E-4 0.8209805520698303 3.0875537874006407E-4
hierarchical 7.52162467092892E-4 2.5257286443082556 0.0018997582883100831
bracket 1.88040616773223E-4 4.0661736852554045 7.646058076824754E-4
versioninfo 3.76081233546446E-4 5.1647859739235145 0.001942379080076538
computational 7.52162467092892E-4 1.3146383722134554 9.888216413790564E-4
which 0.004324934185784129 0.023122417420854212 1.0000293356142288E-4
static 3.76081233546446E-4 2.331572629867298 8.768607107436246E-4
commonly 7.52162467092892E-4 1.0216512475319812 7.684477228521859E-4
typically 3.76081233546446E-4 1.1394342831883648 4.2851985076659073E-4
graph 0.0011282437006393381 1.8689491079191851 0.002108630057825331
little 3.76081233546446E-4 1.252762968495368 4.7114064253304553E-4
some 9.40203083866115E-4 0.2160260835453457 2.0310838994485304E-4
virtual 0.001692365550959007 2.5998366164619773 0.004399873927822075
beginning 3.76081233546446E-4 1.6990500711237875 6.389808466054108E-4
rather 7.52162467092892E-4 0.758066726659261 5.701893393450628E-4
importance 3.76081233546446E-4 0.9600933545325481 3.61073093092346E-4
additional 9.40203083866115E-4 0.5300569856938783 4.983612125741615E-4
for 0.025761564497931554 0.017291497110061043 4.454560180666346E-4
primarily 3.76081233546446E-4 1.4512139072192063 5.457743163667567E-4
load 0.0011282437006393381 2.169053700369523 0.002447221173790361
rate 5.641218503196691E-4 0.5696661237889241 3.213611078162415E-4
client 5.641218503196691E-4 3.5553480614894135 0.0020056495269778563
company 5.641218503196691E-4 1.6990500711237875 9.584712699081163E-4
divide 1.88040616773223E-4 1.0059028905638423 1.8915059995559276E-4
class 0.0013162843174125611 1.2135422553420867 0.0015973666392242586
human 3.76081233546446E-4 0.8743265327751228 3.2881780096845537E-4
over 0.0011282437006393381 0.3364722366212129 3.796226814079123E-4
bound 3.76081233546446E-4 2.2203469947570738 8.350308366893846E-4
specification 9.40203083866115E-4 2.456735772821304 0.0023098305498507935
parse 1.88040616773223E-4 2.120263536200091 3.9869566306884E-4
ultralite 3.76081233546446E-4 5.1647859739235145 0.001942379080076538
although 5.641218503196691E-4 0.4285875255290187 2.4177558792535842E-4
form 7.52162467092892E-4 0.5013468798114469 3.770943059883015E-4
itsm 3.76081233546446E-4 5.1647859739235145 0.001942379080076538
management 0.00188040616773223 0.9452782687474074 0.0017775070867758695
representational 3.76081233546446E-4 4.471638793363569 0.0016816994333823125
publish 1.88040616773223E-4 0.03488725900044054 6.560221699970015E-6
inherit 5.641218503196691E-4 4.471638793363569 0.002522549150073469
mcguinness 3.76081233546446E-4 5.1647859739235145 0.001942379080076538
subset 3.76081233546446E-4 1.5812670354674039 5.946848572649131E-4
assign 1.88040616773223E-4 1.0704414117014134 2.012864632759333E-4
explain 1.88040616773223E-4 0.9751312318970885 1.8336427828076127E-4
straightforward 3.76081233546446E-4 2.2744142160273495 8.553645039591386E-4
very 7.52162467092892E-4 0.5596157879354227 4.209219916776402E-4
expert 1.88040616773223E-4 1.6094379124341003 3.026396977123167E-4
select 1.88040616773223E-4 0.5798184952529422 1.0902942746388532E-4
krcmar 0.006017299736743136 5.1647859739235145 0.031078065281224608
recommendation 3.76081233546446E-4 1.6990500711237875 6.389808466054108E-4
construct 9.40203083866115E-4 1.2135422553420867 0.0011409761708744703
convert 1.88040616773223E-4 1.121734706088964 2.1093168598889883E-4
zhang 3.76081233546446E-4 2.331572629867298 8.768607107436246E-4
output 1.88040616773223E-4 1.121734706088964 2.1093168598889883E-4
four 3.76081233546446E-4 0.4643056081310978 1.7461662584847604E-4
context 0.001692365550959007 0.8881198549074587 0.0015030234475680948
lock 1.88040616773223E-4 4.471638793363569 8.408497166911562E-4
action 1.88040616773223E-4 1.4271163556401458 2.683558397217273E-4
model 9.40203083866115E-4 0.41985384556026406 3.9474788036880784E-4
majority 3.76081233546446E-4 0.9452782687474074 3.555014173551739E-4
whereas 7.52162467092892E-4 1.0872485300177945 8.177875366813046E-4
text 5.641218503196691E-4 0.8209805520698303 4.631330681100961E-4
reduce 5.641218503196691E-4 0.3941013494578493 2.2232118246964046E-4
large 5.641218503196691E-4 0.22314355131420976 1.2588015305427404E-4
issue 3.76081233546446E-4 0.7953381214564925 2.9911174180387084E-4
index 7.52162467092892E-4 1.4271163556401458 0.0010734233588869091
loading 5.641218503196691E-4 3.2188758248682006 0.0018158381862739003
traditional 3.76081233546446E-4 1.1758019273592397 4.421970392475516E-4
physically 3.76081233546446E-4 2.5998366164619773 9.777497617382389E-4
field 5.641218503196691E-4 0.6988778552689304 3.942522688617509E-4
contents 3.76081233546446E-4 2.331572629867298 8.768607107436246E-4
contrast 5.641218503196691E-4 1.4271163556401458 8.050675191651819E-4
biological 3.76081233546446E-4 2.456735772821304 9.239322199403174E-4
interval 3.76081233546446E-4 1.5538680612792897 5.843806172543399E-4
lemmatization 3.76081233546446E-4 3.2188758248682006 0.0012105587908492667
evaluate 1.88040616773223E-4 0.40261203912575794 7.570741615753252E-5
become 5.641218503196691E-4 0.6321864807702582 3.566302072791979E-4
server 0.001692365550959007 3.373026504695459 0.0057083938590182645
semantic 0.0026325686348251222 1.4512139072192063 0.0038204202145672977
lemmatize 1.88040616773223E-4 3.373026504695459 6.342659843353627E-4
cycle 5.641218503196691E-4 2.2744142160273495 0.0012830467559387078
mention 1.88040616773223E-4 0.8881198549074587 1.6700260528534387E-4
literature 7.52162467092892E-4 0.9306794693262548 7.000221657211393E-4
library 3.76081233546446E-4 1.730798769438368 6.509209362310522E-4
world 3.76081233546446E-4 1.4035858582299516 5.278623009514673E-4
expressiveness 7.52162467092892E-4 5.1647859739235145 0.003884758160153076
generalize 1.88040616773223E-4 1.9459101490553132 3.659101446136354E-4
map 7.52162467092892E-4 1.4512139072192063 0.0010915486327335135
table 0.00376081233546446 0.18117935221517753 6.813815427422998E-4
together 5.641218503196691E-4 1.1394342831883648 6.427797761498861E-4
jaccard 0.0013162843174125611 3.7784916128036232 0.0049735692534083045
side 3.76081233546446E-4 1.6682784124570338 6.274082032557479E-4
may 0.005829259119969913 0.15415067982725836 8.98584256232608E-4
within 0.006393380970289583 0.3127557100038969 0.001999566404688322
could 0.00188040616773223 0.22314355131420976 4.196005101809134E-4
forward 1.88040616773223E-4 1.730798769438368 3.254604681155261E-4
change 1.88040616773223E-4 0.3941013494578493 7.410706082321348E-5
health 3.76081233546446E-4 0.990398704027877 3.724703663136055E-4
systematic 7.52162467092892E-4 2.0292917579943643 0.001526357095144313
draw 1.88040616773223E-4 1.1944940603713923 2.2461339984418809E-4
trigger 5.641218503196691E-4 2.073743520565198 0.0011698440319096641
generally 9.40203083866115E-4 0.9021060968821986 8.481629342630675E-4
virtuoso 5.641218503196691E-4 5.1647859739235145 0.0029135686201148072
machine 3.76081233546446E-4 1.0539121097502027 3.963565662843936E-4
able 7.52162467092892E-4 0.7703368192510752 5.7941844246038E-4
complete 5.641218503196691E-4 0.8080771472339223 4.558539754986399E-4
bidirectional 3.76081233546446E-4 2.2744142160273495 8.553645039591386E-4
instance 0.0011282437006393381 1.5812670354674039 0.0017840545717947394
subject 5.641218503196691E-4 0.9021060968821986 5.088977605578405E-4
use 0.00188040616773223 0.03488725900044054 6.560221699970015E-5
several 7.52162467092892E-4 0.3526016185510966 2.652137033103397E-4
main 3.76081233546446E-4 0.6004377824556778 2.258133818938239E-4
serve 3.76081233546446E-4 1.1944940603713923 4.4922679968837617E-4
suffix 1.88040616773223E-4 3.2188758248682006 6.052793954246334E-4
while 5.641218503196691E-4 0.20895891632225325 1.178782905165024E-4
second 0.0022564874012786762 0.4373981552111735 9.869834265765478E-4
that 0.010154193305754042 0.017291497110061043 1.755812042014472E-4
high 7.52162467092892E-4 0.11492996667397702 8.644600727640243E-5
download 5.641218503196691E-4 0.24480504809538922 1.3809987669916653E-4
edge 1.88040616773223E-4 2.331572629867298 4.384303553718123E-4
solution 3.76081233546446E-4 1.0216512475319812 3.8422386142609294E-4
than 0.0011282437006393381 0.058840500022933395 6.638642349334343E-5
continuous 5.641218503196691E-4 1.1758019273592397 6.632955588713274E-4
sufficient 3.76081233546446E-4 1.5012243277938677 5.64582297026652E-4
limit 3.76081233546446E-4 1.3146383722134554 4.944108206895282E-4
host 3.76081233546446E-4 2.2744142160273495 8.553645039591386E-4
tatu 3.76081233546446E-4 5.1647859739235145 0.001942379080076538
bilingual 3.76081233546446E-4 3.373026504695459 0.0012685319686707255
directly 9.40203083866115E-4 0.7703368192510752 7.24273053075475E-4
different 0.006769462203836028 0.18805223150293962 0.0012730124735061727
semantically 5.641218503196691E-4 2.456735772821304 0.001385898329910476
workflow 7.52162467092892E-4 2.7668907011251433 0.0020811513359346697
level 7.52162467092892E-4 0.4373981552111735 3.28994475525516E-4
author 1.88040616773223E-4 0.017291497110061043 3.2515037815082818E-6
illustrate 1.88040616773223E-4 1.252762968495368 2.3557032126652277E-4
occur 7.52162467092892E-4 0.6109090823229731 4.5950288252950215E-4
fellmann 3.76081233546446E-4 5.1647859739235145 0.001942379080076538
establish 3.76081233546446E-4 0.9600933545325481 3.61073093092346E-4
relevant 0.0011282437006393381 0.7703368192510752 8.691276636905701E-4
entry 1.88040616773223E-4 1.6682784124570338 3.1370410162787397E-4
disk 7.52162467092892E-4 3.7784916128036232 0.002842039573376174
task 1.88040616773223E-4 1.0216512475319812 1.9211193071304647E-4
infer 3.76081233546446E-4 2.073743520565198 7.798960212731094E-4
background 7.52162467092892E-4 1.6094379124341003 0.0012105587908492667
true 5.641218503196691E-4 1.1394342831883648 6.427797761498861E-4
sahoo 3.76081233546446E-4 5.1647859739235145 0.001942379080076538
retrieve 1.88040616773223E-4 2.0292917579943643 3.815892737860783E-4
header 7.52162467092892E-4 4.471638793363569 0.003363398866764625
present 1.88040616773223E-4 0.083381608939051 1.5679129172442836E-5
since 9.40203083866115E-4 0.377294231141468 3.54733199644103E-4
datum 1.88040616773223E-4 0.167573700159399 3.151066193294453E-5
belong 1.88040616773223E-4 1.3805963400052528 2.59608187289442E-4
paradigm 3.76081233546446E-4 2.5998366164619773 9.777497617382389E-4
storage 0.0011282437006393381 2.6798793241355137 0.0030235569659295
delete 1.88040616773223E-4 2.9675613965872945 5.580220753266819E-4
sql 9.40203083866115E-4 5.1647859739235145 0.004855947700191344
transform 7.52162467092892E-4 1.5012243277938677 0.001129164594053304
total 0.0011282437006393381 0.5108256237659907 5.763357921391396E-4
ahlemann 5.641218503196691E-4 5.1647859739235145 0.0029135686201148072
competitor 1.88040616773223E-4 3.7784916128036232 7.105098933440435E-4
unstructured 5.641218503196691E-4 1.6990500711237875 9.584712699081163E-4
performanceindicator 5.641218503196691E-4 5.1647859739235145 0.0029135686201148072
physical 3.76081233546446E-4 1.3146383722134554 4.944108206895282E-4
make 1.88040616773223E-4 0.2521310881874621 4.741088533047426E-5
categorize 1.88040616773223E-4 1.730798769438368 3.254604681155261E-4
highly 7.52162467092892E-4 0.9162907318741551 6.891994974608162E-4
brief 3.76081233546446E-4 2.2203469947570738 8.350308366893846E-4
execution 0.001504324934185784 2.5998366164619773 0.0039109990469529555
considerably 3.76081233546446E-4 2.331572629867298 8.768607107436246E-4
cross 1.88040616773223E-4 2.392197251683733 4.498302466498181E-4
harmelen 3.76081233546446E-4 5.1647859739235145 0.001942379080076538
control 3.76081233546446E-4 0.5398131606392429 2.0301359933781228E-4
segmented 3.76081233546446E-4 2.9675613965872945 0.0011160441506533638
thread 3.76081233546446E-4 3.7784916128036232 0.001421019786688087
structure 0.001504324934185784 0.8340526336371831 0.0012546861732037353
underlie 1.88040616773223E-4 1.293584963015623 2.4324651429402465E-4
due 3.76081233546446E-4 0.20895891632225325 7.858552701100159E-5
dul 0.0013162843174125611 5.1647859739235145 0.006798326780267883
Hungarian 1.88040616773223E-4 4.0661736852554045 7.646058076824754E-4
increasingly 5.641218503196691E-4 1.730798769438368 9.763814043465784E-4
metadata 0.0022564874012786762 3.7784916128036232 0.008526118720128522
depend 3.76081233546446E-4 0.8472978603872037 3.1865282451568397E-4
strategic 5.641218503196691E-4 2.7668907011251433 0.0015608635019510023
upper 3.76081233546446E-4 1.8689491079191851 7.02876685941777E-4
about 7.52162467092892E-4 0.377294231141468 2.8378655971528243E-4
bmcategory 1.88040616773223E-4 5.1647859739235145 9.71189540038269E-4
periodically 3.76081233546446E-4 3.7784916128036232 0.001421019786688087
stakeholder 1.88040616773223E-4 3.2188758248682006 6.052793954246334E-4
cover 1.88040616773223E-4 1.0704414117014134 2.012864632759333E-4
predicate 3.76081233546446E-4 3.2188758248682006 0.0012105587908492667
contribution 3.76081233546446E-4 1.2135422553420867 4.5639046834978814E-4
extremely 3.76081233546446E-4 1.9459101490553132 7.318202892272708E-4
meaning 3.76081233546446E-4 1.0704414117014134 4.025729265518666E-4
above 5.641218503196691E-4 0.9021060968821986 5.088977605578405E-4
stateless 3.76081233546446E-4 5.1647859739235145 0.001942379080076538
recent 3.76081233546446E-4 0.5596157879354227 2.104609958388201E-4
they 0.002068446784505453 0.05279818556697083 1.0921023716372303E-4
hachicha 3.76081233546446E-4 5.1647859739235145 0.001942379080076538
equivalence 3.76081233546446E-4 4.0661736852554045 0.0015292116153649508
edit 1.88040616773223E-4 2.5257286443082556 4.749395720775208E-4
old 5.641218503196691E-4 1.5012243277938677 8.46873445539978E-4
karp 3.76081233546446E-4 5.1647859739235145 0.001942379080076538
module 9.40203083866115E-4 2.331572629867298 0.0021921517768590613
subtract 1.88040616773223E-4 3.373026504695459 6.342659843353627E-4
then 9.40203083866115E-4 0.4285875255290187 4.029593132089307E-4
execute 1.88040616773223E-4 2.331572629867298 4.384303553718123E-4
quality 9.40203083866115E-4 0.7953381214564925 7.47779354509677E-4
accept 1.88040616773223E-4 1.730798769438368 3.254604681155261E-4
node 1.88040616773223E-4 1.9459101490553132 3.659101446136354E-4
crawler 5.641218503196691E-4 4.0661736852554045 0.0022938174230474266
unique 3.76081233546446E-4 1.157452788691043 4.352962725427014E-4
processing 5.641218503196691E-4 0.7221347174331975 4.0737197297848675E-4
ontonlqa 3.76081233546446E-4 5.1647859739235145 0.001942379080076538
bridge 3.76081233546446E-4 2.8622008809294686 0.001076420037957679
bpmn 3.76081233546446E-4 5.1647859739235145 0.001942379080076538
sub 3.76081233546446E-4 3.5553480614894135 0.0013370996846519042
fact 3.76081233546446E-4 0.9452782687474074 3.555014173551739E-4
access 0.0022564874012786762 1.1394342831883648 0.0025711191045995445
activity 3.76081233546446E-4 1.0872485300177945 4.088937683406523E-4
gacenga 3.76081233546446E-4 5.1647859739235145 0.001942379080076538
overcome 3.76081233546446E-4 1.8689491079191851 7.02876685941777E-4
industry 3.76081233546446E-4 1.7635885922613586 6.63252573246092E-4
long 1.88040616773223E-4 0.44628710262841953 8.392010203618268E-5
extended 3.76081233546446E-4 1.6682784124570338 6.274082032557479E-4
into 0.003384731101918014 0.10854016857520597 3.6737928438392394E-4
current 5.641218503196691E-4 0.4919571394616079 2.775237717910537E-4
partition 1.88040616773223E-4 3.2188758248682006 6.052793954246334E-4
discontinuously 3.76081233546446E-4 5.1647859739235145 0.001942379080076538
perspective 3.76081233546446E-4 1.4271163556401458 5.367116794434546E-4
relationship 1.88040616773223E-4 0.758066726659261 1.425473348362657E-4
free 3.76081233546446E-4 1.6990500711237875 6.389808466054108E-4
equality 9.40203083866115E-4 2.7668907011251433 0.002601439169918337
key 3.76081233546446E-4 0.9751312318970885 3.6672855656152254E-4
necessary 5.641218503196691E-4 0.8607208807193443 4.855514558401717E-4
manager 5.641218503196691E-4 2.456735772821304 0.001385898329910476
accordance 3.76081233546446E-4 1.6384254493073527 6.161810640493993E-4
one 0.002444528018051899 0.06491954609931569 1.5869764935898907E-4
ong 3.76081233546446E-4 5.1647859739235145 0.001942379080076538
store 5.641218503196691E-4 1.730798769438368 9.763814043465784E-4
many 5.641218503196691E-4 0.20194134366360675 1.1391952444355402E-4
single 0.0013162843174125611 0.6429973968744738 8.463673896429703E-4
actually 3.76081233546446E-4 1.5812670354674039 5.946848572649131E-4
confirm 3.76081233546446E-4 0.8209805520698303 3.0875537874006407E-4
evolve 3.76081233546446E-4 2.331572629867298 8.768607107436246E-4
mismatch 1.88040616773223E-4 4.0661736852554045 7.646058076824754E-4
assist 5.641218503196691E-4 2.073743520565198 0.0011698440319096641
fourth 3.76081233546446E-4 2.0292917579943643 7.631785475721566E-4
operation 9.40203083866115E-4 1.5271998141971284 0.001435877974987898
but 0.0013162843174125611 0.083381608939051 1.0975390420709985E-4
calculation 3.76081233546446E-4 1.6094379124341003 6.052793954246334E-4
separate 3.76081233546446E-4 1.2135422553420867 4.5639046834978814E-4
loader 3.76081233546446E-4 5.1647859739235145 0.001942379080076538
available 5.641218503196691E-4 0.5696661237889241 3.213611078162415E-4
seven 3.76081233546446E-4 1.5538680612792897 5.843806172543399E-4
express 1.88040616773223E-4 0.8743265327751228 1.6440890048422769E-4
uniformly 3.76081233546446E-4 4.0661736852554045 0.0015292116153649508
mysql 3.76081233546446E-4 5.1647859739235145 0.001942379080076538
generate 1.88040616773223E-4 0.7953381214564925 1.4955587090193542E-4
beforehand 3.76081233546446E-4 3.2188758248682006 0.0012105587908492667
ensure 9.40203083866115E-4 1.0216512475319812 9.605596535652324E-4
query 5.641218503196691E-4 2.392197251683733 0.0013494907399494544
this 0.013538924407672057 0.017291497110061043 2.3410827226859627E-4
collection 7.52162467092892E-4 0.9600933545325481 7.22146186184692E-4
modification 1.88040616773223E-4 2.0292917579943643 3.815892737860783E-4
grounds 3.76081233546446E-4 4.471638793363569 0.0016816994333823125
extract 7.52162467092892E-4 0.8080771472339223 6.078053006648531E-4
especially 3.76081233546446E-4 0.7104386776700063 2.6718265425724195E-4
once 3.76081233546446E-4 1.4271163556401458 5.367116794434546E-4
know 1.88040616773223E-4 0.6214911916535102 1.168655869976514E-4
support 0.0013162843174125611 0.5300569856938783 6.977056976038262E-4
utalize 3.76081233546446E-4 5.1647859739235145 0.001942379080076538
allow 5.641218503196691E-4 0.5398131606392429 3.0452039900671847E-4
elicitation 3.76081233546446E-4 3.7784916128036232 0.001421019786688087
questionnaire 1.88040616773223E-4 2.2744142160273495 4.276822519795693E-4
idea 3.76081233546446E-4 1.2329603411991883 4.636932460320377E-4
rule 1.88040616773223E-4 1.1043429633770947 2.0766133196259773E-4
update 5.641218503196691E-4 1.6682784124570338 9.41112304883622E-4
admin 3.76081233546446E-4 5.1647859739235145 0.001942379080076538
learning 3.76081233546446E-4 0.9306794693262548 3.5001108286056965E-4
assistance 3.76081233546446E-4 2.8622008809294686 0.001076420037957679
we 1.88040616773223E-4 0.19497267434751336 3.666278193823117E-5
life 3.76081233546446E-4 1.3581234841531944 5.107647552287305E-4
common 0.0011282437006393381 0.3526016185510966 3.9782055496550954E-4
similarity 9.40203083866115E-4 1.4759065198095778 0.0013876518614230704
themselves 3.76081233546446E-4 1.6094379124341003 6.052793954246334E-4
gap 3.76081233546446E-4 1.6094379124341003 6.052793954246334E-4
throughout 3.76081233546446E-4 1.4759065198095778 5.550607445692282E-4
prototypical 5.641218503196691E-4 4.0661736852554045 0.0022938174230474266
every 7.52162467092892E-4 1.0539121097502027 7.927131325687872E-4
figure 0.00752162467092892 0.18805223150293962 0.0014144583038957473
wide 3.76081233546446E-4 1.121734706088964 4.2186337197779765E-4
previous 7.52162467092892E-4 0.32850406697203605 2.4708842946373526E-4
apply 3.76081233546446E-4 0.41119578281714936 1.5464301723097003E-4
separated 3.76081233546446E-4 2.169053700369523 8.157403912634536E-4
technology 5.641218503196691E-4 1.293584963015623 7.29739542882074E-4
ontological 5.641218503196691E-4 3.7784916128036232 0.0021315296800321305
layout 5.641218503196691E-4 3.5553480614894135 0.0020056495269778563
relational 9.40203083866115E-4 2.7668907011251433 0.002601439169918337
step 5.641218503196691E-4 0.8080771472339223 4.558539754986399E-4
mark 3.76081233546446E-4 2.5998366164619773 9.777497617382389E-4
base 1.88040616773223E-4 0.14090545307723773 2.6495948303354218E-5
software 5.641218503196691E-4 1.157452788691043 6.529444088140522E-4
prefix 3.76081233546446E-4 3.5553480614894135 0.0013370996846519042
reach 1.88040616773223E-4 1.0376515888784226 1.9512064476841343E-4
reasoning 5.641218503196691E-4 2.5257286443082556 0.0014248187162325624
graphical 3.76081233546446E-4 2.8622008809294686 0.001076420037957679
during 9.40203083866115E-4 0.28958865072236245 2.722721424617924E-4
type 0.00188040616773223 0.3364722366212129 6.32704469013187E-4
repository 0.0013162843174125611 2.9675613965872945 0.0039061545272867735
beyond 5.641218503196691E-4 1.5538680612792897 8.765709258815098E-4
consist 3.76081233546446E-4 0.7459453661269161 2.8053605345126594E-4
relation 1.88040616773223E-4 1.121734706088964 2.1093168598889883E-4
loss 3.76081233546446E-4 0.9162907318741551 3.445997487304081E-4
relate 1.88040616773223E-4 0.27443684570176036 5.1605273731056855E-5
enable 5.641218503196691E-4 0.9751312318970885 5.500928348422838E-4
connection 5.641218503196691E-4 1.906689435902032 0.0010756051725660204
dependent 5.641218503196691E-4 1.3805963400052528 7.788245618683262E-4
between 0.004324934185784129 0.058840500022933395 2.544812900578165E-4
guide 1.88040616773223E-4 1.5012243277938677 2.82291148513326E-4
phase 1.88040616773223E-4 1.3805963400052528 2.59608187289442E-4
van 3.76081233546446E-4 2.2744142160273495 8.553645039591386E-4
still 5.641218503196691E-4 0.5300569856938783 2.9901672754449696E-4
method 7.52162467092892E-4 0.0958817717032825 7.211866995357842E-5
natural 0.002444528018051899 0.6429973968744738 0.0015718251521940876
work 9.40203083866115E-4 0.4285875255290187 4.029593132089307E-4
jagadeesh 3.76081233546446E-4 5.1647859739235145 0.001942379080076538
constitute 3.76081233546446E-4 2.0292917579943643 7.631785475721566E-4
dbpedia 5.641218503196691E-4 4.0661736852554045 0.0022938174230474266
benchmark 0.003008649868371568 2.456735772821304 0.007391457759522539
underneath 3.76081233546446E-4 3.7784916128036232 0.001421019786688087
exist 0.0011282437006393381 0.664976303593249 7.502553256035152E-4
insight 3.76081233546446E-4 1.0539121097502027 3.963565662843936E-4
itself 5.641218503196691E-4 1.7635885922613586 9.94878859869138E-4
fuzzyjaccardjarowinkler 3.76081233546446E-4 5.1647859739235145 0.001942379080076538
among 3.76081233546446E-4 0.32850406697203605 1.2354421473186763E-4
mate 3.76081233546446E-4 5.1647859739235145 0.001942379080076538
word 7.52162467092892E-4 0.8743265327751228 6.576356019369107E-4
internal 0.0013162843174125611 1.3805963400052528 0.0018172573110260943
extension 7.52162467092892E-4 1.906689435902032 0.0014341402300880272
flag 1.88040616773223E-4 3.5553480614894135 6.685498423259521E-4
periodic 5.641218503196691E-4 3.5553480614894135 0.0020056495269778563
range 7.52162467092892E-4 0.3941013494578493 2.964282432928539E-4
German 1.88040616773223E-4 3.373026504695459 6.342659843353627E-4
foundation 3.76081233546446E-4 1.9867321435755685 7.471726752822747E-4
derive 1.88040616773223E-4 1.2329603411991883 2.3184662301601886E-4
out 3.76081233546446E-4 0.368995428326773 1.38772255858132E-4
across 0.0013162843174125611 0.7703368192510752 0.001013982274305665
uniform 0.0011282437006393381 2.6798793241355137 0.0030235569659295
flexibility 3.76081233546446E-4 2.6798793241355137 0.0010078523219765
place 3.76081233546446E-4 0.9600933545325481 3.61073093092346E-4
copy 5.641218503196691E-4 2.5998366164619773 0.0014666246426073583
event 5.641218503196691E-4 1.157452788691043 6.529444088140522E-4
regular 3.76081233546446E-4 1.9459101490553132 7.318202892272708E-4
include 5.641218503196691E-4 0.0771896386911299 4.354436180394691E-5
suggest 1.88040616773223E-4 0.5013468798114469 9.427357649707538E-5
transformation 9.40203083866115E-4 2.331572629867298 0.0021921517768590613
excel 3.76081233546446E-4 3.2188758248682006 0.0012105587908492667
filter 7.52162467092892E-4 1.8325814637483102 0.0013783989949216324
additionally 5.641218503196691E-4 2.6798793241355137 0.00151177848296475
subclass 3.76081233546446E-4 4.471638793363569 0.0016816994333823125
minimum 0.001504324934185784 1.3361445774344192 0.002009995603511725
first 0.0031966904851447914 0.167573700159399 5.35681252860057E-4
date 3.76081233546446E-4 1.6384254493073527 6.161810640493993E-4
owl 0.0013162843174125611 4.471638793363569 0.005885948016838094
own 5.641218503196691E-4 1.293584963015623 7.29739542882074E-4
sound 3.76081233546446E-4 2.7668907011251433 0.0010405756679673348
existence 3.76081233546446E-4 1.6990500711237875 6.389808466054108E-4
threshold 9.40203083866115E-4 2.120263536200091 0.0019934783153442
translate 5.641218503196691E-4 1.906689435902032 0.0010756051725660204
space 3.76081233546446E-4 1.293584963015623 4.864930285880493E-4
coarse 3.76081233546446E-4 4.0661736852554045 0.0015292116153649508
only 0.003948852952237684 0.10854016857520597 4.28609165114578E-4
create 3.76081233546446E-4 0.7339691750802005 2.760320327492292E-4
from 0.00620534035351636 0.023122417420854212 1.434824698924763E-4
versa 3.76081233546446E-4 4.0661736852554045 0.0015292116153649508
discover 1.88040616773223E-4 1.7635885922613586 3.31626286623046E-4
development 0.0011282437006393381 0.5596157879354227 6.313829875164603E-4
taylor 3.76081233546446E-4 3.7784916128036232 0.001421019786688087
individual 0.0013162843174125611 0.6214911916535102 8.180591089835598E-4
resource 5.641218503196691E-4 1.1043429633770947 6.229839958877932E-4
replaceable 3.76081233546446E-4 5.1647859739235145 0.001942379080076538
onli 3.76081233546446E-4 5.1647859739235145 0.001942379080076538
capture 3.76081233546446E-4 0.990398704027877 3.724703663136055E-4
finished 3.76081233546446E-4 4.0661736852554045 0.0015292116153649508
core 5.641218503196691E-4 1.5012243277938677 8.46873445539978E-4
ontobee 5.641218503196691E-4 5.1647859739235145 0.0029135686201148072
ground 1.88040616773223E-4 1.8689491079191851 3.514383429708885E-4
here 3.76081233546446E-4 1.3361445774344192 5.024989008779313E-4
levenshtein 7.52162467092892E-4 4.471638793363569 0.003363398866764625
note 0.0013162843174125611 0.5013468798114469 6.599150354795277E-4
purpose 9.40203083866115E-4 0.9021060968821986 8.481629342630675E-4
configuration 0.003008649868371568 3.0853444322436783 0.009282721119950894
link 9.40203083866115E-4 1.0872485300177945 0.0010222344208516308
interact 3.76081233546446E-4 1.7635885922613586 6.63252573246092E-4
distinct 5.641218503196691E-4 1.6990500711237875 9.584712699081163E-4
cai 3.76081233546446E-4 4.471638793363569 0.0016816994333823125
brocke 3.76081233546446E-4 4.471638793363569 0.0016816994333823125
platform 3.76081233546446E-4 1.4759065198095778 5.550607445692282E-4
network 3.76081233546446E-4 0.990398704027877 3.724703663136055E-4
can 0.005453177886423468 0.0958817717032825 5.228603571634436E-4
security 3.76081233546446E-4 2.0292917579943643 7.631785475721566E-4
paper 0.0011282437006393381 0.8340526336371831 9.410146299028016E-4
subdivide 1.88040616773223E-4 2.9675613965872945 5.580220753266819E-4
floating 3.76081233546446E-4 3.5553480614894135 0.0013370996846519042
parameter 3.76081233546446E-4 1.0539121097502027 3.963565662843936E-4
iteration 3.76081233546446E-4 2.392197251683733 8.996604932996362E-4
conceptualization 5.641218503196691E-4 3.0853444322436783 0.0017405102099907926
value 7.52162467092892E-4 0.34450440831847723 2.5912328568520286E-4
smooth 3.76081233546446E-4 2.6798793241355137 0.0010078523219765
cost 0.00188040616773223 1.1944940603713923 0.002246133998441881
quantity 3.76081233546446E-4 2.2744142160273495 8.553645039591386E-4
limited 7.52162467092892E-4 0.5696661237889241 4.28481477088322E-4
will 3.76081233546446E-4 0.3526016185510966 1.3260685165516985E-4
advantage 1.88040616773223E-4 1.0376515888784226 1.9512064476841343E-4
implementation 0.001692365550959007 1.3146383722134554 0.0022248486931028765
confidence 0.001692365550959007 1.906689435902032 0.003226815517698061
match 5.641218503196691E-4 1.5271998141971284 8.615267849927388E-4
arbitrary 7.52162467092892E-4 2.331572629867298 0.0017537214214872492
standardize 1.88040616773223E-4 1.9867321435755685 3.7358633764113735E-4
bipartite 0.0013162843174125611 4.0661736852554045 0.005352240653777329
follow 1.88040616773223E-4 0.0958817717032825 1.8029667488394604E-5
cardinality 3.76081233546446E-4 4.0661736852554045 0.0015292116153649508
performance 0.002444528018051899 0.7703368192510752 0.001883109937996235
currently 3.76081233546446E-4 1.4035858582299516 5.278623009514673E-4
sicilia 3.76081233546446E-4 5.1647859739235145 0.001942379080076538
response 1.88040616773223E-4 1.0539121097502027 1.981782831421968E-4
challenge 3.76081233546446E-4 0.9751312318970885 3.6672855656152254E-4
category 1.88040616773223E-4 0.8080771472339223 1.519513251662133E-4
