mostly 9.302325581395349E-4 1.1758019273592397 0.001093769234752781
year 0.0013953488372093023 0.5203950747821414 7.261326624867089E-4
govern 4.6511627906976747E-4 2.8622008809294686 0.001331256223688125
oversee 4.6511627906976747E-4 5.1647859739235145 0.00240222603438303
ambiguous 9.302325581395349E-4 2.5998366164619773 0.002418452666476258
perpetual 0.0013953488372093023 5.1647859739235145 0.00720667810314909
without 9.302325581395349E-4 0.32850406697203605 3.055851785786382E-4
viewing 9.302325581395349E-4 3.373026504695459 0.003137699074135311
offer 4.6511627906976747E-4 1.0059028905638423 4.6786180956457784E-4
would 0.0060465116279069765 0.5013468798114469 0.003031399738394795
complex 0.0013953488372093023 0.8472978603872037 0.0011822760842612144
record 9.302325581395349E-4 0.8340526336371831 7.758629150113331E-4
absent 0.0013953488372093023 2.9675613965872945 0.004140783344075295
because 0.005581395348837209 0.34450440831847723 0.0019228153022426637
authorize 4.6511627906976747E-4 3.7784916128036232 0.0017574379594435458
addition 9.302325581395349E-4 0.7953381214564925 7.398494153083652E-4
fictitious 9.302325581395349E-4 5.1647859739235145 0.00480445206876606
knowledge 9.302325581395349E-4 0.8080771472339223 7.516996718455092E-4
audience 9.302325581395349E-4 2.9675613965872945 0.00276052222938353
agreement 0.004186046511627907 1.906689435902032 0.007981490661915483
past 9.302325581395349E-4 1.293584963015623 0.0012033348493168587
impact 0.0013953488372093023 0.6874491594453075 9.592313852725221E-4
active 9.302325581395349E-4 1.1944940603713923 0.0011111572654617604
require 9.302325581395349E-4 0.3127557100038969 2.9093554418967155E-4
analysis 0.0013953488372093023 0.13434805253107854 1.874623988805747E-4
version 9.302325581395349E-4 1.293584963015623 0.0012033348493168587
easy 9.302325581395349E-4 1.3805963400052528 0.0012842756651211655
selection 9.302325581395349E-4 1.0872485300177945 0.001011393981411902
size 0.004186046511627907 0.12136085700426753 5.080221921108874E-4
interpretation 9.302325581395349E-4 1.4512139072192063 0.001349966425320192
science 0.0013953488372093023 1.5538680612792897 0.00216818799248273
consideration 4.6511627906976747E-4 1.3361445774344192 6.214625941555438E-4
much 9.302325581395349E-4 0.7827593392496325 7.281482225577977E-4
statute 9.302325581395349E-4 5.1647859739235145 0.00480445206876606
appropriate 9.302325581395349E-4 1.0539121097502027 9.803833579071653E-4
chapter 0.0013953488372093023 2.6798793241355137 0.00373936649879374
be 4.6511627906976747E-4 0.017291497110061043 8.04255679537723E-6
role 0.004651162790697674 0.664976303593249 0.0030929130399686
least 9.302325581395349E-4 0.653926467406664 6.083036906108503E-4
manual 0.0018604651162790699 1.4512139072192063 0.002699932850640384
example 0.002325581395348837 0.6988778552689304 0.001625297337834722
how 0.0018604651162790699 0.5496654570822546 0.0010226334085251248
capability 4.6511627906976747E-4 1.9867321435755685 9.240614621281715E-4
same 0.0013953488372093023 0.2972515234679317 4.1476956762967216E-4
indicate 4.6511627906976747E-4 0.4919571394616079 2.2881727416818973E-4
term 4.6511627906976747E-4 0.4643056081310978 2.1595609680516176E-4
vpat 9.302325581395349E-4 5.1647859739235145 0.00480445206876606
after 0.0013953488372093023 0.12136085700426753 1.6934073070362912E-4
omission 9.302325581395349E-4 4.0661736852554045 0.0037824871490747952
website 9.302325581395349E-4 2.331572629867298 0.0021689047719695796
address 9.302325581395349E-4 0.7827593392496325 7.281482225577977E-4
contain 0.0018604651162790699 0.6429973968744738 0.001196274226743207
learn 0.0027906976744186047 1.252762968495368 0.0034960827027777715
founder 4.6511627906976747E-4 5.1647859739235145 0.00240222603438303
staff 0.0018604651162790699 2.2744142160273495 0.004231468308888093
involve 4.6511627906976747E-4 0.9452782687474074 4.3966431104530576E-4
right 9.302325581395349E-4 1.4271163556401458 0.001327550098269903
possible 9.302325581395349E-4 0.38566248081198473 3.587557961041719E-4
sample 9.302325581395349E-4 0.6321864807702582 5.880804472281471E-4
the 0.08465116279069768 0.017291497110061043 0.0014637453367586557
suite 9.302325581395349E-4 3.5553480614894135 0.0033073005223157336
partner 4.6511627906976747E-4 2.5998366164619773 0.001209226333238129
unrelated 9.302325581395349E-4 2.456735772821304 0.002285335602624469
precedented 9.302325581395349E-4 5.1647859739235145 0.00480445206876606
information 0.002325581395348837 0.3049735695618419 7.09240859446144E-4
ancillary 9.302325581395349E-4 4.0661736852554045 0.0037824871490747952
discuss 9.302325581395349E-4 0.7827593392496325 7.281482225577977E-4
evidence 9.302325581395349E-4 0.8881198549074587 8.261580045650779E-4
resolve 9.302325581395349E-4 2.0292917579943643 0.0018877132632505716
language 0.0065116279069767444 0.664976303593249 0.0043300782559560404
promise 9.302325581395349E-4 2.5998366164619773 0.002418452666476258
do 4.6511627906976747E-4 0.14750613710858965 6.860750563190217E-5
red 9.302325581395349E-4 1.9459101490553132 0.0018101489758654077
institution 9.302325581395349E-4 1.9867321435755685 0.001848122924256343
act 0.0018604651162790699 1.121734706088964 0.0020869482903980727
redline 0.0018604651162790699 5.1647859739235145 0.00960890413753212
legal 0.004651162790697674 2.7668907011251433 0.012869259075000666
export 0.0013953488372093023 3.373026504695459 0.004706548611202966
conversation 9.302325581395349E-4 2.456735772821304 0.002285335602624469
train 9.302325581395349E-4 1.252762968495368 0.0011653609009259238
ada 0.0032558139534883722 5.1647859739235145 0.01681558224068121
area 0.0013953488372093023 0.664976303593249 9.2787391199058E-4
add 0.0013953488372093023 0.7827593392496325 0.0010922223338366965
which 9.302325581395349E-4 0.023122417420854212 2.1509225507771362E-5
commonly 9.302325581395349E-4 1.0216512475319812 9.503732535181221E-4
need 0.002325581395348837 0.27443684570176036 6.382252225622334E-4
pose 4.6511627906976747E-4 1.8325814637483102 8.523634715108421E-4
typically 9.302325581395349E-4 1.1394342831883648 0.0010599388680822
its 0.0018604651162790699 0.19497267434751336 3.6273985925118767E-4
often 0.0013953488372093023 0.5900749954201312 8.233604587257645E-4
check 4.6511627906976747E-4 1.5812670354674039 7.354730397522809E-4
list 0.0013953488372093023 0.8472978603872037 0.0011822760842612144
andrew 9.302325581395349E-4 4.0661736852554045 0.0037824871490747952
lack 0.0013953488372093023 0.5696661237889241 7.948829634264057E-4
volume 9.302325581395349E-4 1.3581234841531944 0.0012633706829332041
take 9.302325581395349E-4 0.368995428326773 3.432515612342075E-4
useful 9.302325581395349E-4 0.9162907318741551 8.523634715108421E-4
some 0.004651162790697674 0.2160260835453457 0.0010047724816062591
virtual 0.0013953488372093023 2.5998366164619773 0.003627678999714387
additional 0.0013953488372093023 0.5300569856938783 7.396143986426208E-4
for 0.017209302325581394 0.017291497110061043 2.9757460142895747E-4
compel 4.6511627906976747E-4 4.471638793363569 0.002079831996913288
training 0.0013953488372093023 1.0059028905638423 0.0014035854286937335
content 0.0013953488372093023 1.293584963015623 0.001805002273975288
miss 4.6511627906976747E-4 1.4512139072192063 6.74983212660096E-4
expanded 9.302325581395349E-4 2.2744142160273495 0.0021157341544440463
perhaps 9.302325581395349E-4 1.9459101490553132 0.0018101489758654077
reenvision 9.302325581395349E-4 5.1647859739235145 0.00480445206876606
provider 9.302325581395349E-4 1.9459101490553132 0.0018101489758654077
client 9.302325581395349E-4 3.5553480614894135 0.0033073005223157336
ignore 0.0013953488372093023 1.9867321435755685 0.0027721843863845142
enumerate 4.6511627906976747E-4 3.5553480614894135 0.0016536502611578668
company 0.0013953488372093023 1.6990500711237875 0.0023707675411029595
human 0.0013953488372093023 0.8743265327751228 0.0012199905108490087
notice 4.6511627906976747E-4 1.9867321435755685 9.240614621281715E-4
over 0.002325581395348837 0.3364722366212129 7.824935735377044E-4
pilot 0.0013953488372093023 3.7784916128036232 0.005272313878330637
identify 9.302325581395349E-4 0.3049735695618419 2.836963437784576E-4
custom 0.0013953488372093023 2.8622008809294686 0.003993768671064375
perform 0.0018604651162790699 0.2669461739726028 4.966440446001912E-4
false 0.002325581395348837 2.169053700369523 0.005044310931091914
length 9.302325581395349E-4 1.1944940603713923 0.0011111572654617604
with 0.014883720930232559 0.017291497110061043 2.5736181745207137E-4
modify 9.302325581395349E-4 1.5812670354674039 0.0014709460795045619
form 9.302325581395349E-4 0.5013468798114469 4.663691905222762E-4
approximately 9.302325581395349E-4 0.9452782687474074 8.793286220906115E-4
service 4.6511627906976747E-4 1.2329603411991883 5.734699261391574E-4
assistive 0.0013953488372093023 5.1647859739235145 0.00720667810314909
there 0.0069767441860465115 0.12136085700426753 8.467036535181456E-4
interpret 0.0018604651162790699 1.3581234841531944 0.0025267413658664082
publish 4.6511627906976747E-4 0.03488725900044054 1.622663209322816E-5
automate 9.302325581395349E-4 1.4759065198095778 0.0013729362974972817
developer 4.6511627906976747E-4 3.373026504695459 0.0015688495370676555
family 9.302325581395349E-4 1.8325814637483102 0.0017047269430216841
wade 9.302325581395349E-4 5.1647859739235145 0.00480445206876606
prompt 9.302325581395349E-4 1.8689491079191851 0.0017385573096922653
significantly 9.302325581395349E-4 0.5900749954201312 5.48906972483843E-4
upcoming 9.302325581395349E-4 3.0853444322436783 0.002870087843947608
college 4.6511627906976747E-4 2.456735772821304 0.0011426678013122344
explain 9.302325581395349E-4 0.9751312318970885 9.070988203693847E-4
expert 9.302325581395349E-4 1.6094379124341003 0.001497151546450326
education 0.0018604651162790699 1.730798769438368 0.0032200907338388244
select 4.6511627906976747E-4 0.5798184952529422 2.6968302104788007E-4
focus 4.6511627906976747E-4 0.4285875255290187 1.9934303512977614E-4
recommendation 4.6511627906976747E-4 1.6990500711237875 7.902558470343198E-4
convert 9.302325581395349E-4 1.121734706088964 0.0010434741451990364
entire 9.302325581395349E-4 1.1944940603713923 0.0011111572654617604
hope 9.302325581395349E-4 2.7668907011251433 0.0025738518150001336
legislative 9.302325581395349E-4 5.1647859739235145 0.00480445206876606
scholarly 0.0013953488372093023 3.373026504695459 0.004706548611202966
number 9.302325581395349E-4 0.14750613710858965 1.3721501126380434E-4
rehabilitation 9.302325581395349E-4 3.373026504695459 0.003137699074135311
balance 9.302325581395349E-4 1.6682784124570338 0.0015518868953088686
context 9.302325581395349E-4 0.8881198549074587 8.261580045650779E-4
easily 9.302325581395349E-4 1.4271163556401458 0.001327550098269903
text 0.0051162790697674414 0.8209805520698303 0.004200365615240992
per 0.0013953488372093023 0.7339691750802005 0.0010241430349956287
manipulation 9.302325581395349E-4 2.8622008809294686 0.00266251244737625
write 4.6511627906976747E-4 0.9162907318741551 4.2618173575542103E-4
algorithm 4.6511627906976747E-4 0.8472978603872037 3.940920280870715E-4
sentence 4.6511627906976747E-4 1.3146383722134554 6.114597080062583E-4
reduce 4.6511627906976747E-4 0.3941013494578493 1.8330295323620898E-4
gauge 9.302325581395349E-4 3.2188758248682006 0.002994303092900652
similar 0.0013953488372093023 0.20895891632225325 2.9157058091477196E-4
partnership 9.302325581395349E-4 4.0661736852554045 0.0037824871490747952
large 9.302325581395349E-4 0.22314355131420976 2.0757539657135794E-4
understand 0.0013953488372093023 1.0704414117014134 0.0014936391791182512
handle 4.6511627906976747E-4 1.5812670354674039 7.354730397522809E-4
propose 4.6511627906976747E-4 0.6214911916535102 2.8906567053651637E-4
relevance 0.0013953488372093023 2.073743520565198 0.002893595610090974
intelligence 0.004651162790697674 1.9459101490553132 0.009050744879327038
traditional 9.302325581395349E-4 1.1758019273592397 0.001093769234752781
system 9.302325581395349E-4 0.36076492919025743 3.3559528296768135E-4
million 9.302325581395349E-4 1.3805963400052528 0.0012842756651211655
field 9.302325581395349E-4 0.6988778552689304 6.501189351338888E-4
ensue 4.6511627906976747E-4 3.7784916128036232 0.0017574379594435458
john 9.302325581395349E-4 2.9675613965872945 0.00276052222938353
begin 0.0013953488372093023 1.9459101490553132 0.0027152234637981116
become 9.302325581395349E-4 0.6321864807702582 5.880804472281471E-4
other 0.002325581395348837 0.0408219945202552 9.493487097733768E-5
American 4.6511627906976747E-4 1.9459101490553132 9.050744879327039E-4
turnaround 9.302325581395349E-4 5.1647859739235145 0.00480445206876606
subscription 0.0013953488372093023 4.471638793363569 0.006239495990739864
functionality 9.302325581395349E-4 2.7668907011251433 0.0025738518150001336
distilled 9.302325581395349E-4 4.0661736852554045 0.0037824871490747952
synergistically 9.302325581395349E-4 5.1647859739235145 0.00480445206876606
library 0.002325581395348837 1.730798769438368 0.00402511341729853
encourage 4.6511627906976747E-4 1.79749014393704 8.360419274125768E-4
erb 0.004186046511627907 5.1647859739235145 0.02162003430944727
top 0.0013953488372093023 1.5538680612792897 0.00216818799248273
initialism 9.302325581395349E-4 5.1647859739235145 0.00480445206876606
member 9.302325581395349E-4 1.6094379124341003 0.001497151546450326
have 0.008837209302325582 0.017291497110061043 1.5280857911216736E-4
december 0.0018604651162790699 1.3361445774344192 0.0024858503766221752
ability 0.0032558139534883722 0.8881198549074587 0.0028915530159777728
map 9.302325581395349E-4 1.4512139072192063 0.001349966425320192
outcome 9.302325581395349E-4 0.8472978603872037 7.88184056174143E-4
table 9.302325581395349E-4 0.18117935221517753 1.685389322931884E-4
statewide 9.302325581395349E-4 4.471638793363569 0.004159663993826576
anonymize 4.6511627906976747E-4 3.5553480614894135 0.0016536502611578668
product 9.302325581395349E-4 1.3361445774344192 0.0012429251883110876
robust 9.302325581395349E-4 1.6682784124570338 0.0015518868953088686
may 0.0032558139534883722 0.15415067982725836 5.018859343213063E-4
question 0.0013953488372093023 0.8743265327751228 0.0012199905108490087
within 9.302325581395349E-4 0.3127557100038969 2.9093554418967155E-4
could 0.0018604651162790699 0.22314355131420976 4.151507931427159E-4
forward 0.0013953488372093023 1.730798769438368 0.0024150680503791182
change 4.6511627906976747E-4 0.3941013494578493 1.8330295323620898E-4
positive 4.6511627906976747E-4 0.6761496041913742 3.14488187995988E-4
corporate 9.302325581395349E-4 3.5553480614894135 0.0033073005223157336
discovery 9.302325581395349E-4 2.8622008809294686 0.00266251244737625
machine 9.302325581395349E-4 1.0539121097502027 9.803833579071653E-4
regard 4.6511627906976747E-4 0.4919571394616079 2.2881727416818973E-4
usc 9.302325581395349E-4 5.1647859739235145 0.00480445206876606
minor 9.302325581395349E-4 2.0292917579943643 0.0018877132632505716
arrow 9.302325581395349E-4 3.373026504695459 0.003137699074135311
use 0.0032558139534883722 0.03488725900044054 1.1358642465259711E-4
subject 9.302325581395349E-4 0.9021060968821986 8.391684622159987E-4
several 9.302325581395349E-4 0.3526016185510966 3.280015056289271E-4
screen 9.302325581395349E-4 1.7635885922613586 0.0016405475276849847
traction 9.302325581395349E-4 3.2188758248682006 0.002994303092900652
serve 0.0013953488372093023 1.1944940603713923 0.0016667358981926404
while 0.0018604651162790699 0.20895891632225325 3.8876077455302934E-4
upon 9.302325581395349E-4 1.5538680612792897 0.0014454586616551534
professionally 9.302325581395349E-4 4.471638793363569 0.004159663993826576
associate 4.6511627906976747E-4 0.38566248081198473 1.7937789805208594E-4
perception 4.6511627906976747E-4 1.252762968495368 5.826804504629619E-4
that 0.02 0.017291497110061043 3.458299422012209E-4
sift 4.6511627906976747E-4 3.7784916128036232 0.0017574379594435458
high 4.6511627906976747E-4 0.11492996667397702 5.345579845301257E-5
download 4.6511627906976747E-4 0.24480504809538922 1.138628130676229E-4
solution 0.0013953488372093023 1.0216512475319812 0.001425559880277183
academic 0.0013953488372093023 1.730798769438368 0.0024150680503791182
find 0.0027906976744186047 0.16083966797805488 4.4885488738061825E-4
negotiation 9.302325581395349E-4 3.373026504695459 0.003137699074135311
than 0.0013953488372093023 0.058840500022933395 8.210302328781404E-5
west 9.302325581395349E-4 2.6798793241355137 0.002492910999195827
host 9.302325581395349E-4 2.2744142160273495 0.0021157341544440463
directly 9.302325581395349E-4 0.7703368192510752 7.165923900010003E-4
regardless 0.0018604651162790699 1.79749014393704 0.003344167709650307
combine 4.6511627906976747E-4 0.6321864807702582 2.9404022361407357E-4
all 0.0065116279069767444 0.017291497110061043 1.1259579513528121E-4
new 0.0018604651162790699 0.36076492919025743 6.711905659353627E-4
law 0.0018604651162790699 2.5998366164619773 0.004836905332952516
read 0.0013953488372093023 1.3581234841531944 0.0018950560243998062
below 9.302325581395349E-4 1.4035858582299516 0.0013056612634697224
author 4.6511627906976747E-4 0.017291497110061043 8.04255679537723E-6
illustrate 4.6511627906976747E-4 1.252762968495368 5.826804504629619E-4
shall 9.302325581395349E-4 3.7784916128036232 0.0035148759188870916
less 9.302325581395349E-4 0.36076492919025743 3.3559528296768135E-4
establish 4.6511627906976747E-4 0.9600933545325481 4.4655504861978984E-4
tool 0.0013953488372093023 0.8743265327751228 0.0012199905108490087
expansion 9.302325581395349E-4 2.331572629867298 0.0021689047719695796
relevant 9.302325581395349E-4 0.7703368192510752 7.165923900010003E-4
license 0.0027906976744186047 3.373026504695459 0.009413097222405933
unit 0.0027906976744186047 1.1043429633770947 0.0030818873396570084
task 9.302325581395349E-4 1.0216512475319812 9.503732535181221E-4
fiscal 9.302325581395349E-4 4.471638793363569 0.004159663993826576
improve 0.0013953488372093023 0.377294231141468 5.264570667090251E-4
prediction 9.302325581395349E-4 1.5012243277938677 0.0013964877467849933
try 4.6511627906976747E-4 1.3581234841531944 6.316853414666021E-4
position 4.6511627906976747E-4 1.0059028905638423 4.6786180956457784E-4
present 0.0013953488372093023 0.083381608939051 1.1634643107774559E-4
datum 4.6511627906976747E-4 0.167573700159399 7.794125588809257E-5
flvc 0.011627906976744186 5.1647859739235145 0.060055650859575746
locate 0.0013953488372093023 1.5812670354674039 0.0022064191192568425
university 0.0013953488372093023 1.1043429633770947 0.0015409436698285042
investigate 4.6511627906976747E-4 0.653926467406664 3.0415184530542517E-4
and 0.03395348837209302 0.017291497110061043 5.871066460625377E-4
define 4.6511627906976747E-4 0.3526016185510966 1.6400075281446355E-4
reserve 4.6511627906976747E-4 4.471638793363569 0.002079831996913288
make 4.6511627906976747E-4 0.2521310881874621 1.1727027357556378E-4
possibility 9.302325581395349E-4 1.0704414117014134 9.95759452745501E-4
allude 4.6511627906976747E-4 4.0661736852554045 0.0018912435745373976
brief 9.302325581395349E-4 2.2203469947570738 0.002065439064890301
determine 9.302325581395349E-4 0.40261203912575794 3.745228270937283E-4
problematic 0.0013953488372093023 2.5257286443082556 0.003524272526941752
automatic 9.302325581395349E-4 1.5812670354674039 0.0014709460795045619
specific 0.0018604651162790699 0.40261203912575794 7.490456541874566E-4
any 0.0037209302325581397 0.2669461739726028 9.932880892003825E-4
despite 9.302325581395349E-4 0.7221347174331975 6.717532255192535E-4
intelligent 0.0013953488372093023 2.5998366164619773 0.003627678999714387
legalsifter 0.0051162790697674414 5.1647859739235145 0.02642448637821333
application 0.002325581395348837 0.7703368192510752 0.0017914809750025004
conduct 4.6511627906976747E-4 0.5798184952529422 2.6968302104788007E-4
due 9.302325581395349E-4 0.20895891632225325 1.9438038727651467E-4
engage 9.302325581395349E-4 1.79749014393704 0.0016720838548251536
unfamiliar 9.302325581395349E-4 3.5553480614894135 0.0033073005223157336
interested 0.0013953488372093023 1.8689491079191851 0.0026078359645383977
depend 4.6511627906976747E-4 0.8472978603872037 3.940920280870715E-4
accessibility 0.004651162790697674 2.8622008809294686 0.013312562236881249
about 0.0018604651162790699 0.377294231141468 7.019427556120336E-4
empirical 9.302325581395349E-4 1.8325814637483102 0.0017047269430216841
discussion 0.0018604651162790699 0.23031204079282225 4.2848751775408794E-4
expedient 9.302325581395349E-4 4.471638793363569 0.004159663993826576
professional 4.6511627906976747E-4 1.5538680612792897 7.227293308275767E-4
reflect 4.6511627906976747E-4 0.7827593392496325 3.6407411127889884E-4
above 9.302325581395349E-4 0.9021060968821986 8.391684622159987E-4
state 0.0018604651162790699 0.6761496041913742 0.001257952751983952
recent 9.302325581395349E-4 0.5596157879354227 5.205728259864397E-4
they 0.004186046511627907 0.05279818556697083 2.2101566051290115E-4
comprise 4.6511627906976747E-4 1.4759065198095778 6.864681487486409E-4
proposal 9.302325581395349E-4 2.5998366164619773 0.002418452666476258
edit 4.6511627906976747E-4 2.5257286443082556 0.001174757508980584
expediently 9.302325581395349E-4 5.1647859739235145 0.00480445206876606
then 9.302325581395349E-4 0.4285875255290187 3.986860702595523E-4
testament 9.302325581395349E-4 4.471638793363569 0.004159663993826576
each 0.0027906976744186047 0.13434805253107854 3.749247977611494E-4
benefit 0.0013953488372093023 1.0059028905638423 0.0014035854286937335
attorney 4.6511627906976747E-4 4.471638793363569 0.002079831996913288
twelve 9.302325581395349E-4 2.9675613965872945 0.00276052222938353
unique 9.302325581395349E-4 1.157452788691043 0.0010767002685498075
consistently 0.0018604651162790699 2.331572629867298 0.004337809543939159
processing 9.302325581395349E-4 0.7221347174331975 6.717532255192535E-4
must 0.0013953488372093023 1.0376515888784226 0.001447885937969892
oppose 4.6511627906976747E-4 2.331572629867298 0.0010844523859847898
access 0.0013953488372093023 1.1394342831883648 0.0015899083021232998
frequently 9.302325581395349E-4 1.157452788691043 0.0010767002685498075
automatically 0.0013953488372093023 1.4759065198095778 0.0020594044462459225
document 0.0074418604651162795 0.8743265327751228 0.0065066160578613795
another 0.0013953488372093023 0.40261203912575794 5.617842406405925E-4
two 0.0027906976744186047 0.11492996667397702 3.207347907180754E-4
seek 4.6511627906976747E-4 1.3581234841531944 6.316853414666021E-4
promote 9.302325581395349E-4 1.4512139072192063 0.001349966425320192
into 0.0027906976744186047 0.10854016857520597 3.0290279602383064E-4
current 0.002325581395348837 0.4919571394616079 0.0011440863708409485
outline 4.6511627906976747E-4 2.0292917579943643 9.438566316252858E-4
variety 9.302325581395349E-4 1.0539121097502027 9.803833579071653E-4
spreadsheet 9.302325581395349E-4 4.471638793363569 0.004159663993826576
relationship 9.302325581395349E-4 0.758066726659261 7.051783503807079E-4
key 0.0013953488372093023 0.9751312318970885 0.001360648230554077
calendar 9.302325581395349E-4 3.373026504695459 0.003137699074135311
clause 0.0013953488372093023 3.7784916128036232 0.005272313878330637
receive 4.6511627906976747E-4 0.653926467406664 3.0415184530542517E-4
middle 9.302325581395349E-4 2.2744142160273495 0.0021157341544440463
necessary 0.0018604651162790699 0.8607208807193443 0.0016013411734313384
decision 9.302325581395349E-4 0.9452782687474074 8.793286220906115E-4
correspondence 9.302325581395349E-4 3.2188758248682006 0.002994303092900652
one 0.0032558139534883722 0.06491954609931569 2.1136596404428365E-4
checklist 0.002325581395348837 4.471638793363569 0.01039915998456644
team 0.0013953488372093023 1.8689491079191851 0.0026078359645383977
reviewer 9.302325581395349E-4 3.5553480614894135 0.0033073005223157336
many 0.0013953488372093023 0.20194134366360675 2.817786190654978E-4
such 0.0018604651162790699 0.10219094089654716 1.9012268073776217E-4
appear 4.6511627906976747E-4 0.7459453661269161 3.469513330822866E-4
face 9.302325581395349E-4 1.5538680612792897 0.0014454586616551534
nlp 0.0018604651162790699 0.41119578281714936 7.65015409892371E-4
rachel 0.004186046511627907 4.471638793363569 0.018718487972219592
assist 0.0018604651162790699 2.073743520565198 0.003858127480121299
but 0.004186046511627907 0.083381608939051 3.490392932332368E-4
through 9.302325581395349E-4 0.2595111954850846 2.414057632419392E-4
deterrent 9.302325581395349E-4 5.1647859739235145 0.00480445206876606
strength 4.6511627906976747E-4 1.5538680612792897 7.227293308275767E-4
florida 0.004186046511627907 4.471638793363569 0.018718487972219592
invest 0.0013953488372093023 3.2188758248682006 0.004491454639350977
available 0.0013953488372093023 0.5696661237889241 7.948829634264057E-4
remains 9.302325581395349E-4 1.4512139072192063 0.001349966425320192
express 4.6511627906976747E-4 0.8743265327751228 4.066635036163362E-4
garner 4.6511627906976747E-4 3.5553480614894135 0.0016536502611578668
confine 9.302325581395349E-4 3.5553480614894135 0.0033073005223157336
microsoft 9.302325581395349E-4 3.2188758248682006 0.002994303092900652
challenging 9.302325581395349E-4 1.5538680612792897 0.0014454586616551534
lifecycle 9.302325581395349E-4 5.1647859739235145 0.00480445206876606
presentation 0.0013953488372093023 1.6094379124341003 0.0022457273196754887
budgetary 9.302325581395349E-4 4.0661736852554045 0.0037824871490747952
initiate 4.6511627906976747E-4 2.456735772821304 0.0011426678013122344
either 0.0032558139534883722 0.7827593392496325 0.002548518778952292
view 0.0013953488372093023 1.121734706088964 0.0015652112177985543
continue 9.302325581395349E-4 1.5812670354674039 0.0014709460795045619
five 0.0013953488372093023 0.9021060968821986 0.001258752693323998
termination 0.0013953488372093023 3.7784916128036232 0.005272313878330637
ensure 0.0013953488372093023 1.0216512475319812 0.001425559880277183
campus 0.0013953488372093023 5.1647859739235145 0.00720667810314909
this 0.013023255813953489 0.017291497110061043 2.2519159027056243E-4
engineering 9.302325581395349E-4 2.0292917579943643 0.0018877132632505716
develop 4.6511627906976747E-4 0.32850406697203605 1.527925892893191E-4
sharing 9.302325581395349E-4 2.169053700369523 0.0020177243724367657
look 9.302325581395349E-4 1.1758019273592397 0.001093769234752781
opt 4.6511627906976747E-4 2.5998366164619773 0.001209226333238129
measure 4.6511627906976747E-4 0.48265474679929443 2.244905799066486E-4
especially 0.0013953488372093023 0.7104386776700063 9.913097827953577E-4
once 0.0013953488372093023 1.4271163556401458 0.0019913251474048548
procurement 0.0018604651162790699 5.1647859739235145 0.00960890413753212
solve 0.0013953488372093023 1.4271163556401458 0.0019913251474048548
name 9.302325581395349E-4 1.157452788691043 0.0010767002685498075
know 4.6511627906976747E-4 0.6214911916535102 2.8906567053651637E-4
demonstrate 4.6511627906976747E-4 0.5108256237659907 2.3759331337953058E-4
full 0.004186046511627907 0.14750613710858965 6.174675506871195E-4
universality 9.302325581395349E-4 4.471638793363569 0.004159663993826576
next 9.302325581395349E-4 0.8080771472339223 7.516996718455092E-4
absence 0.002325581395348837 1.3581234841531944 0.00315842670733301
concept 0.0018604651162790699 1.157452788691043 0.002153400537099615
show 4.6511627906976747E-4 0.0771896386911299 3.5902157530758094E-5
rule 4.6511627906976747E-4 1.1043429633770947 5.136478899428348E-4
interlibrary 9.302325581395349E-4 5.1647859739235145 0.00480445206876606
privacy 9.302325581395349E-4 2.5998366164619773 0.002418452666476258
learning 0.0013953488372093023 0.9306794693262548 0.0012986225153389602
we 4.6511627906976747E-4 0.19497267434751336 9.068496481279692E-5
conclusion 9.302325581395349E-4 0.28958865072236245 2.693847913696395E-4
not 0.010232558139534883 0.03488725900044054 3.5698590605101946E-4
negative 4.6511627906976747E-4 0.6321864807702582 2.9404022361407357E-4
proprietary 9.302325581395349E-4 4.471638793363569 0.004159663993826576
common 9.302325581395349E-4 0.3526016185510966 3.280015056289271E-4
interest 0.0013953488372093023 1.0059028905638423 0.0014035854286937335
throughout 9.302325581395349E-4 1.4759065198095778 0.0013729362974972817
definition 0.0018604651162790699 1.252762968495368 0.0023307218018518475
archival 0.0013953488372093023 5.1647859739235145 0.00720667810314909
enhance 4.6511627906976747E-4 1.1944940603713923 5.555786327308802E-4
rutter 9.302325581395349E-4 5.1647859739235145 0.00480445206876606
allocation 9.302325581395349E-4 2.120263536200091 0.001972338173209387
figure 0.012093023255813953 0.18805223150293962 0.002274120008872758
appropriately 9.302325581395349E-4 3.0853444322436783 0.002870087843947608
teach 4.6511627906976747E-4 2.5998366164619773 0.001209226333238129
technology 0.0027906976744186047 1.293584963015623 0.003610004547950576
configure 4.6511627906976747E-4 3.7784916128036232 0.0017574379594435458
manage 4.6511627906976747E-4 1.4035858582299516 6.528306317348612E-4
demonstrably 9.302325581395349E-4 4.471638793363569 0.004159663993826576
artificial 0.004651162790697674 1.5012243277938677 0.006982438733924966
what 0.0013953488372093023 0.8209805520698303 0.0011455542587020888
detailed 9.302325581395349E-4 1.1394342831883648 0.0010599388680822
fund 4.6511627906976747E-4 2.9675613965872945 0.001380261114691765
refer 4.6511627906976747E-4 0.7827593392496325 3.6407411127889884E-4
duty 4.6511627906976747E-4 3.373026504695459 0.0015688495370676555
comment 9.302325581395349E-4 2.073743520565198 0.0019290637400606494
risk 0.002325581395348837 0.758066726659261 0.0017629458759517698
time 0.0013953488372093023 0.167573700159399 2.338237676642777E-4
base 4.6511627906976747E-4 0.14090545307723773 6.553742003592453E-5
software 0.010232558139534883 1.157452788691043 0.011843702954047882
usage 9.302325581395349E-4 1.8689491079191851 0.0017385573096922653
decide 4.6511627906976747E-4 1.6384254493073527 7.620583485150478E-4
program 9.302325581395349E-4 1.6094379124341003 0.001497151546450326
during 9.302325581395349E-4 0.28958865072236245 2.693847913696395E-4
type 0.0032558139534883722 0.3364722366212129 0.001095491002952786
when 0.0013953488372093023 0.14750613710858965 2.0582251689570648E-4
three 0.002325581395348837 0.22314355131420976 5.189384914283948E-4
april 0.004186046511627907 1.906689435902032 0.007981490661915483
relate 4.6511627906976747E-4 0.27443684570176036 1.276450445124467E-4
problem 0.0013953488372093023 0.7221347174331975 0.0010076298382788802
review 0.015348837209302326 0.4734380916943703 0.007266724198099637
enable 0.0018604651162790699 0.9751312318970885 0.0018141976407387694
price 9.302325581395349E-4 2.331572629867298 0.0021689047719695796
broad 9.302325581395349E-4 1.2135422553420867 0.0011288765165972901
catch 0.0013953488372093023 3.0853444322436783 0.004305131765921412
presence 0.002325581395348837 0.9751312318970885 0.0022677470509234617
dependent 9.302325581395349E-4 1.3805963400052528 0.0012842756651211655
case 0.0013953488372093023 0.24480504809538922 3.4158843920286866E-4
layperson 9.302325581395349E-4 4.0661736852554045 0.0037824871490747952
inability 9.302325581395349E-4 3.0853444322436783 0.002870087843947608
mccarthy 9.302325581395349E-4 4.0661736852554045 0.0037824871490747952
item 9.302325581395349E-4 1.8325814637483102 0.0017047269430216841
method 0.0013953488372093023 0.0958817717032825 1.3378851865574303E-4
natural 0.0013953488372093023 0.6429973968744738 8.972056700574053E-4
work 0.0027906976744186047 0.4285875255290187 0.0011960582107786567
contract 0.013488372093023256 3.5553480614894135 0.047955857573578134
agree 4.6511627906976747E-4 1.79749014393704 8.360419274125768E-4
exist 4.6511627906976747E-4 0.664976303593249 3.0929130399686E-4
itself 9.302325581395349E-4 1.7635885922613586 0.0016405475276849847
provide 9.302325581395349E-4 0.167573700159399 1.5588251177618513E-4
mellon 9.302325581395349E-4 4.0661736852554045 0.0037824871490747952
rely 9.302325581395349E-4 1.1758019273592397 0.001093769234752781
among 9.302325581395349E-4 0.32850406697203605 3.055851785786382E-4
suit 4.6511627906976747E-4 2.8622008809294686 0.001331256223688125
word 0.0018604651162790699 0.8743265327751228 0.0016266540144653449
explicitly 9.302325581395349E-4 1.5812670354674039 0.0014709460795045619
study 4.6511627906976747E-4 0.07103577311675174 3.303989447290779E-5
flag 0.002325581395348837 3.5553480614894135 0.008268251305789334
log 4.6511627906976747E-4 1.8325814637483102 8.523634715108421E-4
confidentiality 9.302325581395349E-4 3.2188758248682006 0.002994303092900652
teaching 9.302325581395349E-4 2.392197251683733 0.0022252997690081237
foundation 9.302325581395349E-4 1.9867321435755685 0.001848122924256343
carnegie 9.302325581395349E-4 4.471638793363569 0.004159663993826576
derive 4.6511627906976747E-4 1.2329603411991883 5.734699261391574E-4
out 9.302325581395349E-4 0.368995428326773 3.432515612342075E-4
gain 9.302325581395349E-4 0.9751312318970885 9.070988203693847E-4
capacity 9.302325581395349E-4 1.730798769438368 0.0016100453669194122
computer 0.0013953488372093023 1.5012243277938677 0.00209473162017749
fall 9.302325581395349E-4 1.6682784124570338 0.0015518868953088686
feature 4.6511627906976747E-4 0.7221347174331975 3.3587661275962677E-4
web 0.0013953488372093023 1.6384254493073527 0.0022861750455451433
precise 9.302325581395349E-4 2.2744142160273495 0.0021157341544440463
place 4.6511627906976747E-4 0.9600933545325481 4.4655504861978984E-4
licensing 0.0018604651162790699 4.0661736852554045 0.0075649742981495904
include 0.0027906976744186047 0.0771896386911299 2.1541294518454855E-4
means 9.302325581395349E-4 0.6988778552689304 6.501189351338888E-4
funding 9.302325581395349E-4 2.9675613965872945 0.00276052222938353
alongside 9.302325581395349E-4 3.2188758248682006 0.002994303092900652
sifter 0.008837209302325582 5.1647859739235145 0.04564229465327757
efficient 9.302325581395349E-4 1.3581234841531944 0.0012633706829332041
initial 9.302325581395349E-4 0.6988778552689304 6.501189351338888E-4
more 0.0032558139534883722 0.05279818556697083 1.71901069287812E-4
observation 4.6511627906976747E-4 1.2135422553420867 5.644382582986451E-4
display 0.0051162790697674414 0.16083966797805488 8.229006268644668E-4
consistent 9.302325581395349E-4 0.9306794693262548 8.657483435593068E-4
great 9.302325581395349E-4 0.5398131606392429 5.021517773388306E-4
help 0.004186046511627907 0.6874491594453075 0.0028776941558175664
organization 0.0013953488372093023 1.5538680612792897 0.00216818799248273
first 9.302325581395349E-4 0.167573700159399 1.5588251177618513E-4
specifics 9.302325581395349E-4 4.471638793363569 0.004159663993826576
quick 9.302325581395349E-4 2.456735772821304 0.002285335602624469
prefer 4.6511627906976747E-4 1.9459101490553132 9.050744879327039E-4
disability 4.6511627906976747E-4 2.9675613965872945 0.001380261114691765
craft 4.6511627906976747E-4 4.0661736852554045 0.0018912435745373976
section 9.302325581395349E-4 0.6988778552689304 6.501189351338888E-4
experience 0.0027906976744186047 1.1043429633770947 0.0030818873396570084
translate 9.302325581395349E-4 1.906689435902032 0.001773664591536774
reference 9.302325581395349E-4 1.2135422553420867 0.0011288765165972901
only 0.0013953488372093023 0.10854016857520597 1.5145139801191532E-4
should 9.302325581395349E-4 0.368995428326773 3.432515612342075E-4
few 0.002325581395348837 0.5013468798114469 0.0011659229763056904
create 4.6511627906976747E-4 0.7339691750802005 3.413810116652096E-4
from 0.0037209302325581397 0.023122417420854212 8.603690203108545E-5
bear 4.6511627906976747E-4 2.456735772821304 0.0011426678013122344
uploading 9.302325581395349E-4 5.1647859739235145 0.00480445206876606
consider 9.302325581395349E-4 0.17435338714477774 1.621891973439793E-4
potential 0.0018604651162790699 0.4373981552111735 8.137640096952065E-4
day 4.6511627906976747E-4 0.8881198549074587 4.1307900228253897E-4
group 9.302325581395349E-4 0.41119578281714936 3.825077049461855E-4
combination 9.302325581395349E-4 0.6761496041913742 6.28976375991976E-4
negotiate 4.6511627906976747E-4 3.7784916128036232 0.0017574379594435458
development 0.0018604651162790699 0.5596157879354227 0.0010411456519728794
like 9.302325581395349E-4 0.7703368192510752 7.165923900010003E-4
capture 4.6511627906976747E-4 0.990398704027877 4.6065056001296607E-4
both 9.302325581395349E-4 0.13434805253107854 1.2497493258704982E-4
most 0.002325581395348837 0.0771896386911299 1.7951078765379044E-4
important 0.0013953488372093023 0.2669461739726028 3.7248303345014343E-4
transfer 4.6511627906976747E-4 1.5271998141971284 7.103254949754086E-4
countless 9.302325581395349E-4 4.0661736852554045 0.0037824871490747952
provision 9.302325581395349E-4 2.9675613965872945 0.00276052222938353
who 9.302325581395349E-4 0.44628710262841953 4.151507931427159E-4
potentially 9.302325581395349E-4 1.1394342831883648 0.0010599388680822
note 0.0013953488372093023 0.5013468798114469 6.995537857834143E-4
request 9.302325581395349E-4 2.073743520565198 0.0019290637400606494
week 9.302325581395349E-4 1.4035858582299516 0.0013056612634697224
critical 9.302325581395349E-4 1.2135422553420867 0.0011288765165972901
advice 0.0027906976744186047 2.7668907011251433 0.0077215554450004
interact 9.302325581395349E-4 1.7635885922613586 0.0016405475276849847
protract 9.302325581395349E-4 5.1647859739235145 0.00480445206876606
point 4.6511627906976747E-4 0.5108256237659907 2.3759331337953058E-4
can 0.0060465116279069765 0.0958817717032825 5.797502475082197E-4
general 0.0027906976744186047 0.4734380916943703 0.0013212225814726612
database 0.0013953488372093023 1.2329603411991883 0.001720409778417472
saa 4.6511627906976747E-4 5.1647859739235145 0.00240222603438303
public 0.0027906976744186047 1.3361445774344192 0.0037287755649332626
ready 9.302325581395349E-4 2.8622008809294686 0.00266251244737625
biologically 9.302325581395349E-4 4.471638793363569 0.004159663993826576
value 4.6511627906976747E-4 0.34450440831847723 1.60234608520222E-4
introduction 9.302325581395349E-4 0.10219094089654716 9.506134036888109E-5
process 0.0027906976744186047 0.41985384556026406 0.001171685150400737
move 4.6511627906976747E-4 1.4512139072192063 6.74983212660096E-4
will 0.004651162790697674 0.3526016185510966 0.0016400075281446354
implementation 0.0013953488372093023 1.3146383722134554 0.001834379124018775
stephen 9.302325581395349E-4 3.2188758248682006 0.002994303092900652
also 0.004651162790697674 0.05279818556697083 2.455729561254457E-4
enough 9.302325581395349E-4 1.4512139072192063 0.001349966425320192
instead 9.302325581395349E-4 1.0376515888784226 9.65257291979928E-4
follow 4.6511627906976747E-4 0.0958817717032825 4.459617288524768E-5
performance 0.0013953488372093023 0.7703368192510752 0.0010748885850015003
currently 0.0013953488372093023 1.4035858582299516 0.0019584918952045838
someone 9.302325581395349E-4 2.6798793241355137 0.002492910999195827
build 0.0013953488372093023 0.9162907318741551 0.001278545207266263
variance 9.302325581395349E-4 1.8689491079191851 0.0017385573096922653
challenge 9.302325581395349E-4 0.9751312318970885 9.070988203693847E-4
aptly 9.302325581395349E-4 4.471638793363569 0.004159663993826576
latter 9.302325581395349E-4 1.8325814637483102 0.0017047269430216841
user 0.0037209302325581397 1.293584963015623 0.004813339397267435
sophie 9.302325581395349E-4 5.1647859739235145 0.00480445206876606
