parent 0.0024012224405151714 2.9675613965872945 0.007125775019091954
electronics 6.548788474132286E-4 4.0661736852554045 0.0026628511363820592
accuracy 0.005020737830168085 1.0539121097502027 0.005291416399095102
bag 4.365858982754857E-4 2.8622008809294686 0.0012495965426454784
annotate 0.0010914647456887142 1.8689491079191851 0.0020398920627801628
multinom 4.365858982754857E-4 5.1647859739235145 0.0022548727238260267
inflexion 2.1829294913774285E-4 5.1647859739235145 0.0011274363619130133
tokenization 6.548788474132286E-4 2.8622008809294686 0.0018743948139682178
without 4.365858982754857E-4 0.32850406697203605 1.4342024316613667E-4
Turkish 2.1829294913774285E-4 3.7784916128036232 8.248180774511292E-4
score 0.0015280506439641999 1.0059028905638423 0.0015370705596915292
dev 8.731717965509714E-4 5.1647859739235145 0.004509745447652053
neighbourhood 4.365858982754857E-4 3.0853444322436783 0.0013470178704403748
rae 4.365858982754857E-4 5.1647859739235145 0.0022548727238260267
understanding 0.0010914647456887142 0.990398704027877 0.0010809852696222189
morphologic 4.365858982754857E-4 4.471638793363569 0.0019522544393641428
because 6.548788474132286E-4 0.34450440831847723 2.2560864984838065E-4
calculate 4.365858982754857E-4 0.7221347174331975 3.1527383428648655E-4
sake 6.548788474132286E-4 3.5553480614894135 0.0023283222406610435
you 6.548788474132286E-4 2.2203469947570738 0.0014540582807839382
addition 0.0017463435931019428 0.7953381214564925 0.0013889336327552806
happen 2.1829294913774285E-4 1.9867321435755685 4.336896187678604E-4
successfully 6.548788474132286E-4 1.5538680612792897 0.0010175953250028092
grow 2.1829294913774285E-4 1.2329603411991883 2.6914654905024846E-4
subjectivity 4.365858982754857E-4 2.9675613965872945 0.0012955954580167188
impact 4.365858982754857E-4 0.6874491594453075 3.0013060879515715E-4
noun 8.731717965509714E-4 2.5998366164619773 0.0022701040091351035
neutral 6.548788474132286E-4 2.392197251683733 0.001566599378967736
raw 6.548788474132286E-4 2.2744142160273495 0.0014894657603322526
require 2.1829294913774285E-4 0.3127557100038969 6.827236629641932E-5
analysis 0.008513425016371971 0.13434805253107854 0.0011437620713189397
version 0.0015280506439641999 1.293584963015623 0.0019766633357584285
size 0.0026195153896529143 0.12136085700426753 3.1790663262414547E-4
left 8.731717965509714E-4 1.2729656758128876 0.0011115177260972605
unsupervised 6.548788474132286E-4 2.0292917579943643 0.0013289402475405137
domain 6.548788474132286E-4 1.1394342831883648 7.461914100775147E-4
detail 2.1829294913774285E-4 1.0216512475319812 2.230192638140103E-4
much 0.0021829294913774284 0.7827593392496325 0.0017087084462991322
rhetorical 4.365858982754857E-4 5.1647859739235145 0.0022548727238260267
average 0.0010914647456887142 0.7104386776700063 7.754187706505199E-4
statistical 4.365858982754857E-4 0.653926467406664 2.854950741788535E-4
compare 8.731717965509714E-4 0.17435338714477774 1.5224046028795263E-4
be 2.1829294913774285E-4 0.017291497110061043 3.7746118991619827E-6
independent 4.365858982754857E-4 1.0059028905638423 4.3916301705472266E-4
achieve 4.365858982754857E-4 0.6109090823229731 2.667142904706279E-4
manual 6.548788474132286E-4 1.4512139072192063 9.503692909097618E-4
booster 0.0017463435931019428 4.0661736852554045 0.007100936363685491
example 0.0021829294913774284 0.6988778552689304 0.0015256010811371544
result 4.365858982754857E-4 0.058840500022933395 2.5688932557491114E-5
adaptive 4.365858982754857E-4 2.5257286443082556 0.0011026975089754444
see 4.365858982754857E-4 0.5696661237889241 2.4870819637150146E-4
same 0.0010914647456887142 0.2972515234679317 3.2443955846750893E-4
composition 4.365858982754857E-4 2.9675613965872945 0.0012955954580167188
term 2.1829294913774285E-4 0.4643056081310978 1.0135464050013049E-4
after 0.0015280506439641999 0.12136085700426753 1.8544553569741818E-4
annotation 0.006330495524994543 2.120263536200091 0.013422318827723781
minimize 2.1829294913774285E-4 1.79749014393704 3.9237942456604236E-4
website 4.365858982754857E-4 2.331572629867298 0.0010179317310051509
address 4.365858982754857E-4 0.7827593392496325 3.4174168925982647E-4
contain 0.0013097576948264572 0.6429973968744738 8.421707883097233E-4
set 0.0024012224405151714 0.5108256237659907 0.001226605950977057
learn 0.0010914647456887142 1.252762968495368 0.0013673466148170356
keeping 4.365858982754857E-4 2.456735772821304 0.0010725761942027086
namely 8.731717965509714E-4 2.073743520565198 0.0018107343554378502
possible 8.731717965509714E-4 0.38566248081198473 3.3674960123290527E-4
right 0.0010914647456887142 1.4271163556401458 0.0015576471901769765
the 0.11482209124645273 0.017291497110061043 0.001985445858959203
fast 6.548788474132286E-4 1.3581234841531944 8.894063419470821E-4
stage 4.365858982754857E-4 1.3581234841531944 5.929375612980548E-4
series 4.365858982754857E-4 1.1758019273592397 5.133385406501811E-4
maximum 0.0017463435931019428 1.2329603411991883 0.0021531723924019877
pathway 6.548788474132286E-4 2.073743520565198 0.0013580507665783878
information 0.0028378083387906572 0.3049735695618419 8.654565388133476E-4
somewhat 0.0019646365422396855 2.5998366164619773 0.005107734020553982
shallow 4.365858982754857E-4 3.0853444322436783 0.0013470178704403748
novel 8.731717965509714E-4 1.3805963400052528 0.0012054977865140824
naive 4.365858982754857E-4 2.6798793241355137 0.0011699975219976047
treebank 0.009604889762060686 4.0661736852554045 0.039055150000270204
represent 4.365858982754857E-4 0.4285875255290187 1.871152698227543E-4
essential 4.365858982754857E-4 1.252762968495368 5.469386459268143E-4
discuss 2.1829294913774285E-4 0.7827593392496325 1.7087084462991323E-4
standard 6.548788474132286E-4 0.7221347174331975 4.7291075142972985E-4
encode 2.1829294913774285E-4 1.79749014393704 3.9237942456604236E-4
nine 4.365858982754857E-4 1.9459101490553132 8.495569303886982E-4
correct 4.365858982754857E-4 1.4759065198095778 6.443599737217104E-4
sometimes 4.365858982754857E-4 1.9459101490553132 8.495569303886982E-4
corpus 4.365858982754857E-4 1.6094379124341003 7.026578967186641E-4
lemma 4.365858982754857E-4 4.0661736852554045 0.0017752340909213727
language 0.0032743942370661427 0.664976303593249 0.0021773945762712803
do 2.1829294913774285E-4 0.14750613710858965 3.2199549685350285E-5
good 0.0010914647456887142 0.2160260835453457 2.3578485433894966E-4
observe 2.1829294913774285E-4 0.5496654570822546 1.1998809366563077E-4
syntactic 6.548788474132286E-4 2.2203469947570738 0.0014540582807839382
post 2.1829294913774285E-4 1.6990500711237875 3.7089065075830333E-4
hierarchical 8.731717965509714E-4 2.5257286443082556 0.002205395017950889
besides 4.365858982754857E-4 1.8689491079191851 8.159568251120651E-4
implement 4.365858982754857E-4 1.0376515888784226 4.530240510274711E-4
predicted 6.548788474132286E-4 1.5271998141971284 0.0010001308540911122
polarity 0.0091683038637852 2.6798793241355137 0.024569947961949702
train 0.0015280506439641999 1.252762968495368 0.0019142852607438499
area 2.1829294913774285E-4 0.664976303593249 1.4515963841808536E-4
which 0.0056756166775813145 0.023122417420854212 1.312339779397969E-4
add 4.365858982754857E-4 0.7827593392496325 3.4174168925982647E-4
commonly 4.365858982754857E-4 1.0216512475319812 4.460385276280206E-4
test 8.731717965509714E-4 0.44628710262841953 3.8968531117958483E-4
need 4.365858982754857E-4 0.27443684570176036 1.1981525680059391E-4
count 2.1829294913774285E-4 1.0376515888784226 2.2651202551373555E-4
its 0.0021829294913774284 0.19497267434751336 4.2561160084591437E-4
check 2.1829294913774285E-4 1.5812670354674039 3.451794445464754E-4
list 0.0010914647456887142 0.8472978603872037 9.247957437101109E-4
lack 8.731717965509714E-4 0.5696661237889241 4.974163927430029E-4
take 6.548788474132286E-4 0.368995428326773 2.416473008033877E-4
growingvery 4.365858982754857E-4 5.1647859739235145 0.0022548727238260267
mutual 4.365858982754857E-4 2.7668907011251433 0.0012079854621808092
parser 2.1829294913774285E-4 3.2188758248682006 7.026578967186641E-4
success 4.365858982754857E-4 1.6094379124341003 7.026578967186641E-4
wordnet 6.548788474132286E-4 4.0661736852554045 0.0026628511363820592
final 6.548788474132286E-4 0.6988778552689304 4.5768032434114636E-4
relatively 4.365858982754857E-4 0.8209805520698303 3.5842853179211104E-4
child 0.0021829294913774284 2.2744142160273495 0.004964885867774175
some 4.365858982754857E-4 0.2160260835453457 9.431394173557987E-5
senticnet 4.365858982754857E-4 5.1647859739235145 0.0022548727238260267
deep 0.0061122025758567995 1.157452788691043 0.00707458591647003
blank 6.548788474132286E-4 3.373026504695459 0.0022089237096892334
neural 0.0056756166775813145 1.5271998141971284 0.008667800735456307
atla 2.1829294913774285E-4 3.5553480614894135 7.761074135536812E-4
additional 0.0017463435931019428 0.5300569856938783 9.256616209454325E-4
for 0.0290329622353198 0.017291497110061043 5.020233825885437E-4
choose 2.1829294913774285E-4 0.7221347174331975 1.5763691714324327E-4
training 4.365858982754857E-4 1.0059028905638423 4.3916301705472266E-4
representation 0.0021829294913774284 1.2135422553420867 0.002649077178218919
miss 2.1829294913774285E-4 1.4512139072192063 3.167897636365873E-4
tanh 6.548788474132286E-4 3.373026504695459 0.0022089237096892334
expanded 4.365858982754857E-4 2.2744142160273495 9.92977173554835E-4
optimizer 4.365858982754857E-4 3.2188758248682006 0.0014053157934373283
constituent 4.365858982754857E-4 3.0853444322436783 0.0013470178704403748
rate 4.365858982754857E-4 0.5696661237889241 2.4870819637150146E-4
root 0.0021829294913774284 1.906689435902032 0.004162168600528339
supervision 6.548788474132286E-4 2.9675613965872945 0.0019433931870250782
end 2.1829294913774285E-4 0.8607208807193443 1.8788929943666104E-4
company 4.365858982754857E-4 1.6990500711237875 7.417813015166067E-4
hard 4.365858982754857E-4 1.6990500711237875 7.417813015166067E-4
strategical 4.365858982754857E-4 4.471638793363569 0.0019522544393641428
human 8.731717965509714E-4 0.8743265327751228 7.634372693954358E-4
class 0.0017463435931019428 1.2135422553420867 0.002119261742575135
agiven 4.365858982754857E-4 5.1647859739235145 0.0022548727238260267
over 0.0032743942370661427 0.3364722366212129 0.001101742752525255
effectiveness 4.365858982754857E-4 1.5271998141971284 6.667539027274082E-4
outperform 2.1829294913774285E-4 2.0292917579943643 4.4298008251350454E-4
go 2.1829294913774285E-4 1.5012243277938677 3.2770668583144896E-4
perform 4.365858982754857E-4 0.2669461739726028 1.1654493515503287E-4
multiple 4.365858982754857E-4 0.5108256237659907 2.2301926381401035E-4
length 4.365858982754857E-4 1.1944940603713923 5.214992623319766E-4
rich 0.0026195153896529143 1.79749014393704 0.004708553094792509
parse 0.0037109801353416285 2.120263536200091 0.007868255864527733
label 6.548788474132286E-4 1.1394342831883648 7.461914100775147E-4
tweet 2.1829294913774285E-4 2.392197251683733 5.221997929892453E-4
with 0.010478061558611657 0.017291497110061043 1.8118137115977518E-4
although 8.731717965509714E-4 0.4285875255290187 3.742305396455086E-4
form 2.1829294913774285E-4 0.5013468798114469 1.0944048893504625E-4
micro 4.365858982754857E-4 4.0661736852554045 0.0017752340909213727
service 2.1829294913774285E-4 1.2329603411991883 2.6914654905024846E-4
regression 4.365858982754857E-4 1.3805963400052528 6.027488932570412E-4
publish 2.1829294913774285E-4 0.03488725900044054 7.615642654538429E-6
interpret 2.1829294913774285E-4 1.3581234841531944 2.964687806490274E-4
there 4.365858982754857E-4 0.12136085700426753 5.298443877069091E-5
translation 6.548788474132286E-4 1.9459101490553132 0.0012743353955830474
well 8.731717965509714E-4 0.3127557100038969 2.7308946518567726E-4
standford 4.365858982754857E-4 4.471638793363569 0.0019522544393641428
setup 4.365858982754857E-4 2.392197251683733 0.0010443995859784907
handling 0.0010914647456887142 2.456735772821304 0.0026814404855067713
family 4.365858982754857E-4 1.8325814637483102 8.000792245135605E-4
assign 4.365858982754857E-4 1.0704414117014134 4.673396252789406E-4
explain 4.365858982754857E-4 0.9751312318970885 4.2572854481427133E-4
elaborate 4.365858982754857E-4 2.5998366164619773 0.0011350520045675517
very 0.0026195153896529143 0.5596157879354227 0.0014659221687895814
big 2.1829294913774285E-4 1.3581234841531944 2.964687806490274E-4
select 2.1829294913774285E-4 0.5798184952529422 1.265702892933731E-4
movie 0.0061122025758567995 2.9675613965872945 0.01813833641223406
focus 2.1829294913774285E-4 0.4285875255290187 9.355763491137715E-5
bir 0.0019646365422396855 5.1647859739235145 0.01014692725721712
construct 0.0028378083387906572 1.2135422553420867 0.0034438003316845946
convert 2.1829294913774285E-4 1.121734706088964 2.4486677714231914E-4
entire 4.365858982754857E-4 1.1944940603713923 5.214992623319766E-4
approach 0.0024012224405151714 0.40261203912575794 9.667610631703421E-4
output 4.365858982754857E-4 1.121734706088964 4.897335542846383E-4
number 8.731717965509714E-4 0.14750613710858965 1.2879819874140114E-4
experiment 2.1829294913774285E-4 1.293584963015623 2.8238047653691837E-4
pairwise 4.365858982754857E-4 2.6798793241355137 0.0011699975219976047
turkmenoglu 4.365858982754857E-4 5.1647859739235145 0.0022548727238260267
four 8.731717965509714E-4 0.4643056081310978 4.0541856200052197E-4
else 4.365858982754857E-4 2.5998366164619773 0.0011350520045675517
bottleneck 4.365858982754857E-4 3.7784916128036232 0.0016496361549022585
thesis 4.365858982754857E-4 3.373026504695459 0.0014726158064594889
normalize 2.1829294913774285E-4 2.2744142160273495 4.964885867774175E-4
context 4.365858982754857E-4 0.8881198549074587 3.8774060463106686E-4
classifier 2.1829294913774285E-4 2.0292917579943643 4.4298008251350454E-4
model 0.003929273084479371 0.41985384556026406 0.0016497204147751042
majority 4.365858982754857E-4 0.9452782687474074 4.1269516208138285E-4
text 8.731717965509714E-4 0.8209805520698303 7.168570635842221E-4
usually 4.365858982754857E-4 0.9600933545325481 4.1916321961691684E-4
per 6.548788474132286E-4 0.7339691750802005 4.806608874133599E-4
feat 2.1829294913774285E-4 5.1647859739235145 0.0011274363619130133
algorithm 0.0015280506439641999 0.8472978603872037 0.0012947140411941553
sentence 0.0034926871862038856 1.3146383722134554 0.0045916205971218696
reduce 2.1829294913774285E-4 0.3941013494578493 8.602954583231812E-5
similar 0.0019646365422396855 0.20895891632225325 4.105283228335034E-4
morpheme 2.1829294913774285E-4 3.7784916128036232 8.248180774511292E-4
mapping 4.365858982754857E-4 2.0292917579943643 8.859601650270091E-4
pechenizkiy 4.365858982754857E-4 5.1647859739235145 0.0022548727238260267
issue 2.1829294913774285E-4 0.7953381214564925 1.7361670409441008E-4
large 4.365858982754857E-4 0.22314355131420976 9.742132779489621E-5
shape 4.365858982754857E-4 1.906689435902032 8.324337201056678E-4
morphology 4.365858982754857E-4 2.9675613965872945 0.0012955954580167188
dependency 6.548788474132286E-4 1.9867321435755685 0.0013010688563035813
sentistreght 4.365858982754857E-4 5.1647859739235145 0.0022548727238260267
distant 8.731717965509714E-4 2.9675613965872945 0.0025911909160334376
outlier 4.365858982754857E-4 3.373026504695459 0.0014726158064594889
verb 8.731717965509714E-4 2.6798793241355137 0.0023399950439952095
understand 4.365858982754857E-4 1.0704414117014134 4.673396252789406E-4
specify 2.1829294913774285E-4 1.5538680612792897 3.3919844166760307E-4
learnable 4.365858982754857E-4 4.0661736852554045 0.0017752340909213727
handle 8.731717965509714E-4 1.5812670354674039 0.0013807177781859016
classification 0.004365858982754857 0.9600933545325481 0.004191632196169168
propose 0.0015280506439641999 0.6214911916535102 9.496700156242243E-4
additive 4.365858982754857E-4 3.373026504695459 0.0014726158064594889
traditional 4.365858982754857E-4 1.1758019273592397 5.133385406501811E-4
system 8.731717965509714E-4 0.36076492919025743 3.1500976135364104E-4
field 8.731717965509714E-4 0.6988778552689304 6.102404324548617E-4
even 0.0010914647456887142 0.377294231141468 4.118033520426413E-4
compose 2.1829294913774285E-4 1.79749014393704 3.9237942456604236E-4
compositional 0.008076839118096486 3.7784916128036232 0.030518268865691787
binary 0.0045841519318926 1.6990500711237875 0.0077887036659243705
analyze 2.1829294913774285E-4 0.758066726659261 1.6548062140564528E-4
evaluate 2.1829294913774285E-4 0.40261203912575794 8.788736937912201E-5
binarize 2.1829294913774285E-4 5.1647859739235145 0.0011274363619130133
become 4.365858982754857E-4 0.6321864807702582 2.760037025847012E-4
semantic 0.0015280506439641999 1.4512139072192063 0.0022175283454561106
distributional 6.548788474132286E-4 3.0853444322436783 0.002020526805660562
other 0.0013097576948264572 0.0408219945202552 5.346692144106772E-5
wait 4.365858982754857E-4 2.8622008809294686 0.0012495965426454784
aim 8.731717965509714E-4 0.6109090823229731 5.334285809412558E-4
sparsity 4.365858982754857E-4 4.0661736852554045 0.0017752340909213727
thinking 4.365858982754857E-4 2.8622008809294686 0.0012495965426454784
recursive 0.012224405151713599 3.5553480614894135 0.04346201515900614
eight 4.365858982754857E-4 1.7635885922613586 7.699579097408245E-4
mention 2.1829294913774285E-4 0.8881198549074587 1.9387030231553343E-4
entropy 0.0013097576948264572 3.5553480614894135 0.004656644481322087
world 4.365858982754857E-4 1.4035858582299516 6.12785792722092E-4
conjunction 4.365858982754857E-4 2.331572629867298 0.0010179317310051509
file 4.365858982754857E-4 2.392197251683733 0.0010443995859784907
have 0.009386596812922943 0.017291497110061043 1.6230831166396526E-4
generalize 4.365858982754857E-4 1.9459101490553132 8.495569303886982E-4
ability 4.365858982754857E-4 0.8881198549074587 3.8774060463106686E-4
altaic 4.365858982754857E-4 5.1647859739235145 0.0022548727238260267
elimination 4.365858982754857E-4 3.373026504695459 0.0014726158064594889
table 0.006548788474132285 0.18117935221517753 0.0011865052535375083
polar 0.0026195153896529143 3.7784916128036232 0.009897816929413552
synthesis 8.731717965509714E-4 2.5998366164619773 0.0022701040091351035
product 0.0015280506439641999 1.3361445774344192 0.002041696581977938
morphological 0.008513425016371971 2.7668907011251433 0.02355571651252578
particularly 4.365858982754857E-4 0.9751312318970885 4.2572854481427133E-4
may 4.365858982754857E-4 0.15415067982725836 6.730001302216039E-5
within 6.548788474132286E-4 0.3127557100038969 2.0481709888925796E-4
forward 4.365858982754857E-4 1.730798769438368 7.556423354893551E-4
could 0.0021829294913774284 0.22314355131420976 4.8710663897448103E-4
change 4.365858982754857E-4 0.3941013494578493 1.7205909166463624E-4
positive 0.007421960270683257 0.6761496041913742 0.005018355499346589
noisy 4.365858982754857E-4 3.2188758248682006 0.0014053157934373283
produce 2.1829294913774285E-4 0.8607208807193443 1.8788929943666104E-4
generally 6.548788474132286E-4 0.9021060968821986 5.907702009706605E-4
hide 2.1829294913774285E-4 3.5553480614894135 7.761074135536812E-4
framework 8.731717965509714E-4 1.4035858582299516 0.001225571585444184
powerful 4.365858982754857E-4 2.0292917579943643 8.859601650270091E-4
machine 0.0028378083387906572 1.0539121097502027 0.0029908005734015793
future 6.548788474132286E-4 0.48265474679929443 3.160803842824456E-4
able 4.365858982754857E-4 0.7703368192510752 3.363181922074111E-4
report 6.548788474132286E-4 0.3364722366212129 2.20348550505051E-4
somut 4.365858982754857E-4 5.1647859739235145 0.0022548727238260267
eurasia 6.548788474132286E-4 5.1647859739235145 0.0033823090857390404
negation 0.0034926871862038856 3.0853444322436783 0.010776142963522998
rntn 0.0034926871862038856 5.1647859739235145 0.018038981790608213
coban 4.365858982754857E-4 5.1647859739235145 0.0022548727238260267
dimensional 6.548788474132286E-4 3.0853444322436783 0.002020526805660562
almost 6.548788474132286E-4 1.1043429633770947 7.23210847005301E-4
subject 2.1829294913774285E-4 0.9021060968821986 1.969234003235535E-4
use 0.0017463435931019428 0.03488725900044054 6.092514123630743E-5
precision 4.365858982754857E-4 1.8689491079191851 8.159568251120651E-4
practically 4.365858982754857E-4 3.373026504695459 0.0014726158064594889
several 6.548788474132286E-4 0.3526016185510966 2.3091134155278102E-4
rating 2.1829294913774285E-4 2.456735772821304 5.362880971013543E-4
political 8.731717965509714E-4 2.169053700369523 0.001893956516367189
feel 4.365858982754857E-4 2.120263536200091 9.256771605326746E-4
main 0.0010914647456887142 0.6004377824556778 6.553566715298819E-4
manner 6.548788474132286E-4 1.9459101490553132 0.0012743353955830474
suffix 0.0024012224405151714 3.2188758248682006 0.007729236863905306
while 8.731717965509714E-4 0.20895891632225325 1.8245703237044597E-4
correspond 4.365858982754857E-4 0.8743265327751228 3.817186346977179E-4
second 6.548788474132286E-4 0.4373981552111735 2.864427997453657E-4
that 0.008295132067234229 0.017291497110061043 1.4343525216815536E-4
download 0.0021829294913774284 0.24480504809538922 5.343921591254949E-4
high 6.548788474132286E-4 0.11492996667397702 7.526520410869485E-5
Arabic 2.1829294913774285E-4 3.5553480614894135 7.761074135536812E-4
split 6.548788474132286E-4 1.6384254493073527 0.0010729701698149003
solution 2.1829294913774285E-4 1.0216512475319812 2.230192638140103E-4
beri 4.365858982754857E-4 5.1647859739235145 0.0022548727238260267
fine 4.365858982754857E-4 2.5257286443082556 0.0011026975089754444
morphologically 0.008513425016371971 4.0661736852554045 0.03461706477296677
whether 6.548788474132286E-4 0.5300569856938783 3.4712310785453717E-4
find 0.0024012224405151714 0.16083966797805488 3.862118200739148E-4
function 8.731717965509714E-4 0.5496654570822546 4.799523746625231E-4
than 8.731717965509714E-4 0.058840500022933395 5.137786511498223E-5
compositionality 6.548788474132286E-4 5.1647859739235145 0.0033823090857390404
different 0.004147566033617114 0.18805223150293962 7.799590479274946E-4
complement 2.1829294913774285E-4 1.8325814637483102 4.0003961225678025E-4
regardless 4.365858982754857E-4 1.79749014393704 7.847588491320847E-4
combine 8.731717965509714E-4 0.6321864807702582 5.520074051694025E-4
all 0.0056756166775813145 0.017291497110061043 9.813990937821156E-5
unigram 4.365858982754857E-4 3.373026504695459 0.0014726158064594889
new 4.365858982754857E-4 0.36076492919025743 1.5750488067682052E-4
comparison 2.1829294913774285E-4 0.6988778552689304 1.5256010811371543E-4
level 0.004147566033617114 0.4373981552111735 0.0018141377317206497
already 6.548788474132286E-4 1.157452788691043 7.579913481932175E-4
specialise 2.1829294913774285E-4 3.373026504695459 7.363079032297444E-4
author 2.1829294913774285E-4 0.017291497110061043 3.7746118991619827E-6
feeling 2.1829294913774285E-4 2.456735772821304 5.362880971013543E-4
less 4.365858982754857E-4 0.36076492919025743 1.5750488067682052E-4
tool 6.548788474132286E-4 0.8743265327751228 5.725779520465769E-4
entry 2.1829294913774285E-4 1.6682784124570338 3.6417341463807764E-4
feed 2.1829294913774285E-4 2.0292917579943643 4.4298008251350454E-4
task 8.731717965509714E-4 1.0216512475319812 8.920770552560412E-4
hybrid 4.365858982754857E-4 2.073743520565198 9.053671777189251E-4
infer 4.365858982754857E-4 2.073743520565198 9.053671777189251E-4
improve 6.548788474132286E-4 0.377294231141468 2.470820112255848E-4
prediction 4.365858982754857E-4 1.5012243277938677 6.554133716628979E-4
essay 2.1829294913774285E-4 4.0661736852554045 8.876170454606864E-4
tantug 4.365858982754857E-4 5.1647859739235145 0.0022548727238260267
retrieve 4.365858982754857E-4 2.0292917579943643 8.859601650270091E-4
flowchart 6.548788474132286E-4 4.0661736852554045 0.0026628511363820592
present 6.548788474132286E-4 0.083381608939051 5.460485195746627E-5
basic 0.0010914647456887142 1.1944940603713923 0.0013037481558299414
collect 2.1829294913774285E-4 0.6761496041913742 1.475986911572526E-4
since 0.0028378083387906572 0.377294231141468 0.0010706887153108676
datum 2.1829294913774285E-4 0.167573700159399 3.658015720571906E-5
boundary 8.731717965509714E-4 2.169053700369523 0.001893956516367189
sentiment 0.023139052608600743 1.8689491079191851 0.043245711730939454
behind 4.365858982754857E-4 1.6682784124570338 7.283468292761553E-4
code 4.365858982754857E-4 1.3361445774344192 5.833418805651252E-4
ideology 4.365858982754857E-4 4.0661736852554045 0.0017752340909213727
cause 2.1829294913774285E-4 0.5398131606392429 1.1783740681930646E-4
investigate 6.548788474132286E-4 0.653926467406664 4.2824261126828036E-4
bow 0.0010914647456887142 3.7784916128036232 0.004124090387255646
media 6.548788474132286E-4 1.5812670354674039 0.0010355383336394263
aytekin 4.365858982754857E-4 5.1647859739235145 0.0022548727238260267
total 0.0026195153896529143 0.5108256237659907 0.0013381155828840622
normalisation 4.365858982754857E-4 3.5553480614894135 0.0015522148271073623
transform 6.548788474132286E-4 1.5012243277938677 9.83120057494347E-4
auxiliary 4.365858982754857E-4 2.6798793241355137 0.0011699975219976047
and 0.05326347958960925 0.017291497110061043 9.210053033955238E-4
negatively 4.365858982754857E-4 1.8689491079191851 8.159568251120651E-4
design 2.1829294913774285E-4 0.6004377824556778 1.310713343059764E-4
define 2.1829294913774285E-4 0.3526016185510966 7.697044718426034E-5
predict 8.731717965509714E-4 1.1043429633770947 9.642811293404014E-4
construction 4.365858982754857E-4 1.730798769438368 7.556423354893551E-4
make 2.1829294913774285E-4 0.2521310881874621 5.5038438809749425E-5
universal 4.365858982754857E-4 2.5257286443082556 0.0011026975089754444
social 8.731717965509714E-4 1.0704414117014134 9.346792505578812E-4
nature 4.365858982754857E-4 1.0216512475319812 4.460385276280206E-4
accord 2.1829294913774285E-4 0.4919571394616079 1.0739077482244224E-4
aforementioned 4.365858982754857E-4 2.0292917579943643 8.859601650270091E-4
impressive 4.365858982754857E-4 3.0853444322436783 0.0013470178704403748
automatic 4.365858982754857E-4 1.5812670354674039 6.903588890929508E-4
control 2.1829294913774285E-4 0.5398131606392429 1.1783740681930646E-4
specific 4.365858982754857E-4 0.40261203912575794 1.7577473875824402E-4
despite 4.365858982754857E-4 0.7221347174331975 3.1527383428648655E-4
any 6.548788474132286E-4 0.2669461739726028 1.748174027325493E-4
structure 0.004147566033617114 0.8340526336371831 0.0034592883735224795
English 2.1829294913774285E-4 1.4512139072192063 3.167897636365873E-4
extraordinary 4.365858982754857E-4 3.7784916128036232 0.0016496361549022585
application 4.365858982754857E-4 0.7703368192510752 3.363181922074111E-4
conventional 0.0015280506439641999 1.7635885922613586 0.002694852684092886
constituency 8.731717965509714E-4 4.471638793363569 0.0039045088787282856
due 0.0010914647456887142 0.20895891632225325 2.2807129046305746E-4
reconstruction 8.731717965509714E-4 3.7784916128036232 0.003299272309804517
essentially 4.365858982754857E-4 2.456735772821304 0.0010725761942027086
until 4.365858982754857E-4 1.0376515888784226 4.530240510274711E-4
strategy 4.365858982754857E-4 0.9021060968821986 3.93846800647107E-4
ternary 4.365858982754857E-4 4.471638793363569 0.0019522544393641428
sentistrenght 4.365858982754857E-4 5.1647859739235145 0.0022548727238260267
splits 4.365858982754857E-4 3.5553480614894135 0.0015522148271073623
accurate 4.365858982754857E-4 1.3805963400052528 6.027488932570412E-4
about 0.0010914647456887142 0.377294231141468 4.118033520426413E-4
decay 4.365858982754857E-4 3.2188758248682006 0.0014053157934373283
discussion 6.548788474132286E-4 0.23031204079282225 1.508264838197919E-4
ebubekir 0.004365858982754857 5.1647859739235145 0.022548727238260267
objective 6.548788474132286E-4 1.121734706088964 7.346003314269575E-4
character 2.1829294913774285E-4 1.8325814637483102 4.0003961225678025E-4
contribution 2.1829294913774285E-4 1.2135422553420867 2.6490771782189187E-4
dvd 4.365858982754857E-4 5.1647859739235145 0.0022548727238260267
meaning 0.0021829294913774284 1.0704414117014134 0.0023366981263947028
composite 4.365858982754857E-4 3.0853444322436783 0.0013470178704403748
merge 2.1829294913774285E-4 2.331572629867298 5.089658655025754E-4
above 4.365858982754857E-4 0.9021060968821986 3.93846800647107E-4
they 0.0034926871862038856 0.05279818556697083 1.8440754618457395E-4
fully 0.0021829294913774284 1.2729656758128876 0.0027787943152431513
module 8.731717965509714E-4 2.331572629867298 0.0020358634620103017
then 6.548788474132286E-4 0.4285875255290187 2.8067290473413146E-4
demand 2.1829294913774285E-4 1.3805963400052528 3.013744466285206E-4
substantial 4.365858982754857E-4 1.5812670354674039 6.903588890929508E-4
bigram 4.365858982754857E-4 3.373026504695459 0.0014726158064594889
each 0.006548788474132285 0.13434805253107854 8.79816977937646E-4
quality 4.365858982754857E-4 0.7953381214564925 3.4723340818882016E-4
labor 4.365858982754857E-4 3.0853444322436783 0.0013470178704403748
input 0.0013097576948264572 0.990398704027877 0.0012971823235466628
node 0.0017463435931019428 1.9459101490553132 0.0033982277215547927
atomic 4.365858982754857E-4 3.7784916128036232 0.0016496361549022585
stanford 0.0015280506439641999 2.5257286443082556 0.0038594412814140556
letter 2.1829294913774285E-4 2.331572629867298 5.089658655025754E-4
processing 6.548788474132286E-4 0.7221347174331975 4.7291075142972985E-4
difference 6.548788474132286E-4 0.36076492919025743 2.362573210152308E-4
fasttext 4.365858982754857E-4 2.9675613965872945 0.0012955954580167188
ironic 4.365858982754857E-4 5.1647859739235145 0.0022548727238260267
another 4.365858982754857E-4 0.40261203912575794 1.7577473875824402E-4
overcome 4.365858982754857E-4 1.8689491079191851 8.159568251120651E-4
association 4.365858982754857E-4 1.0376515888784226 4.530240510274711E-4
eliminate 2.1829294913774285E-4 1.6990500711237875 3.7089065075830333E-4
algebra 4.365858982754857E-4 4.0661736852554045 0.0017752340909213727
sum 4.365858982754857E-4 1.6384254493073527 7.153134465432669E-4
recommend 2.1829294913774285E-4 1.3581234841531944 2.964687806490274E-4
availability 8.731717965509714E-4 1.6384254493073527 0.0014306268930865337
vural 4.365858982754857E-4 4.471638793363569 0.0019522544393641428
seek 4.365858982754857E-4 1.3581234841531944 5.929375612980548E-4
two 0.0021829294913774284 0.11492996667397702 2.508840136956495E-4
long 2.1829294913774285E-4 0.44628710262841953 9.742132779489621E-5
binarization 8.731717965509714E-4 5.1647859739235145 0.004509745447652053
softmax 4.365858982754857E-4 2.6798793241355137 0.0011699975219976047
trigram 4.365858982754857E-4 4.471638793363569 0.0019522544393641428
into 0.0024012224405151714 0.10854016857520597 2.606290884800842E-4
current 8.731717965509714E-4 0.4919571394616079 4.2956309928976895E-4
default 6.548788474132286E-4 2.5257286443082556 0.0016540462634631668
pos 4.365858982754857E-4 2.9675613965872945 0.0012955954580167188
analyzer 4.365858982754857E-4 3.0853444322436783 0.0013470178704403748
structured 4.365858982754857E-4 1.3805963400052528 6.027488932570412E-4
vector 0.0024012224405151714 1.2135422553420867 0.0029139848960408107
where 4.365858982754857E-4 0.32850406697203605 1.4342024316613667E-4
attach 2.1829294913774285E-4 2.169053700369523 4.7348912909179726E-4
kitchen 6.548788474132286E-4 4.471638793363569 0.002928381659046214
popular 4.365858982754857E-4 1.252762968495368 5.469386459268143E-4
hashtag 2.1829294913774285E-4 3.7784916128036232 8.248180774511292E-4
emojis 4.365858982754857E-4 4.471638793363569 0.0019522544393641428
st 2.1829294913774285E-4 5.1647859739235145 0.0011274363619130133
detection 0.0010914647456887142 1.5271998141971284 0.0016668847568185204
though 4.365858982754857E-4 1.1043429633770947 4.821405646702007E-4
decision 4.365858982754857E-4 0.9452782687474074 4.1269516208138285E-4
necessary 4.365858982754857E-4 0.8607208807193443 3.757785988733221E-4
star 4.365858982754857E-4 3.0853444322436783 0.0013470178704403748
one 0.0013097576948264572 0.06491954609931569 8.502887504821963E-5
svm 0.0010914647456887142 2.8622008809294686 0.003123991356613696
nest 2.1829294913774285E-4 3.5553480614894135 7.761074135536812E-4
many 0.0024012224405151714 0.20194134366360675 4.8490608607283875E-4
such 0.0034926871862038856 0.10219094089654716 3.569209898154889E-4
nlp 0.0032743942370661427 0.41119578281714936 0.001346417101562375
inspire 2.1829294913774285E-4 2.2744142160273495 4.964885867774175E-4
negate 6.548788474132286E-4 4.471638793363569 0.002928381659046214
derivational 8.731717965509714E-4 4.471638793363569 0.0039045088787282856
describe 2.1829294913774285E-4 0.28958865072236245 6.321516060300424E-5
dataset 0.0061122025758567995 1.1043429633770947 0.0067499679053828095
but 6.548788474132286E-4 0.083381608939051 5.460485195746627E-5
through 4.365858982754857E-4 0.2595111954850846 1.1329892839340084E-4
commercial 6.548788474132286E-4 2.5998366164619773 0.0017025780068513276
autoencoder 2.1829294913774285E-4 3.7784916128036232 8.248180774511292E-4
conditional 4.365858982754857E-4 2.120263536200091 9.256771605326746E-4
available 0.0010914647456887142 0.5696661237889241 6.217704909287537E-4
source 6.548788474132286E-4 0.7703368192510752 5.044772883111168E-4
dehkharghani 6.548788474132286E-4 5.1647859739235145 0.0033823090857390404
challenging 6.548788474132286E-4 1.5538680612792897 0.0010175953250028092
research 0.0013097576948264572 0.40261203912575794 5.273242162747321E-4
mainly 6.548788474132286E-4 1.0059028905638423 6.587445255820841E-4
view 4.365858982754857E-4 1.121734706088964 4.897335542846383E-4
late 2.1829294913774285E-4 1.5012243277938677 3.2770668583144896E-4
sentiturknet 0.0010914647456887142 5.1647859739235145 0.005637181809565067
bias 4.365858982754857E-4 1.4512139072192063 6.335795272731746E-4
drawback 4.365858982754857E-4 2.7668907011251433 0.0012079854621808092
liu 4.365858982754857E-4 2.392197251683733 0.0010443995859784907
keyword 4.365858982754857E-4 1.8689491079191851 8.159568251120651E-4
extreme 4.365858982754857E-4 2.392197251683733 0.0010443995859784907
realize 2.1829294913774285E-4 2.2203469947570738 4.846860935946461E-4
last 6.548788474132286E-4 0.7459453661269161 4.885038416024336E-4
socher 0.0017463435931019428 5.1647859739235145 0.009019490895304107
widely 6.548788474132286E-4 1.0059028905638423 6.587445255820841E-4
this 0.0056756166775813145 0.017291497110061043 9.813990937821156E-5
degree 2.1829294913774285E-4 1.1394342831883648 2.487304700258382E-4
batch 0.0010914647456887142 2.6798793241355137 0.002924993804994012
weight 4.365858982754857E-4 1.0059028905638423 4.3916301705472266E-4
verbal 4.365858982754857E-4 2.9675613965872945 0.0012955954580167188
develop 4.365858982754857E-4 0.32850406697203605 1.4342024316613667E-4
engineering 4.365858982754857E-4 2.0292917579943643 8.859601650270091E-4
modelling 4.365858982754857E-4 1.906689435902032 8.324337201056678E-4
modification 4.365858982754857E-4 2.0292917579943643 8.859601650270091E-4
decrease 2.1829294913774285E-4 0.7827593392496325 1.7087084462991323E-4
remarkable 4.365858982754857E-4 2.456735772821304 0.0010725761942027086
difficulty 4.365858982754857E-4 1.4512139072192063 6.335795272731746E-4
measure 4.365858982754857E-4 0.48265474679929443 2.1072025618829707E-4
extract 4.365858982754857E-4 0.8080771472339223 3.5279508720101387E-4
especially 4.365858982754857E-4 0.7104386776700063 3.10167508260208E-4
name 4.365858982754857E-4 1.157452788691043 5.05327565462145E-4
sentiwordnet 4.365858982754857E-4 5.1647859739235145 0.0022548727238260267
assume 4.365858982754857E-4 0.9452782687474074 4.1269516208138285E-4
support 0.0010914647456887142 0.5300569856938783 5.785385130908953E-4
full 0.0024012224405151714 0.14750613710858965 3.5419504653885314E-4
appliance 2.1829294913774285E-4 5.1647859739235145 0.0011274363619130133
hidden 6.548788474132286E-4 1.730798769438368 0.0011334635032340327
absence 8.731717965509714E-4 1.3581234841531944 0.0011858751225961096
sequential 4.365858982754857E-4 2.169053700369523 9.469782581835945E-4
motivation 6.548788474132286E-4 1.906689435902032 0.0012486505801585018
book 2.1829294913774285E-4 2.0292917579943643 4.4298008251350454E-4
show 2.1829294913774285E-4 0.0771896386911299 1.6849953872763566E-5
detect 0.0019646365422396855 0.8881198549074587 0.0017448327208398008
update 2.1829294913774285E-4 1.6682784124570338 3.6417341463807764E-4
learning 0.004365858982754857 0.9306794693262548 0.004063215321223552
effort 2.1829294913774285E-4 1.252762968495368 2.7346932296340714E-4
recursively 0.0013097576948264572 4.0661736852554045 0.0053257022727641185
we 2.1829294913774285E-4 0.19497267434751336 4.256116008459144E-5
conclusion 2.1829294913774285E-4 0.28958865072236245 6.321516060300424E-5
negative 0.008295132067234229 0.6321864807702582 0.005244070349109324
not 0.0045841519318926 0.03488725900044054 1.5992849574530702E-4
interest 6.548788474132286E-4 1.0059028905638423 6.587445255820841E-4
similarity 0.0010914647456887142 1.4759065198095778 0.0016108999343042761
hence 0.0013097576948264572 2.0292917579943643 0.0026578804950810274
every 4.365858982754857E-4 1.0539121097502027 4.601231651387045E-4
early 2.1829294913774285E-4 0.6214911916535102 1.356671450891749E-4
enhance 2.1829294913774285E-4 1.1944940603713923 2.607496311659883E-4
news 6.548788474132286E-4 2.0292917579943643 0.0013289402475405137
figure 0.005893909626719057 0.18805223150293962 0.0011083628575811765
previous 0.0017463435931019428 0.32850406697203605 5.736809726645467E-4
apply 2.1829294913774285E-4 0.41119578281714936 8.976114010415835E-5
introduce 6.548788474132286E-4 0.7339691750802005 4.806608874133599E-4
again 4.365858982754857E-4 1.79749014393704 7.847588491320847E-4
start 2.1829294913774285E-4 0.8472978603872037 1.849591487420222E-4
separated 4.365858982754857E-4 2.169053700369523 9.469782581835945E-4
kaya 4.365858982754857E-4 5.1647859739235145 0.0022548727238260267
zeybek 0.004365858982754857 5.1647859739235145 0.022548727238260267
way 4.365858982754857E-4 0.8340526336371831 3.6413561826552414E-4
pair 4.365858982754857E-4 1.293584963015623 5.647609530738367E-4
momentum 4.365858982754857E-4 3.2188758248682006 0.0014053157934373283
target 0.0010914647456887142 0.8743265327751228 9.542965867442947E-4
logistic 4.365858982754857E-4 1.8689491079191851 8.159568251120651E-4
deficiency 2.1829294913774285E-4 2.8622008809294686 6.247982713227392E-4
detailed 8.731717965509714E-4 1.1394342831883648 9.949218801033528E-4
backpropagation 4.365858982754857E-4 4.0661736852554045 0.0017752340909213727
short 2.1829294913774285E-4 0.9452782687474074 2.0634758104069143E-4
comment 2.1829294913774285E-4 2.073743520565198 4.5268358885946255E-4
step 6.548788474132286E-4 0.8080771472339223 5.291926308015209E-4
base 2.1829294913774285E-4 0.14090545307723773 3.075866690182007E-5
stem 0.0013097576948264572 1.906689435902032 0.0024973011603170035
employ 0.0013097576948264572 1.1944940603713923 0.0015644977869959298
reach 4.365858982754857E-4 1.0376515888784226 4.530240510274711E-4
usage 6.548788474132286E-4 1.8689491079191851 0.0012239352376680977
agglutinative 4.365858982754857E-4 4.471638793363569 0.0019522544393641428
experimental 8.731717965509714E-4 1.4512139072192063 0.0012671590545463491
semantics 0.0056756166775813145 2.392197251683733 0.013577194617720379
fair 6.548788474132286E-4 2.7668907011251433 0.0018119781932712138
type 2.1829294913774285E-4 0.3364722366212129 7.3449516835017E-5
complementary 4.365858982754857E-4 2.073743520565198 9.053671777189251E-4
beyond 4.365858982754857E-4 1.5538680612792897 6.783968833352061E-4
three 6.548788474132286E-4 0.22314355131420976 1.4613199169234432E-4
april 0.004365858982754857 1.906689435902032 0.008324337201056678
when 8.731717965509714E-4 0.14750613710858965 1.2879819874140114E-4
preparation 4.365858982754857E-4 2.073743520565198 9.053671777189251E-4
relation 4.365858982754857E-4 1.121734706088964 4.897335542846383E-4
loss 6.548788474132286E-4 0.9162907318741551 6.000594183851704E-4
twitter 0.0010914647456887142 2.456735772821304 0.0026814404855067713
positively 4.365858982754857E-4 1.9867321435755685 8.673792375357208E-4
relate 2.1829294913774285E-4 0.27443684570176036 5.9907628400296955E-5
slice 4.365858982754857E-4 3.7784916128036232 0.0016496361549022585
review 0.0019646365422396855 0.4734380916943703 9.301337754309829E-4
far 4.365858982754857E-4 1.3361445774344192 5.833418805651252E-4
demirta 2.1829294913774285E-4 5.1647859739235145 0.0011274363619130133
inflectional 0.0010914647456887142 3.7784916128036232 0.004124090387255646
embed 2.1829294913774285E-4 1.8325814637483102 4.0003961225678025E-4
catch 4.365858982754857E-4 3.0853444322436783 0.0013470178704403748
presence 8.731717965509714E-4 0.9751312318970885 8.514570896285427E-4
between 0.0015280506439641999 0.058840500022933395 8.991126395121889E-5
case 0.0019646365422396855 0.24480504809538922 4.809529432129454E-4
promising 4.365858982754857E-4 1.8325814637483102 8.000792245135605E-4
phase 6.548788474132286E-4 1.3805963400052528 9.041233398855618E-4
give 4.365858982754857E-4 0.2595111954850846 1.1329892839340084E-4
item 2.1829294913774285E-4 1.8325814637483102 4.0003961225678025E-4
still 0.0010914647456887142 0.5300569856938783 5.785385130908953E-4
efficiency 6.548788474132286E-4 1.6384254493073527 0.0010729701698149003
researcher 2.1829294913774285E-4 1.0539121097502027 2.3006158256935226E-4
natural 6.548788474132286E-4 0.6429973968744738 4.2108539415486166E-4
method 4.365858982754857E-4 0.0958817717032825 4.186062942732264E-5
enriched 0.005893909626719057 2.6798793241355137 0.015794966546967663
work 0.0010914647456887142 0.4285875255290187 4.6778817455688567E-4
probability 6.548788474132286E-4 1.4035858582299516 9.19178689083138E-4
baseline 0.0019646365422396855 1.5538680612792897 0.0030527859750084274
extraction 6.548788474132286E-4 1.3361445774344192 8.750128208476878E-4
explicit 4.365858982754857E-4 2.120263536200091 9.256771605326746E-4
concatenation 4.365858982754857E-4 3.373026504695459 0.0014726158064594889
provide 6.548788474132286E-4 0.167573700159399 1.0974047161715718E-4
among 4.365858982754857E-4 0.32850406697203605 1.4342024316613667E-4
labelling 8.731717965509714E-4 2.392197251683733 0.0020887991719569813
sensitivity 4.365858982754857E-4 2.0292917579943643 8.859601650270091E-4
completely 4.365858982754857E-4 1.3805963400052528 6.027488932570412E-4
morph 6.548788474132286E-4 5.1647859739235145 0.0033823090857390404
word 0.011569526304300371 0.8743265327751228 0.010115543819489524
primary 4.365858982754857E-4 0.9306794693262548 4.063215321223553E-4
study 8.731717965509714E-4 0.07103577311675174 6.202643363174132E-5
linguistics 4.365858982754857E-4 3.0853444322436783 0.0013470178704403748
extension 4.365858982754857E-4 1.906689435902032 8.324337201056678E-4
log 4.365858982754857E-4 1.8325814637483102 8.000792245135605E-4
spellchecking 4.365858982754857E-4 5.1647859739235145 0.0022548727238260267
direct 6.548788474132286E-4 0.8743265327751228 5.725779520465769E-4
distribution 4.365858982754857E-4 0.9600933545325481 4.1916321961691684E-4
layer 4.365858982754857E-4 1.4759065198095778 6.443599737217104E-4
gain 4.365858982754857E-4 0.9751312318970885 4.2572854481427133E-4
out 6.548788474132286E-4 0.368995428326773 2.416473008033877E-4
linguistic 4.365858982754857E-4 1.79749014393704 7.847588491320847E-4
feature 0.0026195153896529143 0.7221347174331975 0.0018916430057189194
freedom 4.365858982754857E-4 2.8622008809294686 0.0012495965426454784
low 4.365858982754857E-4 0.28958865072236245 1.2643032120600848E-4
get 2.1829294913774285E-4 1.121734706088964 2.4486677714231914E-4
telecom 4.365858982754857E-4 4.471638793363569 0.0019522544393641428
embedding 0.0010914647456887142 1.906689435902032 0.0020810843002641694
power 4.365858982754857E-4 1.4759065198095778 6.443599737217104E-4
lexicon 0.0013097576948264572 2.8622008809294686 0.0037487896279364357
architecture 8.731717965509714E-4 1.6682784124570338 0.0014566936585523106
include 2.1829294913774285E-4 0.0771896386911299 1.6849953872763566E-5
adarnn 4.365858982754857E-4 5.1647859739235145 0.0022548727238260267
means 8.731717965509714E-4 0.6988778552689304 6.102404324548617E-4
explore 4.365858982754857E-4 0.9600933545325481 4.1916321961691684E-4
efficient 4.365858982754857E-4 1.3581234841531944 5.929375612980548E-4
initial 4.365858982754857E-4 0.6988778552689304 3.0512021622743085E-4
mrl 6.548788474132286E-4 5.1647859739235145 0.0033823090857390404
more 4.365858982754857E-4 0.05279818556697083 2.3050943273071744E-5
display 0.0024012224405151714 0.16083966797805488 3.862118200739148E-4
csvdisplay 0.0021829294913774284 0.2669461739726028 5.827246757751643E-4
suggest 2.1829294913774285E-4 0.5013468798114469 1.0944048893504625E-4
leaf 4.365858982754857E-4 3.5553480614894135 0.0015522148271073623
lead 2.1829294913774285E-4 0.3127557100038969 6.827236629641932E-5
token 0.0015280506439641999 2.120263536200091 0.0032398700618643606
pipeline 8.731717965509714E-4 2.8622008809294686 0.002499193085290957
expect 2.1829294913774285E-4 0.8743265327751228 1.9085931734885895E-4
emotion 4.365858982754857E-4 2.2203469947570738 9.693721871892922E-4
pechenizky 4.365858982754857E-4 5.1647859739235145 0.0022548727238260267
organized 4.365858982754857E-4 1.6990500711237875 7.417813015166067E-4
introducescharacteristic 2.1829294913774285E-4 5.1647859739235145 0.0011274363619130133
randomly 4.365858982754857E-4 1.6384254493073527 7.153134465432669E-4
first 0.0019646365422396855 0.167573700159399 3.292214148514715E-4
synset 2.1829294913774285E-4 4.0661736852554045 8.876170454606864E-4
indicator 4.365858982754857E-4 1.5538680612792897 6.783968833352061E-4
ayla 4.365858982754857E-4 5.1647859739235145 0.0022548727238260267
prefer 4.365858982754857E-4 1.9459101490553132 8.495569303886982E-4
fed 4.365858982754857E-4 1.9867321435755685 8.673792375357208E-4
before 6.548788474132286E-4 0.5203950747821414 3.4079572677284966E-4
iki 4.365858982754857E-4 5.1647859739235145 0.0022548727238260267
own 4.365858982754857E-4 1.293584963015623 5.647609530738367E-4
labeledparse 4.365858982754857E-4 5.1647859739235145 0.0022548727238260267
boun 0.0017463435931019428 5.1647859739235145 0.009019490895304107
section 0.0017463435931019428 0.6988778552689304 0.0012204808649097234
simple 2.1829294913774285E-4 1.0539121097502027 2.3006158256935226E-4
blog 4.365858982754857E-4 3.7784916128036232 0.0016496361549022585
turkic 4.365858982754857E-4 4.471638793363569 0.0019522544393641428
yeniden 4.365858982754857E-4 5.1647859739235145 0.0022548727238260267
space 0.0010914647456887142 1.293584963015623 0.001411902382684592
translate 2.1829294913774285E-4 1.906689435902032 4.162168600528339E-4
should 6.548788474132286E-4 0.368995428326773 2.416473008033877E-4
only 0.0021829294913774284 0.10854016857520597 2.3693553498189472E-4
create 2.1829294913774285E-4 0.7339691750802005 1.602202958044533E-4
learningalgorithm 2.1829294913774285E-4 5.1647859739235145 0.0011274363619130133
few 6.548788474132286E-4 0.5013468798114469 3.283214668051388E-4
safiye 4.365858982754857E-4 5.1647859739235145 0.0022548727238260267
from 0.009386596812922943 0.023122417420854212 2.1704080966966407E-4
tag 2.1829294913774285E-4 2.120263536200091 4.628385802663373E-4
consider 4.365858982754857E-4 0.17435338714477774 7.612023014397631E-5
potential 4.365858982754857E-4 0.4373981552111735 1.9096186649691048E-4
combination 0.0017463435931019428 0.6761496041913742 0.0011807895292580209
group 2.1829294913774285E-4 0.41119578281714936 8.976114010415835E-5
obtain 2.1829294913774285E-4 0.3526016185510966 7.697044718426034E-5
spell 6.548788474132286E-4 4.471638793363569 0.002928381659046214
manually 4.365858982754857E-4 1.4512139072192063 6.335795272731746E-4
resource 4.365858982754857E-4 1.1043429633770947 4.821405646702007E-4
like 0.0017463435931019428 0.7703368192510752 0.0013452727688296445
baye 2.1829294913774285E-4 2.7668907011251433 6.039927310904046E-4
kind 4.365858982754857E-4 1.5538680612792897 6.783968833352061E-4
tree 0.0045841519318926 1.730798769438368 0.00793424452263823
format 4.365858982754857E-4 1.9867321435755685 8.673792375357208E-4
capture 0.0013097576948264572 0.990398704027877 0.0012971823235466628
particular 6.548788474132286E-4 1.0704414117014134 7.010094379184109E-4
zemberek 6.548788474132286E-4 5.1647859739235145 0.0033823090857390404
dong 4.365858982754857E-4 4.471638793363569 0.0019522544393641428
inner 0.0010914647456887142 2.456735772821304 0.0026814404855067713
both 8.731717965509714E-4 0.13434805253107854 1.1730893039168613E-4
most 0.0017463435931019428 0.0771896386911299 1.3479963098210853E-4
estimation 4.365858982754857E-4 2.392197251683733 0.0010443995859784907
important 4.365858982754857E-4 0.2669461739726028 1.1654493515503287E-4
histogram 6.548788474132286E-4 2.9675613965872945 0.0019433931870250782
core 0.0010914647456887142 1.5012243277938677 0.0016385334291572449
sequence 4.365858982754857E-4 1.2729656758128876 5.557588630486302E-4
phrase 0.0024012224405151714 1.9459101490553132 0.0046725631171378405
effect 8.731717965509714E-4 0.4919571394616079 4.2956309928976895E-4
cosine 8.731717965509714E-4 2.456735772821304 0.002145152388405417
topic 4.365858982754857E-4 1.1043429633770947 4.821405646702007E-4
suttle 2.1829294913774285E-4 5.1647859739235145 0.0011274363619130133
here 0.0010914647456887142 1.3361445774344192 0.0014583547014128128
classify 0.0013097576948264572 0.9162907318741551 0.0012001188367703408
line 2.1829294913774285E-4 0.9021060968821986 1.969234003235535E-4
part 4.365858982754857E-4 0.4285875255290187 1.871152698227543E-4
crucial 4.365858982754857E-4 1.4035858582299516 6.12785792722092E-4
contribute 6.548788474132286E-4 0.6874491594453075 4.5019591319273575E-4
error 6.548788474132286E-4 1.2329603411991883 8.074396471507455E-4
point 2.1829294913774285E-4 0.5108256237659907 1.1150963190700518E-4
network 0.0010914647456887142 0.990398704027877 0.0010809852696222189
aggregate 4.365858982754857E-4 2.2203469947570738 9.693721871892922E-4
can 0.005457323728443571 0.0958817717032825 5.23257867841533E-4
adjective 6.548788474132286E-4 3.2188758248682006 0.0021079736901559926
database 4.365858982754857E-4 1.2329603411991883 5.382930981004969E-4
aragrad 4.365858982754857E-4 5.1647859739235145 0.0022548727238260267
paper 6.548788474132286E-4 0.8340526336371831 5.462034273982862E-4
structural 4.365858982754857E-4 1.9459101490553132 8.495569303886982E-4
parameter 2.1829294913774285E-4 1.0539121097502027 2.3006158256935226E-4
dimension 0.0010914647456887142 1.6682784124570338 0.0018208670731903883
introduction 4.365858982754857E-4 0.10219094089654716 4.461512372693611E-5
park 4.365858982754857E-4 2.7668907011251433 0.0012079854621808092
rest 4.365858982754857E-4 1.730798769438368 7.556423354893551E-4
process 0.0013097576948264572 0.41985384556026406 5.499068049250348E-4
original 4.365858982754857E-4 1.1944940603713923 5.214992623319766E-4
limited 4.365858982754857E-4 0.5696661237889241 2.4870819637150146E-4
satisfy 4.365858982754857E-4 1.7635885922613586 7.699579097408245E-4
advantage 4.365858982754857E-4 1.0376515888784226 4.530240510274711E-4
implementation 2.1829294913774285E-4 1.3146383722134554 2.8697628732011685E-4
clear 4.365858982754857E-4 0.990398704027877 4.323941078488876E-4
arbitrary 4.365858982754857E-4 2.331572629867298 0.0010179317310051509
also 0.0034926871862038856 0.05279818556697083 1.8440754618457395E-4
enough 0.0010914647456887142 1.4512139072192063 0.0015839488181829363
encounter 2.1829294913774285E-4 1.9459101490553132 4.247784651943491E-4
increase 2.1829294913774285E-4 0.16083966797805488 3.5110165461264984E-5
tensor 0.0034926871862038856 3.7784916128036232 0.013197089239218068
follow 2.1829294913774285E-4 0.0958817717032825 2.093031471366132E-5
clean 2.1829294913774285E-4 2.2203469947570738 4.846860935946461E-4
performance 0.0017463435931019428 0.7703368192510752 0.0013452727688296445
third 4.365858982754857E-4 0.990398704027877 4.323941078488876E-4
build 8.731717965509714E-4 0.9162907318741551 8.000792245135605E-4
various 0.0013097576948264572 0.5798184952529422 7.594217357602386E-4
sultan 0.004365858982754857 4.471638793363569 0.019522544393641428
challenge 2.1829294913774285E-4 0.9751312318970885 2.1286427240713567E-4
category 2.1829294913774285E-4 0.8080771472339223 1.7639754360050693E-4
user 4.365858982754857E-4 1.293584963015623 5.647609530738367E-4
simply 4.365858982754857E-4 1.4512139072192063 6.335795272731746E-4
account 0.0010914647456887142 0.7459453661269161 8.141730693373893E-4
methodology 2.1829294913774285E-4 1.252762968495368 2.7346932296340714E-4
customer 4.365858982754857E-4 2.392197251683733 0.0010443995859784907
