sufficiently 7.265681763138775E-4 2.120263536200091 0.001540516010801713
analyse 7.265681763138775E-4 1.4512139072192063 0.0010544058420095953
annotate 9.687575684185032E-4 1.8689491079191851 0.0018105585932857206
branch 4.843787842092516E-4 2.2203469947570738 0.001075488977843097
without 0.001453136352627755 0.32850406697203605 4.773612017031282E-4
setting 4.843787842092516E-4 1.1394342831883648 5.519177927771203E-4
score 0.001210946960523129 1.0059028905638423 0.0012180950479097144
would 0.0031484620973601355 0.5013468798114469 0.0015784716487161079
poor 7.265681763138775E-4 0.9452782687474074 6.868091078329431E-4
mayhew 4.843787842092516E-4 5.1647859739235145 0.0025017127507500673
because 0.001210946960523129 0.34450440831847723 4.1717656614007894E-4
near 2.421893921046258E-4 1.79749014393704 4.353330452741681E-4
calculate 7.265681763138775E-4 0.7221347174331975 5.246801046983755E-4
utilise 0.001453136352627755 2.6798793241355137 0.0038942300665568133
matric 4.843787842092516E-4 5.1647859739235145 0.0025017127507500673
thus 7.265681763138775E-4 0.8881198549074587 6.452796233282577E-4
fairly 4.843787842092516E-4 2.5998366164619773 0.001259305699424547
possess 2.421893921046258E-4 2.169053700369523 5.25321797134784E-4
raw 4.843787842092516E-4 2.2744142160273495 0.0011016779927475657
require 2.421893921046258E-4 0.3127557100038969 7.574611528309443E-5
analysis 9.687575684185032E-4 0.13434805253107854 1.3015069269176898E-4
size 0.001210946960523129 0.12136085700426753 1.4696156091579987E-4
advancement 4.843787842092516E-4 2.7668907011251433 0.0013402231538508808
left 4.843787842092516E-4 1.2729656758128876 6.165975663903548E-4
polysemous 4.843787842092516E-4 4.471638793363569 0.0021659669621523704
role 4.843787842092516E-4 0.664976303593249 3.2210041346246015E-4
achieve 7.265681763138775E-4 0.6109090823229731 4.43867097836987E-4
turn 4.843787842092516E-4 1.4035858582299516 6.79867211542723E-4
manual 0.0031484620973601355 1.4512139072192063 0.004569091982041579
subsequently 4.843787842092516E-4 1.79749014393704 8.706660905483362E-4
example 7.265681763138775E-4 0.6988778552689304 5.077824087689008E-4
result 4.843787842092516E-4 0.058840500022933395 2.850108986337292E-5
same 7.265681763138775E-4 0.2972515234679317 2.159734973126169E-4
vocabulary 4.843787842092516E-4 2.073743520565198 0.0010044773652531837
Indonesian 2.421893921046258E-4 2.9675613965872945 7.187118906726313E-4
wikipedia 4.843787842092516E-4 2.6798793241355137 0.001298076688852271
after 0.001453136352627755 0.12136085700426753 1.7635387309895985E-4
close 4.843787842092516E-4 0.6988778552689304 3.3852160584593385E-4
connect 2.421893921046258E-4 1.293584963015623 3.132925558284386E-4
annotation 0.001453136352627755 2.120263536200091 0.003081032021603426
audition 4.843787842092516E-4 4.471638793363569 0.0021659669621523704
website 2.421893921046258E-4 2.331572629867298 5.646821578753446E-4
address 4.843787842092516E-4 0.7827593392496325 3.791520170741741E-4
learn 2.421893921046258E-4 1.252762968495368 3.0340590179107966E-4
Tamil 2.421893921046258E-4 5.1647859739235145 0.0012508563753750336
the 0.09929765076289658 0.017291497110061043 0.001717005041202477
component 4.843787842092516E-4 0.9600933545325481 4.650488517958576E-4
information 0.002421893921046258 0.3049735695618419 7.38613634201603E-4
exploit 4.843787842092516E-4 1.8689491079191851 9.052792966428603E-4
novel 4.843787842092516E-4 1.3805963400052528 6.687315766554869E-4
discuss 4.843787842092516E-4 0.7827593392496325 3.791520170741741E-4
standard 7.265681763138775E-4 0.7221347174331975 5.246801046983755E-4
correct 4.843787842092516E-4 1.4759065198095778 7.14897805671871E-4
official 4.843787842092516E-4 2.392197251683733 0.0011587295963592797
good 2.421893921046258E-4 0.2160260835453457 5.231922585259038E-5
predefined 4.843787842092516E-4 2.2203469947570738 0.001075488977843097
red 7.265681763138775E-4 1.9459101490553132 0.0014138363882697845
syntactic 4.843787842092516E-4 2.2203469947570738 0.001075488977843097
transmission 4.843787842092516E-4 2.8622008809294686 0.0013863893828672648
predicted 7.265681763138775E-4 1.5271998141971284 0.0011096147838681
add 7.265681763138775E-4 0.7827593392496325 5.687280256112612E-4
need 4.843787842092516E-4 0.27443684570176036 1.3293138566324066E-4
its 0.001210946960523129 0.19497267434751336 2.3610156738618714E-4
often 4.843787842092516E-4 0.5900749954201312 2.8581980887388284E-4
enormous 4.843787842092516E-4 2.7668907011251433 0.0013402231538508808
article 2.421893921046258E-4 1.252762968495368 3.0340590179107966E-4
lack 4.843787842092516E-4 0.5696661237889241 2.759341844460761E-4
bakar 4.843787842092516E-4 5.1647859739235145 0.0025017127507500673
external 7.265681763138775E-4 1.4759065198095778 0.0010723467085078065
revise 0.0019375151368370065 2.5998366164619773 0.005037222797698188
salleh 4.843787842092516E-4 5.1647859739235145 0.0025017127507500673
guideline 4.843787842092516E-4 1.5538680612792897 7.526607223440492E-4
therefore 7.265681763138775E-4 1.1394342831883648 8.278766891656804E-4
alignment 4.843787842092516E-4 2.9675613965872945 0.0014374237813452625
neural 0.004601598449987891 1.5271998141971284 0.007027560297831301
universally 4.843787842092516E-4 3.373026504695459 0.001633822477449968
choose 7.265681763138775E-4 0.7221347174331975 5.246801046983755E-4
representation 0.0016953257447323807 1.2135422553420867 0.002057349427802036
remove 0.001453136352627755 1.0872485300177945 0.001579920363309946
prevent 4.843787842092516E-4 1.1944940603713923 5.785875807078674E-4
engine 4.843787842092516E-4 2.8622008809294686 0.0013863893828672648
end 0.001453136352627755 0.8607208807193443 0.001250744801239057
projection 4.843787842092516E-4 2.2744142160273495 0.0011016779927475657
effectiveness 0.001210946960523129 1.5271998141971284 0.0018493579731135
conducive 4.843787842092516E-4 4.0661736852554045 0.001969568266047665
identify 9.687575684185032E-4 0.3049735695618419 2.954454536806412E-4
multiple 0.0033906514894647614 0.5108256237659907 0.0017320316620789223
perform 4.843787842092516E-4 0.2669461739726028 1.293030631981607E-4
label 0.004359409057883265 1.1394342831883648 0.004967260134994083
gru 4.843787842092516E-4 5.1647859739235145 0.0025017127507500673
improvement 7.265681763138775E-4 0.9306794693262548 6.762020847611442E-4
forum 4.843787842092516E-4 2.9675613965872945 0.0014374237813452625
with 0.011382901428917413 0.017291497110061043 1.9682740716223517E-4
modify 7.265681763138775E-4 1.5812670354674039 0.001148898306224803
supervised 9.687575684185032E-4 1.9867321435755685 0.0019246618005091484
brunei 4.843787842092516E-4 5.1647859739235145 0.0025017127507500673
there 0.002421893921046258 0.12136085700426753 2.9392312183159974E-4
automate 2.421893921046258E-4 1.4759065198095778 3.574489028359355E-4
translation 4.843787842092516E-4 1.9459101490553132 9.425575921798563E-4
Indian 2.421893921046258E-4 3.7784916128036232 9.151105867773367E-4
well 0.001210946960523129 0.3127557100038969 3.7873057641547213E-4
suitable 4.843787842092516E-4 1.121734706088964 5.433444931406946E-4
family 4.843787842092516E-4 1.8325814637483102 8.876635813748172E-4
slightly 7.265681763138775E-4 1.5271998141971284 0.0011096147838681
release 2.421893921046258E-4 1.79749014393704 4.353330452741681E-4
focus 2.421893921046258E-4 0.4285875255290187 1.0379935227149884E-4
approach 7.265681763138775E-4 0.40261203912575794 2.9252509502961343E-4
number 9.687575684185032E-4 0.14750613710858965 1.4289768671212365E-4
experiment 7.265681763138775E-4 1.293584963015623 9.398776674853159E-4
per 4.843787842092516E-4 0.7339691750802005 3.5551909667241486E-4
flow 0.001210946960523129 1.4035858582299516 0.0016996680288568075
order 9.687575684185032E-4 0.5900749954201312 5.716396177477657E-4
similar 7.265681763138775E-4 0.20895891632225325 1.5182289875678367E-4
lexical 4.843787842092516E-4 2.120263536200091 0.0010270106738678086
distant 0.001453136352627755 2.9675613965872945 0.004312271344035788
testing 7.265681763138775E-4 1.293584963015623 9.398776674853159E-4
propose 0.00290627270525551 0.6214911916535102 0.0018062228868593177
jointly 9.687575684185032E-4 2.8622008809294686 0.0027727787657345297
system 9.687575684185032E-4 0.36076492919025743 3.494937555730273E-4
million 4.843787842092516E-4 1.3805963400052528 6.687315766554869E-4
compose 2.421893921046258E-4 1.79749014393704 4.353330452741681E-4
other 0.001210946960523129 0.0408219945202552 4.943327018679486E-5
aim 2.421893921046258E-4 0.6109090823229731 1.4795569927899567E-4
functionality 4.843787842092516E-4 2.7668907011251433 0.0013402231538508808
optimise 7.265681763138775E-4 2.9675613965872945 0.002156135672017894
native 7.265681763138775E-4 2.7668907011251433 0.0020103347307763213
mislabel 2.421893921046258E-4 4.471638793363569 0.0010829834810761852
have 0.0036328408815693874 0.017291497110061043 6.281725760496868E-5
noise 2.421893921046258E-4 2.331572629867298 5.646821578753446E-4
share 4.843787842092516E-4 1.0539121097502027 5.104926663842105E-4
speak 2.421893921046258E-4 2.120263536200091 5.135053369339043E-4
costly 4.843787842092516E-4 2.6798793241355137 0.001298076688852271
cnn 0.001210946960523129 2.5257286443082556 0.003058523424931285
particularly 4.843787842092516E-4 0.9751312318970885 4.7233288055078155E-4
thoroughly 4.843787842092516E-4 2.5257286443082556 0.0012234093699725142
question 4.843787842092516E-4 0.8743265327751228 4.235052229475044E-4
workload 7.265681763138775E-4 4.0661736852554045 0.0029543523990714976
noisy 4.843787842092516E-4 3.2188758248682006 0.001559155158570211
produce 4.843787842092516E-4 0.8607208807193443 4.1691493374635227E-4
wartawan 7.265681763138775E-4 5.1647859739235145 0.0037525691261251016
framework 0.00871881811576653 1.4035858582299516 0.012237609807769015
future 4.843787842092516E-4 0.48265474679929443 2.3378771944746642E-4
regard 2.421893921046258E-4 0.4919571394616079 1.1914680054773744E-4
urgently 4.843787842092516E-4 4.0661736852554045 0.001969568266047665
entity 0.011382901428917413 1.9867321435755685 0.022614776155982494
almost 4.843787842092516E-4 1.1043429633770947 5.349203019506392E-4
glove 4.843787842092516E-4 2.6798793241355137 0.001298076688852271
implicitly 7.265681763138775E-4 2.9675613965872945 0.002156135672017894
associate 2.421893921046258E-4 0.38566248081198473 9.34033617854165E-5
correspond 2.421893921046258E-4 0.8743265327751228 2.117526114737522E-4
crawl 4.843787842092516E-4 3.373026504695459 0.001633822477449968
whether 9.687575684185032E-4 0.5300569856938783 5.134967165840429E-4
function 4.843787842092516E-4 0.5496654570822546 2.6624628582332506E-4
quite 7.265681763138775E-4 1.5012243277938677 0.0010907418220832171
ner 0.029304916444659723 3.5553480614894135 0.10418917787363018
mbert 4.843787842092516E-4 4.471638793363569 0.0021659669621523704
representative 0.001210946960523129 1.5812670354674039 0.0019148305103746715
verification 4.843787842092516E-4 2.6798793241355137 0.001298076688852271
all 0.005570356018406394 0.017291497110061043 9.63197949942853E-5
new 0.001453136352627755 0.36076492919025743 5.24240633359541E-4
read 2.421893921046258E-4 1.3581234841531944 3.2892310103007857E-4
anea 4.843787842092516E-4 5.1647859739235145 0.0025017127507500673
swap 4.843787842092516E-4 5.1647859739235145 0.0025017127507500673
expense 4.843787842092516E-4 2.7668907011251433 0.0013402231538508808
tool 4.843787842092516E-4 0.8743265327751228 4.235052229475044E-4
luthfi 4.843787842092516E-4 5.1647859739235145 0.0025017127507500673
hybrid 4.843787842092516E-4 2.073743520565198 0.0010044773652531837
improve 0.001453136352627755 0.377294231141468 5.48259962908406E-4
collect 4.843787842092516E-4 0.6761496041913742 3.275125232217845E-4
boundary 0.0031484620973601355 2.169053700369523 0.006829183362752192
leverage 7.265681763138775E-4 2.2744142160273495 0.0016525169891213488
facilitate 4.843787842092516E-4 1.2729656758128876 6.165975663903548E-4
locate 4.843787842092516E-4 1.5812670354674039 7.659322041498687E-4
technique 0.001210946960523129 0.7953381214564925 9.631122807659148E-4
cause 7.265681763138775E-4 0.5398131606392429 3.922110636758849E-4
ulanganathan 7.265681763138775E-4 5.1647859739235145 0.0037525691261251016
effective 0.001453136352627755 0.8472978603872037 0.001231239322432362
and 0.04456284814725115 0.017291497110061043 7.705583599542824E-4
negatively 4.843787842092516E-4 1.8689491079191851 9.052792966428603E-4
crf 0.0021797045289416324 3.5553480614894135 0.007749608271592328
design 7.265681763138775E-4 0.6004377824556778 4.362589845887705E-4
define 4.843787842092516E-4 0.3526016185510966 1.707927433039945E-4
construction 0.00581254541051102 1.730798769438368 0.010060346443817106
predict 9.687575684185032E-4 1.1043429633770947 0.0010698406039012784
universal 4.843787842092516E-4 2.5257286443082556 0.0012234093699725142
accord 2.421893921046258E-4 0.4919571394616079 1.1914680054773744E-4
relieve 4.843787842092516E-4 3.7784916128036232 0.0018302211735546734
automatic 9.687575684185032E-4 1.5812670354674039 0.0015318644082997373
specific 9.687575684185032E-4 0.40261203912575794 3.9003346003948456E-4
consecutive 4.843787842092516E-4 1.9867321435755685 9.623309002545742E-4
plm 2.421893921046258E-4 5.1647859739235145 0.0012508563753750336
English 2.421893921046258E-4 1.4512139072192063 3.514686140031984E-4
application 4.843787842092516E-4 0.7703368192510752 3.7313481194045786E-4
conduct 4.843787842092516E-4 0.5798184952529422 2.8085177779265785E-4
until 4.843787842092516E-4 1.0376515888784226 5.026164150537285E-4
strategy 7.265681763138775E-4 0.9021060968821986 6.554415816533291E-4
unlabelled 4.843787842092516E-4 3.373026504695459 0.001633822477449968
concern 4.843787842092516E-4 1.0539121097502027 5.104926663842105E-4
lessen 4.843787842092516E-4 4.471638793363569 0.0021659669621523704
identification 4.843787842092516E-4 1.3146383722134554 6.367829364075831E-4
let 4.843787842092516E-4 1.79749014393704 8.706660905483362E-4
state 2.421893921046258E-4 0.6761496041913742 1.6375626161089225E-4
fully 0.00290627270525551 1.2729656758128876 0.0036995853983421293
element 2.421893921046258E-4 1.1758019273592397 2.8476675402258167E-4
austronesian 4.843787842092516E-4 5.1647859739235145 0.0025017127507500673
abundant 4.843787842092516E-4 2.7668907011251433 0.0013402231538508808
mohd 4.843787842092516E-4 4.471638793363569 0.0021659669621523704
each 0.002421893921046258 0.13434805253107854 3.2537673172942244E-4
bilstm 4.843787842092516E-4 3.5553480614894135 0.0017221351714649617
stanford 4.843787842092516E-4 2.5257286443082556 0.0012234093699725142
difference 4.843787842092516E-4 0.36076492919025743 1.7474687778651365E-4
sophisticated 4.843787842092516E-4 2.073743520565198 0.0010044773652531837
automatically 0.001210946960523129 1.4759065198095778 0.0017872445141796775
another 0.001453136352627755 0.40261203912575794 5.850501900592269E-4
document 2.421893921046258E-4 0.8743265327751228 2.117526114737522E-4
guarantee 4.843787842092516E-4 1.8689491079191851 9.052792966428603E-4
availability 4.843787842092516E-4 1.6384254493073527 7.936185271529923E-4
two 0.006296924194720271 0.11492996667397702 7.237052878477603E-4
summarise 2.421893921046258E-4 2.456735772821304 5.949953433812796E-4
pos 9.687575684185032E-4 2.9675613965872945 0.002874847562690525
structured 4.843787842092516E-4 1.3805963400052528 6.687315766554869E-4
where 0.001210946960523129 0.32850406697203605 3.978010014192735E-4
mechanism 0.003875030273674013 1.1043429633770947 0.004279362415605114
ontonote 2.421893921046258E-4 3.7784916128036232 9.151105867773367E-4
popular 4.843787842092516E-4 1.252762968495368 6.068118035821593E-4
receive 2.421893921046258E-4 0.653926467406664 1.5837405362234536E-4
detection 9.687575684185032E-4 1.5271998141971284 0.0014794863784908
gazetteer 4.843787842092516E-4 4.0661736852554045 0.001969568266047665
black 7.265681763138775E-4 2.331572629867298 0.0016940464736260338
call 2.421893921046258E-4 1.0539121097502027 2.5524633319210524E-4
such 0.00290627270525551 0.10219094089654716 2.9699474225201405E-4
ase 2.421893921046258E-4 5.1647859739235145 0.0012508563753750336
nlp 0.001210946960523129 0.41119578281714936 4.979362833823557E-4
classic 4.843787842092516E-4 2.9675613965872945 0.0014374237813452625
rtx 4.843787842092516E-4 4.471638793363569 0.0021659669621523704
ask 4.843787842092516E-4 1.730798769438368 8.383622036514255E-4
describe 2.421893921046258E-4 0.28958865072236245 7.013529927884778E-5
dataset 0.017195446839428433 1.1043429633770947 0.018989670719247693
through 0.0016953257447323807 0.2595111954850846 4.399560107521415E-4
categorise 2.421893921046258E-4 3.0853444322436783 7.472376924784883E-4
organisation 4.843787842092516E-4 2.8622008809294686 0.0013863893828672648
source 7.265681763138775E-4 0.7703368192510752 5.597022179106868E-4
incorporate 2.421893921046258E-4 1.6384254493073527 3.9680926357649616E-4
align 4.843787842092516E-4 1.9459101490553132 9.425575921798563E-4
research 0.001210946960523129 0.40261203912575794 4.875418250493557E-4
seregar 4.843787842092516E-4 5.1647859739235145 0.0025017127507500673
lin 0.0033906514894647614 3.373026504695459 0.011436757342149776
bias 0.001210946960523129 1.4512139072192063 0.0017573430700159919
huge 4.843787842092516E-4 1.9459101490553132 9.425575921798563E-4
actual 4.843787842092516E-4 1.293584963015623 6.265851116568772E-4
correctness 4.843787842092516E-4 3.2188758248682006 0.001559155158570211
widely 0.0021797045289416324 1.0059028905638423 0.0021925710862374863
gunawan 4.843787842092516E-4 5.1647859739235145 0.0025017127507500673
insufficient 0.001210946960523129 2.073743520565198 0.0025111934131329594
weight 2.421893921046258E-4 1.0059028905638423 2.4361900958194292E-4
significant 0.0016953257447323807 0.377294231141468 6.396366233931402E-4
develop 7.265681763138775E-4 0.32850406697203605 2.386806008515641E-4
name 2.421893921046258E-4 1.157452788691043 2.8032278728288765E-4
overall 4.843787842092516E-4 0.7339691750802005 3.5551909667241486E-4
assume 4.843787842092516E-4 0.9452782687474074 4.578727385552954E-4
full 0.001210946960523129 0.14750613710858965 1.7862210839015457E-4
migrate 4.843787842092516E-4 4.471638793363569 0.0021659669621523704
next 4.843787842092516E-4 0.8080771472339223 3.9141542612444773E-4
memory 4.843787842092516E-4 2.073743520565198 0.0010044773652531837
hidden 7.265681763138775E-4 1.730798769438368 0.0012575433054771382
attract 2.421893921046258E-4 2.5257286443082556 6.117046849862571E-4
show 0.001210946960523129 0.0771896386911299 9.347255835690226E-5
effort 7.265681763138775E-4 1.252762968495368 9.102177053732392E-4
conclusion 4.843787842092516E-4 0.28958865072236245 1.4027059855769555E-4
not 0.0016953257447323807 0.03488725900044054 5.914526834659331E-5
negative 4.843787842092516E-4 0.6321864807702582 3.062177189490231E-4
hence 4.843787842092516E-4 2.0292917579943643 9.829458745431651E-4
pennington 4.843787842092516E-4 5.1647859739235145 0.0025017127507500673
early 2.421893921046258E-4 0.6214911916535102 1.5051857390494314E-4
enhance 7.265681763138775E-4 1.1944940603713923 8.678813710618011E-4
news 0.001453136352627755 2.0292917579943643 0.0029488376236294954
overview 7.265681763138775E-4 1.4271163556401458 0.0010368973279051678
effectively 0.0021797045289416324 1.6384254493073527 0.0035712833721884656
introduce 0.0016953257447323807 0.7339691750802005 0.001244316838353452
start 0.001453136352627755 0.8472978603872037 0.001231239322432362
way 4.843787842092516E-4 0.8340526336371831 4.0399740064770307E-4
pair 4.843787842092516E-4 1.293584963015623 6.265851116568772E-4
target 0.0021797045289416324 0.8743265327751228 0.00190577350326377
detailed 4.843787842092516E-4 1.1394342831883648 5.519177927771203E-4
refer 2.421893921046258E-4 0.7827593392496325 1.8957600853708706E-4
markov 4.843787842092516E-4 3.7784916128036232 0.0018302211735546734
yang 0.0033906514894647614 2.7668907011251433 0.009381562076956165
time 9.687575684185032E-4 0.167573700159399 1.6233829029731073E-4
play 2.421893921046258E-4 0.9600933545325481 2.325244258979288E-4
contextual 0.001453136352627755 1.906689435902032 0.0027706797324805505
discard 4.843787842092516E-4 3.0853444322436783 0.0014944753849569766
experimental 9.687575684185032E-4 1.4512139072192063 0.0014058744560127936
when 4.843787842092516E-4 0.14750613710858965 7.144884335606182E-5
three 7.265681763138775E-4 0.22314355131420976 1.6212900313456754E-4
put 4.843787842092516E-4 1.6990500711237875 8.229838077615827E-4
far 4.843787842092516E-4 1.3361445774344192 6.472000859454682E-4
case 7.265681763138775E-4 0.24480504809538922 1.77867557347098E-4
generation 4.843787842092516E-4 1.6682784124570338 8.080786691484784E-4
give 2.421893921046258E-4 0.2595111954850846 6.285085867887736E-5
probability 0.0036328408815693874 1.4035858582299516 0.005099004086570423
creative 4.843787842092516E-4 3.2188758248682006 0.001559155158570211
explicit 9.687575684185032E-4 2.120263536200091 0.0020540213477356173
provide 2.421893921046258E-4 0.167573700159399 4.058457257432768E-5
rely 4.843787842092516E-4 1.1758019273592397 5.695335080451633E-4
completely 4.843787842092516E-4 1.3805963400052528 6.687315766554869E-4
minimise 7.265681763138775E-4 2.7668907011251433 0.0020103347307763213
study 9.687575684185032E-4 0.07103577311675174 6.88164428353129E-5
explicitly 0.001453136352627755 1.5812670354674039 0.002297796612449606
formulate 4.843787842092516E-4 1.5538680612792897 7.526607223440492E-4
pattern 4.843787842092516E-4 0.9751312318970885 4.7233288055078155E-4
layer 0.002664083313150884 1.4759065198095778 0.003931937931195291
gain 2.421893921046258E-4 0.9751312318970885 2.3616644027539077E-4
lot 4.843787842092516E-4 1.9459101490553132 9.425575921798563E-4
fuse 4.843787842092516E-4 2.9675613965872945 0.0014374237813452625
modern 4.843787842092516E-4 2.0292917579943643 9.829458745431651E-4
low 2.421893921046258E-4 0.28958865072236245 7.013529927884778E-5
embedding 4.843787842092516E-4 1.906689435902032 9.235599108268502E-4
nvidia 4.843787842092516E-4 3.7784916128036232 0.0018302211735546734
wealth 4.843787842092516E-4 3.5553480614894135 0.0017221351714649617
means 4.843787842092516E-4 0.6988778552689304 3.3852160584593385E-4
explore 0.001210946960523129 0.9600933545325481 0.001162622129489644
efficient 4.843787842092516E-4 1.3581234841531944 6.578462020601571E-4
more 0.0021797045289416324 0.05279818556697083 1.1508444420022704E-4
display 9.687575684185032E-4 0.16083966797805488 1.5581464565565985E-4
unify 2.421893921046258E-4 2.6798793241355137 6.490383444261355E-4
csvdisplay 0.002664083313150884 0.2669461739726028 7.111668475898839E-4
centre 4.843787842092516E-4 2.120263536200091 0.0010270106738678086
conceptual 4.843787842092516E-4 2.120263536200091 0.0010270106738678086
meneze 2.421893921046258E-4 5.1647859739235145 0.0012508563753750336
randomly 4.843787842092516E-4 1.6384254493073527 7.936185271529923E-4
certain 0.0019375151368370065 0.8209805520698303 0.0015906622466840983
small 7.265681763138775E-4 0.45525577261118 3.3077435646247037E-4
fed 7.265681763138775E-4 1.9867321435755685 0.0014434963503818614
before 4.843787842092516E-4 0.5203950747821414 2.520683336314562E-4
dice 4.843787842092516E-4 4.471638793363569 0.0021659669621523704
section 0.0019375151368370065 0.6988778552689304 0.0013540864233837354
alleviate 0.001210946960523129 2.8622008809294686 0.003465973457168162
influence 2.421893921046258E-4 0.6874491594453075 1.6649289402889501E-4
few 4.843787842092516E-4 0.5013468798114469 2.4284179211017044E-4
consider 4.843787842092516E-4 0.17435338714477774 8.445308168795241E-5
potential 0.0019375151368370065 0.4373981552111735 8.47465546546231E-4
obtain 7.265681763138775E-4 0.3526016185510966 2.5618911495599176E-4
otherwise 9.687575684185032E-4 2.0292917579943643 0.0019658917490863303
manually 9.687575684185032E-4 1.4512139072192063 0.0014058744560127936
package 4.843787842092516E-4 2.073743520565198 0.0010044773652531837
kind 2.421893921046258E-4 1.5538680612792897 3.763303611720246E-4
stimulate 2.421893921046258E-4 2.392197251683733 5.793647981796399E-4
both 0.001453136352627755 0.13434805253107854 1.9522603903765349E-4
most 0.002421893921046258 0.0771896386911299 1.8694511671380452E-4
transfer 0.0021797045289416324 1.5271998141971284 0.0033288443516043004
outside 4.843787842092516E-4 1.4035858582299516 6.79867211542723E-4
correction 4.843787842092516E-4 3.373026504695459 0.001633822477449968
option 4.843787842092516E-4 1.6990500711237875 8.229838077615827E-4
classify 7.265681763138775E-4 0.9162907318741551 6.65747686031113E-4
part 9.687575684185032E-4 0.4285875255290187 4.1519740908599535E-4
contribute 2.421893921046258E-4 0.6874491594453075 1.6649289402889501E-4
yingwen 0.0033906514894647614 5.1647859739235145 0.017511989255250472
generative 4.843787842092516E-4 2.7668907011251433 0.0013402231538508808
general 9.687575684185032E-4 0.4734380916943703 4.5864673450653453E-4
highlight 2.421893921046258E-4 0.9306794693262548 2.254006949203814E-4
tend 2.421893921046258E-4 1.1394342831883648 2.7595889638856014E-4
along 4.843787842092516E-4 1.2135422553420867 5.878141222291531E-4
parallel 4.843787842092516E-4 1.6094379124341003 7.795775792851055E-4
reject 4.843787842092516E-4 2.7668907011251433 0.0013402231538508808
introduction 4.843787842092516E-4 0.10219094089654716 4.9499123708669E-5
fuzzy 4.843787842092516E-4 2.6798793241355137 0.001298076688852271
amount 7.265681763138775E-4 0.9306794693262548 6.762020847611442E-4
process 7.265681763138775E-4 0.41985384556026406 3.050524428870894E-4
nankai 0.0033906514894647614 5.1647859739235145 0.017511989255250472
also 0.0033906514894647614 0.05279818556697083 1.790202465336865E-4
enough 0.001210946960523129 1.4512139072192063 0.0017573430700159919
heavily 4.843787842092516E-4 2.0292917579943643 9.829458745431651E-4
increase 7.265681763138775E-4 0.16083966797805488 1.1686098424174488E-4
third 4.843787842092516E-4 0.990398704027877 4.797281201394415E-4
build 0.001453136352627755 0.9162907318741551 0.001331495372062226
various 4.843787842092516E-4 0.5798184952529422 2.8085177779265785E-4
mean 2.421893921046258E-4 0.5398131606392429 1.3073702122529495E-4
interaction 7.265681763138775E-4 1.1758019273592397 8.54300262067745E-4
further 0.0016953257447323807 0.27443684570176036 4.6525984982134235E-4
methodology 4.843787842092516E-4 1.252762968495368 6.068118035821593E-4
simply 4.843787842092516E-4 1.4512139072192063 7.029372280063968E-4
account 4.843787842092516E-4 0.7459453661269161 3.613201095310807E-4
mtbr 0.005570356018406394 5.1647859739235145 0.028769696633625778
bring 4.843787842092516E-4 1.3361445774344192 6.472000859454682E-4
louvan 4.843787842092516E-4 5.1647859739235145 0.0025017127507500673
evaluation 9.687575684185032E-4 0.7827593392496325 7.583040341483482E-4
suffer 2.421893921046258E-4 1.6990500711237875 4.1149190388079133E-4
retrieval 7.265681763138775E-4 2.331572629867298 0.0016940464736260338
diverse 4.843787842092516E-4 1.7635885922613586 8.542448981648625E-4
pseudo 9.687575684185032E-4 4.0661736852554045 0.00393913653209533
knowledge 0.0019375151368370065 0.8080771472339223 0.001565661704497791
addition 9.687575684185032E-4 0.7953381214564925 7.704898246127319E-4
pass 4.843787842092516E-4 2.120263536200091 0.0010270106738678086
impact 7.265681763138775E-4 0.6874491594453075 4.99478682086685E-4
whose 7.265681763138775E-4 1.730798769438368 0.0012575433054771382
extend 4.843787842092516E-4 1.4512139072192063 7.029372280063968E-4
domain 7.265681763138775E-4 1.1394342831883648 8.278766891656804E-4
competitive 7.265681763138775E-4 2.5257286443082556 0.0018351140549587714
simultaneously 7.265681763138775E-4 2.169053700369523 0.001575965391404352
greatly 4.843787842092516E-4 2.2203469947570738 0.001075488977843097
average 2.421893921046258E-4 0.7104386776700063 1.7206071147251304E-4
compare 9.687575684185032E-4 0.17435338714477774 1.6890616337590482E-4
be 2.421893921046258E-4 0.017291497110061043 4.187817173664578E-6
affect 7.265681763138775E-4 0.5596157879354227 4.0659902247669363E-4
handcraft 2.421893921046258E-4 4.471638793363569 0.0010829834810761852
how 7.265681763138775E-4 0.5496654570822546 3.9936942873498757E-4
search 4.843787842092516E-4 1.0059028905638423 4.8723801916388584E-4
see 0.001453136352627755 0.5696661237889241 8.278025533382283E-4
subsequent 4.843787842092516E-4 1.3581234841531944 6.578462020601571E-4
term 2.421893921046258E-4 0.4643056081310978 1.1244989298403918E-4
indicate 2.421893921046258E-4 0.4919571394616079 1.1914680054773744E-4
scoring 4.843787842092516E-4 2.6798793241355137 0.001298076688852271
set 7.265681763138775E-4 0.5108256237659907 3.711496418740548E-4
contain 2.421893921046258E-4 0.6429973968744738 1.5572714867388563E-4
incorrect 4.843787842092516E-4 2.5998366164619773 0.001259305699424547
bahagian 4.843787842092516E-4 5.1647859739235145 0.0025017127507500673
procedure 4.843787842092516E-4 0.8080771472339223 3.9141542612444773E-4
sample 2.421893921046258E-4 0.6321864807702582 1.5310885947451155E-4
reuter 2.421893921046258E-4 4.471638793363569 0.0010829834810761852
answer 2.421893921046258E-4 1.3805963400052528 3.3436578832774346E-4
series 4.843787842092516E-4 1.1758019273592397 5.695335080451633E-4
borrow 2.421893921046258E-4 3.373026504695459 8.16911238724984E-4
sharum 4.843787842092516E-4 5.1647859739235145 0.0025017127507500673
naive 4.843787842092516E-4 2.6798793241355137 0.001298076688852271
essential 4.843787842092516E-4 1.252762968495368 6.068118035821593E-4
represent 2.421893921046258E-4 0.4285875255290187 1.0379935227149884E-4
encode 4.843787842092516E-4 1.79749014393704 8.706660905483362E-4
lample 4.843787842092516E-4 4.471638793363569 0.0021659669621523704
corpus 9.687575684185032E-4 1.6094379124341003 0.001559155158570211
language 0.009687575684185032 0.664976303593249 0.006442008269249203
hold 4.843787842092516E-4 1.3581234841531944 6.578462020601571E-4
correctly 7.265681763138775E-4 2.0292917579943643 0.0014744188118147477
train 0.0016953257447323807 1.252762968495368 0.002123841312537558
which 0.004359409057883265 0.023122417420854212 1.0080007594462965E-4
typically 7.265681763138775E-4 1.1394342831883648 8.278766891656804E-4
elmo 0.0016953257447323807 3.7784916128036232 0.0064057741074413565
anbukkarasi 4.843787842092516E-4 5.1647859739235145 0.0025017127507500673
publicly 9.687575684185032E-4 2.6798793241355137 0.002596153377704542
graph 4.843787842092516E-4 1.8689491079191851 9.052792966428603E-4
homogeneous 4.843787842092516E-4 2.9675613965872945 0.0014374237813452625
take 7.265681763138775E-4 0.368995428326773 2.6810033542754155E-4
propagation 0.001210946960523129 3.7784916128036232 0.004575552933886683
piece 2.421893921046258E-4 2.392197251683733 5.793647981796399E-4
adjust 2.421893921046258E-4 1.4035858582299516 3.399336057713615E-4
final 0.0016953257447323807 0.6988778552689304 0.0011848256204607685
relatively 4.843787842092516E-4 0.8209805520698303 3.976655616710246E-4
tackle 9.687575684185032E-4 2.392197251683733 0.0023174591927185594
carry 2.421893921046258E-4 0.8472978603872037 2.0520655373872698E-4
little 9.687575684185032E-4 1.252762968495368 0.0012136236071643187
some 0.00581254541051102 0.2160260835453457 0.0012556614204621694
deep 4.843787842092516E-4 1.157452788691043 5.606455745657753E-4
rather 4.843787842092516E-4 0.758066726659261 3.671914394086999E-4
kosasih 4.843787842092516E-4 5.1647859739235145 0.0025017127507500673
for 0.025187696778881084 0.017291497110061043 4.355329860611161E-4
training 0.002421893921046258 1.0059028905638423 0.0024361900958194288
augmentation 7.265681763138775E-4 4.0661736852554045 0.0029543523990714976
random 0.0019375151368370065 1.2329603411991883 0.0023888793241931476
perhaps 4.843787842092516E-4 1.9459101490553132 9.425575921798563E-4
load 4.843787842092516E-4 2.169053700369523 0.001050643594269568
rate 4.843787842092516E-4 0.5696661237889241 2.759341844460761E-4
supervision 0.001210946960523129 2.9675613965872945 0.003593559453363156
ignore 2.421893921046258E-4 1.9867321435755685 4.811654501272871E-4
divide 2.421893921046258E-4 1.0059028905638423 2.4361900958194292E-4
over 0.0016953257447323807 0.3364722366212129 5.704300451316275E-4
outperform 9.687575684185032E-4 2.0292917579943643 0.0019658917490863303
thwart 2.421893921046258E-4 4.471638793363569 0.0010829834810761852
six 4.843787842092516E-4 0.9162907318741551 4.438317906874086E-4
irwan 4.843787842092516E-4 5.1647859739235145 0.0025017127507500673
parse 4.843787842092516E-4 2.120263536200091 0.0010270106738678086
publish 2.421893921046258E-4 0.03488725900044054 8.449324049513329E-6
setup 4.843787842092516E-4 2.392197251683733 0.0011587295963592797
gate 9.687575684185032E-4 3.373026504695459 0.003267644954899936
prompt 4.843787842092516E-4 1.8689491079191851 9.052792966428603E-4
significantly 9.687575684185032E-4 0.5900749954201312 5.716396177477657E-4
assign 7.265681763138775E-4 1.0704414117014134 7.777486643507484E-4
elaborate 2.421893921046258E-4 2.5998366164619773 6.296528497122735E-4
expert 7.265681763138775E-4 1.6094379124341003 0.0011693663689276582
practice 4.843787842092516E-4 1.0376515888784226 5.026164150537285E-4
advanced 0.001210946960523129 1.4512139072192063 0.0017573430700159919
bio 4.843787842092516E-4 3.7784916128036232 0.0018302211735546734
construct 0.002421893921046258 1.2135422553420867 0.0029390706111457657
attempt 2.421893921046258E-4 1.0216512475319812 2.4743309458270313E-4
output 0.0021797045289416324 1.121734706088964 0.0024450502191331255
distillation 7.265681763138775E-4 4.471638793363569 0.003248950443228556
four 7.265681763138775E-4 0.4643056081310978 3.3734967895211754E-4
recognise 9.687575684185032E-4 2.6798793241355137 0.002596153377704542
context 4.843787842092516E-4 0.8881198549074587 4.301864155521718E-4
classifier 0.0021797045289416324 2.0292917579943643 0.004423256435444243
model 0.009687575684185032 0.41985384556026406 0.0040673659051611915
majority 4.843787842092516E-4 0.9452782687474074 4.578727385552954E-4
text 7.265681763138775E-4 0.8209805520698303 5.964983425065369E-4
sulaiman 4.843787842092516E-4 5.1647859739235145 0.0025017127507500673
whereas 4.843787842092516E-4 1.0872485300177945 5.266401211033153E-4
sentence 0.0019375151368370065 1.3146383722134554 0.0025471317456303324
reduce 0.002421893921046258 0.3941013494578493 9.544716625280922E-4
likely 4.843787842092516E-4 0.5798184952529422 2.8085177779265785E-4
large 0.0019375151368370065 0.22314355131420976 4.323440083588467E-4
issue 4.843787842092516E-4 0.7953381214564925 3.8524491230636595E-4
khodra 4.843787842092516E-4 5.1647859739235145 0.0025017127507500673
sense 4.843787842092516E-4 1.4271163556401458 6.912648852701118E-4
audited 7.265681763138775E-4 5.1647859739235145 0.0037525691261251016
classification 0.0016953257447323807 0.9600933545325481 0.0016276709812855018
encoder 0.0031484620973601355 2.6798793241355137 0.008437498477539761
traditional 4.843787842092516E-4 1.1758019273592397 5.695335080451633E-4
field 2.421893921046258E-4 0.6988778552689304 1.6926080292296693E-4
evaluate 9.687575684185032E-4 0.40261203912575794 3.9003346003948456E-4
semantic 7.265681763138775E-4 1.4512139072192063 0.0010544058420095953
paragraph 2.421893921046258E-4 3.0853444322436783 7.472376924784883E-4
inference 4.843787842092516E-4 2.2744142160273495 0.0011016779927475657
neighbour 2.421893921046258E-4 2.5998366164619773 6.296528497122735E-4
phenomenon 4.843787842092516E-4 1.6094379124341003 7.795775792851055E-4
mention 4.843787842092516E-4 0.8881198549074587 4.301864155521718E-4
literature 4.843787842092516E-4 0.9306794693262548 4.508013898407628E-4
dependence 4.843787842092516E-4 2.5998366164619773 0.001259305699424547
december 0.0033906514894647614 1.3361445774344192 0.004530400601618277
crime 4.843787842092516E-4 4.0661736852554045 0.001969568266047665
table 0.007750060547348026 0.18117935221517753 0.0014041509495969196
convolutional 4.843787842092516E-4 2.5998366164619773 0.001259305699424547
may 0.001210946960523129 0.15415067982725836 1.8666829719939253E-4
within 0.001210946960523129 0.3127557100038969 3.7873057641547213E-4
could 0.0021797045289416324 0.22314355131420976 4.863870094037026E-4
change 2.421893921046258E-4 0.3941013494578493 9.544716625280923E-5
draw 2.421893921046258E-4 1.1944940603713923 2.892937903539337E-4
generally 4.843787842092516E-4 0.9021060968821986 4.3696105443555267E-4
singapore 4.843787842092516E-4 3.7784916128036232 0.0018302211735546734
sabrina 4.843787842092516E-4 5.1647859739235145 0.0025017127507500673
machine 9.687575684185032E-4 1.0539121097502027 0.001020985332768421
report 4.843787842092516E-4 0.3364722366212129 1.6298001289475074E-4
bidirectional 0.001210946960523129 2.2744142160273495 0.002754194981868914
subject 4.843787842092516E-4 0.9021060968821986 4.3696105443555267E-4
use 0.0031484620973601355 0.03488725900044054 1.0984121264367328E-4
recognition 9.687575684185032E-4 1.6384254493073527 0.0015872370543059846
main 0.001453136352627755 0.6004377824556778 8.72517969177541E-4
while 0.001453136352627755 0.20895891632225325 3.0364579751356735E-4
second 9.687575684185032E-4 0.4373981552111735 4.237327732731155E-4
that 0.01041414386049891 0.017291497110061043 1.8007613846757686E-4
high 0.001210946960523129 0.11492996667397702 1.3917409381687698E-4
download 0.002664083313150884 0.24480504809538922 6.52181043606026E-4
solution 7.265681763138775E-4 1.0216512475319812 7.422992837481094E-4
find 4.843787842092516E-4 0.16083966797805488 7.790732282782992E-5
than 0.001453136352627755 0.058840500022933395 8.550326959011877E-5
widespread 7.265681763138775E-4 1.9867321435755685 0.0014434963503818614
directly 7.265681763138775E-4 0.7703368192510752 5.597022179106868E-4
different 0.0033906514894647614 0.18805223150293962 6.376195788426143E-4
credit 2.421893921046258E-4 2.5998366164619773 6.296528497122735E-4
intensive 4.843787842092516E-4 2.6798793241355137 0.001298076688852271
shengyi 0.0033906514894647614 5.1647859739235145 0.017511989255250472
combine 4.843787842092516E-4 0.6321864807702582 3.062177189490231E-4
ideal 4.843787842092516E-4 2.169053700369523 0.001050643594269568
specialise 2.421893921046258E-4 3.373026504695459 8.16911238724984E-4
author 2.421893921046258E-4 0.017291497110061043 4.187817173664578E-6
illustrate 2.421893921046258E-4 1.252762968495368 3.0340590179107966E-4
difficult 0.001210946960523129 0.7703368192510752 9.328370298511445E-4
relevant 4.843787842092516E-4 0.7703368192510752 3.7313481194045786E-4
feed 2.421893921046258E-4 2.0292917579943643 4.914729372715826E-4
expand 7.265681763138775E-4 1.8689491079191851 0.0013579189449642905
task 0.005570356018406394 1.0216512475319812 0.005690961175402172
prediction 0.001453136352627755 1.5012243277938677 0.0021814836441664343
position 2.421893921046258E-4 1.0059028905638423 2.4361900958194292E-4
present 7.265681763138775E-4 0.083381608939051 6.058242354496319E-5
malay 0.016468878663114556 5.1647859739235145 0.08505823352550229
since 9.687575684185032E-4 0.377294231141468 3.6550664193893726E-4
datum 2.421893921046258E-4 0.167573700159399 4.058457257432768E-5
belong 2.421893921046258E-4 1.3805963400052528 3.3436578832774346E-4
abundance 4.843787842092516E-4 3.2188758248682006 0.001559155158570211
investigate 4.843787842092516E-4 0.653926467406664 3.167481072446907E-4
total 9.687575684185032E-4 0.5108256237659907 4.948661891654064E-4
transform 4.843787842092516E-4 1.5012243277938677 7.271612147221446E-4
auxiliary 0.0019375151368370065 2.6798793241355137 0.005192306755409084
unstructured 7.265681763138775E-4 1.6990500711237875 0.001234475711642374
repeat 4.843787842092516E-4 1.5012243277938677 7.271612147221446E-4
viable 4.843787842092516E-4 2.7668907011251433 0.0013402231538508808
make 9.687575684185032E-4 0.2521310881874621 2.44253899915197E-4
highly 4.843787842092516E-4 0.9162907318741551 4.438317906874086E-4
determine 4.843787842092516E-4 0.40261203912575794 1.9501673001974228E-4
interesting 4.843787842092516E-4 1.6682784124570338 8.080786691484784E-4
equation 7.265681763138775E-4 1.6384254493073527 0.0011904277907294886
control 0.001210946960523129 0.5398131606392429 6.536851061264748E-4
bert 0.001210946960523129 2.392197251683733 0.0028968239908981988
sri 4.843787842092516E-4 5.1647859739235145 0.0025017127507500673
structure 4.843787842092516E-4 0.8340526336371831 4.0399740064770307E-4
tagset 2.421893921046258E-4 5.1647859739235145 0.0012508563753750336
due 0.0016953257447323807 0.20895891632225325 3.542534304324952E-4
neuralner 4.843787842092516E-4 5.1647859739235145 0.0025017127507500673
worthwhile 4.843787842092516E-4 3.7784916128036232 0.0018302211735546734
about 4.843787842092516E-4 0.377294231141468 1.8275332096946863E-4
cover 4.843787842092516E-4 1.0704414117014134 5.184991095671656E-4
character 7.265681763138775E-4 1.8325814637483102 0.001331495372062226
bre 0.0019375151368370065 5.1647859739235145 0.010006851003000269
clever 4.843787842092516E-4 4.0661736852554045 0.001969568266047665
above 0.001210946960523129 0.9021060968821986 0.0010924026360888816
fire 4.843787842092516E-4 3.5553480614894135 0.0017221351714649617
recent 7.265681763138775E-4 0.5596157879354227 4.0659902247669363E-4
they 0.0016953257447323807 0.05279818556697083 8.951012326684325E-5
comprise 2.421893921046258E-4 1.4759065198095778 3.574489028359355E-4
ikhwantri 4.843787842092516E-4 5.1647859739235145 0.0025017127507500673
pointer 4.843787842092516E-4 5.1647859739235145 0.0025017127507500673
module 0.005085977234197142 2.331572629867298 0.011858325315382235
then 0.0016953257447323807 0.4285875255290187 7.265954659004918E-4
bigram 4.843787842092516E-4 3.373026504695459 0.001633822477449968
benefit 2.421893921046258E-4 1.0059028905638423 2.4361900958194292E-4
quality 0.001210946960523129 0.7953381214564925 9.631122807659148E-4
regularisation 4.843787842092516E-4 4.471638793363569 0.0021659669621523704
thereby 4.843787842092516E-4 1.730798769438368 8.383622036514255E-4
consistently 4.843787842092516E-4 2.331572629867298 0.0011293643157506892
hovy 4.843787842092516E-4 4.471638793363569 0.0021659669621523704
except 4.843787842092516E-4 1.3805963400052528 6.687315766554869E-4
boost 4.843787842092516E-4 2.331572629867298 0.0011293643157506892
jiang 0.0033906514894647614 3.5553480614894135 0.012054946200254732
seed 0.001453136352627755 2.9675613965872945 0.004312271344035788
examine 2.421893921046258E-4 0.8881198549074587 2.150932077760859E-4
illinois 4.843787842092516E-4 5.1647859739235145 0.0025017127507500673
sum 4.843787842092516E-4 1.6384254493073527 7.936185271529923E-4
annotator 2.421893921046258E-4 2.8622008809294686 6.931946914336324E-4
seek 2.421893921046258E-4 1.3581234841531944 3.2892310103007857E-4
long 9.687575684185032E-4 0.44628710262841953 4.323440083588467E-4
extended 7.265681763138775E-4 1.6682784124570338 0.0012121180037227178
seem 2.421893921046258E-4 1.0216512475319812 2.4743309458270313E-4
softmax 0.0019375151368370065 2.6798793241355137 0.005192306755409084
into 0.00290627270525551 0.10854016857520597 3.1544732935395297E-4
current 0.0019375151368370065 0.4919571394616079 9.531744043818995E-4
variety 4.843787842092516E-4 1.0539121097502027 5.104926663842105E-4
audit 0.001453136352627755 4.471638793363569 0.006497900886457112
relationship 2.421893921046258E-4 0.758066726659261 1.8359571970434996E-4
necessary 4.843787842092516E-4 0.8607208807193443 4.1691493374635227E-4
though 4.843787842092516E-4 1.1043429633770947 5.349203019506392E-4
accordance 4.843787842092516E-4 1.6384254493073527 7.936185271529923E-4
one 0.002421893921046258 0.06491954609931569 1.57228254055015E-4
auditor 4.843787842092516E-4 5.1647859739235145 0.0025017127507500673
thorough 4.843787842092516E-4 2.7668907011251433 0.0013402231538508808
many 7.265681763138775E-4 0.20194134366360675 1.4672415378804075E-4
asmai 4.843787842092516E-4 5.1647859739235145 0.0025017127507500673
umno 4.843787842092516E-4 5.1647859739235145 0.0025017127507500673
single 4.843787842092516E-4 0.6429973968744738 3.1145429734777126E-4
face 2.421893921046258E-4 1.5538680612792897 3.763303611720246E-4
lstm 7.265681763138775E-4 2.456735772821304 0.0017849860301438392
iteratively 9.687575684185032E-4 2.9675613965872945 0.002874847562690525
ratio 2.421893921046258E-4 1.0704414117014134 2.592495547835828E-4
but 0.001210946960523129 0.083381608939051 1.0097070590827197E-4
treat 7.265681763138775E-4 0.7827593392496325 5.687280256112612E-4
conditional 4.843787842092516E-4 2.120263536200091 0.0010270106738678086
separate 9.687575684185032E-4 1.2135422553420867 0.0011756282444583062
available 9.687575684185032E-4 0.5696661237889241 5.518683688921522E-4
project 4.843787842092516E-4 1.3361445774344192 6.472000859454682E-4
mainly 4.843787842092516E-4 1.0059028905638423 4.8723801916388584E-4
ambiguity 4.843787842092516E-4 2.7668907011251433 0.0013402231538508808
roughly 4.843787842092516E-4 1.9459101490553132 9.425575921798563E-4
satisfactory 7.265681763138775E-4 2.7668907011251433 0.0020103347307763213
vanilla 0.001453136352627755 4.471638793363569 0.006497900886457112
ensure 9.687575684185032E-4 1.0216512475319812 9.897323783308125E-4
authoritative 4.843787842092516E-4 3.7784916128036232 0.0018302211735546734
this 0.008476628723661903 0.017291497110061043 1.465736010782602E-4
degree 0.001453136352627755 1.1394342831883648 0.0016557533783313609
iterative 0.0019375151368370065 2.169053700369523 0.004202574377078272
look 4.843787842092516E-4 1.1758019273592397 5.695335080451633E-4
mlp 9.687575684185032E-4 4.0661736852554045 0.00393913653209533
incorrectly 7.265681763138775E-4 3.2188758248682006 0.0023387327378553164
extract 9.687575684185032E-4 0.8080771472339223 7.828308522488955E-4
especially 7.265681763138775E-4 0.7104386776700063 5.161821344175392E-4
quadro 4.843787842092516E-4 5.1647859739235145 0.0025017127507500673
coefficient 4.843787842092516E-4 1.6990500711237875 8.229838077615827E-4
systematically 7.265681763138775E-4 2.392197251683733 0.0017380943945389195
demonstrate 4.843787842092516E-4 0.5108256237659907 2.474330945827032E-4
support 4.843787842092516E-4 0.5300569856938783 2.5674835829202143E-4
alfred 7.265681763138775E-4 4.471638793363569 0.003248950443228556
drop 7.265681763138775E-4 2.0292917579943643 0.0014744188118147477
allow 2.421893921046258E-4 0.5398131606392429 1.3073702122529495E-4
hire 2.421893921046258E-4 3.7784916128036232 9.151105867773367E-4
overfitt 2.421893921046258E-4 3.5553480614894135 8.610675857324808E-4
idea 7.265681763138775E-4 1.2329603411991883 8.958297465724304E-4
rule 2.421893921046258E-4 1.1043429633770947 2.674601509753196E-4
detect 4.843787842092516E-4 0.8881198549074587 4.301864155521718E-4
update 4.843787842092516E-4 1.6682784124570338 8.080786691484784E-4
learning 0.0016953257447323807 0.9306794693262548 0.0015778048644426697
we 2.421893921046258E-4 0.19497267434751336 4.722031347723743E-5
speed 4.843787842092516E-4 1.730798769438368 8.383622036514255E-4
similarity 7.265681763138775E-4 1.4759065198095778 0.0010723467085078065
every 4.843787842092516E-4 1.0539121097502027 5.104926663842105E-4
successful 4.843787842092516E-4 1.3361445774344192 6.472000859454682E-4
figure 0.00290627270525551 0.18805223150293962 5.465310675793838E-4
previous 9.687575684185032E-4 0.32850406697203605 3.1824080113541876E-4
apply 0.001210946960523129 0.41119578281714936 4.979362833823557E-4
recently 9.687575684185032E-4 1.5271998141971284 0.0014794863784908
transmit 2.421893921046258E-4 2.8622008809294686 6.931946914336324E-4
technology 9.687575684185032E-4 1.293584963015623 0.0012531702233137545
step 4.843787842092516E-4 0.8080771472339223 3.9141542612444773E-4
location 4.843787842092516E-4 1.3805963400052528 6.687315766554869E-4
base 2.421893921046258E-4 0.14090545307723773 3.412580602500308E-5
employ 4.843787842092516E-4 1.1944940603713923 5.785875807078674E-4
tagging 7.265681763138775E-4 2.392197251683733 0.0017380943945389195
whole 4.843787842092516E-4 1.252762968495368 6.068118035821593E-4
none 7.265681763138775E-4 1.6384254493073527 0.0011904277907294886
during 7.265681763138775E-4 0.28958865072236245 2.1040589783654333E-4
type 4.843787842092516E-4 0.3364722366212129 1.6298001289475074E-4
consist 2.421893921046258E-4 0.7459453661269161 1.8066005476554035E-4
loss 0.001453136352627755 0.9162907318741551 0.001331495372062226
problem 4.843787842092516E-4 0.7221347174331975 3.4978673646558365E-4
relate 2.421893921046258E-4 0.27443684570176036 6.646569283162033E-5
review 0.001453136352627755 0.4734380916943703 6.879701017598019E-4
preliminary 0.002421893921046258 2.073743520565198 0.005022386826265919
between 0.0019375151368370065 0.058840500022933395 1.1400435945349169E-4
guide 4.843787842092516E-4 1.5012243277938677 7.271612147221446E-4
phase 2.421893921046258E-4 1.3805963400052528 3.3436578832774346E-4
still 4.843787842092516E-4 0.5300569856938783 2.5674835829202143E-4
method 0.0033906514894647614 0.0958817717032825 3.25101672038255E-4
briefly 4.843787842092516E-4 2.331572629867298 0.0011293643157506892
overhead 4.843787842092516E-4 3.7784916128036232 0.0018302211735546734
work 0.0021797045289416324 0.4285875255290187 9.341941704434896E-4
ablation 7.265681763138775E-4 3.373026504695459 0.0024507337161749523
come 4.843787842092516E-4 0.990398704027877 4.797281201394415E-4
dbpedia 7.265681763138775E-4 4.0661736852554045 0.0029543523990714976
baseline 0.0016953257447323807 1.5538680612792897 0.0026343125282041724
comprehension 4.843787842092516E-4 3.0853444322436783 0.0014944753849569766
benchmark 0.0016953257447323807 2.456735772821304 0.004164967403668958
zamin 4.843787842092516E-4 5.1647859739235145 0.0025017127507500673
exist 7.265681763138775E-4 0.664976303593249 4.8315062019369025E-4
itself 4.843787842092516E-4 1.7635885922613586 8.542448981648625E-4
among 7.265681763138775E-4 0.32850406697203605 2.386806008515641E-4
labelling 7.265681763138775E-4 2.392197251683733 0.0017380943945389195
word 0.0019375151368370065 0.8743265327751228 0.0016940208917900176
range 4.843787842092516E-4 0.3941013494578493 1.9089433250561846E-4
foundation 4.843787842092516E-4 1.9867321435755685 9.623309002545742E-4
out 7.265681763138775E-4 0.368995428326773 2.6810033542754155E-4
feature 2.421893921046258E-4 0.7221347174331975 1.7489336823279183E-4
idner 4.843787842092516E-4 5.1647859739235145 0.0025017127507500673
verify 7.265681763138775E-4 1.8325814637483102 0.001331495372062226
multilingual 4.843787842092516E-4 3.0853444322436783 0.0014944753849569766
mrc 4.843787842092516E-4 4.471638793363569 0.0021659669621523704
include 4.843787842092516E-4 0.0771896386911299 3.738902334276091E-5
observation 2.421893921046258E-4 1.2135422553420867 2.9390706111457655E-4
downstream 7.265681763138775E-4 2.5998366164619773 0.0018889585491368205
suggest 2.421893921046258E-4 0.5013468798114469 1.2142089605508522E-4
lead 7.265681763138775E-4 0.3127557100038969 2.272383458492833E-4
degenerate 2.421893921046258E-4 4.471638793363569 0.0010829834810761852
token 0.0016953257447323807 2.120263536200091 0.0035945373585373305
massive 9.687575684185032E-4 2.120263536200091 0.0020540213477356173
assess 4.843787842092516E-4 0.6761496041913742 3.275125232217845E-4
scarce 4.843787842092516E-4 3.373026504695459 0.001633822477449968
first 0.00290627270525551 0.167573700159399 4.8701487089193227E-4
homologous 0.0021797045289416324 4.0661736852554045 0.008863057197214494
specifics 4.843787842092516E-4 4.471638793363569 0.0021659669621523704
span 0.002664083313150884 1.9867321435755685 0.005292819951400158
existence 4.843787842092516E-4 1.6990500711237875 8.229838077615827E-4
threshold 7.265681763138775E-4 2.120263536200091 0.001540516010801713
space 7.265681763138775E-4 1.293584963015623 9.398776674853159E-4
optimisation 9.687575684185032E-4 3.0853444322436783 0.002988950769913953
only 0.001210946960523129 0.10854016857520597 1.314363872308137E-4
should 7.265681763138775E-4 0.368995428326773 2.6810033542754155E-4
create 4.843787842092516E-4 0.7339691750802005 3.5551909667241486E-4
from 0.006054734802615646 0.023122417420854212 1.400001054786523E-4
homogenous 9.687575684185032E-4 3.7784916128036232 0.0036604423471093468
development 9.687575684185032E-4 0.5596157879354227 5.421320299689248E-4
individual 7.265681763138775E-4 0.6214911916535102 4.515557217148294E-4
resource 7.265681763138775E-4 1.1043429633770947 8.023804529259589E-4
baye 2.421893921046258E-4 2.7668907011251433 6.701115769254404E-4
towards 0.004359409057883265 1.5012243277938677 0.006544450932499303
revision 0.0021797045289416324 2.7668907011251433 0.006031004192328964
sequence 4.843787842092516E-4 1.2729656758128876 6.165975663903548E-4
person 7.265681763138775E-4 0.9021060968821986 6.554415816533291E-4
speaker 2.421893921046258E-4 2.7668907011251433 6.701115769254404E-4
replacement 7.265681763138775E-4 2.392197251683733 0.0017380943945389195
send 2.421893921046258E-4 1.9459101490553132 4.7127879608992813E-4
potentially 9.687575684185032E-4 1.1394342831883648 0.0011038355855542406
here 4.843787842092516E-4 1.3361445774344192 6.472000859454682E-4
note 4.843787842092516E-4 0.5013468798114469 2.4284179211017044E-4
purpose 4.843787842092516E-4 0.9021060968821986 4.3696105443555267E-4
alfina 4.843787842092516E-4 5.1647859739235145 0.0025017127507500673
link 2.421893921046258E-4 1.0872485300177945 2.6332006055165765E-4
chunk 2.421893921046258E-4 3.7784916128036232 9.151105867773367E-4
interact 2.421893921046258E-4 1.7635885922613586 4.2712244908243123E-4
error 0.002664083313150884 1.2329603411991883 0.0032847090707655777
network 7.265681763138775E-4 0.990398704027877 7.195921802091623E-4
zhihe 0.0033906514894647614 5.1647859739235145 0.017511989255250472
can 0.007265681763138775 0.0958817717032825 6.966464400819751E-4
kurniawan 4.843787842092516E-4 5.1647859739235145 0.0025017127507500673
paper 0.001210946960523129 0.8340526336371831 0.0010099935016192577
public 4.843787842092516E-4 1.3361445774344192 6.472000859454682E-4
iteration 4.843787842092516E-4 2.392197251683733 0.0011587295963592797
value 4.843787842092516E-4 0.34450440831847723 1.668706264560316E-4
cost 9.687575684185032E-4 1.1944940603713923 0.0011571751614157348
limited 7.265681763138775E-4 0.5696661237889241 4.1390127666911415E-4
advantage 4.843787842092516E-4 1.0376515888784226 5.026164150537285E-4
follow 2.421893921046258E-4 0.0958817717032825 2.3221548002732504E-5
instead 7.265681763138775E-4 1.0376515888784226 7.539246225805929E-4
performance 0.005570356018406394 0.7703368192510752 0.004291050337315265
currently 4.843787842092516E-4 1.4035858582299516 6.79867211542723E-4
conversational 4.843787842092516E-4 3.0853444322436783 0.0014944753849569766
challenge 2.421893921046258E-4 0.9751312318970885 2.3616644027539077E-4
category 2.421893921046258E-4 0.8080771472339223 1.9570771306222387E-4
intend 2.421893921046258E-4 1.7635885922613586 4.2712244908243123E-4
