exception 8.079175924055746E-4 2.331572629867298 0.0018837185456411212
half 0.001817814582912543 1.3805963400052528 0.002509668159977232
year 8.079175924055746E-4 0.5203950747821414 4.204363359177066E-4
analyse 2.0197939810139365E-4 1.4512139072192063 2.93115311496507E-4
explanation 4.039587962027873E-4 1.6384254493073527 6.618563721702091E-4
without 8.079175924055746E-4 0.32850406697203605 2.65404214883487E-4
dutch 0.002423752777216724 3.7784916128036232 0.009158129540222881
score 0.0016158351848111492 1.0059028905638423 0.0016253732830762953
quote 2.0197939810139365E-4 2.8622008809294686 5.781056111754127E-4
would 0.0020197939810139365 0.5013468798114469 0.0010126174102432779
because 0.0030296909715209048 0.34450440831847723 0.0010437418955316418
near 4.039587962027873E-4 1.79749014393704 7.261119547311816E-4
calculate 4.039587962027873E-4 0.7221347174331975 2.917126711505544E-4
sake 6.05938194304181E-4 3.5553480614894135 0.0021543211845017657
thus 6.05938194304181E-4 0.8881198549074587 5.381457412083168E-4
telegraaf 4.039587962027873E-4 5.1647859739235145 0.002086360724671183
investment 4.039587962027873E-4 2.9675613965872945 0.0011987725294232657
noun 2.0197939810139365E-4 2.5998366164619773 5.25113434954954E-4
conundrum 4.039587962027873E-4 5.1647859739235145 0.002086360724671183
require 4.039587962027873E-4 0.3127557100038969 1.2634042011872224E-4
analysis 0.0026257321753181176 0.13434805253107854 3.527620042221816E-4
davy 2.0197939810139365E-4 4.471638793363569 9.031789120104158E-4
rewrite 2.0197939810139365E-4 3.7784916128036232 7.631774616852399E-4
journalist 4.039587962027873E-4 4.0661736852554045 0.0016425666270472245
selection 8.079175924055746E-4 1.0872485300177945 8.784072147184766E-4
size 0.0014138557867097556 0.12136085700426753 1.7158674995553883E-4
much 0.0010098969905069683 0.7827593392496325 7.905063009994268E-4
shortly 4.039587962027873E-4 4.0661736852554045 0.0016425666270472245
newspaper 0.00828115532215714 3.373026504695459 0.027932556391135895
accessible 6.05938194304181E-4 2.331572629867298 0.0014127889092308411
statistical 6.05938194304181E-4 0.653926467406664 3.962390228681059E-4
role 8.079175924055746E-4 0.664976303593249 5.372460542058162E-4
independent 4.039587962027873E-4 1.0059028905638423 4.0634332076907383E-4
least 0.0016158351848111492 0.653926467406664 0.001056637394314949
notable 8.079175924055746E-4 2.392197251683733 0.001932698244139554
immediately 4.039587962027873E-4 1.9459101490553132 7.860675213311707E-4
turn 2.0197939810139365E-4 1.4035858582299516 2.8349542682891367E-4
ceo 4.039587962027873E-4 4.471638793363569 0.0018063578240208316
manual 6.05938194304181E-4 1.4512139072192063 8.793459344895212E-4
measurement 0.001817814582912543 1.5012243277938677 0.0027289474752867724
laan 4.039587962027873E-4 5.1647859739235145 0.002086360724671183
result 0.001211876388608362 0.058840500022933395 7.130741267170277E-5
gold 0.0016158351848111492 2.7668907011251433 0.004470839347404796
same 0.004241567360129267 0.2972515234679317 0.0012608123596902778
after 0.0010098969905069683 0.12136085700426753 1.225619642539563E-4
close 4.039587962027873E-4 0.6988778552689304 2.8231785710722295E-4
headline 6.05938194304181E-4 3.7784916128036232 0.0022895323850557203
policy 4.039587962027873E-4 1.9459101490553132 7.860675213311707E-4
editorial 4.039587962027873E-4 3.7784916128036232 0.0015263549233704799
website 4.039587962027873E-4 2.331572629867298 9.418592728205606E-4
address 0.0026257321753181176 0.7827593392496325 0.00205531638259851
learn 4.039587962027873E-4 1.252762968495368 5.060646206808192E-4
signify 2.0197939810139365E-4 3.0853444322436783 6.231760113600643E-4
logical 4.039587962027873E-4 2.331572629867298 9.418592728205606E-4
textual 4.039587962027873E-4 1.9459101490553132 7.860675213311707E-4
the 0.09270854372853969 0.017291497110061043 0.0016030695159600118
subtle 4.039587962027873E-4 3.0853444322436783 0.0012463520227201286
sale 2.0197939810139365E-4 3.0853444322436783 6.231760113600643E-4
fast 4.039587962027873E-4 1.3581234841531944 5.486259277532597E-4
unrelated 4.039587962027873E-4 2.456735772821304 9.924200253772183E-4
severe 4.039587962027873E-4 1.157452788691043 4.675632351811929E-4
information 0.003635629165825086 0.3049735695618419 0.001108770804304818
emerge 4.039587962027873E-4 1.293584963015623 5.225550244458183E-4
discuss 4.039587962027873E-4 0.7827593392496325 3.162025203997707E-4
standard 8.079175924055746E-4 0.7221347174331975 5.834253423011088E-4
fleet 4.039587962027873E-4 3.7784916128036232 0.0015263549233704799
nine 4.039587962027873E-4 1.9459101490553132 7.860675213311707E-4
evidence 6.05938194304181E-4 0.8881198549074587 5.381457412083168E-4
dumais 4.039587962027873E-4 5.1647859739235145 0.002086360724671183
good 0.001211876388608362 0.2160260835453457 2.6179690997214187E-4
act 4.039587962027873E-4 1.121734706088964 4.531346015305853E-4
leave 4.039587962027873E-4 1.6682784124570338 6.739157392272405E-4
gpd 4.039587962027873E-4 5.1647859739235145 0.002086360724671183
predicted 4.039587962027873E-4 1.5271998141971284 6.169257985041924E-4
add 6.05938194304181E-4 0.7827593392496325 4.743037805996562E-4
area 4.039587962027873E-4 0.664976303593249 2.686230271029081E-4
need 8.079175924055746E-4 0.27443684570176036 2.217223556467464E-4
pose 6.05938194304181E-4 1.8325814637483102 0.001110431103058964
its 0.001211876388608362 0.19497267434751336 2.3628278046557873E-4
pay 4.039587962027873E-4 1.8689491079191851 7.549784317993073E-4
often 0.004039587962027873 0.5900749954201312 0.0023836598481928144
informative 6.05938194304181E-4 2.9675613965872945 0.001798158794134899
shoemaker 4.039587962027873E-4 5.1647859739235145 0.002086360724671183
check 4.039587962027873E-4 1.5812670354674039 6.387667281225626E-4
gather 4.039587962027873E-4 1.6682784124570338 6.739157392272405E-4
enormous 4.039587962027873E-4 2.7668907011251433 0.001117709836851199
article 0.004645526156332054 1.252762968495368 0.005819743137829421
wire 4.039587962027873E-4 4.0661736852554045 0.0016425666270472245
external 4.039587962027873E-4 1.4759065198095778 5.962054210501222E-4
authority 4.039587962027873E-4 3.373026504695459 0.001362563726396873
therefore 0.0010098969905069683 1.1394342831883648 0.0011507112534723943
longitudinal 6.05938194304181E-4 2.5257286443082556 0.0015304354540344916
lasting 4.039587962027873E-4 4.0661736852554045 0.0016425666270472245
useful 8.079175924055746E-4 0.9162907318741551 7.402874020393092E-4
santos 6.05938194304181E-4 3.5553480614894135 0.0021543211845017657
income 4.039587962027873E-4 2.6798793241355137 0.0010825608257465213
private 4.039587962027873E-4 2.331572629867298 9.418592728205606E-4
harm 8.079175924055746E-4 2.8622008809294686 0.0023124224447016507
united 0.0010098969905069683 1.5812670354674039 0.0015969168203064067
regional 4.039587962027873E-4 2.5257286443082556 0.001020290302689661
young 4.039587962027873E-4 1.5271998141971284 6.169257985041924E-4
medium 6.05938194304181E-4 2.2744142160273495 0.0013781544431593715
society 0.0010098969905069683 2.073743520565198 0.0020942673405021186
expanded 4.039587962027873E-4 2.2744142160273495 9.187696287729143E-4
lexisnexis 6.05938194304181E-4 5.1647859739235145 0.0031295410870067755
previously 4.039587962027873E-4 0.8340526336371831 3.3692289785384083E-4
root 4.039587962027873E-4 1.906689435902032 7.702239692595564E-4
democratic 6.05938194304181E-4 3.7784916128036232 0.0022895323850557203
end 2.0197939810139365E-4 0.8607208807193443 1.7384788542099458E-4
kleinnijenhuis 0.0016158351848111492 5.1647859739235145 0.008345442898684732
vos 6.05938194304181E-4 5.1647859739235145 0.0031295410870067755
lend 2.0197939810139365E-4 3.7784916128036232 7.631774616852399E-4
perform 4.039587962027873E-4 0.2669461739726028 1.0783525508891245E-4
multiple 8.079175924055746E-4 0.5108256237659907 4.127050080920951E-4
rich 4.039587962027873E-4 1.79749014393704 7.261119547311816E-4
message 2.0197939810139365E-4 2.169053700369523 4.381041608502369E-4
versus 8.079175924055746E-4 1.6094379124341003 0.0013002932033400123
with 0.004645526156332054 0.017291497110061043 8.032810210692869E-5
algemeen 0.001211876388608362 5.1647859739235145 0.006259082174013551
environment 4.039587962027873E-4 1.3361445774344192 5.397473550532899E-4
truth 4.039587962027873E-4 2.6798793241355137 0.0010825608257465213
service 4.039587962027873E-4 1.2329603411991883 4.98065175196602E-4
there 0.0026257321753181176 0.12136085700426753 3.186611070602864E-4
well 0.0010098969905069683 0.3127557100038969 3.158510502968056E-4
suitable 4.039587962027873E-4 1.121734706088964 4.531346015305853E-4
age 8.079175924055746E-4 0.9452782687474074 7.637069430397151E-4
hyperlinks 4.039587962027873E-4 4.471638793363569 0.0018063578240208316
slightly 4.039587962027873E-4 1.5271998141971284 6.169257985041924E-4
copyright 8.079175924055746E-4 3.7784916128036232 0.0030527098467409597
release 2.0197939810139365E-4 1.79749014393704 3.630559773655908E-4
focus 0.0010098969905069683 0.4285875255290187 4.328292522005844E-4
approach 0.00222177337911533 0.40261203912575794 8.945127106409487E-4
number 0.001817814582912543 0.14750613710858965 2.6813880710509127E-4
gradually 4.039587962027873E-4 2.2744142160273495 9.187696287729143E-4
experiment 2.0197939810139365E-4 1.293584963015623 2.6127751222290913E-4
implication 2.0197939810139365E-4 1.79749014393704 3.630559773655908E-4
per 0.0014138557867097556 0.7339691750802005 0.0010377265654537273
write 4.039587962027873E-4 0.9162907318741551 3.701437010196546E-4
newsroom 2.0197939810139365E-4 5.1647859739235145 0.0010431803623355915
viewpoint 2.0197939810139365E-4 3.7784916128036232 7.631774616852399E-4
similar 0.0016158351848111492 0.20895891632225325 3.3764316917350555E-4
period 8.079175924055746E-4 0.7953381214564925 6.425676602355019E-4
shape 2.0197939810139365E-4 1.906689435902032 3.851119846297782E-4
quinn 4.039587962027873E-4 4.471638793363569 0.0018063578240208316
script 2.0197939810139365E-4 3.373026504695459 6.812818631984365E-4
even 0.002423752777216724 0.377294231141468 9.144679405569817E-4
strongly 6.05938194304181E-4 1.6990500711237875 0.0010295193321291382
analyze 0.0014138557867097556 0.758066726659261 0.0010717970281993187
dagblad 4.039587962027873E-4 5.1647859739235145 0.002086360724671183
indication 4.039587962027873E-4 1.906689435902032 7.702239692595564E-4
hollander 2.0197939810139365E-4 5.1647859739235145 0.0010431803623355915
partial 0.0010098969905069683 1.6682784124570338 0.0016847893480681012
other 0.001817814582912543 0.0408219945202552 7.420681694249582E-5
hundred 2.0197939810139365E-4 2.073743520565198 4.188534681004237E-4
aim 6.05938194304181E-4 0.6109090823229731 3.701731462268066E-4
journalistic 0.0010098969905069683 4.0661736852554045 0.004106416567618061
against 4.039587962027873E-4 0.9600933545325481 3.87838155739264E-4
protection 4.039587962027873E-4 2.073743520565198 8.377069362008474E-4
restrict 2.0197939810139365E-4 1.906689435902032 3.851119846297782E-4
cell 4.039587962027873E-4 1.3361445774344192 5.397473550532899E-4
valid 4.039587962027873E-4 1.79749014393704 7.261119547311816E-4
too 4.039587962027873E-4 1.3361445774344192 5.397473550532899E-4
rnewsflow 4.039587962027873E-4 5.1647859739235145 0.002086360724671183
have 0.00444354675823066 0.017291497110061043 7.683557592836658E-5
share 2.0197939810139365E-4 1.0539121097502027 2.1286853357911585E-4
harmonic 4.039587962027873E-4 3.5553480614894135 0.0014362141230011768
consequence 4.039587962027873E-4 1.79749014393704 7.261119547311816E-4
particularly 6.05938194304181E-4 0.9751312318970885 5.908692578653334E-4
dominant 4.039587962027873E-4 2.2744142160273495 9.187696287729143E-4
produce 4.039587962027873E-4 0.8607208807193443 3.4769577084198917E-4
picture 4.039587962027873E-4 2.392197251683733 9.66349122069777E-4
sharp 4.039587962027873E-4 2.7668907011251433 0.001117709836851199
salton 4.039587962027873E-4 5.1647859739235145 0.002086360724671183
powerful 6.05938194304181E-4 2.0292917579943643 0.0012296253835554622
future 4.039587962027873E-4 0.48265474679929443 1.9497263049860408E-4
regard 2.0197939810139365E-4 0.4919571394616079 9.936520692013894E-5
constraint 2.0197939810139365E-4 1.6682784124570338 3.3695786961362024E-4
logic 4.039587962027873E-4 2.5998366164619773 0.001050226869909908
almost 6.05938194304181E-4 1.1043429633770947 6.691635811212451E-4
precision 0.0010098969905069683 1.8689491079191851 0.001887446079498268
correspond 4.039587962027873E-4 0.8743265327751228 3.531918936679955E-4
perception 4.039587962027873E-4 1.252762968495368 5.060646206808192E-4
identical 4.039587962027873E-4 2.2744142160273495 9.187696287729143E-4
nel 0.0016158351848111492 5.1647859739235145 0.008345442898684732
whether 0.0032316703696222983 0.5300569856938783 0.0017129694548782169
raise 2.0197939810139365E-4 1.730798769438368 3.495856936857944E-4
quite 4.039587962027873E-4 1.5012243277938677 6.064327722859493E-4
complement 2.0197939810139365E-4 1.8325814637483102 3.701437010196546E-4
always 8.079175924055746E-4 1.2729656758128876 0.0010284513640176833
all 0.005049484952534842 0.017291497110061043 8.731315446405294E-5
new 0.001211876388608362 0.36076492919025743 4.3720249952364064E-4
comparison 8.079175924055746E-4 0.6988778552689304 5.646357142144459E-4
law 6.05938194304181E-4 2.5998366164619773 0.001575340304864862
below 8.079175924055746E-4 1.4035858582299516 0.0011339817073156547
already 4.039587962027873E-4 1.157452788691043 4.675632351811929E-4
less 0.0014138557867097556 0.36076492919025743 5.100695827775807E-4
tool 6.05938194304181E-4 0.8743265327751228 5.297878405019933E-4
contemporary 6.05938194304181E-4 2.6798793241355137 0.0016238412386197821
improve 4.039587962027873E-4 0.377294231141468 1.524113234261636E-4
franklin 0.0010098969905069683 5.1647859739235145 0.005215901811677959
collect 2.0197939810139365E-4 0.6761496041913742 1.365682900810693E-4
facilitate 4.039587962027873E-4 1.2729656758128876 5.142256820088416E-4
complication 4.039587962027873E-4 1.6990500711237875 6.863462214194253E-4
financial 6.05938194304181E-4 1.8689491079191851 0.001132467647698961
unclear 4.039587962027873E-4 2.5257286443082556 0.001020290302689661
technique 4.039587962027873E-4 0.7953381214564925 3.2128383011775097E-4
cause 2.0197939810139365E-4 0.5398131606392429 1.090311372731252E-4
discriminative 4.039587962027873E-4 3.7784916128036232 0.0015263549233704799
media 0.001211876388608362 1.5812670354674039 0.0019163001843676881
slot 0.0014138557867097556 5.1647859739235145 0.007302262536349142
around 4.039587962027873E-4 1.0216512475319812 4.12705008092095E-4
telegraph 4.039587962027873E-4 5.1647859739235145 0.002086360724671183
and 0.038982023833568975 0.017291497110061043 6.740575524624887E-4
define 4.039587962027873E-4 0.3526016185510966 1.4243652536905538E-4
anp 0.018178145829125428 4.471638793363569 0.08128610208093742
aforementioned 4.039587962027873E-4 2.0292917579943643 8.197502557036414E-4
lewis 4.039587962027873E-4 4.471638793363569 0.0018063578240208316
specific 0.001211876388608362 0.40261203912575794 4.879160239859721E-4
any 4.039587962027873E-4 0.2669461739726028 1.0783525508891245E-4
despite 8.079175924055746E-4 0.7221347174331975 5.834253423011088E-4
consecutive 4.039587962027873E-4 1.9867321435755685 8.025579250961698E-4
minute 2.0197939810139365E-4 2.392197251683733 4.831745610348885E-4
application 4.039587962027873E-4 0.7703368192510752 3.1118433417534847E-4
cuilenburg 6.05938194304181E-4 5.1647859739235145 0.0031295410870067755
interested 6.05938194304181E-4 1.8689491079191851 0.001132467647698961
respond 6.05938194304181E-4 1.6682784124570338 0.0010108736088408608
reason 6.05938194304181E-4 0.7221347174331975 4.3756900672583165E-4
cluster 4.039587962027873E-4 1.8689491079191851 7.549784317993073E-4
bakker 6.05938194304181E-4 5.1647859739235145 0.0031295410870067755
advertising 6.05938194304181E-4 4.0661736852554045 0.002463849940570837
supply 6.05938194304181E-4 2.2744142160273495 0.0013781544431593715
professional 4.039587962027873E-4 1.5538680612792897 6.276986714923408E-4
concern 6.05938194304181E-4 1.0539121097502027 6.386056007373477E-4
jan 0.0016158351848111492 3.2188758248682006 0.005201172813360049
recycle 2.0197939810139365E-4 4.0661736852554045 8.212833135236123E-4
gatekeeping 0.001211876388608362 5.1647859739235145 0.006259082174013551
state 2.0197939810139365E-4 0.6761496041913742 1.365682900810693E-4
press 0.001211876388608362 2.9675613965872945 0.003596317588269798
element 6.05938194304181E-4 1.1758019273592397 7.124632967234336E-4
remain 2.0197939810139365E-4 0.7104386776700063 1.4349397650373789E-4
pace 2.0197939810139365E-4 3.7784916128036232 7.631774616852399E-4
want 8.079175924055746E-4 1.7635885922613586 0.0014248342494537333
monitoring 6.05938194304181E-4 1.8325814637483102 0.001110431103058964
each 0.0014138557867097556 0.13434805253107854 1.8994877150425163E-4
input 6.05938194304181E-4 0.990398704027877 6.001204023598528E-4
velamuri 6.05938194304181E-4 5.1647859739235145 0.0031295410870067755
conceptualize 2.0197939810139365E-4 3.0853444322436783 6.231760113600643E-4
difference 6.05938194304181E-4 0.36076492919025743 2.1860124976182032E-4
cut 4.039587962027873E-4 2.2744142160273495 9.187696287729143E-4
document 0.0030296909715209048 0.8743265327751228 0.002648939202509966
another 0.001211876388608362 0.40261203912575794 4.879160239859721E-4
recommend 2.0197939810139365E-4 1.3581234841531944 2.7431296387662985E-4
availability 4.039587962027873E-4 1.6384254493073527 6.618563721702091E-4
two 0.002827711573419511 0.11492996667397702 3.2498879689672354E-4
diversity 0.004039587962027873 2.331572629867298 0.009418592728205607
default 4.039587962027873E-4 2.5257286443082556 0.001020290302689661
found 4.039587962027873E-4 4.0661736852554045 0.0016425666270472245
where 6.05938194304181E-4 0.32850406697203605 1.9905316116261527E-4
attribute 2.0197939810139365E-4 1.293584963015623 2.6127751222290913E-4
popular 4.039587962027873E-4 1.252762968495368 5.060646206808192E-4
situation 4.039587962027873E-4 1.4512139072192063 5.86230622993014E-4
receive 2.0197939810139365E-4 0.653926467406664 1.3207967428936862E-4
reporter 2.0197939810139365E-4 3.2188758248682006 6.501466016700061E-4
suppress 2.0197939810139365E-4 2.7668907011251433 5.588549184255995E-4
entirely 4.039587962027873E-4 2.456735772821304 9.924200253772183E-4
call 2.0197939810139365E-4 1.0539121097502027 2.1286853357911585E-4
such 0.001211876388608362 0.10219094089654716 1.2384278840219814E-4
nlp 6.05938194304181E-4 0.41119578281714936 2.491592301457177E-4
classic 4.039587962027873E-4 2.9675613965872945 0.0011987725294232657
paterson 8.079175924055746E-4 5.1647859739235145 0.004172721449342366
describe 4.039587962027873E-4 0.28958865072236245 1.1698188273979497E-4
through 4.039587962027873E-4 0.2595111954850846 1.0483183012930099E-4
lie 2.0197939810139365E-4 2.2203469947570738 4.48464349577272E-4
source 0.0016158351848111492 0.7703368192510752 0.0012447373367013939
research 0.0016158351848111492 0.40261203912575794 6.505546986479627E-4
debate 4.039587962027873E-4 2.6798793241355137 0.0010825608257465213
either 4.039587962027873E-4 0.7827593392496325 3.162025203997707E-4
huge 4.039587962027873E-4 1.9459101490553132 7.860675213311707E-4
actual 4.039587962027873E-4 1.293584963015623 5.225550244458183E-4
last 4.039587962027873E-4 0.7459453661269161 3.0133119213367643E-4
might 0.0010098969905069683 0.7339691750802005 7.412332610383766E-4
weight 0.001211876388608362 1.0059028905638423 0.0012190299623072217
significant 0.0010098969905069683 0.377294231141468 3.8102830856540895E-4
develop 2.0197939810139365E-4 0.32850406697203605 6.635105372087175E-5
surprising 6.05938194304181E-4 2.6798793241355137 0.0016238412386197821
decrease 8.079175924055746E-4 0.7827593392496325 6.324050407995414E-4
difficulty 6.05938194304181E-4 1.4512139072192063 8.793459344895212E-4
measure 0.004039587962027873 0.48265474679929443 0.001949726304986041
overlap 2.0197939810139365E-4 1.9867321435755685 4.012789625480849E-4
name 2.0197939810139365E-4 1.157452788691043 2.3378161759059644E-4
assume 4.039587962027873E-4 0.9452782687474074 3.8185347151985753E-4
full 0.0014138557867097556 0.14750613710858965 2.0855240552618208E-4
next 4.039587962027873E-4 0.8080771472339223 3.264298716355978E-4
boon 4.039587962027873E-4 5.1647859739235145 0.002086360724671183
book 4.039587962027873E-4 2.0292917579943643 8.197502557036414E-4
show 0.0010098969905069683 0.0771896386911299 7.795358381249232E-5
edition 6.05938194304181E-4 3.5553480614894135 0.0021543211845017657
effort 4.039587962027873E-4 1.252762968495368 5.060646206808192E-4
recession 6.05938194304181E-4 4.471638793363569 0.002709536736031248
conclusion 4.039587962027873E-4 0.28958865072236245 1.1698188273979497E-4
nor 4.039587962027873E-4 1.6094379124341003 6.501466016700061E-4
not 0.007271258331650172 0.03488725900044054 2.5367427267539074E-4
negative 4.039587962027873E-4 0.6321864807702582 2.5537728974763E-4
central 4.039587962027873E-4 1.3805963400052528 5.577040355504959E-4
impose 4.039587962027873E-4 2.5257286443082556 0.001020290302689661
street 4.039587962027873E-4 2.7668907011251433 0.001117709836851199
now 6.05938194304181E-4 1.4035858582299516 8.50486280486741E-4
statement 4.039587962027873E-4 1.9867321435755685 8.025579250961698E-4
nederlandse 6.05938194304181E-4 5.1647859739235145 0.0031295410870067755
factor 4.039587962027873E-4 0.38566248081198473 1.557917514893899E-4
early 2.0197939810139365E-4 0.6214911916535102 1.2552841681549387E-4
news 0.03938598262977176 2.0292917579943643 0.07992564993110504
introduce 2.0197939810139365E-4 0.7339691750802005 1.482466522076753E-4
notwithstanding 6.05938194304181E-4 5.1647859739235145 0.0031295410870067755
start 2.0197939810139365E-4 0.8472978603872037 1.7113671185360607E-4
pair 2.0197939810139365E-4 1.293584963015623 2.6127751222290913E-4
way 4.039587962027873E-4 0.8340526336371831 3.3692289785384083E-4
manage 4.039587962027873E-4 1.4035858582299516 5.669908536578273E-4
what 0.0020197939810139365 0.8209805520698303 0.001658211577600142
refer 4.039587962027873E-4 0.7827593392496325 3.162025203997707E-4
pantel 4.039587962027873E-4 4.471638793363569 0.0018063578240208316
short 8.079175924055746E-4 0.9452782687474074 7.637069430397151E-4
window 4.039587962027873E-4 2.120263536200091 8.564991057160537E-4
time 0.004039587962027873 0.167573700159399 6.769287019163765E-4
scholten 0.00222177337911533 5.1647859739235145 0.011474983985691507
quickly 6.05938194304181E-4 2.0292917579943643 0.0012296253835554622
wouter 0.0016158351848111492 5.1647859739235145 0.008345442898684732
decide 6.05938194304181E-4 1.6384254493073527 9.927845582553137E-4
complementary 6.05938194304181E-4 2.073743520565198 0.0012565604043012714
three 0.001817814582912543 0.22314355131420976 4.0563360166186386E-4
when 8.079175924055746E-4 0.14750613710858965 1.1917280315781833E-4
put 4.039587962027873E-4 1.6990500711237875 6.863462214194253E-4
largely 8.079175924055746E-4 1.79749014393704 0.0014522239094623632
far 4.039587962027873E-4 1.3361445774344192 5.397473550532899E-4
golden 4.039587962027873E-4 4.0661736852554045 0.0016425666270472245
specifically 6.05938194304181E-4 1.3805963400052528 8.36556053325744E-4
case 0.0016158351848111492 0.24480504809538922 3.955646101319155E-4
nrc 0.0032316703696222983 4.471638793363569 0.014450862592166653
struggle 4.039587962027873E-4 2.9675613965872945 0.0011987725294232657
give 6.05938194304181E-4 0.2595111954850846 1.572477451939515E-4
soest 4.039587962027873E-4 5.1647859739235145 0.002086360724671183
item 6.05938194304181E-4 1.8325814637483102 0.001110431103058964
explicit 0.001211876388608362 2.120263536200091 0.0025694973171481615
provide 0.0010098969905069683 0.167573700159399 1.6923217547909413E-4
rely 0.00222177337911533 1.1758019273592397 0.0026123654213192557
study 0.0010098969905069683 0.07103577311675174 7.173881348894339E-5
explicitly 8.079175924055746E-4 1.5812670354674039 0.0012775334562451252
reliability 6.05938194304181E-4 2.0292917579943643 0.0012296253835554622
direct 6.05938194304181E-4 0.8743265327751228 5.297878405019933E-4
gain 4.039587962027873E-4 0.9751312318970885 3.9391283857688887E-4
computer 4.039587962027873E-4 1.5012243277938677 6.064327722859493E-4
web 4.039587962027873E-4 1.6384254493073527 6.618563721702091E-4
low 4.039587962027873E-4 0.28958865072236245 1.1698188273979497E-4
kappa 6.05938194304181E-4 3.0853444322436783 0.001869528034080193
means 6.05938194304181E-4 0.6988778552689304 4.2347678566083445E-4
disclosure 4.039587962027873E-4 3.7784916128036232 0.0015263549233704799
reliance 0.00222177337911533 4.0661736852554045 0.009034116448759734
explore 4.039587962027873E-4 0.9600933545325481 3.87838155739264E-4
initial 4.039587962027873E-4 0.6988778552689304 2.8231785710722295E-4
more 0.005453443748737629 0.05279818556697083 2.8793193502488635E-4
display 0.0014138557867097556 0.16083966797805488 2.2740409530324867E-4
csvdisplay 4.039587962027873E-4 0.2669461739726028 1.0783525508891245E-4
consistent 6.05938194304181E-4 0.9306794693262548 5.639342371195242E-4
great 2.0197939810139365E-4 0.5398131606392429 1.090311372731252E-4
organization 2.0197939810139365E-4 1.5538680612792897 3.138493357461704E-4
broadly 4.039587962027873E-4 2.6798793241355137 0.0010825608257465213
choice 2.0197939810139365E-4 1.4759065198095778 2.981027105250611E-4
certain 8.079175924055746E-4 0.8209805520698303 6.632846310400568E-4
economic 0.0034336497677236923 1.6990500711237875 0.005833942882065116
board 4.039587962027873E-4 1.4271163556401458 5.764962050657022E-4
quick 6.05938194304181E-4 2.456735772821304 0.0014886300380658275
before 0.0010098969905069683 0.5203950747821414 5.255454198971333E-4
distinguishing 4.039587962027873E-4 2.9675613965872945 0.0011987725294232657
section 6.05938194304181E-4 0.6988778552689304 4.2347678566083445E-4
influence 0.011310846293678045 0.6874491594453075 0.007775631777204043
volkskrant 6.05938194304181E-4 5.1647859739235145 0.0031295410870067755
major 6.05938194304181E-4 0.7104386776700063 4.3048192951121374E-4
percentage 6.05938194304181E-4 1.2329603411991883 7.47097762794903E-4
few 6.05938194304181E-4 0.5013468798114469 3.0378522307298336E-4
consider 4.039587962027873E-4 0.17435338714477774 7.043158438488295E-5
day 2.0197939810139365E-4 0.8881198549074587 1.7938191373610557E-4
potential 6.05938194304181E-4 0.4373981552111735 2.650362483606384E-4
combination 6.05938194304181E-4 0.6761496041913742 4.0970487024320795E-4
obtain 6.05938194304181E-4 0.3526016185510966 2.136547880535831E-4
package 8.079175924055746E-4 2.073743520565198 0.0016754138724016949
manually 6.05938194304181E-4 1.4512139072192063 8.793459344895212E-4
crisis 6.05938194304181E-4 2.6798793241355137 0.0016238412386197821
sacrifice 2.0197939810139365E-4 3.7784916128036232 7.631774616852399E-4
archive 4.039587962027873E-4 3.2188758248682006 0.0013002932033400123
particular 8.079175924055746E-4 1.0704414117014134 8.648284481530303E-4
binomial 4.039587962027873E-4 4.0661736852554045 0.0016425666270472245
history 4.039587962027873E-4 1.2329603411991883 4.98065175196602E-4
solely 4.039587962027873E-4 2.073743520565198 8.377069362008474E-4
both 0.0014138557867097556 0.13434805253107854 1.8994877150425163E-4
most 0.002423752777216724 0.0771896386911299 1.8708860114998157E-4
important 0.0026257321753181176 0.2669461739726028 7.009291580779309E-4
market 6.05938194304181E-4 2.0292917579943643 0.0012296253835554622
countless 4.039587962027873E-4 4.0661736852554045 0.0016425666270472245
daily 0.0010098969905069683 1.6384254493073527 0.0016546409304255228
keep 4.039587962027873E-4 1.4271163556401458 5.764962050657022E-4
cosine 8.079175924055746E-4 2.456735772821304 0.0019848400507544365
producer 2.0197939810139365E-4 3.373026504695459 6.812818631984365E-4
job 4.039587962027873E-4 2.9675613965872945 0.0011987725294232657
who 0.0010098969905069683 0.44628710262841953 4.5070400184651536E-4
limitation 6.05938194304181E-4 0.6988778552689304 4.2347678566083445E-4
part 0.001211876388608362 0.4285875255290187 5.193951026407014E-4
crucial 4.039587962027873E-4 1.4035858582299516 5.669908536578273E-4
why 4.039587962027873E-4 1.4271163556401458 5.764962050657022E-4
percent 0.0030296909715209048 2.5998366164619773 0.00787670152432431
point 4.039587962027873E-4 0.5108256237659907 2.0635250404604755E-4
necessarily 6.05938194304181E-4 1.6990500711237875 0.0010295193321291382
homogeneity 8.079175924055746E-4 3.2188758248682006 0.0026005864066800245
general 6.05938194304181E-4 0.4734380916943703 2.8687422239610403E-4
highlight 2.0197939810139365E-4 0.9306794693262548 1.879780790398414E-4
tend 4.039587962027873E-4 1.1394342831883648 4.602845013889577E-4
database 4.039587962027873E-4 1.2329603411991883 4.98065175196602E-4
reject 2.0197939810139365E-4 2.7668907011251433 5.588549184255995E-4
uphold 4.039587962027873E-4 5.1647859739235145 0.002086360724671183
profit 4.039587962027873E-4 3.2188758248682006 0.0013002932033400123
introduction 4.039587962027873E-4 0.10219094089654716 4.128092946739938E-5
process 4.039587962027873E-4 0.41985384556026406 1.6960365403363524E-4
amount 8.079175924055746E-4 0.9306794693262548 7.519123161593656E-4
original 4.039587962027873E-4 1.1944940603713923 4.8252638269900714E-4
subscribe 2.0197939810139365E-4 4.471638793363569 9.031789120104158E-4
alternative 0.001211876388608362 1.3146383722134554 0.001593179202844018
clear 6.05938194304181E-4 0.990398704027877 6.001204023598528E-4
also 0.006867299535447385 0.05279818556697083 3.625809552165236E-4
say 4.039587962027873E-4 1.6990500711237875 6.863462214194253E-4
zoom 4.039587962027873E-4 3.7784916128036232 0.0015263549233704799
heavily 4.039587962027873E-4 2.0292917579943643 8.197502557036414E-4
encounter 2.0197939810139365E-4 1.9459101490553132 3.9303376066558536E-4
increase 0.001211876388608362 0.16083966797805488 1.9491779597421315E-4
kingdom 6.05938194304181E-4 3.2188758248682006 0.0019504398050100187
colleague 2.0197939810139365E-4 2.5998366164619773 5.25113434954954E-4
differ 4.039587962027873E-4 1.0059028905638423 4.0634332076907383E-4
afternoon 6.05938194304181E-4 4.471638793363569 0.002709536736031248
third 4.039587962027873E-4 0.990398704027877 4.0008026823990184E-4
various 4.039587962027873E-4 0.5798184952529422 2.3422278135849006E-4
mean 4.039587962027873E-4 0.5398131606392429 2.180622745462504E-4
interaction 2.0197939810139365E-4 1.1758019273592397 2.3748776557447782E-4
attention 0.0010098969905069683 1.157452788691043 0.0011689080879529823
further 4.039587962027873E-4 0.27443684570176036 1.108611778233732E-4
user 2.0197939810139365E-4 1.293584963015623 2.6127751222290913E-4
methodology 4.039587962027873E-4 1.252762968495368 5.060646206808192E-4
account 8.079175924055746E-4 0.7459453661269161 6.026623842673529E-4
simply 4.039587962027873E-4 1.4512139072192063 5.86230622993014E-4
extent 0.0016158351848111492 1.3805963400052528 0.0022308161422019837
mostly 4.039587962027873E-4 1.1758019273592397 4.7497553114895564E-4
underline 2.0197939810139365E-4 3.373026504695459 6.812818631984365E-4
attari 4.039587962027873E-4 5.1647859739235145 0.002086360724671183
offer 4.039587962027873E-4 1.0059028905638423 4.0634332076907383E-4
der 4.039587962027873E-4 2.9675613965872945 0.0011987725294232657
suffer 4.039587962027873E-4 1.6990500711237875 6.863462214194253E-4
disjoint 6.05938194304181E-4 3.7784916128036232 0.0022895323850557203
retrieval 8.079175924055746E-4 2.331572629867298 0.0018837185456411212
announcement 2.0197939810139365E-4 3.7784916128036232 7.631774616852399E-4
knowledge 4.039587962027873E-4 0.8080771472339223 3.264298716355978E-4
addition 4.039587962027873E-4 0.7953381214564925 3.2128383011775097E-4
happen 2.0197939810139365E-4 1.9867321435755685 4.012789625480849E-4
grow 2.0197939810139365E-4 1.2329603411991883 2.49032587598301E-4
impact 8.079175924055746E-4 0.6874491594453075 5.554022698002888E-4
easy 2.0197939810139365E-4 1.3805963400052528 2.7885201777524797E-4
interpretation 6.05938194304181E-4 1.4512139072192063 8.793459344895212E-4
domain 4.039587962027873E-4 1.1394342831883648 4.602845013889577E-4
simultaneously 4.039587962027873E-4 2.169053700369523 8.762083217004738E-4
greatly 4.039587962027873E-4 2.2203469947570738 8.96928699154544E-4
average 0.0016158351848111492 0.7104386776700063 0.001147951812029903
compare 0.0010098969905069683 0.17435338714477774 1.7607896096220738E-4
strong 0.0014138557867097556 1.1043429633770947 0.001561381689282905
vliegenthart 6.05938194304181E-4 5.1647859739235145 0.0031295410870067755
be 2.0197939810139365E-4 0.017291497110061043 3.4925261785621172E-6
prove 4.039587962027873E-4 1.0539121097502027 4.257370671582317E-4
persbureau 4.039587962027873E-4 5.1647859739235145 0.002086360724671183
scheme 4.039587962027873E-4 1.9459101490553132 7.860675213311707E-4
influential 4.039587962027873E-4 3.0853444322436783 0.0012463520227201286
affect 6.05938194304181E-4 0.5596157879354227 3.390925800457015E-4
how 0.002423752777216724 0.5496654570822546 0.0013322531781432146
coding 2.0197939810139365E-4 2.169053700369523 4.381041608502369E-4
search 6.05938194304181E-4 1.0059028905638423 6.095149811536109E-4
see 0.00222177337911533 0.5696661237889241 0.0012656690288180498
popularity 6.05938194304181E-4 2.392197251683733 0.0014495236831046656
unlike 4.039587962027873E-4 1.6682784124570338 6.739157392272405E-4
national 0.002827711573419511 1.293584963015623 0.003657885171120728
term 2.0197939810139365E-4 0.4643056081310978 9.378016726542067E-5
indicate 6.05938194304181E-4 0.4919571394616079 2.980956207604169E-4
panel 6.05938194304181E-4 2.6798793241355137 0.0016238412386197821
contain 0.0010098969905069683 0.6429973968744738 6.493611360073458E-4
set 6.05938194304181E-4 0.5108256237659907 3.0952875606907133E-4
business 4.039587962027873E-4 2.0292917579943643 8.197502557036414E-4
column 4.039587962027873E-4 2.456735772821304 9.924200253772183E-4
predictive 4.039587962027873E-4 1.5012243277938677 6.064327722859493E-4
possible 0.001211876388608362 0.38566248081198473 4.6737525446816975E-4
right 4.039587962027873E-4 1.4271163556401458 5.764962050657022E-4
noticeable 4.039587962027873E-4 3.373026504695459 0.001362563726396873
sample 2.0197939810139365E-4 0.6321864807702582 1.27688644873815E-4
actor 2.0197939810139365E-4 2.456735772821304 4.962100126886091E-4
june 0.0016158351848111492 2.2744142160273495 0.0036750785150916573
answer 4.039587962027873E-4 1.3805963400052528 5.577040355504959E-4
validity 0.0014138557867097556 2.073743520565198 0.002931974276702966
represent 6.05938194304181E-4 0.4285875255290187 2.596975513203507E-4
london 4.039587962027873E-4 3.373026504695459 0.001362563726396873
language 4.039587962027873E-4 0.664976303593249 2.686230271029081E-4
do 2.0197939810139365E-4 0.14750613710858965 2.9793200789454583E-5
observe 4.039587962027873E-4 0.5496654570822546 2.220421963572024E-4
acceleration 4.039587962027873E-4 3.373026504695459 0.001362563726396873
later 4.039587962027873E-4 1.3361445774344192 5.397473550532899E-4
prior 8.079175924055746E-4 0.8209805520698303 6.632846310400568E-4
rare 4.039587962027873E-4 1.906689435902032 7.702239692595564E-4
legal 4.039587962027873E-4 2.7668907011251433 0.001117709836851199
computational 0.001211876388608362 1.3146383722134554 0.001593179202844018
possibly 4.039587962027873E-4 1.6384254493073527 6.618563721702091E-4
lecheler 6.05938194304181E-4 5.1647859739235145 0.0031295410870067755
which 0.008079175924055746 0.023122417420854212 1.8681007813253252E-4
hyperlink 4.039587962027873E-4 5.1647859739235145 0.002086360724671183
test 8.079175924055746E-4 0.44628710262841953 3.605632014772123E-4
take 4.039587962027873E-4 0.368995428326773 1.490589490312151E-4
relatively 4.039587962027873E-4 0.8209805520698303 3.316423155200284E-4
methodological 4.039587962027873E-4 2.2203469947570738 8.96928699154544E-4
little 4.039587962027873E-4 1.252762968495368 5.060646206808192E-4
occasion 2.0197939810139365E-4 3.7784916128036232 7.631774616852399E-4
some 0.0020197939810139365 0.2160260835453457 4.36328183286903E-4
ebisch 6.05938194304181E-4 5.1647859739235145 0.0031295410870067755
rather 4.039587962027873E-4 0.758066726659261 3.0622772234266247E-4
importance 6.05938194304181E-4 0.9600933545325481 5.81757233608896E-4
additional 8.079175924055746E-4 0.5300569856938783 4.282423637195542E-4
for 0.023631589577863057 0.017291497110061043 4.0862556289176773E-4
back 0.003635629165825086 1.6094379124341003 0.005851319415030055
title 2.0197939810139365E-4 2.5257286443082556 5.101451513448305E-4
content 0.0026257321753181176 1.293584963015623 0.003396607658897819
perhaps 4.039587962027873E-4 1.9459101490553132 7.860675213311707E-4
ignore 4.039587962027873E-4 1.9867321435755685 8.025579250961698E-4
company 8.079175924055746E-4 1.6990500711237875 0.0013726924428388507
just 6.05938194304181E-4 1.3146383722134554 7.96589601422009E-4
human 4.039587962027873E-4 0.8743265327751228 3.531918936679955E-4
digital 0.0010098969905069683 1.730798769438368 0.0017479284684289718
over 0.0020197939810139365 0.3364722366212129 6.796045983058228E-4
midnight 4.039587962027873E-4 5.1647859739235145 0.002086360724671183
six 4.039587962027873E-4 0.9162907318741551 3.701437010196546E-4
monitor 6.05938194304181E-4 1.9867321435755685 0.001203836887644255
print 0.008685114118359927 3.7784916128036232 0.03281663085246532
although 6.05938194304181E-4 0.4285875255290187 2.596975513203507E-4
form 2.0197939810139365E-4 0.5013468798114469 1.0126174102432779E-4
material 6.05938194304181E-4 1.0059028905638423 6.095149811536109E-4
publish 6.05938194304181E-4 0.03488725900044054 2.1139522722949227E-5
pyramid 4.039587962027873E-4 5.1647859739235145 0.002086360724671183
explain 2.0197939810139365E-4 0.9751312318970885 1.9695641928844443E-4
very 8.079175924055746E-4 0.5596157879354227 4.5212344006093525E-4
decade 2.0197939810139365E-4 2.0292917579943643 4.098751278518207E-4
select 8.079175924055746E-4 0.5798184952529422 4.684455627169801E-4
bit 2.0197939810139365E-4 2.9675613965872945 5.993862647116329E-4
output 4.039587962027873E-4 1.121734706088964 4.531346015305853E-4
four 6.05938194304181E-4 0.4643056081310978 2.813405017962621E-4
context 6.05938194304181E-4 0.8881198549074587 5.381457412083168E-4
easily 4.039587962027873E-4 1.4271163556401458 5.764962050657022E-4
model 0.0010098969905069683 0.41985384556026406 4.240091350840881E-4
text 4.039587962027873E-4 0.8209805520698303 3.316423155200284E-4
whereas 6.05938194304181E-4 1.0872485300177945 6.588054110388576E-4
reduce 6.05938194304181E-4 0.3941013494578493 2.3880106006333022E-4
likely 0.001211876388608362 0.5798184952529422 7.026683440754702E-4
large 8.079175924055746E-4 0.22314355131420976 1.8028160073860615E-4
issue 2.0197939810139365E-4 0.7953381214564925 1.6064191505887548E-4
intermedium 2.0197939810139365E-4 5.1647859739235145 0.0010431803623355915
sense 6.05938194304181E-4 1.4271163556401458 8.647443075985534E-4
field 2.0197939810139365E-4 0.6988778552689304 1.4115892855361148E-4
exclusivity 8.079175924055746E-4 4.471638793363569 0.003612715648041663
exclusively 4.039587962027873E-4 2.331572629867298 9.418592728205606E-4
lemmatization 4.039587962027873E-4 3.2188758248682006 0.0013002932033400123
become 0.0010098969905069683 0.6321864807702582 6.384432243690751E-4
diffusion 6.05938194304181E-4 2.5257286443082556 0.0015304354540344916
proportion 0.00222177337911533 1.4271163556401458 0.003170729127861362
johnston 0.0016158351848111492 5.1647859739235145 0.008345442898684732
granger 4.039587962027873E-4 5.1647859739235145 0.002086360724671183
eventually 4.039587962027873E-4 2.073743520565198 8.377069362008474E-4
phenomenon 4.039587962027873E-4 1.6094379124341003 6.501466016700061E-4
subscription 6.05938194304181E-4 4.471638793363569 0.002709536736031248
baldwin 4.039587962027873E-4 4.471638793363569 0.0018063578240208316
cycle 0.0010098969905069683 2.2744142160273495 0.0022969240719322857
mention 8.079175924055746E-4 0.8881198549074587 7.175276549444223E-4
literature 4.039587962027873E-4 0.9306794693262548 3.759561580796828E-4
dependence 0.001211876388608362 2.5998366164619773 0.003150680609729724
angle 4.039587962027873E-4 2.2744142160273495 9.187696287729143E-4
man 4.039587962027873E-4 1.9867321435755685 8.025579250961698E-4
cull 2.0197939810139365E-4 4.471638793363569 9.031789120104158E-4
together 0.0010098969905069683 1.1394342831883648 0.0011507112534723943
table 8.079175924055746E-4 0.18117935221517753 1.4637798603528784E-4
affordable 8.079175924055746E-4 5.1647859739235145 0.004172721449342366
morphological 4.039587962027873E-4 2.7668907011251433 0.001117709836851199
within 0.001817814582912543 0.3127557100038969 5.685318905342501E-4
break 2.0197939810139365E-4 1.906689435902032 3.851119846297782E-4
could 0.0016158351848111492 0.22314355131420976 3.605632014772123E-4
change 2.0197939810139365E-4 0.3941013494578493 7.96003533544434E-5
cutback 2.0197939810139365E-4 5.1647859739235145 0.0010431803623355915
turney 4.039587962027873E-4 4.0661736852554045 0.0016425666270472245
indirectly 6.05938194304181E-4 2.7668907011251433 0.0016765647552767987
draw 2.0197939810139365E-4 1.1944940603713923 2.4126319134950357E-4
off 6.05938194304181E-4 2.392197251683733 0.0014495236831046656
generally 0.0010098969905069683 0.9021060968821986 9.110342323593198E-4
harvey 6.05938194304181E-4 4.471638793363569 0.002709536736031248
instruction 2.0197939810139365E-4 2.392197251683733 4.831745610348885E-4
able 8.079175924055746E-4 0.7703368192510752 6.223686683506969E-4
report 0.0010098969905069683 0.3364722366212129 3.398022991529114E-4
complete 4.039587962027873E-4 0.8080771472339223 3.264298716355978E-4
coder 8.079175924055746E-4 3.2188758248682006 0.0026005864066800245
instance 4.039587962027873E-4 1.5812670354674039 6.387667281225626E-4
presumably 4.039587962027873E-4 3.7784916128036232 0.0015263549233704799
use 0.0034336497677236923 0.03488725900044054 1.1979062876337896E-4
several 0.0010098969905069683 0.3526016185510966 3.560913134226385E-4
political 0.003635629165825086 2.169053700369523 0.007885874895304266
main 0.0010098969905069683 0.6004377824556778 6.063803094886667E-4
while 4.039587962027873E-4 0.20895891632225325 8.441079229337639E-5
second 0.0014138557867097556 0.4373981552111735 6.184179128414895E-4
that 0.026257321753181174 0.017291497110061043 4.540284032130752E-4
high 6.05938194304181E-4 0.11492996667397702 6.964045647786934E-5
revenue 4.039587962027873E-4 3.0853444322436783 0.0012463520227201286
download 4.039587962027873E-4 0.24480504809538922 9.889115253297888E-5
solution 2.0197939810139365E-4 1.0216512475319812 2.063525040460475E-4
find 0.001211876388608362 0.16083966797805488 1.9491779597421315E-4
than 0.0034336497677236923 0.058840500022933395 2.0203766923649117E-4
sufficient 4.039587962027873E-4 1.5012243277938677 6.064327722859493E-4
publication 0.0014138557867097556 1.6990500711237875 0.0024022117749679887
claim 2.0197939810139365E-4 1.6682784124570338 3.3695786961362024E-4
communication 0.0010098969905069683 1.5538680612792897 0.001569246678730852
different 0.0026257321753181176 0.18805223150293962 4.937747948976399E-4
credit 0.0010098969905069683 2.5998366164619773 0.00262556717477477
citizen 2.0197939810139365E-4 3.2188758248682006 6.501466016700061E-4
level 0.001211876388608362 0.4373981552111735 5.300724967212768E-4
author 6.05938194304181E-4 0.017291497110061043 1.0477578535686353E-5
occur 2.0197939810139365E-4 0.6109090823229731 1.2339104874226886E-4
difficult 4.039587962027873E-4 0.7703368192510752 3.1118433417534847E-4
pressure 0.001211876388608362 1.5538680612792897 0.0018830960144770226
weighting 6.05938194304181E-4 2.392197251683733 0.0014495236831046656
establish 2.0197939810139365E-4 0.9600933545325481 1.93919077869632E-4
relevant 6.05938194304181E-4 0.7703368192510752 4.667765012630228E-4
feed 4.039587962027873E-4 2.0292917579943643 8.197502557036414E-4
background 4.039587962027873E-4 1.6094379124341003 6.501466016700061E-4
survey 4.039587962027873E-4 1.3805963400052528 5.577040355504959E-4
position 4.039587962027873E-4 1.0059028905638423 4.0634332076907383E-4
present 2.0197939810139365E-4 0.083381608939051 1.6841367186235305E-5
meraz 6.05938194304181E-4 5.1647859739235145 0.0031295410870067755
since 0.0016158351848111492 0.377294231141468 6.096452937046544E-4
datum 2.0197939810139365E-4 0.167573700159399 3.3846435095818824E-5
code 4.039587962027873E-4 1.3361445774344192 5.397473550532899E-4
investigate 0.0014138557867097556 0.653926467406664 9.245577200255804E-4
blindly 4.039587962027873E-4 4.0661736852554045 0.0016425666270472245
delete 4.039587962027873E-4 2.9675613965872945 0.0011987725294232657
total 6.05938194304181E-4 0.5108256237659907 3.0952875606907133E-4
hour 0.0010098969905069683 1.5812670354674039 0.0015969168203064067
repeat 2.0197939810139365E-4 1.5012243277938677 3.0321638614297467E-4
viable 4.039587962027873E-4 2.7668907011251433 0.001117709836851199
make 6.05938194304181E-4 0.2521310881874621 1.5277585630425901E-4
experienced 4.039587962027873E-4 1.6094379124341003 6.501466016700061E-4
certainly 6.05938194304181E-4 2.5257286443082556 0.0015304354540344916
determine 0.0010098969905069683 0.40261203912575794 4.065966866549767E-4
nederland 2.0197939810139365E-4 5.1647859739235145 0.0010431803623355915
disjunction 4.039587962027873E-4 4.471638793363569 0.0018063578240208316
interesting 4.039587962027873E-4 1.6682784124570338 6.739157392272405E-4
control 2.0197939810139365E-4 0.5398131606392429 1.090311372731252E-4
due 0.001817814582912543 0.20895891632225325 3.798485653201938E-4
earth 4.039587962027873E-4 5.1647859739235145 0.002086360724671183
circulation 4.039587962027873E-4 3.5553480614894135 0.0014362141230011768
Christian 2.0197939810139365E-4 4.471638793363569 9.031789120104158E-4
online 0.01373459907089477 1.3581234841531944 0.01865328154361083
essentially 4.039587962027873E-4 2.456735772821304 9.924200253772183E-4
increasingly 4.039587962027873E-4 1.730798769438368 6.991713873715887E-4
kasper 0.0016158351848111492 5.1647859739235145 0.008345442898684732
depend 0.0010098969905069683 0.8472978603872037 8.556835592680303E-4
about 0.001817814582912543 0.377294231141468 6.858509554177362E-4
empirical 4.039587962027873E-4 1.8325814637483102 7.402874020393092E-4
paint 2.0197939810139365E-4 4.471638793363569 9.031789120104158E-4
cover 8.079175924055746E-4 1.0704414117014134 8.648284481530303E-4
meaning 6.05938194304181E-4 1.0704414117014134 6.486213361147729E-4
above 0.0014138557867097556 0.9021060968821986 0.0012754479253030478
fire 2.0197939810139365E-4 3.5553480614894135 7.181070615005884E-4
recent 8.079175924055746E-4 0.5596157879354227 4.5212344006093525E-4
they 0.0016158351848111492 0.05279818556697083 8.531316593329965E-5
temporal 4.039587962027873E-4 2.169053700369523 8.762083217004738E-4
distinguish 8.079175924055746E-4 1.6990500711237875 0.0013726924428388507
subtract 2.0197939810139365E-4 3.373026504695459 6.812818631984365E-4
australia 4.039587962027873E-4 3.0853444322436783 0.0012463520227201286
then 0.0016158351848111492 0.4285875255290187 6.925268035209351E-4
substantial 6.05938194304181E-4 1.5812670354674039 9.581500921838441E-4
quality 0.0010098969905069683 0.7953381214564925 8.032095752943774E-4
morning 6.05938194304181E-4 3.0853444322436783 0.001869528034080193
accept 4.039587962027873E-4 1.730798769438368 6.991713873715887E-4
thereby 6.05938194304181E-4 1.730798769438368 0.0010487570810573832
crawler 2.0197939810139365E-4 4.0661736852554045 8.212833135236123E-4
adopt 0.0010098969905069683 1.293584963015623 0.0013063875611145457
processing 4.039587962027873E-4 0.7221347174331975 2.917126711505544E-4
boost 2.0197939810139365E-4 2.331572629867298 4.709296364102803E-4
except 8.079175924055746E-4 1.3805963400052528 0.0011154080711009919
singular 4.039587962027873E-4 2.9675613965872945 0.0011987725294232657
fact 4.039587962027873E-4 0.9452782687474074 3.8185347151985753E-4
prominent 6.05938194304181E-4 2.2744142160273495 0.0013781544431593715
scan 2.0197939810139365E-4 2.456735772821304 4.962100126886091E-4
overcome 4.039587962027873E-4 1.8689491079191851 7.549784317993073E-4
association 4.039587962027873E-4 1.0376515888784226 4.1916848672123713E-4
believe 4.039587962027873E-4 1.2729656758128876 5.142256820088416E-4
long 4.039587962027873E-4 0.44628710262841953 1.8028160073860615E-4
seem 4.039587962027873E-4 1.0216512475319812 4.12705008092095E-4
into 0.00222177337911533 0.10854016857520597 2.4115165710508293E-4
current 4.039587962027873E-4 0.4919571394616079 1.9873041384027787E-4
variety 6.05938194304181E-4 1.0539121097502027 6.386056007373477E-4
vector 6.05938194304181E-4 1.2135422553420867 7.353316029138074E-4
free 0.001211876388608362 1.6990500711237875 0.0020590386642582764
expression 2.0197939810139365E-4 1.2729656758128876 2.571128410044208E-4
though 6.05938194304181E-4 1.1043429633770947 6.691635811212451E-4
one 0.003635629165825086 0.06491954609931569 2.360233952307983E-4
many 0.001211876388608362 0.20194134366360675 2.447279462697719E-4
novum 6.05938194304181E-4 5.1647859739235145 0.0031295410870067755
single 6.05938194304181E-4 0.6429973968744738 3.896166816044075E-4
confirm 4.039587962027873E-4 0.8209805520698303 3.316423155200284E-4
actually 0.0010098969905069683 1.5812670354674039 0.0015969168203064067
appear 8.079175924055746E-4 0.7459453661269161 6.026623842673529E-4
assist 2.0197939810139365E-4 2.073743520565198 4.188534681004237E-4
open 2.0197939810139365E-4 0.8881198549074587 1.7938191373610557E-4
story 2.0197939810139365E-4 2.456735772821304 4.962100126886091E-4
but 0.0034336497677236923 0.083381608939051 2.863032421660002E-4
alarming 6.05938194304181E-4 5.1647859739235145 0.0031295410870067755
joint 4.039587962027873E-4 1.906689435902032 7.702239692595564E-4
willing 4.039587962027873E-4 2.8622008809294686 0.0011562112223508253
available 6.05938194304181E-4 0.5696661237889241 3.4518246240492276E-4
trouw 0.0014138557867097556 5.1647859739235145 0.007302262536349142
verbatim 0.0016158351848111492 5.1647859739235145 0.008345442898684732
mainly 0.0014138557867097556 1.0059028905638423 0.0014222016226917585
frequency 4.039587962027873E-4 1.0216512475319812 4.12705008092095E-4
reluctant 4.039587962027873E-4 3.7784916128036232 0.0015263549233704799
bare 4.039587962027873E-4 4.0661736852554045 0.0016425666270472245
five 0.0014138557867097556 0.9021060968821986 0.0012754479253030478
ensure 2.0197939810139365E-4 1.0216512475319812 2.063525040460475E-4
invert 2.0197939810139365E-4 4.471638793363569 9.031789120104158E-4
query 4.039587962027873E-4 2.392197251683733 9.66349122069777E-4
this 0.018582104625328215 0.017291497110061043 3.2131240842771475E-4
finding 2.0197939810139365E-4 0.7459453661269161 1.5066559606683822E-4
look 0.0014138557867097556 1.1758019273592397 0.0016624143590213449
netherland 2.0197939810139365E-4 4.471638793363569 9.031789120104158E-4
extract 2.0197939810139365E-4 0.8080771472339223 1.632149358177989E-4
especially 4.039587962027873E-4 0.7104386776700063 2.8698795300747577E-4
demonstrate 4.039587962027873E-4 0.5108256237659907 2.0635250404604755E-4
support 6.05938194304181E-4 0.5300569856938783 3.2118177278966573E-4
internet 8.079175924055746E-4 2.2744142160273495 0.0018375392575458286
conflict 4.039587962027873E-4 2.6798793241355137 0.0010825608257465213
allow 2.0197939810139365E-4 0.5398131606392429 1.090311372731252E-4
drop 2.0197939810139365E-4 2.0292917579943643 4.098751278518207E-4
knock 4.039587962027873E-4 3.7784916128036232 0.0015263549233704799
rutten 6.05938194304181E-4 5.1647859739235145 0.0031295410870067755
idea 4.039587962027873E-4 1.2329603411991883 4.98065175196602E-4
update 2.0197939810139365E-4 1.6682784124570338 3.3695786961362024E-4
proper 8.079175924055746E-4 1.5538680612792897 0.0012553973429846816
we 2.0197939810139365E-4 0.19497267434751336 3.938046341092978E-5
speed 4.039587962027873E-4 1.730798769438368 6.991713873715887E-4
common 0.0010098969905069683 0.3526016185510966 3.560913134226385E-4
interest 4.039587962027873E-4 1.0059028905638423 4.0634332076907383E-4
similarity 0.007473237729751565 1.4759065198095778 0.011029800289427263
gap 4.039587962027873E-4 1.6094379124341003 6.501466016700061E-4
atteveldt 4.039587962027873E-4 5.1647859739235145 0.002086360724671183
causal 4.039587962027873E-4 2.5257286443082556 0.001020290302689661
forde 0.002423752777216724 5.1647859739235145 0.012518164348027102
successful 4.039587962027873E-4 1.3361445774344192 5.397473550532899E-4
prestigious 4.039587962027873E-4 4.0661736852554045 0.0016425666270472245
summary 4.039587962027873E-4 1.3581234841531944 5.486259277532597E-4
coverage 8.079175924055746E-4 2.5257286443082556 0.002040580605379322
normal 4.039587962027873E-4 1.4035858582299516 5.669908536578273E-4
figure 0.004241567360129267 0.18805223150293962 7.976362071423413E-4
akin 4.039587962027873E-4 4.471638793363569 0.0018063578240208316
wide 4.039587962027873E-4 1.121734706088964 4.531346015305853E-4
previous 6.05938194304181E-4 0.32850406697203605 1.9905316116261527E-4
apply 6.05938194304181E-4 0.41119578281714936 2.491592301457177E-4
recently 4.039587962027873E-4 1.5271998141971284 6.169257985041924E-4
politician 2.0197939810139365E-4 3.373026504695459 6.812818631984365E-4
argue 4.039587962027873E-4 1.6990500711237875 6.863462214194253E-4
technology 6.05938194304181E-4 1.293584963015623 7.838325366687274E-4
indeed 0.001211876388608362 2.2744142160273495 0.002756308886318743
money 4.039587962027873E-4 3.0853444322436783 0.0012463520227201286
handelsblad 0.001817814582912543 5.1647859739235145 0.009388623261020326
step 4.039587962027873E-4 0.8080771472339223 3.264298716355978E-4
location 4.039587962027873E-4 1.3805963400052528 5.577040355504959E-4
base 2.0197939810139365E-4 0.14090545307723773 2.8459998601744643E-5
software 4.039587962027873E-4 1.157452788691043 4.675632351811929E-4
reliably 4.039587962027873E-4 2.9675613965872945 0.0011987725294232657
reach 4.039587962027873E-4 1.0376515888784226 4.1916848672123713E-4
competition 8.079175924055746E-4 2.5998366164619773 0.002100453739819816
whole 4.039587962027873E-4 1.252762968495368 5.060646206808192E-4
during 0.001211876388608362 0.28958865072236245 3.5094564821938493E-4
type 4.039587962027873E-4 0.3364722366212129 1.3592091966116456E-4
consist 2.0197939810139365E-4 0.7459453661269161 1.5066559606683822E-4
relation 2.0197939810139365E-4 1.121734706088964 2.2656730076529264E-4
problem 6.05938194304181E-4 0.7221347174331975 4.3756900672583165E-4
relate 2.0197939810139365E-4 0.27443684570176036 5.54305889116866E-5
enable 2.0197939810139365E-4 0.9751312318970885 1.9695641928844443E-4
workforce 4.039587962027873E-4 4.0661736852554045 0.0016425666270472245
dependent 8.079175924055746E-4 1.3805963400052528 0.0011154080711009919
between 0.005251464350636235 0.058840500022933395 3.089987882440453E-4
van 0.002423752777216724 2.2744142160273495 0.005512617772637486
still 0.001211876388608362 0.5300569856938783 6.423635455793315E-4
natural 4.039587962027873E-4 0.6429973968744738 2.597444544029383E-4
method 4.039587962027873E-4 0.0958817717032825 3.8732285075048475E-5
harman 6.05938194304181E-4 5.1647859739235145 0.0031295410870067755
work 8.079175924055746E-4 0.4285875255290187 3.4626340176046753E-4
lose 4.039587962027873E-4 1.8689491079191851 7.549784317993073E-4
contract 6.05938194304181E-4 3.5553480614894135 0.0021543211845017657
conclude 8.079175924055746E-4 1.252762968495368 0.0010121292413616384
exist 2.0197939810139365E-4 0.664976303593249 1.3431151355145404E-4
insight 6.05938194304181E-4 1.0539121097502027 6.386056007373477E-4
legitimacy 4.039587962027873E-4 3.5553480614894135 0.0014362141230011768
among 0.001817814582912543 0.32850406697203605 5.971594834878458E-4
exact 8.079175924055746E-4 1.5271998141971284 0.0012338515970083848
kruikemeier 6.05938194304181E-4 5.1647859739235145 0.0031295410870067755
force 4.039587962027873E-4 1.5271998141971284 6.169257985041924E-4
substantially 4.039587962027873E-4 2.5257286443082556 0.001020290302689661
word 8.079175924055746E-4 0.8743265327751228 7.06383787335991E-4
theory 8.079175924055746E-4 1.4271163556401458 0.0011529924101314044
range 6.05938194304181E-4 0.3941013494578493 2.3880106006333022E-4
out 6.05938194304181E-4 0.368995428326773 2.2358842354682268E-4
across 0.0014138557867097556 0.7703368192510752 0.0010891451696137197
paywall 2.0197939810139365E-4 5.1647859739235145 0.0010431803623355915
flat 4.039587962027873E-4 2.9675613965872945 0.0011987725294232657
recall 6.05938194304181E-4 1.7635885922613586 0.0010686256870903002
verify 4.039587962027873E-4 1.8325814637483102 7.402874020393092E-4
copy 0.0030296909715209048 2.5998366164619773 0.00787670152432431
event 0.0020197939810139365 1.157452788691043 0.0023378161759059646
include 4.039587962027873E-4 0.0771896386911299 3.1181433524996926E-5
agency 0.011714805089880832 2.6798793241355137 0.03139426394664912
cook 4.039587962027873E-4 4.471638793363569 0.0018063578240208316
unnamed 4.039587962027873E-4 4.471638793363569 0.0018063578240208316
suggest 4.039587962027873E-4 0.5013468798114469 2.0252348204865558E-4
agenda 4.039587962027873E-4 4.0661736852554045 0.0016425666270472245
lead 4.039587962027873E-4 0.3127557100038969 1.2634042011872224E-4
filter 4.039587962027873E-4 1.8325814637483102 7.402874020393092E-4
help 2.0197939810139365E-4 0.6874491594453075 1.388505674500722E-4
expect 6.05938194304181E-4 0.8743265327751228 5.297878405019933E-4
site 4.039587962027873E-4 1.3805963400052528 5.577040355504959E-4
walgrave 4.039587962027873E-4 5.1647859739235145 0.002086360724671183
first 0.004039587962027873 0.167573700159399 6.769287019163765E-4
argument 4.039587962027873E-4 2.120263536200091 8.564991057160537E-4
passage 2.0197939810139365E-4 3.2188758248682006 6.501466016700061E-4
theoretical 4.039587962027873E-4 1.5538680612792897 6.276986714923408E-4
own 4.039587962027873E-4 1.293584963015623 5.225550244458183E-4
craft 2.0197939810139365E-4 4.0661736852554045 8.212833135236123E-4
threshold 0.0030296909715209048 2.120263536200091 0.006423743292870402
clearly 0.0010098969905069683 1.6384254493073527 0.0016546409304255228
blog 2.0197939810139365E-4 3.7784916128036232 7.631774616852399E-4
space 4.039587962027873E-4 1.293584963015623 5.225550244458183E-4
reference 4.039587962027873E-4 1.2135422553420867 4.902210686092049E-4
vulpen 6.05938194304181E-4 5.1647859739235145 0.0031295410870067755
spite 4.039587962027873E-4 3.7784916128036232 0.0015263549233704799
only 0.0038376085639264795 0.10854016857520597 4.1653468045423417E-4
should 4.039587962027873E-4 0.368995428326773 1.490589490312151E-4
create 4.039587962027873E-4 0.7339691750802005 2.964933044153506E-4
from 0.005857402544940416 0.023122417420854212 1.3543730664608607E-4
development 2.0197939810139365E-4 0.5596157879354227 1.1303086001523381E-4
individual 4.039587962027873E-4 0.6214911916535102 2.5105683363098774E-4
indirect 4.039587962027873E-4 1.9459101490553132 7.860675213311707E-4
ruigrok 0.003635629165825086 5.1647859739235145 0.01877724652204065
capture 4.039587962027873E-4 0.990398704027877 4.0008026823990184E-4
towards 4.039587962027873E-4 1.5012243277938677 6.064327722859493E-4
core 6.05938194304181E-4 1.5012243277938677 9.096491584289242E-4
person 2.0197939810139365E-4 0.9021060968821986 1.8220684647186398E-4
publisher 6.05938194304181E-4 3.0853444322436783 0.001869528034080193
fragile 4.039587962027873E-4 4.0661736852554045 0.0016425666270472245
potentially 4.039587962027873E-4 1.1394342831883648 4.602845013889577E-4
here 4.039587962027873E-4 1.3361445774344192 5.397473550532899E-4
note 6.05938194304181E-4 0.5013468798114469 3.0378522307298336E-4
steal 2.0197939810139365E-4 3.7784916128036232 7.631774616852399E-4
purpose 4.039587962027873E-4 0.9021060968821986 3.6441369294372796E-4
line 4.039587962027873E-4 0.9021060968821986 3.6441369294372796E-4
gatekeeper 0.0020197939810139365 5.1647859739235145 0.010431803623355917
seemingly 4.039587962027873E-4 3.2188758248682006 0.0013002932033400123
can 0.007271258331650172 0.0958817717032825 6.971811313508726E-4
trace 2.0197939810139365E-4 2.7668907011251433 5.588549184255995E-4
landauer 4.039587962027873E-4 5.1647859739235145 0.002086360724671183
paper 6.05938194304181E-4 0.8340526336371831 5.053843467807613E-4
public 6.05938194304181E-4 1.3361445774344192 8.096210325799349E-4
spend 4.039587962027873E-4 1.9867321435755685 8.025579250961698E-4
thurman 4.039587962027873E-4 5.1647859739235145 0.002086360724671183
informational 6.05938194304181E-4 3.7784916128036232 0.0022895323850557203
value 4.039587962027873E-4 0.34450440831847723 1.3916558607088557E-4
inverse 4.039587962027873E-4 2.6798793241355137 0.0010825608257465213
limited 8.079175924055746E-4 0.5696661237889241 4.602432832065636E-4
will 6.05938194304181E-4 0.3526016185510966 2.136547880535831E-4
satisfy 2.0197939810139365E-4 1.7635885922613586 3.5620856236343333E-4
advantage 2.0197939810139365E-4 1.0376515888784226 2.0958424336061857E-4
charging 4.039587962027873E-4 4.471638793363569 0.0018063578240208316
match 8.079175924055746E-4 1.5271998141971284 0.0012338515970083848
instead 6.05938194304181E-4 1.0376515888784226 6.287527300818558E-4
follow 2.0197939810139365E-4 0.0958817717032825 1.9366142537524238E-5
performance 6.05938194304181E-4 0.7703368192510752 4.667765012630228E-4
currently 6.05938194304181E-4 1.4035858582299516 8.50486280486741E-4
divest 2.0197939810139365E-4 4.471638793363569 9.031789120104158E-4
response 6.05938194304181E-4 1.0539121097502027 6.386056007373477E-4
york 4.039587962027873E-4 3.5553480614894135 0.0014362141230011768
independently 4.039587962027873E-4 1.9459101490553132 7.860675213311707E-4
category 4.039587962027873E-4 0.8080771472339223 3.264298716355978E-4
landscape 4.039587962027873E-4 3.0853444322436783 0.0012463520227201286
