optimal 8.73871249635887E-4 1.2329603411991883 0.0010774485941152242
analyse 0.0011651616661811825 1.4512139072192063 0.0016908988141208345
accuracy 0.00466064666472473 1.0539121097502027 0.004911911959220286
bag 5.825808330905913E-4 2.8622008809294686 0.001667463373684514
without 8.73871249635887E-4 0.32850406697203605 2.870702595153242E-4
setting 5.825808330905913E-4 1.1394342831883648 6.638125739518583E-4
suffer 5.825808330905913E-4 1.6990500711237875 9.898340058979245E-4
haitao 0.0037867754150888435 5.1647859739235145 0.019557884550249253
poor 8.73871249635887E-4 0.9452782687474074 8.260515019639446E-4
record 2.9129041654529564E-4 0.8340526336371831 2.4295153907287592E-4
understanding 5.825808330905913E-4 0.990398704027877 5.769873020844025E-4
because 0.00203903291581707 0.34450440831847723 7.02455828205459E-4
calculate 5.825808330905913E-4 0.7221347174331975 4.207018452858709E-4
ten 5.825808330905913E-4 1.9459101490553132 0.001133649955756081
utilise 5.825808330905913E-4 2.6798793241355137 0.0015612463292371183
knowledge 5.825808330905913E-4 0.8080771472339223 4.7077025763700686E-4
flexibly 5.825808330905913E-4 4.471638793363569 0.0026050910535179543
successfully 0.0011651616661811825 1.5538680612792897 0.001810507499305901
excellent 5.825808330905913E-4 2.169053700369523 0.0012636491117795066
pass 5.825808330905913E-4 2.120263536200091 0.001235224897291052
impact 0.0014564520827264782 0.6874491594453075 0.001001236760042685
pool 2.9129041654529564E-4 2.331572629867298 6.791647625596556E-4
require 8.73871249635887E-4 0.3127557100038969 2.733082231318645E-4
analysis 0.0014564520827264782 0.13434805253107854 1.9567150091913564E-4
easy 5.825808330905913E-4 1.3805963400052528 8.043089659220814E-4
normalise 5.825808330905913E-4 3.0853444322436783 0.0017974625297079395
extend 5.825808330905913E-4 1.4512139072192063 8.454494070604172E-4
size 0.003204194581998252 0.12136085700426753 3.888638004797387E-4
stop 5.825808330905913E-4 1.7635885922613586 0.0010274329113086854
flexible 5.825808330905913E-4 2.5998366164619773 0.0015146149819178427
left 8.73871249635887E-4 1.2729656758128876 0.0011124081058661993
unsupervised 5.825808330905913E-4 2.0292917579943643 0.0011822264829562273
simultaneously 5.825808330905913E-4 2.169053700369523 0.0012636491117795066
drive 2.9129041654529564E-4 1.5271998141971284 4.448586700253796E-4
much 5.825808330905913E-4 0.7827593392496325 4.5602058796949163E-4
relative 5.825808330905913E-4 1.0376515888784226 6.045159271065671E-4
object 5.825808330905913E-4 1.7635885922613586 0.0010274329113086854
average 8.73871249635887E-4 0.7104386776700063 6.208319350451555E-4
compare 8.73871249635887E-4 0.17435338714477774 1.5236241230245652E-4
deal 2.9129041654529564E-4 1.3361445774344192 3.8920611052561E-4
strong 5.825808330905913E-4 1.1043429633770947 6.433690436219602E-4
statistical 5.825808330905913E-4 0.653926467406664 3.809650261617617E-4
be 2.9129041654529564E-4 0.017291497110061043 5.036847395881457E-6
prove 2.9129041654529564E-4 1.0539121097502027 3.069944974512679E-4
independent 8.73871249635887E-4 1.0059028905638423 8.790296159893757E-4
achieve 8.73871249635887E-4 0.6109090823229731 5.338558831834895E-4
affect 8.73871249635887E-4 0.5596157879354227 4.890321479190993E-4
turn 5.825808330905913E-4 1.4035858582299516 8.177022186017778E-4
manual 5.825808330905913E-4 1.4512139072192063 8.454494070604172E-4
matrix 0.0037867754150888435 1.4759065198095778 0.005588926524184245
example 0.00203903291581707 0.6988778552689304 0.0014250349510289873
result 0.001747742499271774 0.058840500022933395 1.0283804256848248E-4
how 8.73871249635887E-4 0.5496654570822546 4.803368398621508E-4
see 2.9129041654529564E-4 0.5696661237889241 1.6593828249021966E-4
dual 5.825808330905913E-4 3.0853444322436783 0.0017974625297079395
same 0.0011651616661811825 0.2972515234679317 3.463460803587902E-4
subsequent 8.73871249635887E-4 1.3581234841531944 0.0011868250662567968
indicate 5.825808330905913E-4 0.4919571394616079 2.8660480015240775E-4
after 0.002330323332362365 0.12136085700426753 2.828100367125372E-4
panel 0.0014564520827264782 2.6798793241355137 0.0039031158230927957
huang 8.73871249635887E-4 2.8622008809294686 0.002501195060526771
symbolise 2.9129041654529564E-4 5.1647859739235145 0.0015044526577114809
connect 2.9129041654529564E-4 1.293584963015623 3.768089027135517E-4
set 0.002330323332362365 0.5108256237659907 0.0011903888698304472
contain 5.825808330905913E-4 0.6429973968744738 3.745979591462125E-4
learn 0.001747742499271774 1.252762968495368 0.002189507081553221
gnn 0.0014564520827264782 5.1647859739235145 0.007522263288557405
right 8.73871249635887E-4 1.4271163556401458 0.001247115953079067
textual 5.825808330905913E-4 1.9459101490553132 0.001133649955756081
the 0.12350713661520536 0.017291497110061043 0.002135623295853738
reuter 2.9129041654529564E-4 4.471638793363569 0.0013025455267589772
fast 2.9129041654529564E-4 1.3581234841531944 3.956083554189322E-4
maximum 0.0014564520827264782 1.2329603411991883 0.001795747656858707
obvious 5.825808330905913E-4 2.0292917579943643 0.0011822264829562273
information 0.011360326245266531 0.3049735695618419 0.0034645992464060107
under 8.73871249635887E-4 0.7459453661269161 6.518602092574273E-4
exploit 5.825808330905913E-4 1.8689491079191851 0.0010888139282954762
naive 5.825808330905913E-4 2.6798793241355137 0.0015612463292371183
essential 8.73871249635887E-4 1.252762968495368 0.0010947535407766105
represent 0.0011651616661811825 0.4285875255290187 4.993737553498615E-4
encode 0.0011651616661811825 1.79749014393704 0.002094366611053935
corpus 0.0011651616661811825 1.6094379124341003 0.0018752553596668804
language 0.00203903291581707 0.664976303593249 0.0013559085712649996
do 2.9129041654529564E-4 0.14750613710858965 4.2967124121348565E-5
good 5.825808330905913E-4 0.2160260835453457 1.2585265572114516E-4
down 5.825808330905913E-4 1.6384254493073527 9.545152632143038E-4
observe 2.9129041654529564E-4 0.5496654570822546 1.6011227995405025E-4
imitate 2.9129041654529564E-4 4.0661736852554045 0.0011844374265235667
compute 2.9129041654529564E-4 1.2729656758128876 3.708027019553998E-4
syntactic 0.005825808330905913 2.2203469947570738 0.012935316019557669
transmission 5.825808330905913E-4 2.8622008809294686 0.001667463373684514
contact 5.825808330905913E-4 1.9867321435755685 0.001157432067332111
predicted 0.0011651616661811825 1.5271998141971284 0.0017794346801015184
train 5.825808330905913E-4 1.252762968495368 7.298356938510737E-4
computational 8.73871249635887E-4 1.3146383722134554 0.0011488246771454605
which 0.010195164579085349 0.023122417420854212 2.3573685107191887E-4
disadvantage 2.9129041654529564E-4 2.169053700369523 6.318245558897533E-4
add 5.825808330905913E-4 0.7827593392496325 4.5602058796949163E-4
bayesian 5.825808330905913E-4 2.5998366164619773 0.0015146149819178427
static 5.825808330905913E-4 2.331572629867298 0.0013583295251193112
test 0.004951937081270026 0.44628710262841953 0.0022099856523982325
need 8.73871249635887E-4 0.27443684570176036 2.398224692995284E-4
typically 5.825808330905913E-4 1.1394342831883648 6.638125739518583E-4
finally 8.73871249635887E-4 2.073743520565198 0.0018121848417406332
its 0.0011651616661811825 0.19497267434751336 2.271746861025498E-4
pay 2.9129041654529564E-4 1.8689491079191851 5.444069641477381E-4
scholar 2.9129041654529564E-4 2.6798793241355137 7.806231646185592E-4
list 2.9129041654529564E-4 0.8472978603872037 2.468097466901263E-4
article 5.825808330905913E-4 1.252762968495368 7.298356938510737E-4
graph 0.01951645790853481 1.8689491079191851 0.03647526659789846
lack 8.73871249635887E-4 0.5696661237889241 4.97814847470659E-4
fusion 5.825808330905913E-4 2.8622008809294686 0.001667463373684514
vision 5.825808330905913E-4 1.4035858582299516 8.177022186017778E-4
take 0.0011651616661811825 0.368995428326773 4.29939328082462E-4
sparse 5.825808330905913E-4 3.0853444322436783 0.0017974625297079395
adjust 5.825808330905913E-4 1.4035858582299516 8.177022186017778E-4
final 5.825808330905913E-4 0.6988778552689304 4.0715284315113917E-4
relatively 5.825808330905913E-4 0.8209805520698303 4.782875339760153E-4
carry 2.9129041654529564E-4 0.8472978603872037 2.468097466901263E-4
necessity 5.825808330905913E-4 3.2188758248682006 0.0018752553596668804
little 5.825808330905913E-4 1.252762968495368 7.298356938510737E-4
some 0.0014564520827264782 0.2160260835453457 3.1463163930286293E-4
deep 8.73871249635887E-4 1.157452788691043 0.001011464714847984
neural 0.006408389163996504 1.5271998141971284 0.009786890740558352
importance 0.0011651616661811825 0.9600933545325481 0.0011186639726566245
for 0.009612583745994756 0.017291497110061043 1.6621596406408808E-4
back 5.825808330905913E-4 1.6094379124341003 9.376276798334402E-4
training 0.005534517914360618 1.0059028905638423 0.005567187567932713
representation 0.0066996795805418004 1.2135422553420867 0.008130344268240022
remove 5.825808330905913E-4 1.0872485300177945 6.334101543942874E-4
prevent 5.825808330905913E-4 1.1944940603713923 6.958893448129287E-4
rate 8.73871249635887E-4 0.5696661237889241 4.97814847470659E-4
ignore 5.825808330905913E-4 1.9867321435755685 0.001157432067332111
divide 5.825808330905913E-4 1.0059028905638423 5.860197439929171E-4
human 0.0011651616661811825 0.8743265327751228 0.0010187317597146785
class 5.825808330905913E-4 1.2135422553420867 7.069864581078279E-4
over 8.73871249635887E-4 0.3364722366212129 2.9403341388396114E-4
effectiveness 8.73871249635887E-4 1.5271998141971284 0.001334576010076139
outperform 5.825808330905913E-4 2.0292917579943643 0.0011822264829562273
practical 5.825808330905913E-4 1.5538680612792897 9.052537496529505E-4
splice 2.9129041654529564E-4 4.471638793363569 0.0013025455267589772
multiple 0.001747742499271774 0.5108256237659907 8.927916523728355E-4
perform 2.9129041654529564E-4 0.2669461739726028 7.775886221165243E-5
length 5.825808330905913E-4 1.1944940603713923 6.958893448129287E-4
label 0.001747742499271774 1.1394342831883648 0.001991437721855575
message 0.001747742499271774 2.169053700369523 0.0037909473353385198
modify 5.825808330905913E-4 1.5812670354674039 9.212158668612896E-4
with 0.006117098747451209 0.017291497110061043 1.0577379531351061E-4
explosion 5.825808330905913E-4 3.373026504695459 0.0019650605911421255
material 5.825808330905913E-4 1.0059028905638423 5.860197439929171E-4
although 8.73871249635887E-4 0.4285875255290187 3.745303165123962E-4
form 8.73871249635887E-4 0.5013468798114469 4.381126243618819E-4
publish 2.9129041654529564E-4 0.03488725900044054 1.0162324206361939E-5
there 5.825808330905913E-4 0.12136085700426753 7.07025091781343E-5
translation 5.825808330905913E-4 1.9459101490553132 0.001133649955756081
syntax 0.0029129041654529565 2.9675613965872945 0.008644221953356523
setup 5.825808330905913E-4 2.392197251683733 0.001393648267802932
well 8.73871249635887E-4 0.3127557100038969 2.733082231318645E-4
suitable 5.825808330905913E-4 1.121734706088964 6.535011395799382E-4
avoid 2.9129041654529564E-4 1.0376515888784226 3.0225796355328355E-4
gate 0.0014564520827264782 3.373026504695459 0.004912651477855315
significantly 0.0014564520827264782 0.5900749954201312 8.594159560444672E-4
subset 2.9129041654529564E-4 1.5812670354674039 4.606079334306448E-4
assign 5.825808330905913E-4 1.0704414117014134 6.23618649403678E-4
very 5.825808330905913E-4 0.5596157879354227 3.2602143194606617E-4
big 5.825808330905913E-4 1.3581234841531944 7.912167108378644E-4
slightly 5.825808330905913E-4 1.5271998141971284 8.897173400507592E-4
irrelevant 5.825808330905913E-4 2.392197251683733 0.001393648267802932
select 2.9129041654529564E-4 0.5798184952529422 1.6889557100289605E-4
translational 5.825808330905913E-4 4.0661736852554045 0.0023688748530471333
movie 8.73871249635887E-4 2.9675613965872945 0.002593266586006957
advanced 5.825808330905913E-4 1.4512139072192063 8.454494070604172E-4
channel 2.9129041654529564E-4 2.456735772821304 7.156235866068464E-4
adjacency 0.00203903291581707 4.0661736852554045 0.008291061985664967
recommendation 5.825808330905913E-4 1.6990500711237875 9.898340058979245E-4
focus 8.73871249635887E-4 0.4285875255290187 3.745303165123962E-4
construct 5.825808330905913E-4 1.2135422553420867 7.069864581078279E-4
zhang 5.825808330905913E-4 2.331572629867298 0.0013583295251193112
convert 5.825808330905913E-4 1.121734706088964 6.535011395799382E-4
entire 8.73871249635887E-4 1.1944940603713923 0.0010438340172193932
approach 8.73871249635887E-4 0.40261203912575794 3.518310857492787E-4
variation 5.825808330905913E-4 1.1944940603713923 6.958893448129287E-4
output 0.002330323332362365 1.121734706088964 0.002614004558319753
newly 5.825808330905913E-4 2.392197251683733 0.001393648267802932
thanks 5.825808330905913E-4 3.5553480614894135 0.0020712776355895214
number 0.003204194581998252 0.14750613710858965 4.7263836533483427E-4
gradually 5.825808330905913E-4 2.2744142160273495 0.0013250301287662974
experiment 5.825808330905913E-4 1.293584963015623 7.536178054271034E-4
context 0.0014564520827264782 0.8881198549074587 0.0012935040123907059
model 0.013399359161083601 0.41985384556026406 0.0056257724718241035
text 0.027963879988348383 0.8209805520698303 0.022957801630848738
usually 5.825808330905913E-4 0.9600933545325481 5.593319863283123E-4
splicing 5.825808330905913E-4 5.1647859739235145 0.0030089053154229617
per 5.825808330905913E-4 0.7339691750802005 4.2759637348103725E-4
write 2.9129041654529564E-4 0.9162907318741551 2.6690670896421646E-4
validation 8.73871249635887E-4 1.79749014393704 0.0015707749582904516
order 0.003495484998543548 0.5900749954201312 0.002062598294506721
algorithm 5.825808330905913E-4 0.8472978603872037 4.936194933802526E-4
reduce 0.00203903291581707 0.3941013494578493 8.035856237124804E-4
sentence 0.0011651616661811825 1.3146383722134554 0.0015317662361939474
similar 5.825808330905913E-4 0.20895891632225325 1.2173545955272545E-4
lexical 8.73871249635887E-4 2.120263536200091 0.0018528373459365782
python 5.825808330905913E-4 2.120263536200091 0.001235224897291052
large 0.0011651616661811825 0.22314355131420976 2.5999831204685087E-4
dependency 0.003495484998543548 1.9867321435755685 0.006944592403992666
specify 2.9129041654529564E-4 1.5538680612792897 4.5262687482647523E-4
classification 0.01602097290999126 0.9600933545325481 0.015381629624028588
propose 5.825808330905913E-4 0.6214911916535102 3.620688561919663E-4
encoder 5.825808330905913E-4 2.6798793241355137 0.0015612463292371183
traditional 0.001747742499271774 1.1758019273592397 0.0020549989991714064
system 2.9129041654529564E-4 0.36076492919025743 1.0508736649876418E-4
operate 2.9129041654529564E-4 2.169053700369523 6.318245558897533E-4
field 5.825808330905913E-4 0.6988778552689304 4.0715284315113917E-4
compose 2.9129041654529564E-4 1.79749014393704 5.235916527634838E-4
even 5.825808330905913E-4 0.377294231141468 2.1980438749867053E-4
binary 5.825808330905913E-4 1.6990500711237875 9.898340058979245E-4
semantic 0.003495484998543548 1.4512139072192063 0.005072696442362504
other 0.002330323332362365 0.0408219945202552 9.51284463041193E-5
diffusion 5.825808330905913E-4 2.5257286443082556 0.0014714410977618732
woman 5.825808330905913E-4 2.0292917579943643 0.0011822264829562273
proportion 5.825808330905913E-4 1.4271163556401458 8.314106353860447E-4
characterise 2.9129041654529564E-4 2.6798793241355137 7.806231646185592E-4
retain 5.825808330905913E-4 2.331572629867298 0.0013583295251193112
neighbour 0.0011651616661811825 2.5998366164619773 0.0030292299638356853
respectively 5.825808330905913E-4 1.9459101490553132 0.001133649955756081
epoch 8.73871249635887E-4 2.6798793241355137 0.0023418694938556776
local 0.001747742499271774 1.0704414117014134 0.001870855948211034
literature 5.825808330905913E-4 0.9306794693262548 5.421960205803989E-4
too 8.73871249635887E-4 1.3361445774344192 0.00116761833157683
have 0.0026216137489076608 0.017291497110061043 4.533162656293311E-5
dependence 5.825808330905913E-4 2.5998366164619773 0.0015146149819178427
share 2.9129041654529564E-4 1.0539121097502027 3.069944974512679E-4
ability 0.0026216137489076608 0.8881198549074587 0.0023283072223032704
initialise 2.9129041654529564E-4 3.7784916128036232 0.0011006383958064732
together 8.73871249635887E-4 1.1394342831883648 9.957188609277874E-4
table 0.004951937081270026 0.18117935221517753 8.971887525948203E-4
convolutional 0.00203903291581707 2.5998366164619773 0.005301152436712451
cnn 0.0037867754150888435 2.5257286443082556 0.009564367135452176
linear 5.825808330905913E-4 1.3146383722134554 7.658831180969737E-4
may 5.825808330905913E-4 0.15415067982725836 8.980523147524518E-5
within 0.0014564520827264782 0.3127557100038969 4.5551370521977407E-4
change 5.825808330905913E-4 0.3941013494578493 2.295958924892801E-4
noisy 5.825808330905913E-4 3.2188758248682006 0.0018752553596668804
picture 5.825808330905913E-4 2.392197251683733 0.001393648267802932
generally 5.825808330905913E-4 0.9021060968821986 5.255497214577329E-4
machine 0.001747742499271774 1.0539121097502027 0.0018419669847076073
future 0.0011651616661811825 0.48265474679929443 5.623708089709227E-4
fangbing 0.0037867754150888435 5.1647859739235145 0.019557884550249253
regard 5.825808330905913E-4 0.4919571394616079 2.8660480015240775E-4
able 5.825808330905913E-4 0.7703368192510752 4.487834659196476E-4
efficiently 5.825808330905913E-4 2.0292917579943643 0.0011822264829562273
bidirectional 5.825808330905913E-4 2.2744142160273495 0.0013250301287662974
dimensional 5.825808330905913E-4 3.0853444322436783 0.0017974625297079395
use 0.0037867754150888435 0.03488725900044054 1.3211021468270521E-4
subject 5.825808330905913E-4 0.9021060968821986 5.255497214577329E-4
glove 8.73871249635887E-4 2.6798793241355137 0.0023418694938556776
several 5.825808330905913E-4 0.3526016185510966 2.0541894468458874E-4
main 8.73871249635887E-4 0.6004377824556778 5.24705315283144E-4
while 0.0014564520827264782 0.20895891632225325 3.0433864888181365E-4
selectively 5.825808330905913E-4 5.1647859739235145 0.0030089053154229617
heterogeneous 8.73871249635887E-4 3.0853444322436783 0.0026961937945619093
correspond 2.9129041654529564E-4 0.8743265327751228 2.546829399286696E-4
perception 5.825808330905913E-4 1.252762968495368 7.298356938510737E-4
second 8.73871249635887E-4 0.4373981552111735 3.822296724828198E-4
that 0.007864841246722983 0.017291497110061043 1.3599487968879936E-4
high 0.00203903291581707 0.11492996667397702 2.3434598506199804E-4
edge 2.9129041654529564E-4 2.331572629867298 6.791647625596556E-4
download 0.001747742499271774 0.24480504809538922 4.2785618659258237E-4
academic 0.0011651616661811825 1.730798769438368 0.0020166603780231492
than 0.002330323332362365 0.058840500022933395 1.3711739009130997E-4
function 8.73871249635887E-4 0.5496654570822546 4.803368398621508E-4
sufficient 5.825808330905913E-4 1.5012243277938677 8.745845195420143E-4
limit 2.9129041654529564E-4 1.3146383722134554 3.8294155904848684E-4
different 0.005825808330905913 0.18805223150293962 0.001095556256935273
directly 0.0011651616661811825 0.7703368192510752 8.975669318392952E-4
representative 8.73871249635887E-4 1.5812670354674039 0.0013818238002919346
all 0.007282260413632392 0.017291497110061043 1.2592118489703643E-4
new 0.003204194581998252 0.36076492919025743 0.001155961031486406
read 2.9129041654529564E-4 1.3581234841531944 3.956083554189322E-4
comparison 0.00203903291581707 0.6988778552689304 0.0014250349510289873
level 8.73871249635887E-4 0.4373981552111735 3.822296724828198E-4
author 2.9129041654529564E-4 0.017291497110061043 5.036847395881457E-6
occur 5.825808330905913E-4 0.6109090823229731 3.559039221223263E-4
difficult 0.0011651616661811825 0.7703368192510752 8.975669318392952E-4
cpu 5.825808330905913E-4 3.373026504695459 0.0019650605911421255
less 0.0014564520827264782 0.36076492919025743 5.254368324938208E-4
basis 5.825808330905913E-4 1.293584963015623 7.536178054271034E-4
tool 0.0011651616661811825 0.8743265327751228 0.0010187317597146785
unit 8.73871249635887E-4 1.1043429633770947 9.650535654329403E-4
forget 2.9129041654529564E-4 3.373026504695459 9.825302955710628E-4
condition 5.825808330905913E-4 0.8607208807193443 5.014394877479431E-4
task 0.0011651616661811825 1.0216512475319812 0.001190388869830447
convenient 5.825808330905913E-4 2.8622008809294686 0.001667463373684514
rnn 0.0011651616661811825 2.9675613965872945 0.003457688781342609
improve 8.73871249635887E-4 0.377294231141468 3.297065812480058E-4
textgcn 0.00203903291581707 5.1647859739235145 0.010531168603980368
true 5.825808330905913E-4 1.1394342831883648 6.638125739518583E-4
submodule 5.825808330905913E-4 5.1647859739235145 0.0030089053154229617
october 0.0037867754150888435 2.0292917579943643 0.007684472139215478
position 8.73871249635887E-4 1.0059028905638423 8.790296159893757E-4
present 2.9129041654529564E-4 0.083381608939051 2.4288263600073113E-5
collect 5.825808330905913E-4 0.6761496041913742 3.939117997036843E-4
since 5.825808330905913E-4 0.377294231141468 2.1980438749867053E-4
datum 2.9129041654529564E-4 0.167573700159399 4.881261292146781E-5
sentiment 0.0011651616661811825 1.8689491079191851 0.0021776278565909524
transformer 5.825808330905913E-4 2.5998366164619773 0.0015146149819178427
cause 5.825808330905913E-4 0.5398131606392429 3.144848008384753E-4
investigate 5.825808330905913E-4 0.653926467406664 3.809650261617617E-4
delete 5.825808330905913E-4 2.9675613965872945 0.0017288443906713045
head 2.9129041654529564E-4 1.9459101490553132 5.668249778780405E-4
transform 8.73871249635887E-4 1.5012243277938677 0.0013118767793130217
similarly 5.825808330905913E-4 2.0292917579943643 0.0011822264829562273
and 0.04893678997960967 0.017291497110061043 8.461903625080849E-4
feedforward 5.825808330905913E-4 4.471638793363569 0.0026050910535179543
define 2.9129041654529564E-4 0.3526016185510966 1.0270947234229437E-4
construction 0.0011651616661811825 1.730798769438368 0.0020166603780231492
convolution 8.73871249635887E-4 3.7784916128036232 0.00330191518741942
maxpool 5.825808330905913E-4 5.1647859739235145 0.0030089053154229617
make 8.73871249635887E-4 0.2521310881874621 2.2033010910643352E-4
chebyshev 5.825808330905913E-4 4.471638793363569 0.0026050910535179543
determine 5.825808330905913E-4 0.40261203912575794 2.3455405716618578E-4
accord 2.9129041654529564E-4 0.4919571394616079 1.4330240007620387E-4
localisation 5.825808330905913E-4 4.471638793363569 0.0026050910535179543
equation 0.0014564520827264782 1.6384254493073527 0.0023862881580357597
unnecessary 5.825808330905913E-4 2.8622008809294686 0.001667463373684514
deviation 5.825808330905913E-4 1.6682784124570338 9.719070273562678E-4
bert 0.0011651616661811825 2.392197251683733 0.002787296535605864
structure 0.0029129041654529565 0.8340526336371831 0.0024295153907287594
consecutive 5.825808330905913E-4 1.9867321435755685 0.001157432067332111
application 2.9129041654529564E-4 0.7703368192510752 2.243917329598238E-4
conduct 2.9129041654529564E-4 0.5798184952529422 1.6889557100289605E-4
evident 5.825808330905913E-4 2.2203469947570738 0.0012935316019557668
online 5.825808330905913E-4 1.3581234841531944 7.912167108378644E-4
reason 5.825808330905913E-4 0.7221347174331975 4.207018452858709E-4
inductive 0.002330323332362365 3.373026504695459 0.007860242364568502
depend 5.825808330905913E-4 0.8472978603872037 4.936194933802526E-4
accurate 5.825808330905913E-4 1.3805963400052528 8.043089659220814E-4
sized 5.825808330905913E-4 3.2188758248682006 0.0018752553596668804
about 8.73871249635887E-4 0.377294231141468 3.297065812480058E-4
decay 5.825808330905913E-4 3.2188758248682006 0.0018752553596668804
predicate 5.825808330905913E-4 3.2188758248682006 0.0018752553596668804
reflect 5.825808330905913E-4 0.7827593392496325 4.5602058796949163E-4
contribution 5.825808330905913E-4 1.2135422553420867 7.069864581078279E-4
above 5.825808330905913E-4 0.9021060968821986 5.255497214577329E-4
state 8.73871249635887E-4 0.6761496041913742 5.908676995555265E-4
exp 8.73871249635887E-4 3.2188758248682006 0.002812883039500321
recent 5.825808330905913E-4 0.5596157879354227 3.2602143194606617E-4
they 2.9129041654529564E-4 0.05279818556697083 1.537960546663875E-5
separately 5.825808330905913E-4 2.331572629867298 0.0013583295251193112
module 0.003495484998543548 2.331572629867298 0.008149977150715868
then 0.00203903291581707 0.4285875255290187 8.739040718622578E-4
demand 5.825808330905913E-4 1.3805963400052528 8.043089659220814E-4
each 0.004369356248179435 0.13434805253107854 5.87014502757407E-4
node 0.006117098747451209 1.9459101490553132 0.011903324535438853
input 0.003204194581998252 0.990398704027877 0.003173430161464214
wang 0.00466064666472473 2.073743520565198 0.00966498582261671
slow 5.825808330905913E-4 2.331572629867298 0.0013583295251193112
toolkit 2.9129041654529564E-4 2.7668907011251433 8.059687448660481E-4
stanford 8.73871249635887E-4 2.5257286443082556 0.00220716164664281
processing 0.0029129041654529565 0.7221347174331975 0.0021035092264293544
must 5.825808330905913E-4 1.0376515888784226 6.045159271065671E-4
stabilise 5.825808330905913E-4 4.471638793363569 0.0026050910535179543
undirected 5.825808330905913E-4 4.471638793363569 0.0026050910535179543
fasttext 8.73871249635887E-4 2.9675613965872945 0.002593266586006957
access 2.9129041654529564E-4 1.1394342831883648 3.3190628697592916E-4
document 0.002330323332362365 0.8743265327751228 0.002037463519429357
automatically 5.825808330905913E-4 1.4759065198095778 8.598348498744991E-4
fundamental 5.825808330905913E-4 1.906689435902032 0.0011108007200128355
global 8.73871249635887E-4 1.6682784124570338 0.0014578605410344018
numpy 5.825808330905913E-4 4.471638793363569 0.0026050910535179543
two 0.002330323332362365 0.11492996667397702 2.678239829279977E-4
long 0.0014564520827264782 0.44628710262841953 6.499957801171271E-4
softmax 8.73871249635887E-4 2.6798793241355137 0.0023418694938556776
into 0.003204194581998252 0.10854016857520597 3.477838200778519E-4
current 0.0014564520827264782 0.4919571394616079 7.165120003810193E-4
default 5.825808330905913E-4 2.5257286443082556 0.0014714410977618732
summarise 2.9129041654529564E-4 2.456735772821304 7.156235866068464E-4
vector 0.00203903291581707 1.2135422553420867 0.002474452603377398
where 0.0011651616661811825 0.32850406697203605 3.827603460204323E-4
attribute 2.9129041654529564E-4 1.293584963015623 3.768089027135517E-4
mechanism 0.003495484998543548 1.1043429633770947 0.003860214261731761
relationship 0.0011651616661811825 0.758066726659261 8.832702903108197E-4
popular 5.825808330905913E-4 1.252762968495368 7.298356938510737E-4
graphic 5.825808330905913E-4 3.373026504695459 0.0019650605911421255
validate 5.825808330905913E-4 1.5538680612792897 9.052537496529505E-4
apart 5.825808330905913E-4 2.169053700369523 0.0012636491117795066
stitch 2.9129041654529564E-4 5.1647859739235145 0.0015044526577114809
receive 2.9129041654529564E-4 0.653926467406664 1.9048251308088085E-4
decision 5.825808330905913E-4 0.9452782687474074 5.507010013092964E-4
yao 8.73871249635887E-4 4.0661736852554045 0.0035533122795707
one 0.0014564520827264782 0.06491954609931569 9.455220812600596E-5
gradient 8.73871249635887E-4 2.5257286443082556 0.00220716164664281
optimum 5.825808330905913E-4 3.0853444322436783 0.0017974625297079395
many 5.825808330905913E-4 0.20194134366360675 1.1764715622697742E-4
single 0.0014564520827264782 0.6429973968744738 9.364948978655312E-4
call 2.9129041654529564E-4 1.0539121097502027 3.069944974512679E-4
such 0.002330323332362365 0.10219094089654716 2.3813793392728729E-4
extensive 0.0011651616661811825 1.5271998141971284 0.0017794346801015184
lstm 0.009030002912904166 2.456735772821304 0.022184331184812243
nlp 8.73871249635887E-4 0.41119578281714936 3.5933217257542907E-4
describe 2.9129041654529564E-4 0.28958865072236245 8.435439869570709E-5
operation 8.73871249635887E-4 1.5271998141971284 0.001334576010076139
discontinuous 5.825808330905913E-4 4.471638793363569 0.0026050910535179543
dataset 0.001747742499271774 1.1043429633770947 0.0019301071308658805
ratio 8.73871249635887E-4 1.0704414117014134 9.35427974105517E-4
through 0.003495484998543548 0.2595111954850846 9.071174907722153E-4
calculation 5.825808330905913E-4 1.6094379124341003 9.376276798334402E-4
treat 2.9129041654529564E-4 0.7827593392496325 2.2801029398474582E-4
medical 5.825808330905913E-4 0.9600933545325481 5.593319863283123E-4
separate 0.0011651616661811825 1.2135422553420867 0.0014139729162156557
run 5.825808330905913E-4 1.5012243277938677 8.745845195420143E-4
incorporate 2.9129041654529564E-4 1.6384254493073527 4.772576316071519E-4
research 8.73871249635887E-4 0.40261203912575794 3.518310857492787E-4
bias 5.825808330905913E-4 1.4512139072192063 8.454494070604172E-4
variant 2.9129041654529564E-4 1.9867321435755685 5.787160336660555E-4
liu 5.825808330905913E-4 2.392197251683733 0.001393648267802932
dynamic 5.825808330905913E-4 1.7635885922613586 0.0010274329113086854
corenlp 8.73871249635887E-4 4.471638793363569 0.0039076365802769315
keyword 2.9129041654529564E-4 1.8689491079191851 5.444069641477381E-4
recurrent 5.825808330905913E-4 1.9867321435755685 0.001157432067332111
generate 0.00203903291581707 0.7953381214564925 0.0016217206088539027
five 0.0014564520827264782 0.9021060968821986 0.0013138743036443321
actual 5.825808330905913E-4 1.293584963015623 7.536178054271034E-4
pre 5.825808330905913E-4 3.5553480614894135 0.0020712776355895214
overlay 2.9129041654529564E-4 4.0661736852554045 0.0011844374265235667
last 5.825808330905913E-4 0.7459453661269161 4.345734728382849E-4
this 0.005825808330905913 0.017291497110061043 1.0073694791762915E-4
batch 5.825808330905913E-4 2.6798793241355137 0.0015612463292371183
weight 0.0014564520827264782 1.0059028905638423 0.0014650493599822928
reasonably 5.825808330905913E-4 3.0853444322436783 0.0017974625297079395
collection 2.9129041654529564E-4 0.9600933545325481 2.796659931641561E-4
decrease 8.73871249635887E-4 0.7827593392496325 6.840308819542375E-4
extract 8.73871249635887E-4 0.8080771472339223 7.061553864555104E-4
solve 2.9129041654529564E-4 1.4271163556401458 4.157053176930223E-4
coefficient 8.73871249635887E-4 1.6990500711237875 0.0014847510088468868
overall 8.73871249635887E-4 0.7339691750802005 6.41394560221556E-4
know 5.825808330905913E-4 0.6214911916535102 3.620688561919663E-4
demonstrate 5.825808330905913E-4 0.5108256237659907 2.975972174576118E-4
organise 2.9129041654529564E-4 2.8622008809294686 8.33731686842257E-4
support 5.825808330905913E-4 0.5300569856938783 3.0880104031102723E-4
full 0.0026216137489076608 0.14750613710858965 3.867041170921371E-4
next 5.825808330905913E-4 0.8080771472339223 4.7077025763700686E-4
drop 8.73871249635887E-4 2.0292917579943643 0.0017733397244343412
retrain 5.825808330905913E-4 4.471638793363569 0.0026050910535179543
capsule 0.0011651616661811825 3.373026504695459 0.003930121182284251
memory 0.0029129041654529565 2.073743520565198 0.006040616139135444
hidden 0.0014564520827264782 1.730798769438368 0.0025208254725289365
occupy 5.825808330905913E-4 2.5998366164619773 0.0015146149819178427
overfitt 2.9129041654529564E-4 3.5553480614894135 0.0010356388177947607
attract 2.9129041654529564E-4 2.5257286443082556 7.357205488809366E-4
show 2.9129041654529564E-4 0.0771896386911299 2.2484602007320096E-5
update 0.0014564520827264782 1.6682784124570338 0.0024297675683906694
learning 0.003204194581998252 0.9306794693262548 0.002982078113192194
we 2.9129041654529564E-4 0.19497267434751336 5.679367152563745E-5
kim 5.825808330905913E-4 2.9675613965872945 0.0017288443906713045
speed 5.825808330905913E-4 1.730798769438368 0.0010083301890115746
disaster 5.825808330905913E-4 3.2188758248682006 0.0018752553596668804
conclusion 5.825808330905913E-4 0.28958865072236245 1.6870879739141418E-4
not 0.002330323332362365 0.03488725900044054 8.129859365089551E-5
similarity 8.73871249635887E-4 1.4759065198095778 0.0012897522748117486
gat 0.004369356248179435 5.1647859739235145 0.022566789865672215
enhance 2.9129041654529564E-4 1.1944940603713923 3.4794467240646437E-4
summary 5.825808330905913E-4 1.3581234841531944 7.912167108378644E-4
attenuate 2.9129041654529564E-4 3.373026504695459 9.825302955710628E-4
figure 0.007282260413632392 0.18805223150293962 0.0013694453211690915
previous 0.00203903291581707 0.32850406697203605 6.698306055357567E-4
apply 2.9129041654529564E-4 0.41119578281714936 1.1977739085847635E-4
introduce 2.9129041654529564E-4 0.7339691750802005 2.1379818674051863E-4
consumption 5.825808330905913E-4 2.2203469947570738 0.0012935316019557668
technology 5.825808330905913E-4 1.293584963015623 7.536178054271034E-4
sigmoid 8.73871249635887E-4 3.373026504695459 0.002947590886713189
defferrard 5.825808330905913E-4 5.1647859739235145 0.0030089053154229617
typical 5.825808330905913E-4 1.4512139072192063 8.454494070604172E-4
short 5.825808330905913E-4 0.9452782687474074 5.507010013092964E-4
time 8.73871249635887E-4 0.167573700159399 1.4643783876440344E-4
window 0.0011651616661811825 2.120263536200091 0.002470449794582104
base 2.9129041654529564E-4 0.14090545307723773 4.104440812037219E-5
contextual 8.73871249635887E-4 1.906689435902032 0.0016662010800192531
tagging 5.825808330905913E-4 2.392197251683733 0.001393648267802932
jia 5.825808330905913E-4 4.471638793363569 0.0026050910535179543
reach 5.825808330905913E-4 1.0376515888784226 6.045159271065671E-4
quickly 5.825808330905913E-4 2.0292917579943643 0.0011822264829562273
whole 0.002330323332362365 1.252762968495368 0.0029193427754042947
experimental 0.0014564520827264782 1.4512139072192063 0.0021136235176510434
semantics 5.825808330905913E-4 2.392197251683733 0.001393648267802932
type 5.825808330905913E-4 0.3364722366212129 1.9602227592264076E-4
three 0.0014564520827264782 0.22314355131420976 3.249978900585636E-4
when 0.0026216137489076608 0.14750613710858965 3.867041170921371E-4
relation 2.9129041654529564E-4 1.121734706088964 3.267505697899691E-4
consist 2.9129041654529564E-4 0.7459453661269161 2.1728673641914246E-4
loss 0.0011651616661811825 0.9162907318741551 0.0010676268358568658
problem 0.001747742499271774 0.7221347174331975 0.0012621055358576128
relate 2.9129041654529564E-4 0.27443684570176036 7.99408230998428E-5
gcn 8.73871249635887E-4 5.1647859739235145 0.004513357973134443
review 8.73871249635887E-4 0.4734380916943703 4.13723936814189E-4
embed 2.9129041654529564E-4 1.8325814637483102 5.338134179284329E-4
dependent 5.825808330905913E-4 1.3805963400052528 8.043089659220814E-4
between 0.0052432274978153216 0.058840500022933395 3.085141277054474E-4
give 5.825808330905913E-4 0.2595111954850846 1.5118624846203587E-4
still 5.825808330905913E-4 0.5300569856938783 3.0880104031102723E-4
natural 0.00203903291581707 0.6429973968744738 0.001311092857011744
method 0.0052432274978153216 0.0958817717032825 5.027299419339018E-4
work 0.0014564520827264782 0.4285875255290187 6.24217194187327E-4
probability 5.825808330905913E-4 1.4035858582299516 8.177022186017778E-4
lose 5.825808330905913E-4 1.8689491079191851 0.0010888139282954762
ablation 8.73871249635887E-4 3.373026504695459 0.002947590886713189
conclude 2.9129041654529564E-4 1.252762968495368 3.6491784692553684E-4
baseline 0.001747742499271774 1.5538680612792897 0.0027157612489588515
extraction 8.73871249635887E-4 1.3361445774344192 0.00116761833157683
provide 2.9129041654529564E-4 0.167573700159399 4.881261292146781E-5
among 0.0011651616661811825 0.32850406697203605 3.827603460204323E-4
slide 2.9129041654529564E-4 3.5553480614894135 0.0010356388177947607
dropout 8.73871249635887E-4 3.373026504695459 0.002947590886713189
minimise 5.825808330905913E-4 2.7668907011251433 0.0016119374897320962
sensitivity 5.825808330905913E-4 2.0292917579943643 0.0011822264829562273
word 0.010195164579085349 0.8743265327751228 0.008913902897503437
initialisation 5.825808330905913E-4 4.471638793363569 0.0026050910535179543
internal 5.825808330905913E-4 1.3805963400052528 8.043089659220814E-4
study 5.825808330905913E-4 0.07103577311675174 4.1384079881591456E-5
log 5.825808330905913E-4 1.8325814637483102 0.0010676268358568658
direct 5.825808330905913E-4 0.8743265327751228 5.093658798573392E-4
range 5.825808330905913E-4 0.3941013494578493 2.295958924892801E-4
consume 5.825808330905913E-4 2.5257286443082556 0.0014714410977618732
layer 0.001747742499271774 1.4759065198095778 0.002579504549623497
out 0.001747742499271774 0.368995428326773 6.44908992123693E-4
unknown 5.825808330905913E-4 1.79749014393704 0.0010471833055269676
gain 5.825808330905913E-4 0.9751312318970885 5.680927654512604E-4
lot 0.0011651616661811825 1.9459101490553132 0.002267299911512162
fuse 2.9129041654529564E-4 2.9675613965872945 8.644221953356523E-4
computer 5.825808330905913E-4 1.5012243277938677 8.745845195420143E-4
feature 0.005825808330905913 0.7221347174331975 0.004207018452858709
get 8.73871249635887E-4 1.121734706088964 9.802517093699073E-4
embedding 0.00203903291581707 1.906689435902032 0.0038878025200449248
architecture 0.0014564520827264782 1.6682784124570338 0.0024297675683906694
include 5.825808330905913E-4 0.0771896386911299 4.496920401464019E-5
means 5.825808330905913E-4 0.6988778552689304 4.0715284315113917E-4
explore 5.825808330905913E-4 0.9600933545325481 5.593319863283123E-4
efficient 5.825808330905913E-4 1.3581234841531944 7.912167108378644E-4
more 0.00466064666472473 0.05279818556697083 2.4607368746622E-4
display 0.002330323332362365 0.16083966797805488 3.748084310586772E-4
csvdisplay 0.001747742499271774 0.2669461739726028 4.6655317326991456E-4
transformation 2.9129041654529564E-4 2.331572629867298 6.791647625596556E-4
continuously 5.825808330905913E-4 2.2203469947570738 0.0012935316019557668
great 2.9129041654529564E-4 0.5398131606392429 1.5724240041923765E-4
heterogeneity 5.825808330905913E-4 3.2188758248682006 0.0018752553596668804
opinion 5.825808330905913E-4 1.8689491079191851 0.0010888139282954762
filter 5.825808330905913E-4 1.8325814637483102 0.0010676268358568658
help 2.9129041654529564E-4 0.6874491594453075 2.0024735200853698E-4
prone 5.825808330905913E-4 2.5257286443082556 0.0014714410977618732
spam 5.825808330905913E-4 3.7784916128036232 0.0022012767916129465
randomly 8.73871249635887E-4 1.6384254493073527 0.0014317728948214559
certain 8.73871249635887E-4 0.8209805520698303 7.17431300964023E-4
first 0.002330323332362365 0.167573700159399 3.905009033717425E-4
statistics 5.825808330905913E-4 1.5538680612792897 9.052537496529505E-4
small 2.9129041654529564E-4 0.45525577261118 1.3261164363856102E-4
distinguishing 5.825808330905913E-4 2.9675613965872945 0.0017288443906713045
existence 5.825808330905913E-4 1.6990500711237875 9.898340058979245E-4
section 0.0014564520827264782 0.6988778552689304 0.0010178821078778478
simple 8.73871249635887E-4 1.0539121097502027 9.209834923538037E-4
ohsume 2.9129041654529564E-4 5.1647859739235145 0.0015044526577114809
space 0.0011651616661811825 1.293584963015623 0.0015072356108542068
influence 0.0011651616661811825 0.6874491594453075 8.009894080341479E-4
optimisation 5.825808330905913E-4 3.0853444322436783 0.0017974625297079395
denote 2.9129041654529564E-4 1.5538680612792897 4.5262687482647523E-4
arrange 2.9129041654529564E-4 2.6798793241355137 7.806231646185592E-4
percentage 2.9129041654529564E-4 1.2329603411991883 3.591495313717414E-4
only 0.0014564520827264782 0.10854016857520597 1.5808355458084178E-4
create 5.825808330905913E-4 0.7339691750802005 4.2759637348103725E-4
enrich 8.73871249635887E-4 3.2188758248682006 0.002812883039500321
few 5.825808330905913E-4 0.5013468798114469 2.9207508290792124E-4
invariance 5.825808330905913E-4 4.0661736852554045 0.0023688748530471333
from 0.004951937081270026 0.023122417420854212 1.1450075623493202E-4
consider 8.73871249635887E-4 0.17435338714477774 1.5236241230245652E-4
potential 5.825808330905913E-4 0.4373981552111735 2.548197816552132E-4
obtain 0.005534517914360618 0.3526016185510966 0.0019514799745035934
development 8.73871249635887E-4 0.5596157879354227 4.890321479190993E-4
adam 5.825808330905913E-4 3.7784916128036232 0.0022012767916129465
indirect 5.825808330905913E-4 1.9459101490553132 0.001133649955756081
timing 5.825808330905913E-4 2.331572629867298 0.0013583295251193112
tree 0.001747742499271774 1.730798769438368 0.003024990567034724
capture 0.0029129041654529565 0.990398704027877 0.0028849365104220127
mining 5.825808330905913E-4 1.8325814637483102 0.0010676268358568658
disappearance 5.825808330905913E-4 3.7784916128036232 0.0022012767916129465
both 8.73871249635887E-4 0.13434805253107854 1.174029005514814E-4
important 0.0026216137489076608 0.2669461739726028 6.998297599048718E-4
most 8.73871249635887E-4 0.0771896386911299 6.74538060219603E-5
sequence 0.0014564520827264782 1.2729656758128876 0.0018540135097769989
effect 5.825808330905913E-4 0.4919571394616079 2.8660480015240775E-4
interference 5.825808330905913E-4 3.373026504695459 0.0019650605911421255
classify 5.825808330905913E-4 0.9162907318741551 5.338134179284329E-4
limitation 5.825808330905913E-4 0.6988778552689304 4.0715284315113917E-4
critical 5.825808330905913E-4 1.2135422553420867 7.069864581078279E-4
purpose 8.73871249635887E-4 0.9021060968821986 7.883245821865994E-4
part 5.825808330905913E-4 0.4285875255290187 2.496868776749308E-4
why 5.825808330905913E-4 1.4271163556401458 8.314106353860447E-4
percent 8.73871249635887E-4 2.5998366164619773 0.0022719224728767642
point 2.9129041654529564E-4 0.5108256237659907 1.487986087288059E-4
platform 5.825808330905913E-4 1.4759065198095778 8.598348498744991E-4
network 0.009030002912904166 0.990398704027877 0.00894330318230824
can 0.01077774541217594 0.0958817717032825 0.001033389325086354
general 5.825808330905913E-4 0.4734380916943703 2.7581595787612597E-4
correspondingly 5.825808330905913E-4 4.471638793363569 0.0026050910535179543
highlight 2.9129041654529564E-4 0.9306794693262548 2.7109801029019946E-4
paper 0.0014564520827264782 0.8340526336371831 0.0012147576953643797
medline 5.825808330905913E-4 4.0661736852554045 0.0023688748530471333
parallel 5.825808330905913E-4 1.6094379124341003 9.376276798334402E-4
structural 5.825808330905913E-4 1.9459101490553132 0.001133649955756081
parameter 0.0011651616661811825 1.0539121097502027 0.0012279779898050716
spend 5.825808330905913E-4 1.9867321435755685 0.001157432067332111
dimension 0.001747742499271774 1.6682784124570338 0.0029157210820688036
value 0.00203903291581707 0.34450440831847723 7.02455828205459E-4
introduction 5.825808330905913E-4 0.10219094089654716 5.953448348182182E-5
rest 5.825808330905913E-4 1.730798769438368 0.0010083301890115746
process 0.0014564520827264782 0.41985384556026406 6.114970078069678E-4
original 0.0014564520827264782 1.1944940603713923 0.001739723362032322
will 0.0014564520827264782 0.3526016185510966 5.135473617114719E-4
limited 0.0011651616661811825 0.5696661237889241 6.637531299608786E-4
thesaurus 5.825808330905913E-4 4.0661736852554045 0.0023688748530471333
also 8.73871249635887E-4 0.05279818556697083 4.613881639991625E-5
enough 5.825808330905913E-4 1.4512139072192063 8.454494070604172E-4
instead 5.825808330905913E-4 1.0376515888784226 6.045159271065671E-4
increase 2.9129041654529564E-4 0.16083966797805488 4.685105388233465E-5
follow 2.9129041654529564E-4 0.0958817717032825 2.7929441218550102E-5
boolean 5.825808330905913E-4 4.0661736852554045 0.0023688748530471333
performance 0.0014564520827264782 0.7703368192510752 0.0011219586647991191
build 5.825808330905913E-4 0.9162907318741551 5.338134179284329E-4
various 0.002330323332362365 0.5798184952529422 0.0013511645680231684
attention 0.013981939994174191 1.157452788691043 0.016183435437567745
further 5.825808330905913E-4 0.27443684570176036 1.598816461996856E-4
category 5.825808330905913E-4 0.8080771472339223 4.7077025763700686E-4
