extent 4.763038818766373E-4 1.3805963400052528 6.575833960491797E-4
equivalent 4.763038818766373E-4 1.6384254493073527 7.803884016705656E-4
optimal 7.144558228149559E-4 1.2329603411991883 8.808956950696749E-4
sufficiently 4.763038818766373E-4 2.120263536200091 0.0010098897528935894
mixing 4.763038818766373E-4 3.0853444322436783 0.0014695615300041333
deg 0.0011907597046915933 4.471638793363569 0.005324647289073076
accuracy 7.144558228149559E-4 1.0539121097502027 7.529736435462271E-4
resolution 4.763038818766373E-4 2.331572629867298 0.001110537094483114
without 0.0014289116456299119 0.32850406697203605 4.694032869331308E-4
setting 7.144558228149559E-4 1.1394342831883648 8.140754583389127E-4
via 9.526077637532746E-4 0.9021060968821986 8.59353271619146E-4
offer 4.763038818766373E-4 1.0059028905638423 4.791154515664883E-4
milp 7.144558228149559E-4 3.7784916128036232 0.0026995653342250223
would 0.0011907597046915933 0.5013468798114469 5.969836625523302E-4
fix 2.3815194093831864E-4 1.5538680612792897 3.700566947557251E-4
bat 0.0030959752321981426 4.471638793363569 0.013844082951589998
poor 4.763038818766373E-4 0.9452782687474074 4.502397088580173E-4
complex 4.763038818766373E-4 0.8472978603872037 4.0357126000819415E-4
thermal 0.01571802810192903 3.5553480614894135 0.055883060742629505
fluid 4.763038818766373E-4 2.169053700369523 0.0010331286974848883
calculate 2.3815194093831864E-4 0.7221347174331975 1.7197778457566027E-4
energy 0.0038104310550130982 1.8689491079191851 0.007121501721054289
neglect 2.3815194093831864E-4 2.8622008809294686 6.816386951487184E-4
grow 2.3815194093831864E-4 1.2329603411991883 2.936318983565583E-4
solid 0.0021433674684448677 2.2744142160273495 0.004874905440401559
capacitance 7.144558228149559E-4 5.1647859739235145 0.003690011412662668
thus 0.0021433674684448677 0.8881198549074587 0.001903567205088623
profile 9.526077637532746E-4 1.8325814637483102 0.0017457313300769804
fairly 4.763038818766373E-4 2.5998366164619773 0.001238312272665862
impact 7.144558228149559E-4 0.6874491594453075 4.91152054854947E-4
require 7.144558228149559E-4 0.3127557100038969 2.234501381309099E-4
accurately 9.526077637532746E-4 2.073743520565198 0.001975464177723456
analysis 0.0014289116456299119 0.13434805253107854 1.9197149682935729E-4
veit 0.0042867349368897354 5.1647859739235145 0.022140068475976007
version 4.763038818766373E-4 1.293584963015623 6.161395394215875E-4
underestimate 4.763038818766373E-4 3.7784916128036232 0.0017997102228166817
size 0.0019052155275065491 0.12136085700426753 2.3121858919603245E-4
flexible 4.763038818766373E-4 2.5998366164619773 0.001238312272665862
consideration 4.763038818766373E-4 1.3361445774344192 6.364108489804331E-4
inefficient 4.763038818766373E-4 3.2188758248682006 0.0015331630506635868
greatly 4.763038818766373E-4 2.2203469947570738 0.0010575598927159199
much 4.763038818766373E-4 0.7827593392496325 3.728313118597916E-4
average 7.144558228149559E-4 0.7104386776700063 5.075770500142936E-4
compare 2.3815194093831864E-4 0.17435338714477774 4.152259755769891E-5
be 2.3815194093831864E-4 0.017291497110061043 4.118003598490365E-6
depict 2.3815194093831864E-4 1.7635885922613586 4.200020462637196E-4
affect 4.763038818766373E-4 0.5596157879354227 2.6654717215309485E-4
achieve 2.3815194093831864E-4 0.6109090823229731 1.4548918369206314E-4
least 0.0023815194093831865 0.653926467406664 0.001557338574438352
yellow 7.144558228149559E-4 3.2188758248682006 0.00229974457599538
ambient 0.0019052155275065491 4.0661736852554045 0.0077469372426871245
hot 0.00690640628721124 2.8622008809294686 0.019767522159312833
suboptimality 4.763038818766373E-4 5.1647859739235145 0.0024600076084417785
example 4.763038818766373E-4 0.6988778552689304 3.3287823542221026E-4
result 0.0016670635865682305 0.058840500022933395 9.80908550036994E-5
how 9.526077637532746E-4 0.5496654570822546 5.23615581883548E-4
same 9.526077637532746E-4 0.2972515234679317 2.831641090430404E-4
term 9.526077637532746E-4 0.4643056081310978 4.423011270598693E-4
after 4.763038818766373E-4 0.12136085700426753 5.780464729900811E-5
close 2.3815194093831864E-4 0.6988778552689304 1.6643911771110513E-4
minimize 4.763038818766373E-4 1.79749014393704 8.561515331922077E-4
contain 4.763038818766373E-4 0.6429973968744738 3.0626215616788463E-4
charge 0.0011907597046915933 3.2188758248682006 0.0038329076266589673
set 7.144558228149559E-4 0.5108256237659907 3.64962341342694E-4
mitigate 4.763038818766373E-4 1.8689491079191851 8.901877151317861E-4
richardson 9.526077637532746E-4 4.471638793363569 0.00425971783125846
edgar 4.763038818766373E-4 5.1647859739235145 0.0024600076084417785
predictive 7.144558228149559E-4 1.5012243277938677 0.0010725584623437969
operational 4.763038818766373E-4 2.7668907011251433 0.0013178807816742763
possible 9.526077637532746E-4 0.38566248081198473 3.6738507340984496E-4
involve 7.144558228149559E-4 0.9452782687474074 6.75359563287026E-4
the 0.11312217194570136 0.017291497110061043 0.0019560517092829235
component 4.763038818766373E-4 0.9600933545325481 4.572961917278152E-4
dhw 9.526077637532746E-4 5.1647859739235145 0.004920015216883557
fast 2.3815194093831864E-4 1.3581234841531944 3.234397437849951E-4
meet 4.763038818766373E-4 1.1394342831883648 5.427169722259417E-4
blue 0.0014289116456299119 2.456735772821304 0.003510458356019963
penalization 4.763038818766373E-4 4.471638793363569 0.00212985891562923
maximum 4.763038818766373E-4 1.2329603411991883 5.872637967131166E-4
information 4.763038818766373E-4 0.3049735695618419 1.4526009505207998E-4
freely 7.144558228149559E-4 2.6798793241355137 0.0019146553875700263
prominence 4.763038818766373E-4 3.7784916128036232 0.0017997102228166817
represent 7.144558228149559E-4 0.4285875255290187 3.06206853200061E-4
discuss 2.3815194093831864E-4 0.7827593392496325 1.864156559298958E-4
standard 7.144558228149559E-4 0.7221347174331975 5.159333537269808E-4
november 0.0042867349368897354 1.1758019273592397 0.0050403512008731395
nine 4.763038818766373E-4 1.9459101490553132 9.268445577781916E-4
saddle 4.763038818766373E-4 4.0661736852554045 0.0019367343106717811
occupancy 4.763038818766373E-4 4.471638793363569 0.00212985891562923
murray 0.0042867349368897354 5.1647859739235145 0.022140068475976007
sometimes 4.763038818766373E-4 1.9459101490553132 9.268445577781916E-4
do 2.3815194093831864E-4 0.14750613710858965 3.512887285272437E-5
good 2.3815194093831864E-4 0.2160260835453457 5.144703108962746E-5
observe 2.3815194093831864E-4 0.5496654570822546 1.30903895470887E-4
hold 7.144558228149559E-4 1.3581234841531944 9.703192313549853E-4
compute 7.144558228149559E-4 1.2729656758128876 9.09477739328093E-4
red 0.0014289116456299119 1.9459101490553132 0.0027805336733345747
spring 7.144558228149559E-4 4.0661736852554045 0.002905101466007672
differentiate 4.763038818766373E-4 2.2744142160273495 0.0010833123200892352
exceed 2.3815194093831864E-4 2.2744142160273495 5.416561600446176E-4
discharge 2.3815194093831864E-4 2.331572629867298 5.55268547241557E-4
implement 4.763038818766373E-4 1.0376515888784226 4.942374798182532E-4
wetterdienst 9.526077637532746E-4 5.1647859739235145 0.004920015216883557
heating 0.006668254346272922 4.0661736852554045 0.027114280349404937
signal 2.3815194093831864E-4 1.9867321435755685 4.73144116117068E-4
predicted 9.526077637532746E-4 1.5271998141971284 0.0014548223998067428
programming 9.526077637532746E-4 1.79749014393704 0.0017123030663844154
which 0.0050011907597046915 0.023122417420854212 1.1563962034721086E-4
add 2.3815194093831864E-4 0.7827593392496325 1.864156559298958E-4
area 4.763038818766373E-4 0.664976303593249 3.1673079475744175E-4
static 4.763038818766373E-4 2.331572629867298 0.001110537094483114
test 2.3815194093831864E-4 0.44628710262841953 1.0628413970669672E-4
typically 0.0011907597046915933 1.1394342831883648 0.0013567924305648545
pose 2.3815194093831864E-4 1.8325814637483102 4.364328325192451E-4
finite 4.763038818766373E-4 2.331572629867298 0.001110537094483114
batss 0.0014289116456299119 5.1647859739235145 0.007380022825325336
unpredictable 4.763038818766373E-4 3.373026504695459 0.0016065856178592327
shade 2.3815194093831864E-4 5.1647859739235145 0.0012300038042208892
its 4.763038818766373E-4 0.19497267434751336 9.286624165159007E-5
list 2.3815194093831864E-4 0.8472978603872037 2.0178563000409707E-4
respect 4.763038818766373E-4 1.5812670354674039 7.531636272766867E-4
volume 4.763038818766373E-4 1.3581234841531944 6.468794875699902E-4
aixlib 9.526077637532746E-4 5.1647859739235145 0.004920015216883557
take 7.144558228149559E-4 0.368995428326773 2.6363093236016173E-4
adjust 4.763038818766373E-4 1.4035858582299516 6.685333928220774E-4
success 4.763038818766373E-4 1.6094379124341003 7.665815253317934E-4
final 0.0014289116456299119 0.6988778552689304 9.986347062666307E-4
therefore 4.763038818766373E-4 1.1394342831883648 5.427169722259417E-4
relatively 4.763038818766373E-4 0.8209805520698303 3.9103622389608493E-4
western 4.763038818766373E-4 2.5998366164619773 0.001238312272665862
activation 4.763038818766373E-4 2.073743520565198 9.87732088861728E-4
alignment 7.144558228149559E-4 2.9675613965872945 0.0021201915193526755
useful 4.763038818766373E-4 0.9162907318741551 4.364328325192451E-4
frame 7.144558228149559E-4 2.169053700369523 0.0015496930462273325
however 4.763038818766373E-4 1.9459101490553132 9.268445577781916E-4
some 0.0038104310550130982 0.2160260835453457 8.231524974340393E-4
private 4.763038818766373E-4 2.331572629867298 0.001110537094483114
technical 4.763038818766373E-4 2.0292917579943643 9.665595417929813E-4
beginning 4.763038818766373E-4 1.6990500711237875 8.092641443790366E-4
importance 4.763038818766373E-4 0.9600933545325481 4.572961917278152E-4
additional 7.144558228149559E-4 0.5300569856938783 3.787022998527351E-4
for 0.02310073827101691 0.017291497110061043 3.994463490535654E-4
choose 4.763038818766373E-4 0.7221347174331975 3.4395556915132054E-4
content 4.763038818766373E-4 1.293584963015623 6.161395394215875E-4
prevent 2.3815194093831864E-4 1.1944940603713923 2.8447107891674023E-4
load 0.0014289116456299119 2.169053700369523 0.003099386092454665
previously 4.763038818766373E-4 0.8340526336371831 3.9726250709082306E-4
rate 2.3815194093831864E-4 0.5696661237889241 1.3566709306714076E-4
plot 7.144558228149559E-4 2.073743520565198 0.001481598133292592
end 0.0011907597046915933 0.8607208807193443 0.0010249117417472544
thomas 0.0042867349368897354 2.8622008809294686 0.01226949651267693
tank 0.00690640628721124 5.1647859739235145 0.03567011032240579
just 4.763038818766373E-4 1.3146383722134554 6.261673599492523E-4
over 0.0011907597046915933 0.3364722366212129 4.0065758111599534E-4
hagenmeyer 0.004763038818766373 5.1647859739235145 0.024600076084417787
practical 7.144558228149559E-4 1.5538680612792897 0.0011101700842671752
living 7.144558228149559E-4 2.456735772821304 0.0017552291780099814
aachen 4.763038818766373E-4 5.1647859739235145 0.0024600076084417785
photovoltaic 9.526077637532746E-4 4.471638793363569 0.00425971783125846
bound 2.3815194093831864E-4 2.2203469947570738 5.287799463579599E-4
perform 4.763038818766373E-4 0.2669461739726028 1.2714749891526685E-4
multiple 0.0021433674684448677 0.5108256237659907 0.001094887024028082
length 4.763038818766373E-4 1.1944940603713923 5.689421578334805E-4
peak 4.763038818766373E-4 2.392197251683733 0.001139412837191585
concentrate 4.763038818766373E-4 2.456735772821304 0.0011701527853399875
trajectory 2.3815194093831864E-4 2.456735772821304 5.850763926699938E-4
room 4.763038818766373E-4 2.2203469947570738 0.0010575598927159199
home 4.763038818766373E-4 2.120263536200091 0.0010098897528935894
with 0.007859014050964515 0.017291497110061043 1.3589411875018203E-4
horizon 0.0019052155275065491 2.6798793241355137 0.005105747700186737
environment 4.763038818766373E-4 1.3361445774344192 6.364108489804331E-4
approximately 4.763038818766373E-4 0.9452782687474074 4.502397088580173E-4
although 9.526077637532746E-4 0.4285875255290187 4.0827580426674797E-4
form 7.144558228149559E-4 0.5013468798114469 3.581901975313981E-4
management 4.763038818766373E-4 0.9452782687474074 4.502397088580173E-4
service 4.763038818766373E-4 1.2329603411991883 5.872637967131166E-4
there 0.003334127173136461 0.12136085700426753 4.046325310930568E-4
publish 2.3815194093831864E-4 0.03488725900044054 8.30846844497274E-6
well 4.763038818766373E-4 0.3127557100038969 1.4896675875393994E-4
avoid 4.763038818766373E-4 1.0376515888784226 4.942374798182532E-4
outlook 4.763038818766373E-4 4.0661736852554045 0.0019367343106717811
injection 4.763038818766373E-4 2.073743520565198 9.87732088861728E-4
significantly 7.144558228149559E-4 0.5900749954201312 4.215825163754212E-4
upcoming 4.763038818766373E-4 3.0853444322436783 0.0014695615300041333
withdraw 2.3815194093831864E-4 3.5553480614894135 8.467130415549924E-4
very 4.763038818766373E-4 0.5596157879354227 2.6654717215309485E-4
slightly 7.144558228149559E-4 1.5271998141971284 0.0010911167998550572
big 2.3815194093831864E-4 1.3581234841531944 3.234397437849951E-4
simulation 0.0028578232912598238 2.331572629867298 0.006663222566898684
focus 7.144558228149559E-4 0.4285875255290187 3.06206853200061E-4
cycling 7.144558228149559E-4 4.471638793363569 0.0031947883734438453
zhang 4.763038818766373E-4 2.331572629867298 0.001110537094483114
nonlinear 0.00357227911407478 2.331572629867298 0.008329028208623355
entire 7.144558228149559E-4 1.1944940603713923 8.534132367502207E-4
approach 0.0011907597046915933 0.40261203912575794 4.794141928146677E-4
attempt 4.763038818766373E-4 1.0216512475319812 4.866164551235919E-4
variation 2.3815194093831864E-4 1.1944940603713923 2.8447107891674023E-4
output 0.0019052155275065491 1.121734706088964 0.0021371463797836892
number 0.0014289116456299119 0.14750613710858965 2.1077323711634623E-4
balance 7.144558228149559E-4 1.6682784124570338 0.0011919112258564186
morari 4.763038818766373E-4 5.1647859739235145 0.0024600076084417785
action 2.3815194093831864E-4 1.4271163556401458 3.3987053004052057E-4
model 0.01381281257442248 0.41985384556026406 0.00579936247737445
sass 4.763038818766373E-4 5.1647859739235145 0.0024600076084417785
pitch 4.763038818766373E-4 4.471638793363569 0.00212985891562923
per 4.763038818766373E-4 0.7339691750802005 3.4959236726849277E-4
flow 9.526077637532746E-4 1.4035858582299516 0.0013370667856441548
order 9.526077637532746E-4 0.5900749954201312 5.621100218338949E-4
reduce 9.526077637532746E-4 0.3941013494578493 3.754240051991896E-4
similar 4.763038818766373E-4 0.20895891632225325 9.952794299702465E-5
likely 7.144558228149559E-4 0.5798184952529422 4.1425470010927044E-4
period 7.144558228149559E-4 0.7953381214564925 5.682339519812997E-4
issue 2.3815194093831864E-4 0.7953381214564925 1.894113173270999E-4
large 7.144558228149559E-4 0.22314355131420976 1.5942620956004507E-4
surface 4.763038818766373E-4 2.0292917579943643 9.665595417929813E-4
topology 4.763038818766373E-4 3.373026504695459 0.0016065856178592327
electrical 0.0016670635865682305 3.0853444322436783 0.005143465355014467
handle 4.763038818766373E-4 1.5812670354674039 7.531636272766867E-4
propose 4.763038818766373E-4 0.6214911916535102 2.9601866713670406E-4
ever 4.763038818766373E-4 2.7668907011251433 0.0013178807816742763
system 0.0023815194093831865 0.36076492919025743 8.59168681091349E-4
physically 4.763038818766373E-4 2.5998366164619773 0.001238312272665862
even 7.144558228149559E-4 0.377294231141468 2.695600603535137E-4
compose 2.3815194093831864E-4 1.79749014393704 4.2807576659610385E-4
atypical 4.763038818766373E-4 3.7784916128036232 0.0017997102228166817
renewable 7.144558228149559E-4 4.0661736852554045 0.002905101466007672
granularity 4.763038818766373E-4 3.5553480614894135 0.0016934260831099849
evaluate 2.3815194093831864E-4 0.40261203912575794 9.588283856293354E-5
partial 4.763038818766373E-4 1.6682784124570338 7.94607483904279E-4
become 4.763038818766373E-4 0.6321864807702582 3.0111287486080405E-4
sizable 4.763038818766373E-4 4.0661736852554045 0.0019367343106717811
other 0.0011907597046915933 0.0408219945202552 4.860918613986092E-5
proportion 0.0011907597046915933 1.4271163556401458 0.0016993526502026028
curve 7.144558228149559E-4 1.9867321435755685 0.001419432348351204
kailath 4.763038818766373E-4 5.1647859739235145 0.0024600076084417785
penalize 2.3815194093831864E-4 3.5553480614894135 8.467130415549924E-4
dot 2.3815194093831864E-4 2.5257286443082556 6.015071789255193E-4
restrict 4.763038818766373E-4 1.906689435902032 9.081635798533136E-4
cell 2.3815194093831864E-4 1.3361445774344192 3.1820542449021653E-4
local 0.0016670635865682305 1.0704414117014134 0.001784493899002118
recede 2.3815194093831864E-4 4.471638793363569 0.001064929457814615
dirk 0.0042867349368897354 4.471638793363569 0.01916873024066307
library 4.763038818766373E-4 1.730798769438368 8.243861726308016E-4
top 0.0021433674684448677 1.5538680612792897 0.003330510252801526
qin 4.763038818766373E-4 4.0661736852554045 0.0019367343106717811
yield 2.3815194093831864E-4 1.4512139072192063 3.4560940872093506E-4
have 0.0021433674684448677 0.017291497110061043 3.7062032386413286E-5
angle 4.763038818766373E-4 2.2744142160273495 0.0010833123200892352
stochastic 4.763038818766373E-4 2.456735772821304 0.0011701527853399875
share 4.763038818766373E-4 1.0539121097502027 5.019824290308181E-4
ordinance 4.763038818766373E-4 5.1647859739235145 0.0024600076084417785
table 0.00714455822814956 0.18117935221517753 0.0012944464316397538
seshadri 9.526077637532746E-4 5.1647859739235145 0.004920015216883557
linear 0.005953798523457966 1.3146383722134554 0.007827091999365654
robust 4.763038818766373E-4 1.6682784124570338 7.94607483904279E-4
particularly 7.144558228149559E-4 0.9751312318970885 6.96688186637596E-4
question 4.763038818766373E-4 0.8743265327751228 4.1644512158853193E-4
may 0.002619671350321505 0.15415067982725836 4.0382411957605186E-4
within 0.0016670635865682305 0.3127557100038969 5.213836556387897E-4
max 4.763038818766373E-4 2.169053700369523 0.0010331286974848883
could 0.0016670635865682305 0.22314355131420976 3.719944889734385E-4
change 4.763038818766373E-4 0.3941013494578493 1.877120025995948E-4
minlp 9.526077637532746E-4 4.0661736852554045 0.0038734686213435622
inaccuracy 2.3815194093831864E-4 3.7784916128036232 8.998551114083409E-4
draw 2.3815194093831864E-4 1.1944940603713923 2.8447107891674023E-4
off 4.763038818766373E-4 2.392197251683733 0.001139412837191585
comfort 4.763038818766373E-4 3.373026504695459 0.0016065856178592327
generally 0.0011907597046915933 0.9021060968821986 0.0010741915895239327
likewise 4.763038818766373E-4 3.7784916128036232 0.0017997102228166817
future 0.0016670635865682305 0.48265474679929443 8.046161532734129E-4
able 9.526077637532746E-4 0.7703368192510752 7.338288347235772E-4
regard 2.3815194093831864E-4 0.4919571394616079 1.1716054762124503E-4
constraint 9.526077637532746E-4 1.6682784124570338 0.001589214967808558
bonmin 4.763038818766373E-4 4.471638793363569 0.00212985891562923
constant 4.763038818766373E-4 2.073743520565198 9.87732088861728E-4
cop 0.0019052155275065491 4.0661736852554045 0.0077469372426871245
use 0.0016670635865682305 0.03488725900044054 5.815927911480919E-5
intermittent 4.763038818766373E-4 5.1647859739235145 0.0024600076084417785
several 0.0011907597046915933 0.3526016185510966 4.198637991796816E-4
political 4.763038818766373E-4 2.169053700369523 0.0010331286974848883
main 0.0021433674684448677 0.6004377824556778 0.0012869588097406764
integer 0.0014289116456299119 2.9675613965872945 0.004240383038705351
while 0.0028578232912598238 0.20895891632225325 5.971676579821478E-4
associate 2.3815194093831864E-4 0.38566248081198473 9.184626835246124E-5
citationdimplex 7.144558228149559E-4 5.1647859739235145 0.003690011412662668
correspond 9.526077637532746E-4 0.8743265327751228 8.328902431770639E-4
second 4.763038818766373E-4 0.4373981552111735 2.0833443925276184E-4
mode 2.3815194093831864E-4 1.9867321435755685 4.73144116117068E-4
that 0.007859014050964515 0.017291497110061043 1.3589411875018203E-4
coupling 7.144558228149559E-4 3.373026504695459 0.002409878426788849
amongst 9.526077637532746E-4 3.5553480614894135 0.0033868521662199697
high 7.144558228149559E-4 0.11492996667397702 8.211238390615172E-5
revenue 4.763038818766373E-4 3.0853444322436783 0.0014695615300041333
download 0.0014289116456299119 0.24480504809538922 3.4980478413249234E-4
glean 2.3815194093831864E-4 5.1647859739235145 0.0012300038042208892
solution 0.0028578232912598238 1.0216512475319812 0.0029196987307415516
whether 7.144558228149559E-4 0.5300569856938783 3.787022998527351E-4
find 2.3815194093831864E-4 0.16083966797805488 3.8304279108848505E-5
function 9.526077637532746E-4 0.5496654570822546 5.23615581883548E-4
langley 4.763038818766373E-4 5.1647859739235145 0.0024600076084417785
than 0.0011907597046915933 0.058840500022933395 7.006489643121386E-5
continuous 0.0030959752321981426 1.1758019273592397 0.003640253645075046
quite 9.526077637532746E-4 1.5012243277938677 0.001430077949791729
different 0.0019052155275065491 0.18805223150293962 3.582800314416568E-4
net 4.763038818766373E-4 2.9675613965872945 0.0014134610129017833
combine 2.3815194093831864E-4 0.6321864807702582 1.5055643743040203E-4
all 0.005953798523457966 0.017291497110061043 1.0295008996225913E-4
always 4.763038818766373E-4 1.2729656758128876 6.063184928853954E-4
new 4.763038818766373E-4 0.36076492919025743 1.7183373621826979E-4
comparison 0.0016670635865682305 0.6988778552689304 0.0011650738239777358
subscript 2.3815194093831864E-4 3.7784916128036232 8.998551114083409E-4
level 2.3815194093831864E-4 0.4373981552111735 1.0416721962638092E-4
author 2.3815194093831864E-4 0.017291497110061043 4.118003598490365E-6
illustrate 4.763038818766373E-4 1.252762968495368 5.966958649656432E-4
occur 2.3815194093831864E-4 0.6109090823229731 1.4548918369206314E-4
heater 0.0016670635865682305 4.471638793363569 0.007454506204702306
shall 4.763038818766373E-4 3.7784916128036232 0.0017997102228166817
sort 2.3815194093831864E-4 2.392197251683733 5.697064185957925E-4
schematic 7.144558228149559E-4 2.5998366164619773 0.001857468408998793
homogeneously 4.763038818766373E-4 5.1647859739235145 0.0024600076084417785
relevant 7.144558228149559E-4 0.7703368192510752 5.50371626042683E-4
quantify 4.763038818766373E-4 2.0292917579943643 9.665595417929813E-4
unit 2.3815194093831864E-4 1.1043429633770947 2.6300142018982967E-4
improve 4.763038818766373E-4 0.377294231141468 1.7970670690234245E-4
activate 2.3815194093831864E-4 2.2203469947570738 5.287799463579599E-4
prediction 0.0011907597046915933 1.5012243277938677 0.0017875974372396615
try 2.3815194093831864E-4 1.3581234841531944 3.234397437849951E-4
hourly 4.763038818766373E-4 5.1647859739235145 0.0024600076084417785
present 9.526077637532746E-4 0.083381608939051 7.942996802957942E-5
curtail 2.3815194093831864E-4 4.471638793363569 0.001064929457814615
collect 2.3815194093831864E-4 0.6761496041913742 1.6102634060285165E-4
since 7.144558228149559E-4 0.377294231141468 2.695600603535137E-4
heat 0.012145748987854251 2.7668907011251433 0.03360595993269405
datum 2.3815194093831864E-4 0.167573700159399 3.990800194317671E-5
unexpectedly 4.763038818766373E-4 3.7784916128036232 0.0017997102228166817
locate 2.3815194093831864E-4 1.5812670354674039 3.7658181363834335E-4
chatter 2.3815194093831864E-4 4.471638793363569 0.001064929457814615
cause 2.3815194093831864E-4 0.5398131606392429 1.285575519502841E-4
mixed 0.0011907597046915933 1.9459101490553132 0.002317111394445479
storage 0.01428911645629912 2.6798793241355137 0.03829310775140053
investigate 2.3815194093831864E-4 0.653926467406664 1.557338574438352E-4
appino 4.763038818766373E-4 5.1647859739235145 0.0024600076084417785
switch 2.3815194093831864E-4 2.456735772821304 5.850763926699938E-4
ipopt 7.144558228149559E-4 3.373026504695459 0.002409878426788849
total 9.526077637532746E-4 0.5108256237659907 4.86616455123592E-4
hour 2.3815194093831864E-4 1.5812670354674039 3.7658181363834335E-4
and 0.04381995713265063 0.017291497110061043 7.577126621222272E-4
repeat 2.3815194093831864E-4 1.5012243277938677 3.5751948744793227E-4
define 4.763038818766373E-4 0.3526016185510966 1.6794551967187264E-4
construction 4.763038818766373E-4 1.730798769438368 8.243861726308016E-4
magnitude 4.763038818766373E-4 2.0292917579943643 9.665595417929813E-4
viable 4.763038818766373E-4 2.7668907011251433 0.0013178807816742763
physical 4.763038818766373E-4 1.3146383722134554 6.261673599492523E-4
floor 4.763038818766373E-4 4.0661736852554045 0.0019367343106717811
algorithmic 4.763038818766373E-4 2.5998366164619773 0.001238312272665862
highly 4.763038818766373E-4 0.9162907318741551 4.364328325192451E-4
direction 9.526077637532746E-4 1.3581234841531944 0.0012937589751399804
chance 4.763038818766373E-4 2.169053700369523 0.0010331286974848883
determine 2.3815194093831864E-4 0.40261203912575794 9.588283856293354E-5
equation 0.004048582995951417 1.6384254493073527 0.0066333014141998084
aforementioned 4.763038818766373E-4 2.0292917579943643 9.665595417929813E-4
interesting 9.526077637532746E-4 1.6682784124570338 0.001589214967808558
control 0.0038104310550130982 0.5398131606392429 0.0020569208312045456
deviation 4.763038818766373E-4 1.6682784124570338 7.94607483904279E-4
exactly 4.763038818766373E-4 2.8622008809294686 0.0013632773902974367
specific 7.144558228149559E-4 0.40261203912575794 2.8764851568880063E-4
any 9.526077637532746E-4 0.2669461739726028 2.542949978305337E-4
despite 7.144558228149559E-4 0.7221347174331975 5.159333537269808E-4
rapidly 4.763038818766373E-4 1.906689435902032 9.081635798533136E-4
minute 4.763038818766373E-4 2.392197251683733 0.001139412837191585
analogy 4.763038818766373E-4 3.373026504695459 0.0016065856178592327
industrial 4.763038818766373E-4 2.2744142160273495 0.0010833123200892352
application 2.3815194093831864E-4 0.7703368192510752 1.834572086808943E-4
conduct 2.3815194093831864E-4 0.5798184952529422 1.3808490003642347E-4
due 9.526077637532746E-4 0.20895891632225325 1.990558859940493E-4
strategy 4.763038818766373E-4 0.9021060968821986 4.29676635809573E-4
maintenance 9.526077637532746E-4 2.5257286443082556 0.002406028715702077
accurate 0.0011907597046915933 1.3805963400052528 0.0016439584901229492
depend 4.763038818766373E-4 0.8472978603872037 4.0357126000819415E-4
vary 2.3815194093831864E-4 0.9751312318970885 2.3222939554586532E-4
shift 2.3815194093831864E-4 1.5538680612792897 3.700566947557251E-4
upper 4.763038818766373E-4 1.8689491079191851 8.901877151317861E-4
empirical 4.763038818766373E-4 1.8325814637483102 8.728656650384902E-4
uncertain 7.144558228149559E-4 2.9675613965872945 0.0021201915193526755
objective 0.0014289116456299119 1.121734706088964 0.0016028597848377671
curvature 4.763038818766373E-4 4.471638793363569 0.00212985891562923
nomenclature 4.763038818766373E-4 3.373026504695459 0.0016065856178592327
dynamics 0.004048582995951417 2.392197251683733 0.009685009116128473
contribution 7.144558228149559E-4 1.2135422553420867 8.67022330561148E-4
notation 4.763038818766373E-4 3.2188758248682006 0.0015331630506635868
formulation 7.144558228149559E-4 2.120263536200091 0.0015148346293403841
above 4.763038818766373E-4 0.9021060968821986 4.29676635809573E-4
let 7.144558228149559E-4 1.79749014393704 0.0012842272997883116
state 0.0023815194093831865 0.6761496041913742 0.0016102634060285168
recent 4.763038818766373E-4 0.5596157879354227 2.6654717215309485E-4
negligible 4.763038818766373E-4 3.5553480614894135 0.0016934260831099849
they 0.0011907597046915933 0.05279818556697083 6.286995185397812E-5
element 2.3815194093831864E-4 1.1758019273592397 2.8001951115961887E-4
inefficiency 4.763038818766373E-4 3.5553480614894135 0.0016934260831099849
remain 2.3815194093831864E-4 0.7104386776700063 1.6919235000476454E-4
relaxation 9.526077637532746E-4 3.5553480614894135 0.0033868521662199697
night 4.763038818766373E-4 3.7784916128036232 0.0017997102228166817
module 2.3815194093831864E-4 2.331572629867298 5.55268547241557E-4
herein 4.763038818766373E-4 3.7784916128036232 0.0017997102228166817
forecast 7.144558228149559E-4 3.5553480614894135 0.0025401391246649774
then 0.0014289116456299119 0.4285875255290187 6.12413706400122E-4
substantial 4.763038818766373E-4 1.5812670354674039 7.531636272766867E-4
demand 0.002619671350321505 1.3805963400052528 0.003616708678270488
each 0.005953798523457966 0.13434805253107854 7.998812367889886E-4
input 7.144558228149559E-4 0.990398704027877 7.075961210011029E-4
node 4.763038818766373E-4 1.9459101490553132 9.268445577781916E-4
thereby 4.763038818766373E-4 1.730798769438368 8.243861726308016E-4
slow 2.3815194093831864E-4 2.331572629867298 5.55268547241557E-4
heatpump 4.763038818766373E-4 5.1647859739235145 0.0024600076084417785
difference 0.0021433674684448677 0.36076492919025743 7.732518129822141E-4
consistently 4.763038818766373E-4 2.331572629867298 0.001110537094483114
except 7.144558228149559E-4 1.3805963400052528 9.863750940737694E-4
must 4.763038818766373E-4 1.0376515888784226 4.942374798182532E-4
device 7.144558228149559E-4 2.331572629867298 0.001665805641724671
complexity 4.763038818766373E-4 1.5271998141971284 7.274111999033714E-4
minus 4.763038818766373E-4 4.471638793363569 0.00212985891562923
fact 9.526077637532746E-4 0.9452782687474074 9.004794177160346E-4
perfectly 4.763038818766373E-4 3.5553480614894135 0.0016934260831099849
frequently 4.763038818766373E-4 1.157452788691043 5.512992563424829E-4
simultaneous 4.763038818766373E-4 2.9675613965872945 0.0014134610129017833
another 7.144558228149559E-4 0.40261203912575794 2.8764851568880063E-4
torque 4.763038818766373E-4 3.373026504695459 0.0016065856178592327
guarantee 2.3815194093831864E-4 1.8689491079191851 4.4509385756589306E-4
sum 4.763038818766373E-4 1.6384254493073527 7.803884016705656E-4
battery 0.010716837342224339 3.5553480614894135 0.03810208686997466
two 9.526077637532746E-4 0.11492996667397702 1.0948317854153562E-4
seek 7.144558228149559E-4 1.3581234841531944 9.703192313549853E-4
long 7.144558228149559E-4 0.44628710262841953 3.1885241912009014E-4
seem 7.144558228149559E-4 1.0216512475319812 7.299246826853879E-4
augment 2.3815194093831864E-4 2.2203469947570738 5.287799463579599E-4
into 0.0019052155275065491 0.10854016857520597 2.067924145276608E-4
current 4.763038818766373E-4 0.4919571394616079 2.3432109524249006E-4
notion 4.763038818766373E-4 2.120263536200091 0.0010098897528935894
min 4.763038818766373E-4 2.169053700369523 0.0010331286974848883
excess 7.144558228149559E-4 2.9675613965872945 0.0021201915193526755
temperature 0.00714455822814956 2.456735772821304 0.017552291780099816
where 0.0038104310550130982 0.32850406697203605 0.0012517420984883487
distribute 2.3815194093831864E-4 1.5812670354674039 3.7658181363834335E-4
operating 4.763038818766373E-4 1.6990500711237875 8.092641443790366E-4
subproblem 2.3815194093831864E-4 3.5553480614894135 8.467130415549924E-4
pump 0.007859014050964515 3.5553480614894135 0.027941530371314752
mix 2.3815194093831864E-4 2.5998366164619773 6.19156136332931E-4
equality 4.763038818766373E-4 2.7668907011251433 0.0013178807816742763
equate 4.763038818766373E-4 4.0661736852554045 0.0019367343106717811
controller 9.526077637532746E-4 2.5257286443082556 0.002406028715702077
vice 4.763038818766373E-4 2.9675613965872945 0.0014134610129017833
middle 7.144558228149559E-4 2.2744142160273495 0.0016249684801338529
though 4.763038818766373E-4 1.1043429633770947 5.260028403796593E-4
decision 9.526077637532746E-4 0.9452782687474074 9.004794177160346E-4
necessary 4.763038818766373E-4 0.8607208807193443 4.0996469669890177E-4
reformulate 2.3815194093831864E-4 4.0661736852554045 9.683671553358906E-4
forecasting 7.144558228149559E-4 3.2188758248682006 0.00229974457599538
one 0.0021433674684448677 0.06491954609931569 1.3914644317548016E-4
black 7.144558228149559E-4 2.331572629867298 0.001665805641724671
heuristic 2.3815194093831864E-4 2.6798793241355137 6.382184625233421E-4
store 2.3815194093831864E-4 1.730798769438368 4.121930863154008E-4
many 4.763038818766373E-4 0.20194134366360675 9.618544589835996E-5
stay 2.3815194093831864E-4 2.5998366164619773 6.19156136332931E-4
single 7.144558228149559E-4 0.6429973968744738 4.593932342518269E-4
diagram 7.144558228149559E-4 1.9867321435755685 0.001419432348351204
actually 4.763038818766373E-4 1.5812670354674039 7.531636272766867E-4
such 0.00357227911407478 0.10219094089654716 3.650545638123857E-4
face 2.3815194093831864E-4 1.5538680612792897 3.700566947557251E-4
nlp 9.526077637532746E-4 0.41119578281714936 3.917082951342218E-4
absolute 4.763038818766373E-4 2.120263536200091 0.0010098897528935894
andersson 4.763038818766373E-4 4.471638793363569 0.00212985891562923
household 0.0014289116456299119 3.5553480614894135 0.005080278249329955
purple 7.144558228149559E-4 4.0661736852554045 0.002905101466007672
describe 2.3815194093831864E-4 0.28958865072236245 6.896609924323944E-5
operation 7.144558228149559E-4 1.5271998141971284 0.0010911167998550572
but 0.0030959752321981426 0.083381608939051 2.581473960961331E-4
reasonable 4.763038818766373E-4 1.5012243277938677 7.150389748958645E-4
buy 2.3815194093831864E-4 3.5553480614894135 8.467130415549924E-4
available 9.526077637532746E-4 0.5696661237889241 5.42668372268563E-4
lie 2.3815194093831864E-4 2.2203469947570738 5.287799463579599E-4
run 2.3815194093831864E-4 1.5012243277938677 3.5751948744793227E-4
dwell 2.3815194093831864E-4 5.1647859739235145 0.0012300038042208892
source 4.763038818766373E-4 0.7703368192510752 3.669144173617886E-4
inside 4.763038818766373E-4 1.906689435902032 9.081635798533136E-4
research 7.144558228149559E-4 0.40261203912575794 2.8764851568880063E-4
domestic 0.0050011907597046915 2.7668907011251433 0.013837748207579902
either 7.144558228149559E-4 0.7827593392496325 5.592469677896874E-4
trivial 4.763038818766373E-4 3.5553480614894135 0.0016934260831099849
segment 7.144558228149559E-4 1.730798769438368 0.0012365792589462024
scheduling 0.005477494641581329 3.373026504695459 0.018475734605381176
variant 2.3815194093831864E-4 1.9867321435755685 4.73144116117068E-4
huge 4.763038818766373E-4 1.9459101490553132 9.268445577781916E-4
generate 2.3815194093831864E-4 0.7953381214564925 1.894113173270999E-4
inherent 4.763038818766373E-4 2.2203469947570738 0.0010575598927159199
solver 2.3815194093831864E-4 2.7668907011251433 6.589403908371382E-4
actual 4.763038818766373E-4 1.293584963015623 6.161395394215875E-4
last 4.763038818766373E-4 0.7459453661269161 3.552966735541396E-4
this 0.00714455822814956 0.017291497110061043 1.2354010795471095E-4
degree 4.763038818766373E-4 1.1394342831883648 5.427169722259417E-4
significant 7.144558228149559E-4 0.377294231141468 2.695600603535137E-4
develop 4.763038818766373E-4 0.32850406697203605 1.5646776231104359E-4
modelling 0.006191950464396285 1.906689435902032 0.011806126538093079
decrease 7.144558228149559E-4 0.7827593392496325 5.592469677896874E-4
discrete 0.0023815194093831865 2.392197251683733 0.005697064185957925
difficulty 2.3815194093831864E-4 1.4512139072192063 3.4560940872093506E-4
warm 7.144558228149559E-4 3.373026504695459 0.002409878426788849
obscure 4.763038818766373E-4 4.471638793363569 0.00212985891562923
involved 4.763038818766373E-4 1.1043429633770947 5.260028403796593E-4
solve 0.0011907597046915933 1.4271163556401458 0.0016993526502026028
coefficient 9.526077637532746E-4 1.6990500711237875 0.0016185282887580732
know 2.3815194093831864E-4 0.6214911916535102 1.4800933356835203E-4
overall 4.763038818766373E-4 0.7339691750802005 3.4959236726849277E-4
yokoyama 4.763038818766373E-4 5.1647859739235145 0.0024600076084417785
demonstrate 7.144558228149559E-4 0.5108256237659907 3.64962341342694E-4
assume 9.526077637532746E-4 0.9452782687474074 9.004794177160346E-4
support 2.3815194093831864E-4 0.5300569856938783 1.262340999509117E-4
full 0.0019052155275065491 0.14750613710858965 2.8103098282179496E-4
allow 4.763038818766373E-4 0.5398131606392429 2.571151039005682E-4
next 4.763038818766373E-4 0.8080771472339223 3.8489028208331616E-4
hidden 4.763038818766373E-4 1.730798769438368 8.243861726308016E-4
idea 7.144558228149559E-4 1.2329603411991883 8.808956950696749E-4
mass 4.763038818766373E-4 2.169053700369523 0.0010331286974848883
nearly 4.763038818766373E-4 2.120263536200091 0.0010098897528935894
show 2.3815194093831864E-4 0.0771896386911299 1.8382862274620122E-5
update 2.3815194093831864E-4 1.6682784124570338 3.973037419521395E-4
description 2.3815194093831864E-4 1.157452788691043 2.7564962817124147E-4
vertical 7.144558228149559E-4 2.9675613965872945 0.0021201915193526755
cold 2.3815194093831864E-4 3.373026504695459 8.032928089296164E-4
house 4.763038818766373E-4 2.7668907011251433 0.0013178807816742763
we 2.3815194093831864E-4 0.19497267434751336 4.6433120825795035E-5
conclusion 4.763038818766373E-4 0.28958865072236245 1.379321984864789E-4
nor 4.763038818766373E-4 1.6094379124341003 7.665815253317934E-4
usable 0.0023815194093831865 3.5553480614894135 0.008467130415549926
not 0.00357227911407478 0.03488725900044054 1.2462702667459112E-4
negative 4.763038818766373E-4 0.6321864807702582 3.0111287486080405E-4
common 4.763038818766373E-4 0.3526016185510966 1.6794551967187264E-4
metering 4.763038818766373E-4 5.1647859739235145 0.0024600076084417785
discretize 4.763038818766373E-4 3.2188758248682006 0.0015331630506635868
examination 4.763038818766373E-4 1.5012243277938677 7.150389748958645E-4
definition 2.3815194093831864E-4 1.252762968495368 2.983479324828216E-4
factor 7.144558228149559E-4 0.38566248081198473 2.755388050573837E-4
every 4.763038818766373E-4 1.0539121097502027 5.019824290308181E-4
unaffected 4.763038818766373E-4 4.471638793363569 0.00212985891562923
figure 0.00523934270064301 0.18805223150293962 9.852700864645561E-4
green 0.0016670635865682305 2.169053700369523 0.0036159504411971094
slight 7.144558228149559E-4 2.7668907011251433 0.0019768211725114146
apply 4.763038818766373E-4 0.41119578281714936 1.958541475671109E-4
effectively 4.763038818766373E-4 1.6384254493073527 7.803884016705656E-4
introduce 4.763038818766373E-4 0.7339691750802005 3.4959236726849277E-4
thermocline 0.0011907597046915933 5.1647859739235145 0.006150019021104447
purchase 2.3815194093831864E-4 2.6798793241355137 6.382184625233421E-4
reading 2.3815194093831864E-4 4.0661736852554045 9.683671553358906E-4
consumption 0.0011907597046915933 2.2203469947570738 0.0026438997317897997
way 4.763038818766373E-4 0.8340526336371831 3.9726250709082306E-4
vielmo 9.526077637532746E-4 5.1647859739235145 0.004920015216883557
what 0.0011907597046915933 0.8209805520698303 9.775905597402125E-4
detailed 0.0011907597046915933 1.1394342831883648 0.0013567924305648545
refer 4.763038818766373E-4 0.7827593392496325 3.728313118597916E-4
typical 7.144558228149559E-4 1.4512139072192063 0.0010368282261628051
short 0.0011907597046915933 0.9452782687474074 0.0011255992721450434
yang 4.763038818766373E-4 2.7668907011251433 0.0013178807816742763
step 0.0021433674684448677 0.8080771472339223 0.0017320062693749227
risk 4.763038818766373E-4 0.758066726659261 3.6107012462932174E-4
time 0.011193141224100976 0.167573700159399 0.0018756760913293054
window 2.3815194093831864E-4 2.120263536200091 5.049448764467947E-4
base 2.3815194093831864E-4 0.14090545307723773 3.355690713913735E-5
software 9.526077637532746E-4 1.157452788691043 0.0011025985126849659
stratification 9.526077637532746E-4 3.5553480614894135 0.0033868521662199697
usage 0.0011907597046915933 1.8689491079191851 0.0022254692878294654
quickly 4.763038818766373E-4 2.0292917579943643 9.665595417929813E-4
illustrative 4.763038818766373E-4 3.0853444322436783 0.0014695615300041333
program 7.144558228149559E-4 1.6094379124341003 0.00114987228799769
during 7.144558228149559E-4 0.28958865072236245 2.0689829772971836E-4
none 4.763038818766373E-4 1.6384254493073527 7.803884016705656E-4
complementary 7.144558228149559E-4 2.073743520565198 0.001481598133292592
three 9.526077637532746E-4 0.22314355131420976 2.1256827941339344E-4
when 9.526077637532746E-4 0.14750613710858965 1.4051549141089748E-4
loss 4.763038818766373E-4 0.9162907318741551 4.364328325192451E-4
problem 0.007382710169087878 0.7221347174331975 0.005331311321845468
relate 2.3815194093831864E-4 0.27443684570176036 6.535766746886409E-5
optimization 0.0023815194093831865 2.2203469947570738 0.005287799463579599
largely 4.763038818766373E-4 1.79749014393704 8.561515331922077E-4
complementarity 9.526077637532746E-4 4.0661736852554045 0.0038734686213435622
price 4.763038818766373E-4 2.331572629867298 0.001110537094483114
weather 7.144558228149559E-4 2.8622008809294686 0.0020449160854461553
connection 0.0021433674684448677 1.906689435902032 0.004086736109339912
embed 2.3815194093831864E-4 1.8325814637483102 4.364328325192451E-4
savings 4.763038818766373E-4 3.5553480614894135 0.0016934260831099849
dependent 4.763038818766373E-4 1.3805963400052528 6.575833960491797E-4
case 0.0023815194093831865 0.24480504809538922 5.830079735541539E-4
between 0.0021433674684448677 0.058840500022933395 1.2611681357618492E-4
generation 0.0019052155275065491 1.6682784124570338 0.003178429935617116
mpc 0.0019052155275065491 3.2188758248682006 0.006132652202654347
give 4.763038818766373E-4 0.2595111954850846 1.2360618979999265E-4
still 7.144558228149559E-4 0.5300569856938783 3.787022998527351E-4
efficiency 4.763038818766373E-4 1.6384254493073527 7.803884016705656E-4
method 2.3815194093831864E-4 0.0958817717032825 2.2834430031741487E-5
work 4.763038818766373E-4 0.4285875255290187 2.0413790213337399E-4
badgwell 4.763038818766373E-4 5.1647859739235145 0.0024600076084417785
lose 2.3815194093831864E-4 1.8689491079191851 4.4509385756589306E-4
exist 9.526077637532746E-4 0.664976303593249 6.334615895148835E-4
insight 7.144558228149559E-4 1.0539121097502027 7.529736435462271E-4
inequality 4.763038818766373E-4 2.6798793241355137 0.0012764369250466842
itself 4.763038818766373E-4 1.7635885922613586 8.400040925274392E-4
provide 7.144558228149559E-4 0.167573700159399 1.1972400582953013E-4
rely 4.763038818766373E-4 1.1758019273592397 5.600390223192377E-4
utilize 2.3815194093831864E-4 1.2729656758128876 3.031592464426977E-4
exact 4.763038818766373E-4 1.5271998141971284 7.274111999033714E-4
completely 7.144558228149559E-4 1.3805963400052528 9.863750940737694E-4
sensitivity 7.144558228149559E-4 2.0292917579943643 0.001449839312689472
theory 4.763038818766373E-4 1.4271163556401458 6.797410600810411E-4
primary 4.763038818766373E-4 0.9306794693262548 4.4328624402298393E-4
internal 4.763038818766373E-4 1.3805963400052528 6.575833960491797E-4
study 2.3815194093831864E-4 0.07103577311675174 1.6917307243808463E-5
explicitly 4.763038818766373E-4 1.5812670354674039 7.531636272766867E-4
grassi 4.763038818766373E-4 5.1647859739235145 0.0024600076084417785
south 4.763038818766373E-4 2.2744142160273495 0.0010833123200892352
steen 4.763038818766373E-4 5.1647859739235145 0.0024600076084417785
formulate 4.763038818766373E-4 1.5538680612792897 7.401133895114501E-4
German 2.3815194093831864E-4 3.373026504695459 8.032928089296164E-4
derive 2.3815194093831864E-4 1.2329603411991883 2.936318983565583E-4
layer 4.763038818766373E-4 1.4759065198095778 7.0298000467234E-4
smart 4.763038818766373E-4 2.5257286443082556 0.0012030143578510386
capacity 0.0011907597046915933 1.730798769438368 0.0020609654315770043
lot 4.763038818766373E-4 1.9459101490553132 9.268445577781916E-4
low 7.144558228149559E-4 0.28958865072236245 2.0689829772971836E-4
recall 7.144558228149559E-4 1.7635885922613586 0.0012600061387911588
power 0.006668254346272922 1.4759065198095778 0.009841720065412759
precise 4.763038818766373E-4 2.2744142160273495 0.0010833123200892352
event 2.3815194093831864E-4 1.157452788691043 2.7564962817124147E-4
biegler 4.763038818766373E-4 5.1647859739235145 0.0024600076084417785
include 0.0014289116456299119 0.0771896386911299 1.1029717364772073E-4
desire 2.3815194093831864E-4 1.5812670354674039 3.7658181363834335E-4
more 0.0028578232912598238 0.05279818556697083 1.508878844495475E-4
display 0.0030959752321981426 0.16083966797805488 4.979556284150306E-4
sell 2.3815194093831864E-4 3.373026504695459 8.032928089296164E-4
dimplex 4.763038818766373E-4 5.1647859739235145 0.0024600076084417785
csvdisplay 0.0014289116456299119 0.2669461739726028 3.814424967458006E-4
electricity 0.003334127173136461 3.7784916128036232 0.012597971559716772
consistent 4.763038818766373E-4 0.9306794693262548 4.4328624402298393E-4
continuously 4.763038818766373E-4 2.2203469947570738 0.0010575598927159199
inaccurate 4.763038818766373E-4 2.9675613965872945 0.0014134610129017833
lead 0.0016670635865682305 0.3127557100038969 5.213836556387897E-4
help 9.526077637532746E-4 0.6874491594453075 6.548694064732627E-4
ashouri 4.763038818766373E-4 5.1647859739235145 0.0024600076084417785
alexander 0.0042867349368897354 3.7784916128036232 0.016197392005350135
assess 4.763038818766373E-4 0.6761496041913742 3.220526812057033E-4
grid 0.004048582995951417 2.6798793241355137 0.010849713862896817
organized 4.763038818766373E-4 1.6990500711237875 8.092641443790366E-4
summarize 2.3815194093831864E-4 1.121734706088964 2.6714329747296115E-4
behaviour 7.144558228149559E-4 2.2203469947570738 0.0015863398390738798
choice 9.526077637532746E-4 1.4759065198095778 0.00140596000934468
certain 4.763038818766373E-4 0.8209805520698303 3.9103622389608493E-4
minimum 7.144558228149559E-4 1.3361445774344192 9.546162734706496E-4
economic 4.763038818766373E-4 1.6990500711237875 8.092641443790366E-4
first 7.144558228149559E-4 0.167573700159399 1.1972400582953013E-4
guanru 0.0042867349368897354 5.1647859739235145 0.022140068475976007
span 2.3815194093831864E-4 1.9867321435755685 4.73144116117068E-4
date 4.763038818766373E-4 1.6384254493073527 7.803884016705656E-4
dashed 0.0016670635865682305 3.373026504695459 0.005623049662507314
small 4.763038818766373E-4 0.45525577261118 2.1684009174145272E-4
indicator 0.0011907597046915933 1.5538680612792897 0.0018502834737786256
door 2.3815194093831864E-4 3.7784916128036232 8.998551114083409E-4
fed 7.144558228149559E-4 1.9867321435755685 0.001419432348351204
simple 7.144558228149559E-4 1.0539121097502027 7.529736435462271E-4
section 0.006191950464396285 0.6988778552689304 0.004327417060488734
constantly 4.763038818766373E-4 2.7668907011251433 0.0013178807816742763
tight 2.3815194093831864E-4 3.7784916128036232 8.998551114083409E-4
space 0.00523934270064301 1.293584963015623 0.0067775349336374625
wakui 4.763038818766373E-4 5.1647859739235145 0.0024600076084417785
centralized 4.763038818766373E-4 3.5553480614894135 0.0016934260831099849
emptiness 0.0016670635865682305 5.1647859739235145 0.008610026629546226
major 7.144558228149559E-4 0.7104386776700063 5.075770500142936E-4
denote 2.3815194093831864E-4 1.5538680612792897 3.700566947557251E-4
only 0.0019052155275065491 0.10854016857520597 2.067924145276608E-4
should 9.526077637532746E-4 0.368995428326773 3.515079098135489E-4
create 2.3815194093831864E-4 0.7339691750802005 1.7479618363424638E-4
few 4.763038818766373E-4 0.5013468798114469 2.3879346502093206E-4
from 0.00690640628721124 0.023122417420854212 1.5969280905091024E-4
consider 7.144558228149559E-4 0.17435338714477774 1.2456779267309675E-4
day 2.3815194093831864E-4 0.8881198549074587 2.1150746723206922E-4
combination 4.763038818766373E-4 0.6761496041913742 3.220526812057033E-4
versa 4.763038818766373E-4 4.0661736852554045 0.0019367343106717811
group 2.3815194093831864E-4 0.41119578281714936 9.792707378355545E-5
otherwise 4.763038818766373E-4 2.0292917579943643 9.665595417929813E-4
obtain 4.763038818766373E-4 0.3526016185510966 1.6794551967187264E-4
imply 4.763038818766373E-4 1.730798769438368 8.243861726308016E-4
deutscher 7.144558228149559E-4 5.1647859739235145 0.003690011412662668
bottom 0.0014289116456299119 2.7668907011251433 0.003953642345022829
runtime 0.0014289116456299119 4.0661736852554045 0.005810202932015344
particular 7.144558228149559E-4 1.0704414117014134 7.647830995723363E-4
constrain 2.3815194093831864E-4 2.5998366164619773 6.19156136332931E-4
marchal 7.144558228149559E-4 5.1647859739235145 0.003690011412662668
water 0.01047868540128602 2.331572629867298 0.024431816078628505
both 0.0028578232912598238 0.13434805253107854 3.8394299365871457E-4
most 0.0028578232912598238 0.0771896386911299 2.2059434729544146E-4
sequence 2.3815194093831864E-4 1.2729656758128876 3.031592464426977E-4
square 2.3815194093831864E-4 2.5998366164619773 6.19156136332931E-4
effect 4.763038818766373E-4 0.4919571394616079 2.3432109524249006E-4
topic 4.763038818766373E-4 1.1043429633770947 5.260028403796593E-4
enforce 4.763038818766373E-4 3.373026504695459 0.0016065856178592327
ground 4.763038818766373E-4 1.8689491079191851 8.901877151317861E-4
send 2.3815194093831864E-4 1.9459101490553132 4.634222788890958E-4
omit 2.3815194093831864E-4 2.169053700369523 5.165643487424442E-4
option 7.144558228149559E-4 1.6990500711237875 0.001213896216568555
note 7.144558228149559E-4 0.5013468798114469 3.581901975313981E-4
classify 2.3815194093831864E-4 0.9162907318741551 2.1821641625962255E-4
limitation 2.3815194093831864E-4 0.6988778552689304 1.6643911771110513E-4
line 0.0050011907597046915 0.9021060968821986 0.004511604676000517
penalty 0.0016670635865682305 3.0853444322436783 0.005143465355014467
unexpected 4.763038818766373E-4 2.169053700369523 0.0010331286974848883
part 0.0021433674684448677 0.4285875255290187 9.186205596001829E-4
scale 4.763038818766373E-4 1.2135422553420867 5.780148870407652E-4
inherently 4.763038818766373E-4 3.2188758248682006 0.0015331630506635868
error 0.0016670635865682305 1.2329603411991883 0.002055423288495908
necessarily 4.763038818766373E-4 1.6990500711237875 8.092641443790366E-4
point 9.526077637532746E-4 0.5108256237659907 4.86616455123592E-4
can 0.0057156465825196475 0.0958817717032825 5.480263207617957E-4
numerical 4.763038818766373E-4 1.6990500711237875 8.092641443790366E-4
unusable 7.144558228149559E-4 5.1647859739235145 0.003690011412662668
paper 9.526077637532746E-4 0.8340526336371831 7.945250141816461E-4
array 4.763038818766373E-4 3.0853444322436783 0.0014695615300041333
parameter 7.144558228149559E-4 1.0539121097502027 7.529736435462271E-4
predictor 4.763038818766373E-4 1.8325814637483102 8.728656650384902E-4
value 4.763038818766373E-4 0.34450440831847723 1.640887870057048E-4
introduction 4.763038818766373E-4 0.10219094089654716 4.867394184165142E-5
ceiling 4.763038818766373E-4 4.0661736852554045 0.0019367343106717811
process 4.763038818766373E-4 0.41985384556026406 1.9997801646118792E-4
amount 4.763038818766373E-4 0.9306794693262548 4.4328624402298393E-4
cost 0.0030959752321981426 1.1944940603713923 0.003698124025917623
comply 2.3815194093831864E-4 3.0853444322436783 7.347807650020667E-4
will 0.003334127173136461 0.3526016185510966 0.0011756186377031084
limited 4.763038818766373E-4 0.5696661237889241 2.713341861342815E-4
advantage 4.763038818766373E-4 1.0376515888784226 4.942374798182532E-4
electric 0.0021433674684448677 4.0661736852554045 0.008715304398023014
implementation 4.763038818766373E-4 1.3146383722134554 6.261673599492523E-4
match 2.3815194093831864E-4 1.5271998141971284 3.637055999516857E-4
charging 0.0023815194093831865 4.471638793363569 0.010649294578146153
alternative 4.763038818766373E-4 1.3146383722134554 6.261673599492523E-4
clear 4.763038818766373E-4 0.990398704027877 4.7173074733406856E-4
also 0.002619671350321505 0.05279818556697083 1.3831389407875186E-4
follow 4.763038818766373E-4 0.0958817717032825 4.5668860063482974E-5
instead 4.763038818766373E-4 1.0376515888784226 4.942374798182532E-4
increase 7.144558228149559E-4 0.16083966797805488 1.1491283732654552E-4
differ 2.3815194093831864E-4 1.0059028905638423 2.3955772578324416E-4
expensive 0.002619671350321505 2.331572629867298 0.006107954019657126
mayne 4.763038818766373E-4 4.471638793363569 0.00212985891562923
performance 9.526077637532746E-4 0.7703368192510752 7.338288347235772E-4
inexactly 4.763038818766373E-4 5.1647859739235145 0.0024600076084417785
build 2.3815194093831864E-4 0.9162907318741551 2.1821641625962255E-4
various 4.763038818766373E-4 0.5798184952529422 2.7616980007284694E-4
variable 0.0016670635865682305 0.8080771472339223 0.0013471159872916066
challenge 4.763038818766373E-4 0.9751312318970885 4.6445879109173065E-4
latter 4.763038818766373E-4 1.8325814637483102 8.728656650384902E-4
further 7.144558228149559E-4 0.27443684570176036 1.960730024065923E-4
account 4.763038818766373E-4 0.7459453661269161 3.552966735541396E-4
