temporary 4.036326942482341E-4 3.5553480614894135 0.0014350547170492083
half 4.036326942482341E-4 1.3805963400052528 5.572538203855713E-4
optimal 0.004036326942482341 1.2329603411991883 0.0049766310441945035
bicycle 4.036326942482341E-4 5.1647859739235145 0.002084676477870238
govern 2.0181634712411706E-4 2.8622008809294686 5.776389265246153E-4
sufficiently 4.036326942482341E-4 2.120263536200091 8.55807683632731E-4
analyse 8.072653884964682E-4 1.4512139072192063 0.0011715147586027902
accuracy 6.054490413723512E-4 1.0539121097502027 6.380900765389723E-4
without 8.072653884964682E-4 0.32850406697203605 2.651899632468505E-4
setting 8.072653884964682E-4 1.1394342831883648 9.198258592842501E-4
would 8.072653884964682E-4 0.5013468798114469 4.047199837024798E-4
poor 4.036326942482341E-4 0.9452782687474074 3.8154521442882236E-4
thermal 4.036326942482341E-4 3.5553480614894135 0.0014350547170492083
oscillation 4.036326942482341E-4 4.0661736852554045 0.0016412406398609099
understanding 6.054490413723512E-4 0.990398704027877 5.996359459300971E-4
because 0.0014127144298688194 0.34450440831847723 4.8668634878493253E-4
near 4.036326942482341E-4 1.79749014393704 7.255257896819536E-4
calculate 4.036326942482341E-4 0.7221347174331975 2.9147718160774875E-4
utilise 2.0181634712411706E-4 2.6798793241355137 5.40843455930477E-4
energy 0.013925327951564077 1.8689491079191851 0.026025729252557774
successfully 6.054490413723512E-4 1.5538680612792897 9.407879281206598E-4
thus 0.0010090817356205853 0.8881198549074587 8.961855246291208E-4
appendix 0.0014127144298688194 2.456735772821304 0.0034706660766395817
require 2.0181634712411706E-4 0.3127557100038969 6.311921493519615E-5
analysis 0.0014127144298688194 0.13434805253107854 1.897954324354288E-4
avoidance 4.036326942482341E-4 3.373026504695459 0.001361463775860932
cooperative 4.036326942482341E-4 3.0853444322436783 0.0012453458858703041
planning 0.0010090817356205853 2.331572629867298 0.0023527473560719455
size 0.0020181634712411706 0.12136085700426753 2.449260484445359E-4
correlation 4.036326942482341E-4 1.293584963015623 5.221331838609982E-4
left 4.036326942482341E-4 1.2729656758128876 5.1381056541388E-4
vehicular 4.036326942482341E-4 5.1647859739235145 0.002084676477870238
detail 4.036326942482341E-4 1.0216512475319812 4.1237184562340314E-4
much 4.036326942482341E-4 0.7827593392496325 3.1594726104929667E-4
object 4.036326942482341E-4 1.7635885922613586 7.118420150399026E-4
ahead 4.036326942482341E-4 3.7784916128036232 0.0015251227498702818
achieve 4.036326942482341E-4 0.6109090823229731 2.465828788387379E-4
perturbation 4.036326942482341E-4 3.5553480614894135 0.0014350547170492083
roll 0.0010090817356205853 3.2188758248682006 0.003248108804105147
least 6.054490413723512E-4 0.653926467406664 3.9591915281937277E-4
utility 4.036326942482341E-4 2.2744142160273495 9.180279378516043E-4
turn 0.004238143289606458 1.4035858582299516 0.005948597986443791
example 0.0010090817356205853 0.6988778552689304 7.052248791815645E-4
result 0.0012108980827447023 0.058840500022933395 7.124984866550966E-5
same 0.0014127144298688194 0.2972515234679317 4.1993151650363713E-4
aggressive 6.054490413723512E-4 2.7668907011251433 0.0016752113225782907
after 0.0014127144298688194 0.12136085700426753 1.714482339111751E-4
huang 4.036326942482341E-4 2.8622008809294686 0.0011552778530492306
close 2.0181634712411706E-4 0.6988778552689304 1.410449758363129E-4
rational 4.036326942482341E-4 4.471638793363569 0.00180489961387026
sweep 4.036326942482341E-4 5.1647859739235145 0.002084676477870238
learn 4.036326942482341E-4 1.252762968495368 5.05656092228201E-4
unlimited 4.036326942482341E-4 3.5553480614894135 0.0014350547170492083
namely 4.036326942482341E-4 2.073743520565198 8.370306843855491E-4
cooperatively 4.036326942482341E-4 5.1647859739235145 0.002084676477870238
the 0.1301715438950555 0.017291497110061043 0.0022508608750735366
straight 4.036326942482341E-4 3.373026504695459 0.001361463775860932
component 2.0181634712411706E-4 0.9600933545325481 1.937625337098987E-4
fast 2.0181634712411706E-4 1.3581234841531944 2.7409152051527635E-4
blue 0.0010090817356205853 2.456735772821304 0.002479047197599701
exciting 4.036326942482341E-4 3.5553480614894135 0.0014350547170492083
regain 2.0181634712411706E-4 4.0661736852554045 8.206203199304549E-4
pitlane 4.036326942482341E-4 5.1647859739235145 0.002084676477870238
novel 6.054490413723512E-4 1.3805963400052528 8.358807305783569E-4
discuss 2.0181634712411706E-4 0.7827593392496325 1.5797363052464834E-4
aerodynamics 0.0010090817356205853 5.1647859739235145 0.005211691194675595
sharply 4.036326942482341E-4 4.471638793363569 0.00180489961387026
good 4.036326942482341E-4 0.2160260835453457 8.7195190129302E-5
onieva 4.036326942482341E-4 5.1647859739235145 0.002084676477870238
dominate 2.0181634712411706E-4 2.331572629867298 4.705494712143891E-4
red 0.0016145307769929364 1.9459101490553132 0.0031417318249127154
elongated 4.036326942482341E-4 4.471638793363569 0.00180489961387026
passable 4.036326942482341E-4 5.1647859739235145 0.002084676477870238
leave 2.0181634712411706E-4 1.6682784124570338 3.366858551880997E-4
exceed 2.0181634712411706E-4 2.2744142160273495 4.5901396892580215E-4
implementable 4.036326942482341E-4 4.471638793363569 0.00180489961387026
finish 2.0181634712411706E-4 3.373026504695459 6.80731887930466E-4
implement 4.036326942482341E-4 1.0376515888784226 4.1883010650995865E-4
add 4.036326942482341E-4 0.7827593392496325 3.1594726104929667E-4
area 0.0010090817356205853 0.664976303593249 6.710154425764369E-4
need 4.036326942482341E-4 0.27443684570176036 1.1077168343158844E-4
its 0.0020181634712411706 0.19497267434751336 3.934867292583519E-4
multilink 4.036326942482341E-4 5.1647859739235145 0.002084676477870238
pay 2.0181634712411706E-4 1.8689491079191851 3.7718448192112716E-4
lack 4.036326942482341E-4 0.5696661237889241 2.299358723668715E-4
heaviside 0.0010090817356205853 5.1647859739235145 0.005211691194675595
activation 0.0022199798183652874 2.073743520565198 0.0046036687641205195
longitudinal 8.072653884964682E-4 2.5257286443082556 0.0020389333152841618
technical 4.036326942482341E-4 2.0292917579943643 8.190884996950007E-4
masouleh 4.036326942482341E-4 5.1647859739235145 0.002084676477870238
decomposition 4.036326942482341E-4 3.2188758248682006 0.0012992435216420588
choose 4.036326942482341E-4 0.7221347174331975 2.9147718160774875E-4
overtake 0.003229061553985873 5.1647859739235145 0.016677411822961903
differentiable 6.054490413723512E-4 4.0661736852554045 0.002461860959791365
accomplish 4.036326942482341E-4 2.7668907011251433 0.0011168075483855271
previously 0.0010090817356205853 0.8340526336371831 8.416272791495289E-4
responsible 4.036326942482341E-4 1.6682784124570338 6.733717103761994E-4
end 6.054490413723512E-4 0.8607208807193443 5.211226321206928E-4
hard 6.054490413723512E-4 1.6990500711237875 0.0010286882368055223
mistake 2.0181634712411706E-4 3.373026504695459 6.80731887930466E-4
multiple 0.0010090817356205853 0.5108256237659907 5.154648070292541E-4
perform 4.036326942482341E-4 0.2669461739726028 1.077482034198195E-4
with 0.01170534813319879 0.017291497110061043 2.024029934174653E-4
horizon 6.054490413723512E-4 2.6798793241355137 0.001622530367791431
environment 6.054490413723512E-4 1.3361445774344192 8.089674535425343E-4
there 0.0010090817356205853 0.12136085700426753 1.2246302422226795E-4
suitable 4.036326942482341E-4 1.121734706088964 4.5276880165043954E-4
focus 6.054490413723512E-4 0.4285875255290187 2.5948790647569245E-4
entire 4.036326942482341E-4 1.1944940603713923 4.821368558512179E-4
approach 4.036326942482341E-4 0.40261203912575794 1.6250738208910511E-4
variation 4.036326942482341E-4 1.1944940603713923 4.821368558512179E-4
number 8.072653884964682E-4 0.14750613710858965 1.1907659907857892E-4
experiment 2.0181634712411706E-4 1.293584963015623 2.610665919304991E-4
odds 4.036326942482341E-4 2.7668907011251433 0.0011168075483855271
block 6.054490413723512E-4 1.906689435902032 0.0011544032911616744
braking 4.036326942482341E-4 5.1647859739235145 0.002084676477870238
per 8.072653884964682E-4 0.7339691750802005 5.925079112655504E-4
algorithm 6.054490413723512E-4 0.8472978603872037 5.129956773282767E-4
order 0.0014127144298688194 0.5900749954201312 8.336074607347969E-4
epl 8.072653884964682E-4 5.1647859739235145 0.004169352955740476
quadrature 4.036326942482341E-4 3.7784916128036232 0.0015251227498702818
propose 2.0181634712411706E-4 0.6214911916535102 1.2542708206932598E-4
exit 2.0181634712411706E-4 4.0661736852554045 8.206203199304549E-4
system 0.0014127144298688194 0.36076492919025743 5.096578212576795E-4
driver 0.0014127144298688194 2.7668907011251433 0.003908826419349345
compose 2.0181634712411706E-4 1.79749014393704 3.627628948409768E-4
even 0.0010090817356205853 0.377294231141468 3.8072071759986676E-4
restriction 4.036326942482341E-4 2.331572629867298 9.410989424287782E-4
integration 4.036326942482341E-4 2.2203469947570738 8.962046396597674E-4
toolbox 4.036326942482341E-4 3.373026504695459 0.001361463775860932
other 0.0014127144298688194 0.0408219945202552 5.766982071479039E-5
aim 2.0181634712411706E-4 0.6109090823229731 1.2329143941936896E-4
tremlett 4.036326942482341E-4 5.1647859739235145 0.002084676477870238
against 4.036326942482341E-4 0.9600933545325481 3.875250674197974E-4
save 8.072653884964682E-4 2.2203469947570738 0.0017924092793195347
optimise 2.0181634712411706E-4 2.9675613965872945 5.98902400925791E-4
local 4.036326942482341E-4 1.0704414117014134 4.320651510399247E-4
too 8.072653884964682E-4 1.3361445774344192 0.0010786232713900458
yield 4.036326942482341E-4 1.4512139072192063 5.857573793013951E-4
have 0.0026236125126135215 0.017291497110061043 4.53661881797767E-5
stochastic 4.036326942482341E-4 2.456735772821304 9.916188790398805E-4
robust 4.036326942482341E-4 1.6682784124570338 6.733717103761994E-4
thoroughly 4.036326942482341E-4 2.5257286443082556 0.0010194666576420809
dominant 6.054490413723512E-4 2.2744142160273495 0.0013770419067774063
meantime 4.036326942482341E-4 5.1647859739235145 0.002084676477870238
sharp 6.054490413723512E-4 2.7668907011251433 0.0016752113225782907
polynomial 6.054490413723512E-4 2.9675613965872945 0.001796707202777373
constraint 0.004036326942482341 1.6682784124570338 0.006733717103761993
logic 4.036326942482341E-4 2.5998366164619773 0.0010493790581077608
fuel 6.054490413723512E-4 3.373026504695459 0.002042195663791398
autonomous 0.0010090817356205853 2.7668907011251433 0.002792018870963818
correspond 2.0181634712411706E-4 0.8743265327751228 1.764533870383699E-4
lac 0.0020181634712411706 5.1647859739235145 0.01042338238935119
identical 4.036326942482341E-4 2.2744142160273495 9.180279378516043E-4
mode 0.0014127144298688194 1.9867321435755685 0.0028066851675134165
rear 8.072653884964682E-4 5.1647859739235145 0.004169352955740476
whether 6.054490413723512E-4 0.5300569856938783 3.2092249386107667E-4
function 0.0028254288597376388 0.5496654570822546 0.0015530406456410826
raise 4.036326942482341E-4 1.730798769438368 6.986069705099366E-4
lap 0.004439959636730575 4.471638793363569 0.019853895752572858
net 4.036326942482341E-4 2.9675613965872945 0.001197804801851582
closure 4.036326942482341E-4 2.120263536200091 8.55807683632731E-4
always 4.036326942482341E-4 1.2729656758128876 5.1381056541388E-4
all 0.0020181634712411706 0.017291497110061043 3.4897067830597464E-5
new 6.054490413723512E-4 0.36076492919025743 2.1842478053900552E-4
subscript 2.0181634712411706E-4 3.7784916128036232 7.625613749351409E-4
below 4.036326942482341E-4 1.4035858582299516 5.665331415660753E-4
already 4.036326942482341E-4 1.157452788691043 4.6718578756449773E-4
less 0.0030272452068617556 0.36076492919025743 0.0010921239026950274
real 6.054490413723512E-4 1.3361445774344192 8.089674535425343E-4
condition 4.036326942482341E-4 0.8607208807193443 3.474150880804619E-4
unit 4.036326942482341E-4 1.1043429633770947 4.4574892568197567E-4
hybrid 8.072653884964682E-4 2.073743520565198 0.0016740613687710982
improve 0.0012108980827447023 0.377294231141468 4.5686486111984017E-4
scaler 4.036326942482341E-4 5.1647859739235145 0.002084676477870238
activate 4.036326942482341E-4 2.2203469947570738 8.962046396597674E-4
try 2.0181634712411706E-4 1.3581234841531944 2.7409152051527635E-4
rarely 4.036326942482341E-4 2.392197251683733 9.655690218703261E-4
basic 6.054490413723512E-4 1.1944940603713923 7.232052837768268E-4
collect 2.0181634712411706E-4 0.6761496041913742 1.3645804322732073E-4
boundary 0.0010090817356205853 2.169053700369523 0.0021887524726231316
technique 0.0014127144298688194 0.7953381214564925 0.0011235856408063466
cause 4.036326942482341E-4 0.5398131606392429 2.1788624041947242E-4
around 6.054490413723512E-4 1.0216512475319812 6.185577684351047E-4
ipopt 4.036326942482341E-4 3.373026504695459 0.001361463775860932
similarly 4.036326942482341E-4 2.0292917579943643 8.190884996950007E-4
regenerative 8.072653884964682E-4 5.1647859739235145 0.004169352955740476
and 0.03451059535822402 0.017291497110061043 5.967398599032167E-4
design 4.036326942482341E-4 0.6004377824556778 2.4235631986102032E-4
extra 6.054490413723512E-4 2.073743520565198 0.0012555460265783237
define 4.036326942482341E-4 0.3526016185510966 1.4232154129206726E-4
lane 4.036326942482341E-4 4.471638793363569 0.00180489961387026
elevation 4.036326942482341E-4 3.2188758248682006 0.0012992435216420588
deliberately 4.036326942482341E-4 4.0661736852554045 0.0016412406398609099
accord 2.0181634712411706E-4 0.4919571394616079 9.928499282777153E-5
aforementioned 4.036326942482341E-4 2.0292917579943643 8.190884996950007E-4
adjacent 4.036326942482341E-4 2.6798793241355137 0.001081686911860954
requirement 6.054490413723512E-4 1.6990500711237875 0.0010286882368055223
any 6.054490413723512E-4 0.2669461739726028 1.6162230512972923E-4
despite 4.036326942482341E-4 0.7221347174331975 2.9147718160774875E-4
application 4.036326942482341E-4 0.7703368192510752 3.1093312583292643E-4
conduct 2.0181634712411706E-4 0.5798184952529422 1.1701685070695099E-4
until 8.072653884964682E-4 1.0376515888784226 8.376602130199173E-4
transpose 2.0181634712411706E-4 5.1647859739235145 0.001042338238935119
strategy 0.0016145307769929364 0.9021060968821986 0.0014564780575292812
reason 8.072653884964682E-4 0.7221347174331975 5.829543632154975E-4
maintain 2.0181634712411706E-4 1.2329603411991883 2.488315522097252E-4
shift 4.036326942482341E-4 1.5538680612792897 6.271919520804398E-4
echo 4.036326942482341E-4 3.2188758248682006 0.0012992435216420588
discussion 4.036326942482341E-4 0.23031204079282225 9.296146954301605E-5
professional 4.036326942482341E-4 1.5538680612792897 6.271919520804398E-4
concern 6.054490413723512E-4 1.0539121097502027 6.380900765389723E-4
merge 4.036326942482341E-4 2.331572629867298 9.410989424287782E-4
formulation 8.072653884964682E-4 2.120263536200091 0.001711615367265462
exclusive 8.072653884964682E-4 3.5553480614894135 0.0028701094340984165
overcut 4.036326942482341E-4 5.1647859739235145 0.002084676477870238
let 4.036326942482341E-4 1.79749014393704 7.255257896819536E-4
state 4.036326942482341E-4 0.6761496041913742 2.7291608645464146E-4
smoothing 4.036326942482341E-4 3.7784916128036232 0.0015251227498702818
fully 6.054490413723512E-4 1.2729656758128876 7.707158481208199E-4
element 6.054490413723512E-4 1.1758019273592397 7.118881497634146E-4
merging 4.036326942482341E-4 3.2188758248682006 0.0012992435216420588
environmental 4.036326942482341E-4 2.120263536200091 8.55807683632731E-4
breathtaking 4.036326942482341E-4 5.1647859739235145 0.002084676477870238
opposite 4.036326942482341E-4 2.2744142160273495 9.180279378516043E-4
unnecessarily 4.036326942482341E-4 4.471638793363569 0.00180489961387026
each 0.0012108980827447023 0.13434805253107854 1.6268179923036757E-4
input 4.036326942482341E-4 0.990398704027877 3.997572972867314E-4
envelope 4.036326942482341E-4 4.0661736852554045 0.0016412406398609099
slow 2.0181634712411706E-4 2.331572629867298 4.705494712143891E-4
soren 4.036326942482341E-4 5.1647859739235145 0.002084676477870238
difference 6.054490413723512E-4 0.36076492919025743 2.1842478053900552E-4
must 8.072653884964682E-4 1.0376515888784226 8.376602130199173E-4
bodywork 4.036326942482341E-4 5.1647859739235145 0.002084676477870238
cut 4.036326942482341E-4 2.2744142160273495 9.180279378516043E-4
another 0.0014127144298688194 0.40261203912575794 5.687758373118679E-4
guarantee 4.036326942482341E-4 1.8689491079191851 7.543689638422543E-4
battery 4.036326942482341E-4 3.5553480614894135 0.0014350547170492083
two 0.004036326942482341 0.11492996667397702 4.6389492098477105E-4
chase 4.036326942482341E-4 4.0661736852554045 0.0016412406398609099
summarise 2.0181634712411706E-4 2.456735772821304 4.958094395199402E-4
arc 2.0181634712411706E-4 4.0661736852554045 8.206203199304549E-4
scenario 0.004036326942482341 1.79749014393704 0.007255257896819536
attack 0.0014127144298688194 2.392197251683733 0.003379491576546141
where 0.003229061553985873 0.32850406697203605 0.001060759852987402
popular 4.036326942482341E-4 1.252762968495368 5.05656092228201E-4
vice 4.036326942482341E-4 2.9675613965872945 0.001197804801851582
scaling 8.072653884964682E-4 3.373026504695459 0.002722927551721864
team 2.0181634712411706E-4 1.8689491079191851 3.7718448192112716E-4
gravitational 6.054490413723512E-4 4.471638793363569 0.00270734942080539
entirely 4.036326942482341E-4 2.456735772821304 9.916188790398805E-4
yaw 4.036326942482341E-4 4.471638793363569 0.00180489961387026
call 2.0181634712411706E-4 1.0539121097502027 2.1269669217965746E-4
such 0.004641775983854692 0.10219094089654716 4.743474552211069E-4
nlp 8.072653884964682E-4 0.41119578281714936 3.3194412336399543E-4
purple 4.036326942482341E-4 4.0661736852554045 0.0016412406398609099
describe 0.0010090817356205853 0.28958865072236245 2.92218618286945E-4
dilemma 4.036326942482341E-4 4.0661736852554045 0.0016412406398609099
through 0.0020181634712411706 0.2595111954850846 5.237360151061244E-4
categorise 6.054490413723512E-4 3.0853444322436783 0.001868018828805456
lie 2.0181634712411706E-4 2.2203469947570738 4.481023198298837E-4
centreline 4.036326942482341E-4 5.1647859739235145 0.002084676477870238
remains 4.036326942482341E-4 1.4512139072192063 5.857573793013951E-4
incorporate 4.036326942482341E-4 1.6384254493073527 6.613220784288002E-4
secure 2.0181634712411706E-4 2.5257286443082556 5.097333288210404E-4
research 0.0014127144298688194 0.40261203912575794 5.687758373118679E-4
unable 4.036326942482341E-4 1.9459101490553132 7.854329562281789E-4
either 0.0012108980827447023 0.7827593392496325 9.4784178314789E-4
late 4.036326942482341E-4 1.5012243277938677 6.05943220098433E-4
bias 8.072653884964682E-4 1.4512139072192063 0.0011715147586027902
liu 0.0024217961654894047 2.392197251683733 0.005793414131221956
solver 8.072653884964682E-4 2.7668907011251433 0.0022336150967710543
definite 4.036326942482341E-4 3.373026504695459 0.001361463775860932
last 0.0010090817356205853 0.7459453661269161 7.527198447294815E-4
might 0.0024217961654894047 0.7339691750802005 0.001777523733796651
widely 6.054490413723512E-4 1.0059028905638423 6.090229408055554E-4
weight 4.036326942482341E-4 1.0059028905638423 4.060152938703703E-4
bold 4.036326942482341E-4 3.2188758248682006 0.0012992435216420588
develop 2.0181634712411706E-4 0.32850406697203605 6.629749081171262E-5
warm 2.0181634712411706E-4 3.373026504695459 6.80731887930466E-4
overlap 4.036326942482341E-4 1.9867321435755685 8.019100478609762E-4
assume 2.0181634712411706E-4 0.9452782687474074 1.9077260721441118E-4
full 0.0026236125126135215 0.14750613710858965 3.869989470053815E-4
next 6.054490413723512E-4 0.8080771472339223 4.892495341476826E-4
distance 6.054490413723512E-4 1.4035858582299516 8.49799712349113E-4
occupy 2.0181634712411706E-4 2.5998366164619773 5.246895290538804E-4
concept 4.036326942482341E-4 1.157452788691043 4.6718578756449773E-4
show 2.0181634712411706E-4 0.0771896386911299 1.5578130916474248E-5
description 4.036326942482341E-4 1.157452788691043 4.6718578756449773E-4
calliper 4.036326942482341E-4 5.1647859739235145 0.002084676477870238
conclusion 4.036326942482341E-4 0.28958865072236245 1.1688744731477799E-4
xuze 0.0020181634712411706 5.1647859739235145 0.01042338238935119
not 0.004036326942482341 0.03488725900044054 1.408163834528377E-4
minimal 0.0010090817356205853 1.906689435902032 0.0019240054852694573
now 6.054490413723512E-4 1.4035858582299516 8.49799712349113E-4
hence 4.036326942482341E-4 2.0292917579943643 8.190884996950007E-4
factor 4.036326942482341E-4 0.38566248081198473 1.5566598620059927E-4
early 4.036326942482341E-4 0.6214911916535102 2.5085416413865195E-4
npc 2.0181634712411706E-4 5.1647859739235145 0.001042338238935119
green 6.054490413723512E-4 2.169053700369523 0.0013132514835738787
race 0.003632694248234107 2.8622008809294686 0.010397500677443074
introduce 2.0181634712411706E-4 0.7339691750802005 1.481269778163876E-4
start 6.054490413723512E-4 0.8472978603872037 5.129956773282767E-4
enlarged 6.054490413723512E-4 3.7784916128036232 0.002287684124805423
engineer 2.0181634712411706E-4 2.9675613965872945 5.98902400925791E-4
way 0.0020181634712411706 0.8340526336371831 0.0016832545582990577
target 0.017154389505549948 0.8743265327751228 0.01499853789826144
manage 4.036326942482341E-4 1.4035858582299516 5.665331415660753E-4
momentum 4.036326942482341E-4 3.2188758248682006 0.0012992435216420588
equal 4.036326942482341E-4 1.293584963015623 5.221331838609982E-4
colour 4.036326942482341E-4 2.8622008809294686 0.0011552778530492306
what 4.036326942482341E-4 0.8209805520698303 3.313745921573483E-4
discomfort 4.036326942482341E-4 3.5553480614894135 0.0014350547170492083
detailed 4.036326942482341E-4 1.1394342831883648 4.5991292964212504E-4
refer 2.0181634712411706E-4 0.7827593392496325 1.5797363052464834E-4
short 4.036326942482341E-4 0.9452782687474074 3.8154521442882236E-4
time 0.006659939455095863 0.167573700159399 0.0011160306973279853
window 4.036326942482341E-4 2.120263536200091 8.55807683632731E-4
refuelling 4.036326942482341E-4 5.1647859739235145 0.002084676477870238
abreast 8.072653884964682E-4 5.1647859739235145 0.004169352955740476
usage 6.054490413723512E-4 1.8689491079191851 0.0011315534457633815
infeasible 6.054490413723512E-4 4.471638793363569 0.00270734942080539
decide 2.0181634712411706E-4 1.6384254493073527 3.306610392144001E-4
three 0.0020181634712411706 0.22314355131420976 4.5034016410536783E-4
when 0.006054490413723511 0.14750613710858965 8.930744930893419E-4
largely 4.036326942482341E-4 1.79749014393704 7.255257896819536E-4
enter 2.0181634712411706E-4 1.5538680612792897 3.135959760402199E-4
catch 0.0010090817356205853 3.0853444322436783 0.00311336471467576
case 0.0010090817356205853 0.24480504809538922 2.470283028207762E-4
discontinuity 4.036326942482341E-4 4.0661736852554045 0.0016412406398609099
promising 4.036326942482341E-4 1.8325814637483102 7.396897936421031E-4
generation 0.0010090817356205853 1.6682784124570338 0.0016834292759404983
give 8.072653884964682E-4 0.2595111954850846 2.0949440604244973E-4
pedal 4.036326942482341E-4 5.1647859739235145 0.002084676477870238
probability 4.036326942482341E-4 1.4035858582299516 5.665331415660753E-4
priority 8.072653884964682E-4 2.5998366164619773 0.0020987581162155216
auger 0.0020181634712411706 5.1647859739235145 0.01042338238935119
feasibility 0.0010090817356205853 2.169053700369523 0.0021887524726231316
coast 6.054490413723512E-4 3.7784916128036232 0.002287684124805423
provide 2.0181634712411706E-4 0.167573700159399 3.381911204024198E-5
passenger 2.0181634712411706E-4 4.471638793363569 9.0244980693513E-4
rely 2.0181634712411706E-4 1.1758019273592397 2.372960499211382E-4
minimise 0.0012108980827447023 2.7668907011251433 0.0033504226451565814
study 0.0022199798183652874 0.07103577311675174 1.576979827011643E-4
formulate 8.072653884964682E-4 1.5538680612792897 0.0012543839041608796
portion 4.036326942482341E-4 2.2744142160273495 9.180279378516043E-4
direct 4.036326942482341E-4 0.8743265327751228 3.529067740767398E-4
increment 4.036326942482341E-4 3.2188758248682006 0.0012992435216420588
aggressively 4.036326942482341E-4 5.1647859739235145 0.002084676477870238
layer 6.054490413723512E-4 1.4759065198095778 8.935861875739118E-4
gain 8.072653884964682E-4 0.9751312318970885 7.871896927524427E-4
vehicle 0.0030272452068617556 2.7668907011251433 0.008376056612891453
low 8.072653884964682E-4 0.28958865072236245 2.3377489462955597E-4
architecture 4.036326942482341E-4 1.6682784124570338 6.733717103761994E-4
means 0.0012108980827447023 0.6988778552689304 8.462698550178774E-4
explore 4.036326942482341E-4 0.9600933545325481 3.875250674197974E-4
efficient 8.072653884964682E-4 1.3581234841531944 0.0010963660820611054
initial 0.004641775983854692 0.6988778552689304 0.0032440344442351966
more 0.003834510595358224 0.05279818556697083 2.024552019722393E-4
display 0.0018163471241170535 0.16083966797805488 2.9214066837588175E-4
csvdisplay 4.036326942482341E-4 0.2669461739726028 1.077482034198195E-4
centre 4.036326942482341E-4 2.120263536200091 8.55807683632731E-4
quadratic 4.036326942482341E-4 2.5257286443082556 0.0010194666576420809
continuously 4.036326942482341E-4 2.2203469947570738 8.962046396597674E-4
great 2.0181634712411706E-4 0.5398131606392429 1.0894312020973621E-4
width 8.072653884964682E-4 3.0853444322436783 0.0024906917717406082
travel 4.036326942482341E-4 2.7668907011251433 0.0011168075483855271
choice 4.036326942482341E-4 1.4759065198095778 5.957241250492746E-4
certain 8.072653884964682E-4 0.8209805520698303 6.627491843146966E-4
small 0.0010090817356205853 0.45525577261118 4.5939028517778005E-4
before 0.0020181634712411706 0.5203950747821414 0.001050242330539135
simple 8.072653884964682E-4 1.0539121097502027 8.507867687186298E-4
section 0.0016145307769929364 0.6988778552689304 0.0011283598066905032
dal 4.036326942482341E-4 5.1647859739235145 0.002084676477870238
influence 8.072653884964682E-4 0.6874491594453075 5.549539127711867E-4
denote 6.054490413723512E-4 1.5538680612792897 9.407879281206598E-4
major 4.036326942482341E-4 0.7104386776700063 2.8675627756609743E-4
zone 0.0026236125126135215 2.169053700369523 0.005690756428820141
theoretically 4.036326942482341E-4 2.7668907011251433 0.0011168075483855271
feasible 6.054490413723512E-4 2.331572629867298 0.0014116484136431672
consider 4.036326942482341E-4 0.17435338714477774 7.037472740455207E-5
potential 0.0016145307769929364 0.4373981552111735 7.06192783388373E-4
combination 4.036326942482341E-4 0.6761496041913742 2.7291608645464146E-4
marked 0.0010090817356205853 1.79749014393704 0.001813814474204884
obtain 2.0181634712411706E-4 0.3526016185510966 7.116077064603363E-5
crisis 4.036326942482341E-4 2.6798793241355137 0.001081686911860954
tree 0.0010090817356205853 1.730798769438368 0.0017465174262748415
both 0.0016145307769929364 0.13434805253107854 2.1690906564049008E-4
most 0.0018163471241170535 0.0771896386911299 1.4020317824826824E-4
important 4.036326942482341E-4 0.2669461739726028 1.077482034198195E-4
twice 4.036326942482341E-4 2.5257286443082556 0.0010194666576420809
transfer 6.054490413723512E-4 1.5271998141971284 9.246416634896842E-4
effect 8.072653884964682E-4 0.4919571394616079 3.971399713110861E-4
keep 4.036326942482341E-4 1.4271163556401458 5.760308196327531E-4
thermodynamic 4.036326942482341E-4 5.1647859739235145 0.002084676477870238
topic 4.036326942482341E-4 1.1043429633770947 4.4574892568197567E-4
lsd 8.072653884964682E-4 5.1647859739235145 0.004169352955740476
option 2.0181634712411706E-4 1.6990500711237875 3.428960789351741E-4
ease 4.036326942482341E-4 2.5998366164619773 0.0010493790581077608
game 4.036326942482341E-4 2.7668907011251433 0.0011168075483855271
convergence 6.054490413723512E-4 2.7668907011251433 0.0016752113225782907
crucial 0.0010090817356205853 1.4035858582299516 0.0014163328539151883
contribute 2.0181634712411706E-4 0.6874491594453075 1.3873847819279668E-4
why 6.054490413723512E-4 1.4271163556401458 8.640462294491297E-4
point 4.036326942482341E-4 0.5108256237659907 2.061859228117016E-4
necessarily 4.036326942482341E-4 1.6990500711237875 6.857921578703482E-4
banking 4.036326942482341E-4 3.7784916128036232 0.0015251227498702818
general 4.036326942482341E-4 0.4734380916943703 1.910950925103412E-4
highlight 2.0181634712411706E-4 0.9306794693262548 1.8782633084283648E-4
along 0.0014127144298688194 1.2135422553420867 0.0017143886553773172
laterally 4.036326942482341E-4 5.1647859739235145 0.002084676477870238
dimension 4.036326942482341E-4 1.6682784124570338 6.733717103761994E-4
introduction 4.036326942482341E-4 0.10219094089654716 4.124760480183538E-5
fuzzy 6.054490413723512E-4 2.6798793241355137 0.001622530367791431
rest 4.036326942482341E-4 1.730798769438368 6.986069705099366E-4
move 4.036326942482341E-4 1.4512139072192063 5.857573793013951E-4
amount 0.0012108980827447023 0.9306794693262548 0.0011269579850570189
original 6.054490413723512E-4 1.1944940603713923 7.232052837768268E-4
assignment 4.036326942482341E-4 2.5257286443082556 0.0010194666576420809
deviate 2.0181634712411706E-4 3.373026504695459 6.80731887930466E-4
electric 4.036326942482341E-4 4.0661736852554045 0.0016412406398609099
clear 4.036326942482341E-4 0.990398704027877 3.997572972867314E-4
also 0.003229061553985873 0.05279818556697083 1.704885911345173E-4
enough 0.0010090817356205853 1.4512139072192063 0.0014643934482534877
heavily 4.036326942482341E-4 2.0292917579943643 8.190884996950007E-4
terminal 6.054490413723512E-4 3.0853444322436783 0.001868018828805456
velocity 4.036326942482341E-4 2.8622008809294686 0.0011552778530492306
increase 2.0181634712411706E-4 0.16083966797805488 3.246007426398686E-5
diamond 4.036326942482341E-4 4.471638793363569 0.00180489961387026
build 4.036326942482341E-4 0.9162907318741551 3.6984489682105154E-4
various 6.054490413723512E-4 0.5798184952529422 3.51050552120853E-4
mean 4.036326942482341E-4 0.5398131606392429 2.1788624041947242E-4
interaction 4.036326942482341E-4 1.1758019273592397 4.745920998422764E-4
latter 8.072653884964682E-4 1.8325814637483102 0.0014793795872842061
further 0.0014127144298688194 0.27443684570176036 3.8770089201055954E-4
front 0.0012108980827447023 3.373026504695459 0.004084391327582796
account 2.0181634712411706E-4 0.7459453661269161 1.5054396894589628E-4
simply 4.036326942482341E-4 1.4512139072192063 5.857573793013951E-4
plane 4.036326942482341E-4 2.9675613965872945 0.001197804801851582
mostly 6.054490413723512E-4 1.1758019273592397 7.118881497634146E-4
slipstream 2.0181634712411706E-4 5.1647859739235145 0.001042338238935119
bring 4.036326942482341E-4 1.3361445774344192 5.393116356950229E-4
loiacono 4.036326942482341E-4 5.1647859739235145 0.002084676477870238
abba 2.0181634712411706E-4 4.471638793363569 9.0244980693513E-4
offer 4.036326942482341E-4 1.0059028905638423 4.060152938703703E-4
path 0.0034308779011099897 2.169053700369523 0.007441758406918646
fix 2.0181634712411706E-4 1.5538680612792897 3.135959760402199E-4
complex 0.0012108980827447023 0.8472978603872037 0.0010259913546565534
assumption 8.072653884964682E-4 1.6682784124570338 0.0013467434207523987
knowledge 4.036326942482341E-4 0.8080771472339223 3.2616635609845505E-4
soft 4.036326942482341E-4 2.5257286443082556 0.0010194666576420809
addition 4.036326942482341E-4 0.7953381214564925 3.2102446880181334E-4
happen 6.054490413723512E-4 1.9867321435755685 0.0012028650717914643
planar 4.036326942482341E-4 4.0661736852554045 0.0016412406398609099
pass 4.036326942482341E-4 2.120263536200091 8.55807683632731E-4
carefully 4.036326942482341E-4 2.5257286443082556 0.0010194666576420809
profile 0.0016145307769929364 1.8325814637483102 0.0029587591745684123
opportunity 4.036326942482341E-4 1.3361445774344192 5.393116356950229E-4
july 0.0020181634712411706 2.331572629867298 0.004705494712143891
active 4.036326942482341E-4 1.1944940603713923 4.821368558512179E-4
stiffness 4.036326942482341E-4 3.7784916128036232 0.0015251227498702818
easy 4.036326942482341E-4 1.3805963400052528 5.572538203855713E-4
former 4.036326942482341E-4 2.073743520565198 8.370306843855491E-4
wheelbase 4.036326942482341E-4 5.1647859739235145 0.002084676477870238
interpretation 4.036326942482341E-4 1.4512139072192063 5.857573793013951E-4
simultaneously 8.072653884964682E-4 2.169053700369523 0.001751001978098505
competitive 4.036326942482341E-4 2.5257286443082556 0.0010194666576420809
drive 0.0016145307769929364 1.5271998141971284 0.002465711102639158
relative 0.0018163471241170535 1.0376515888784226 0.001884735479294814
average 4.036326942482341E-4 0.7104386776700063 2.8675627756609743E-4
compare 2.0181634712411706E-4 0.17435338714477774 3.518736370227603E-5
strong 4.036326942482341E-4 1.1043429633770947 4.4574892568197567E-4
be 2.0181634712411706E-4 0.017291497110061043 3.4897067830597463E-6
prove 2.0181634712411706E-4 1.0539121097502027 2.1269669217965746E-4
affect 6.054490413723512E-4 0.5596157879354227 3.388188423423346E-4
search 6.054490413723512E-4 1.0059028905638423 6.090229408055554E-4
integral 8.072653884964682E-4 2.5998366164619773 0.0020987581162155216
indicate 2.0181634712411706E-4 0.4919571394616079 9.928499282777153E-5
term 0.0020181634712411706 0.4643056081310978 9.37044617822599E-4
foot 4.036326942482341E-4 3.5553480614894135 0.0014350547170492083
contain 4.036326942482341E-4 0.6429973968744738 2.595347716950449E-4
predictive 4.036326942482341E-4 1.5012243277938677 6.05943220098433E-4
possible 0.0020181634712411706 0.38566248081198473 7.783299310029964E-4
right 4.036326942482341E-4 1.4271163556401458 5.760308196327531E-4
procedure 4.036326942482341E-4 0.8080771472339223 3.2616635609845505E-4
noticeable 4.036326942482341E-4 3.373026504695459 0.001361463775860932
actor 0.01170534813319879 2.456735772821304 0.028756947492156536
stage 6.054490413723512E-4 1.3581234841531944 8.222745615458292E-4
series 4.036326942482341E-4 1.1758019273592397 4.745920998422764E-4
complicated 4.036326942482341E-4 1.8325814637483102 7.396897936421031E-4
maximum 8.072653884964682E-4 1.2329603411991883 9.953262088389008E-4
under 0.0022199798183652874 0.7459453661269161 0.001655983658404859
analytic 4.036326942482341E-4 2.392197251683733 9.655690218703261E-4
essential 6.054490413723512E-4 1.252762968495368 7.584841383423015E-4
represent 2.0181634712411706E-4 0.4285875255290187 8.649596882523082E-5
herrmann 4.036326942482341E-4 5.1647859739235145 0.002084676477870238
do 2.0181634712411706E-4 0.14750613710858965 2.976914976964473E-5
observe 2.0181634712411706E-4 0.5496654570822546 1.1093147468864875E-4
acceleration 6.054490413723512E-4 3.373026504695459 0.002042195663791398
later 0.0012108980827447023 1.3361445774344192 0.0016179349070850686
programming 4.036326942482341E-4 1.79749014393704 7.255257896819536E-4
possibly 4.036326942482341E-4 1.6384254493073527 6.613220784288002E-4
computational 0.0016145307769929364 1.3146383722134554 0.0021225241125545193
which 0.008678102926337033 0.023122417420854212 2.0065871828390134E-4
disadvantage 4.036326942482341E-4 2.169053700369523 8.755009890492525E-4
static 4.036326942482341E-4 2.331572629867298 9.410989424287782E-4
commonly 6.054490413723512E-4 1.0216512475319812 6.185577684351047E-4
test 4.036326942482341E-4 0.44628710262841953 1.8013606564214714E-4
typically 4.036326942482341E-4 1.1394342831883648 4.5991292964212504E-4
ribbon 4.036326942482341E-4 5.1647859739235145 0.002084676477870238
limebeer 4.036326942482341E-4 5.1647859739235145 0.002084676477870238
never 4.036326942482341E-4 2.169053700369523 8.755009890492525E-4
take 6.054490413723512E-4 0.368995428326773 2.2340792835122484E-4
beneficial 4.036326942482341E-4 1.9459101490553132 7.854329562281789E-4
relatively 0.0012108980827447023 0.8209805520698303 9.941237764720448E-4
tackle 4.036326942482341E-4 2.392197251683733 9.655690218703261E-4
confusion 4.036326942482341E-4 2.6798793241355137 0.001081686911860954
bolza 4.036326942482341E-4 5.1647859739235145 0.002084676477870238
some 8.072653884964682E-4 0.2160260835453457 1.74390380258604E-4
additional 6.054490413723512E-4 0.5300569856938783 3.2092249386107667E-4
for 0.011099899091826439 0.017291497110061043 1.9193387306828605E-4
back 6.054490413723512E-4 1.6094379124341003 9.744326412315441E-4
burden 4.036326942482341E-4 1.9867321435755685 8.019100478609762E-4
random 4.036326942482341E-4 1.2329603411991883 4.976631044194504E-4
tanh 4.036326942482341E-4 3.373026504695459 0.001361463775860932
load 6.054490413723512E-4 2.169053700369523 0.0013132514835738787
rate 6.054490413723512E-4 0.5696661237889241 3.4490380855030725E-4
achievable 4.036326942482341E-4 4.471638793363569 0.00180489961387026
divide 2.0181634712411706E-4 1.0059028905638423 2.0300764693518514E-4
aerodynamic 6.054490413723512E-4 3.7784916128036232 0.002287684124805423
human 4.036326942482341E-4 0.8743265327751228 3.529067740767398E-4
over 0.0010090817356205853 0.3364722366212129 3.3952798851787373E-4
sole 4.036326942482341E-4 3.2188758248682006 0.0012992435216420588
six 4.036326942482341E-4 0.9162907318741551 3.6984489682105154E-4
bound 0.0010090817356205853 2.2203469947570738 0.0022405115991494186
length 0.0018163471241170535 1.1944940603713923 0.0021696158513304802
gp 2.0181634712411706E-4 3.7784916128036232 7.625613749351409E-4
steering 4.036326942482341E-4 4.0661736852554045 0.0016412406398609099
trajectory 0.0028254288597376388 2.456735772821304 0.006941332153279163
dimensionless 0.0010090817356205853 5.1647859739235145 0.005211691194675595
although 8.072653884964682E-4 0.4285875255290187 3.459838753009233E-4
form 6.054490413723512E-4 0.5013468798114469 3.035399877768599E-4
management 0.0026236125126135215 0.9452782687474074 0.0024800438937873453
publish 2.0181634712411706E-4 0.03488725900044054 7.040819172641885E-6
interpret 2.0181634712411706E-4 1.3581234841531944 2.7409152051527635E-4
setup 4.036326942482341E-4 2.392197251683733 9.655690218703261E-4
avoid 0.0010090817356205853 1.0376515888784226 0.0010470752662748966
significantly 0.0012108980827447023 0.5900749954201312 7.145206806298259E-4
he 2.0181634712411706E-4 1.6384254493073527 3.306610392144001E-4
assign 4.036326942482341E-4 1.0704414117014134 4.320651510399247E-4
explain 2.0181634712411706E-4 0.9751312318970885 1.967974231881107E-4
very 0.0022199798183652874 0.5596157879354227 0.0012423357552552269
big 8.072653884964682E-4 1.3581234841531944 0.0010963660820611054
regularise 4.036326942482341E-4 5.1647859739235145 0.002084676477870238
transcription 4.036326942482341E-4 2.392197251683733 9.655690218703261E-4
simulation 8.072653884964682E-4 2.331572629867298 0.0018821978848575563
adventurous 4.036326942482341E-4 5.1647859739235145 0.002084676477870238
mechanical 4.036326942482341E-4 2.120263536200091 8.55807683632731E-4
attempt 4.036326942482341E-4 1.0216512475319812 4.1237184562340314E-4
soon 6.054490413723512E-4 2.9675613965872945 0.001796707202777373
blockedzone 4.036326942482341E-4 5.1647859739235145 0.002084676477870238
transcribe 2.0181634712411706E-4 2.5998366164619773 5.246895290538804E-4
corner 6.054490413723512E-4 4.0661736852554045 0.002461860959791365
symmetrical 4.036326942482341E-4 3.7784916128036232 0.0015251227498702818
action 4.036326942482341E-4 1.4271163556401458 5.760308196327531E-4
easily 4.036326942482341E-4 1.4271163556401458 5.760308196327531E-4
majority 0.0010090817356205853 0.9452782687474074 9.538630360720559E-4
model 0.0016145307769929364 0.41985384556026406 6.778669554958855E-4
usually 8.072653884964682E-4 0.9600933545325481 7.750501348395948E-4
pitch 0.0010090817356205853 4.471638793363569 0.00451224903467565
whereas 6.054490413723512E-4 1.0872485300177945 6.582735802327717E-4
spatial 4.036326942482341E-4 2.120263536200091 8.55807683632731E-4
ocp 0.0016145307769929364 3.2188758248682006 0.005196974086568235
reduce 4.036326942482341E-4 0.3941013494578493 1.5907218948853655E-4
large 0.0014127144298688194 0.22314355131420976 3.152381148737575E-4
issue 2.0181634712411706E-4 0.7953381214564925 1.6051223440090667E-4
lower 0.0010090817356205853 2.8622008809294686 0.002888194632623076
propulsion 8.072653884964682E-4 5.1647859739235145 0.004169352955740476
undercut 4.036326942482341E-4 5.1647859739235145 0.002084676477870238
sense 2.0181634712411706E-4 1.4271163556401458 2.8801540981637655E-4
sensitive 6.054490413723512E-4 1.906689435902032 0.0011544032911616744
field 4.036326942482341E-4 0.6988778552689304 2.820899516726258E-4
contrast 4.036326942482341E-4 1.4271163556401458 5.760308196327531E-4
interval 6.054490413723512E-4 1.5538680612792897 9.407879281206598E-4
become 8.072653884964682E-4 0.6321864807702582 5.103422650012175E-4
dot 4.036326942482341E-4 2.5257286443082556 0.0010194666576420809
hyperellipsoid 4.036326942482341E-4 5.1647859739235145 0.002084676477870238
initiatively 4.036326942482341E-4 5.1647859739235145 0.002084676477870238
ability 4.036326942482341E-4 0.8881198549074587 3.5847420985164833E-4
table 8.072653884964682E-4 0.18117935221517753 1.4625982015352375E-4
together 4.036326942482341E-4 1.1394342831883648 4.5991292964212504E-4
side 0.0018163471241170535 1.6682784124570338 0.0030301726966928968
may 4.036326942482341E-4 0.15415067982725836 6.22202542188732E-5
within 6.054490413723512E-4 0.3127557100038969 1.8935764480558845E-4
max 4.036326942482341E-4 2.169053700369523 8.755009890492525E-4
could 4.036326942482341E-4 0.22314355131420976 9.006803282107357E-5
change 0.0012108980827447023 0.3941013494578493 4.7721656846560963E-4
positive 4.036326942482341E-4 0.6761496041913742 2.7291608645464146E-4
off 6.054490413723512E-4 2.392197251683733 0.001448353532805489
kinematic 2.0181634712411706E-4 4.0661736852554045 8.206203199304549E-4
generally 4.036326942482341E-4 0.9021060968821986 3.641195143823203E-4
machine 6.054490413723512E-4 1.0539121097502027 6.380900765389723E-4
able 0.0012108980827447023 0.7703368192510752 9.327993774987793E-4
efficiently 4.036326942482341E-4 2.0292917579943643 8.190884996950007E-4
complete 6.054490413723512E-4 0.8080771472339223 4.892495341476826E-4
return 4.036326942482341E-4 1.5271998141971284 6.164277756597894E-4
constant 6.054490413723512E-4 2.073743520565198 0.0012555460265783237
use 0.0022199798183652874 0.03488725900044054 7.744901089906073E-5
subject 4.036326942482341E-4 0.9021060968821986 3.641195143823203E-4
several 4.036326942482341E-4 0.3526016185510966 1.4232154129206726E-4
main 0.0022199798183652874 0.6004377824556778 0.0013329597592356115
while 0.0018163471241170535 0.20895891632225325 3.795419267205407E-4
second 0.0018163471241170535 0.4373981552111735 7.944668813119196E-4
that 0.010696266397578204 0.017291497110061043 1.8495445950216657E-4
high 0.0012108980827447023 0.11492996667397702 1.391684762954313E-4
edge 6.054490413723512E-4 2.331572629867298 0.0014116484136431672
download 4.036326942482341E-4 0.24480504809538922 9.881132112831048E-5
solution 0.0020181634712411706 1.0216512475319812 0.002061859228117016
find 0.0010090817356205853 0.16083966797805488 1.623003713199343E-4
opponent 0.0016145307769929364 3.7784916128036232 0.006100490999481127
than 0.003834510595358224 0.058840500022933395 2.2562452077411392E-4
limit 0.0022199798183652874 1.3146383722134554 0.0029184706547624637
accelerate 8.072653884964682E-4 2.5998366164619773 0.0020987581162155216
different 0.004641775983854692 0.18805223150293962 8.728963319006279E-4
combine 2.0181634712411706E-4 0.6321864807702582 1.2758556625030437E-4
approximation 0.0012108980827447023 3.0853444322436783 0.003736037657610912
ideal 4.036326942482341E-4 2.169053700369523 8.755009890492525E-4
level 4.036326942482341E-4 0.4373981552111735 1.7654819584709324E-4
author 2.0181634712411706E-4 0.017291497110061043 3.4897067830597463E-6
illustrate 2.0181634712411706E-4 1.252762968495368 2.528280461141005E-4
difficult 6.054490413723512E-4 0.7703368192510752 4.6639968874938965E-4
fill 2.0181634712411706E-4 1.8689491079191851 3.7718448192112716E-4
establish 2.0181634712411706E-4 0.9600933545325481 1.937625337098987E-4
expansion 4.036326942482341E-4 2.331572629867298 9.410989424287782E-4
daniel 0.0020181634712411706 3.7784916128036232 0.007625613749351409
entry 2.0181634712411706E-4 1.6682784124570338 3.366858551880997E-4
task 4.036326942482341E-4 1.0216512475319812 4.1237184562340314E-4
background 4.036326942482341E-4 1.6094379124341003 6.496217608210294E-4
prediction 4.036326942482341E-4 1.5012243277938677 6.05943220098433E-4
survey 2.0181634712411706E-4 1.3805963400052528 2.7862691019278564E-4
position 0.004843592330978809 1.0059028905638423 0.004872183526444443
present 2.0181634712411706E-4 0.083381608939051 1.68277717334109E-5
postpone 2.0181634712411706E-4 4.0661736852554045 8.206203199304549E-4
heat 4.036326942482341E-4 2.7668907011251433 0.0011168075483855271
behind 6.054490413723512E-4 1.6682784124570338 0.001010057565564299
favourable 4.036326942482341E-4 3.5553480614894135 0.0014350547170492083
code 6.054490413723512E-4 1.3361445774344192 8.089674535425343E-4
head 4.036326942482341E-4 1.9459101490553132 7.854329562281789E-4
total 6.054490413723512E-4 0.5108256237659907 3.092788842175524E-4
magnitude 2.0181634712411706E-4 2.0292917579943643 4.0954424984750035E-4
make 6.054490413723512E-4 0.2521310881874621 1.5265252564326665E-4
mesh 0.0020181634712411706 3.5553480614894135 0.007175273585246041
highly 6.054490413723512E-4 0.9162907318741551 5.547673452315772E-4
execution 4.036326942482341E-4 2.5998366164619773 0.0010493790581077608
chance 8.072653884964682E-4 2.169053700369523 0.001751001978098505
simulator 4.036326942482341E-4 3.7784916128036232 0.0015251227498702818
determine 2.0181634712411706E-4 0.40261203912575794 8.125369104455256E-5
nature 4.036326942482341E-4 1.0216512475319812 4.1237184562340314E-4
wheel 4.036326942482341E-4 4.0661736852554045 0.0016412406398609099
equation 0.0012108980827447023 1.6384254493073527 0.001983966235286401
interesting 4.036326942482341E-4 1.6682784124570338 6.733717103761994E-4
cross 2.0181634712411706E-4 2.392197251683733 4.8278451093516304E-4
control 0.0028254288597376388 0.5398131606392429 0.0015252036829363068
segmented 4.036326942482341E-4 2.9675613965872945 0.001197804801851582
rapidly 4.036326942482341E-4 1.906689435902032 7.696021941077829E-4
underlie 2.0181634712411706E-4 1.293584963015623 2.610665919304991E-4
regulation 4.036326942482341E-4 1.8689491079191851 7.543689638422543E-4
due 0.0024217961654894047 0.20895891632225325 5.060559022940543E-4
essentially 4.036326942482341E-4 2.456735772821304 9.916188790398805E-4
simplify 4.036326942482341E-4 2.169053700369523 8.755009890492525E-4
diagonal 4.036326942482341E-4 3.5553480614894135 0.0014350547170492083
depend 2.0181634712411706E-4 0.8472978603872037 1.7099855910942556E-4
regeneration 4.036326942482341E-4 4.471638793363569 0.00180489961387026
vary 2.0181634712411706E-4 0.9751312318970885 1.967974231881107E-4
upper 0.0012108980827447023 1.8689491079191851 0.002263106891526763
about 8.072653884964682E-4 0.377294231141468 3.045765740798934E-4
convenience 4.036326942482341E-4 4.0661736852554045 0.0016412406398609099
danger 4.036326942482341E-4 4.0661736852554045 0.0016412406398609099
curvature 4.036326942482341E-4 4.471638793363569 0.00180489961387026
objective 8.072653884964682E-4 1.121734706088964 9.055376033008791E-4
character 6.054490413723512E-4 1.8325814637483102 0.0011095346904631544
dynamics 0.0010090817356205853 2.392197251683733 0.002413922554675815
giacomo 4.036326942482341E-4 5.1647859739235145 0.002084676477870238
refinement 6.054490413723512E-4 3.0853444322436783 0.001868018828805456
recent 4.036326942482341E-4 0.5596157879354227 2.2587922822822306E-4
they 0.0010090817356205853 0.05279818556697083 5.327768472953666E-5
suspension 4.036326942482341E-4 4.471638793363569 0.00180489961387026
optimality 4.036326942482341E-4 3.2188758248682006 0.0012992435216420588
subtract 2.0181634712411706E-4 3.373026504695459 6.80731887930466E-4
allowance 0.0016145307769929364 5.1647859739235145 0.008338705911480952
then 0.0014127144298688194 0.4285875255290187 6.054717817766157E-4
execute 6.054490413723512E-4 2.331572629867298 0.0014116484136431672
quality 6.054490413723512E-4 0.7953381214564925 4.8153670320272E-4
regularisation 6.054490413723512E-4 4.471638793363569 0.00270734942080539
adopt 2.0181634712411706E-4 1.293584963015623 2.610665919304991E-4
unique 0.0010090817356205853 1.157452788691043 0.0011679644689112443
singular 4.036326942482341E-4 2.9675613965872945 0.001197804801851582
motor 6.054490413723512E-4 3.0853444322436783 0.001868018828805456
fact 8.072653884964682E-4 0.9452782687474074 7.630904288576447E-4
superiority 4.036326942482341E-4 2.9675613965872945 0.001197804801851582
torque 0.0010090817356205853 3.373026504695459 0.00340365943965233
fundamental 4.036326942482341E-4 1.906689435902032 7.696021941077829E-4
sum 4.036326942482341E-4 1.6384254493073527 6.613220784288002E-4
industry 4.036326942482341E-4 1.7635885922613586 7.118420150399026E-4
long 0.0010090817356205853 0.44628710262841953 4.5034016410536783E-4
into 0.003834510595358224 0.10854016857520597 4.16198426423595E-4
entitle 2.0181634712411706E-4 4.0661736852554045 8.206203199304549E-4
variety 2.0181634712411706E-4 1.0539121097502027 2.1269669217965746E-4
temperature 4.036326942482341E-4 2.456735772821304 9.916188790398805E-4
vector 0.0010090817356205853 1.2135422553420867 0.0012245633252695124
equality 4.036326942482341E-4 2.7668907011251433 0.0011168075483855271
apart 4.036326942482341E-4 2.169053700369523 8.755009890492525E-4
downforce 6.054490413723512E-4 5.1647859739235145 0.003127014716805357
controller 4.036326942482341E-4 2.5257286443082556 0.0010194666576420809
decision 4.036326942482341E-4 0.9452782687474074 3.8154521442882236E-4
one 0.004439959636730575 0.06491954609931569 2.882401643158315E-4
many 4.036326942482341E-4 0.20194134366360675 8.151012862305016E-5
single 8.072653884964682E-4 0.6429973968744738 5.190695433900898E-4
open 4.036326942482341E-4 0.8881198549074587 3.5847420985164833E-4
but 0.0012108980827447023 0.083381608939051 1.0096663040046539E-4
treat 2.0181634712411706E-4 0.7827593392496325 1.5797363052464834E-4
willing 4.036326942482341E-4 2.8622008809294686 0.0011552778530492306
approximate 2.0181634712411706E-4 1.9867321435755685 4.009550239304881E-4
enhancement 4.036326942482341E-4 3.2188758248682006 0.0012992435216420588
inside 6.054490413723512E-4 1.906689435902032 0.0011544032911616744
mainly 8.072653884964682E-4 1.0059028905638423 8.120305877407406E-4
lateral 8.072653884964682E-4 3.373026504695459 0.002722927551721864
zero 4.036326942482341E-4 2.073743520565198 8.370306843855491E-4
lagrange 6.054490413723512E-4 3.7784916128036232 0.002287684124805423
dynamic 4.036326942482341E-4 1.7635885922613586 7.118420150399026E-4
generate 0.0014127144298688194 0.7953381214564925 0.0011235856408063466
sector 2.0181634712411706E-4 2.073743520565198 4.1851534219277455E-4
coordinate 6.054490413723512E-4 1.906689435902032 0.0011544032911616744
ensure 6.054490413723512E-4 1.0216512475319812 6.185577684351047E-4
this 0.014934409687184663 0.017291497110061043 2.5823830194642125E-4
degree 8.072653884964682E-4 1.1394342831883648 9.198258592842501E-4
modelling 4.036326942482341E-4 1.906689435902032 7.696021941077829E-4
dense 6.054490413723512E-4 2.456735772821304 0.0014874283185598207
brake 0.0014127144298688194 4.471638793363569 0.0063171486485459095
marrakesh 8.072653884964682E-4 5.1647859739235145 0.004169352955740476
extract 2.0181634712411706E-4 0.8080771472339223 1.6308317804922753E-4
once 6.054490413723512E-4 1.4271163556401458 8.640462294491297E-4
failure 4.036326942482341E-4 1.9459101490553132 7.854329562281789E-4
solve 6.054490413723512E-4 1.4271163556401458 8.640462294491297E-4
know 2.0181634712411706E-4 0.6214911916535102 1.2542708206932598E-4
demonstrate 4.036326942482341E-4 0.5108256237659907 2.061859228117016E-4
region 4.036326942482341E-4 1.5538680612792897 6.271919520804398E-4
allow 2.0181634712411706E-4 0.5398131606392429 1.0894312020973621E-4
mass 6.054490413723512E-4 2.169053700369523 0.0013132514835738787
proper 6.054490413723512E-4 1.5538680612792897 9.407879281206598E-4
rule 2.0181634712411706E-4 1.1043429633770947 2.2287446284098783E-4
learning 4.036326942482341E-4 0.9306794693262548 3.7565266168567297E-4
reciprocal 4.036326942482341E-4 3.5553480614894135 0.0014350547170492083
derivative 6.054490413723512E-4 2.8622008809294686 0.0017329167795738457
pure 4.036326942482341E-4 2.9675613965872945 0.001197804801851582
speed 0.0062563067608476285 1.730798769438368 0.010828408042904017
life 4.036326942482341E-4 1.3581234841531944 5.481830410305527E-4
fundamentally 4.036326942482341E-4 3.7784916128036232 0.0015251227498702818
common 6.054490413723512E-4 0.3526016185510966 2.134823119381009E-4
manoeuvre 0.0016145307769929364 4.471638793363569 0.00721959845548104
themselves 4.036326942482341E-4 1.6094379124341003 6.496217608210294E-4
gap 0.003229061553985873 1.6094379124341003 0.005196974086568235
every 6.054490413723512E-4 1.0539121097502027 6.380900765389723E-4
successful 0.0026236125126135215 1.3361445774344192 0.0035055256320176485
normal 0.0018163471241170535 1.4035858582299516 0.002549399137047339
figure 0.010696266397578204 0.18805223150293962 0.0020114567648144904
previous 6.054490413723512E-4 0.32850406697203605 1.9889247243513788E-4
wide 4.036326942482341E-4 1.121734706088964 4.5276880165043954E-4
apply 2.0181634712411706E-4 0.41119578281714936 8.298603084099886E-5
recently 4.036326942482341E-4 1.5271998141971284 6.164277756597894E-4
overlook 2.0181634712411706E-4 3.7784916128036232 7.625613749351409E-4
again 4.036326942482341E-4 1.79749014393704 7.255257896819536E-4
consumption 0.0030272452068617556 2.2203469947570738 0.006721534797448255
layout 0.0012108980827447023 3.5553480614894135 0.004305164151147625
formula 0.0028254288597376388 2.2203469947570738 0.006273432477618372
step 0.0014127144298688194 0.8080771472339223 0.0011415822463445927
location 2.0181634712411706E-4 1.3805963400052528 2.7862691019278564E-4
compromise 4.036326942482341E-4 2.5998366164619773 0.0010493790581077608
base 4.036326942482341E-4 0.14090545307723773 5.68740476598336E-5
reach 2.0181634712411706E-4 1.0376515888784226 2.0941505325497932E-4
during 0.0012108980827447023 0.28958865072236245 3.5066234194433397E-4
beyond 4.036326942482341E-4 1.5538680612792897 6.271919520804398E-4
fotouhi 0.0020181634712411706 5.1647859739235145 0.01042338238935119
preparation 2.0181634712411706E-4 2.073743520565198 4.1851534219277455E-4
bianco 4.036326942482341E-4 5.1647859739235145 0.002084676477870238
loss 4.036326942482341E-4 0.9162907318741551 3.6984489682105154E-4
problem 0.0034308779011099897 0.7221347174331975 0.002477556043665864
relate 2.0181634712411706E-4 0.27443684570176036 5.538584171579422E-5
road 0.0012108980827447023 3.0853444322436783 0.003736037657610912
safety 8.072653884964682E-4 1.8325814637483102 0.0014793795872842061
enable 2.0181634712411706E-4 0.9751312318970885 1.967974231881107E-4
presence 6.054490413723512E-4 0.9751312318970885 5.903922695643321E-4
obstacle 2.0181634712411706E-4 2.7668907011251433 5.584037741927636E-4
dependent 4.036326942482341E-4 1.3805963400052528 5.572538203855713E-4
between 0.0012108980827447023 0.058840500022933395 7.124984866550966E-5
mpc 4.036326942482341E-4 3.2188758248682006 0.0012992435216420588
still 8.072653884964682E-4 0.5300569856938783 4.2789665848143554E-4
efficiency 6.054490413723512E-4 1.6384254493073527 9.919831176432004E-4
curvilinear 6.054490413723512E-4 5.1647859739235145 0.003127014716805357
natural 6.054490413723512E-4 0.6429973968744738 3.893021575425674E-4
method 0.0012108980827447023 0.0958817717032825 1.1610305352567004E-4
exceptional 4.036326942482341E-4 4.471638793363569 0.00180489961387026
lose 2.0181634712411706E-4 1.8689491079191851 3.7718448192112716E-4
come 2.0181634712411706E-4 0.990398704027877 1.998786486433657E-4
inequality 8.072653884964682E-4 2.6798793241355137 0.002163373823721908
fail 2.0181634712411706E-4 1.730798769438368 3.493034852549683E-4
insight 4.036326942482341E-4 1.0539121097502027 4.253933843593149E-4
itself 4.036326942482341E-4 1.7635885922613586 7.118420150399026E-4
lift 0.0010090817356205853 3.7784916128036232 0.0038128068746757044
force 6.054490413723512E-4 1.5271998141971284 9.246416634896842E-4
internal 4.036326942482341E-4 1.3805963400052528 5.572538203855713E-4
collocation 6.054490413723512E-4 2.8622008809294686 0.0017329167795738457
racing 8.072653884964682E-4 5.1647859739235145 0.004169352955740476
wear 4.036326942482341E-4 3.373026504695459 0.001361463775860932
range 0.0010090817356205853 0.3941013494578493 3.9768047372134137E-4
powertrain 8.072653884964682E-4 5.1647859739235145 0.004169352955740476
tyre 0.0020181634712411706 5.1647859739235145 0.01042338238935119
derive 2.0181634712411706E-4 1.2329603411991883 2.488315522097252E-4
out 0.0010090817356205853 0.368995428326773 3.723465472520414E-4
across 4.036326942482341E-4 0.7703368192510752 3.1093312583292643E-4
naturally 4.036326942482341E-4 2.2744142160273495 9.180279378516043E-4
orthogonal 6.054490413723512E-4 3.5553480614894135 0.0021525820755738125
fall 6.054490413723512E-4 1.6682784124570338 0.001010057565564299
feature 0.0014127144298688194 0.7221347174331975 0.0010201701356271206
flat 6.054490413723512E-4 2.9675613965872945 0.001796707202777373
get 2.0181634712411706E-4 1.121734706088964 2.2638440082521977E-4
violate 2.0181634712411706E-4 3.2188758248682006 6.496217608210294E-4
rectangular 6.054490413723512E-4 4.471638793363569 0.00270734942080539
power 0.006054490413723511 1.4759065198095778 0.008935861875739118
precise 6.054490413723512E-4 2.2744142160273495 0.0013770419067774063
place 6.054490413723512E-4 0.9600933545325481 5.812876011296961E-4
include 4.036326942482341E-4 0.0771896386911299 3.1156261832948495E-5
continued 4.036326942482341E-4 1.906689435902032 7.696021941077829E-4
suggest 8.072653884964682E-4 0.5013468798114469 4.047199837024798E-4
lead 0.0014127144298688194 0.3127557100038969 4.4183450454637305E-4
infeasibility 4.036326942482341E-4 4.471638793363569 0.00180489961387026
minimum 0.0016145307769929364 1.3361445774344192 0.0021572465427800915
first 0.0014127144298688194 0.167573700159399 2.3673378428169385E-4
passage 4.036326942482341E-4 3.2188758248682006 0.0012992435216420588
adequate 4.036326942482341E-4 2.120263536200091 8.55807683632731E-4
existence 4.036326942482341E-4 1.6990500711237875 6.857921578703482E-4
tight 4.036326942482341E-4 3.7784916128036232 0.0015251227498702818
space 8.072653884964682E-4 1.293584963015623 0.0010442663677219964
reference 0.0020181634712411706 1.2135422553420867 0.002449126650539025
optimisation 0.0014127144298688194 3.0853444322436783 0.004358710600546064
only 0.0014127144298688194 0.10854016857520597 1.5333626236658764E-4
should 0.0010090817356205853 0.368995428326773 3.723465472520414E-4
create 0.0012108980827447023 0.7339691750802005 8.887618668983255E-4
from 0.004843592330978809 0.023122417420854212 1.1199556369334028E-4
matlab 4.036326942482341E-4 4.0661736852554045 0.0016412406398609099
development 6.054490413723512E-4 0.5596157879354227 3.388188423423346E-4
indirect 4.036326942482341E-4 1.9459101490553132 7.854329562281789E-4
offset 4.036326942482341E-4 3.0853444322436783 0.0012453458858703041
resource 0.0010090817356205853 1.1043429633770947 0.0011143723142049392
like 4.036326942482341E-4 0.7703368192510752 3.1093312583292643E-4
bottom 4.036326942482341E-4 2.7668907011251433 0.0011168075483855271
mtm 0.0012108980827447023 5.1647859739235145 0.006254029433610714
sequence 4.036326942482341E-4 1.2729656758128876 5.1381056541388E-4
collision 0.004036326942482341 3.373026504695459 0.01361463775860932
combustion 4.036326942482341E-4 4.471638793363569 0.00180489961387026
safe 8.072653884964682E-4 2.7668907011251433 0.0022336150967710543
rotational 4.036326942482341E-4 3.373026504695459 0.001361463775860932
rectangle 4.036326942482341E-4 4.0661736852554045 0.0016412406398609099
dash 8.072653884964682E-4 5.1647859739235145 0.004169352955740476
potentially 8.072653884964682E-4 1.1394342831883648 9.198258592842501E-4
motorsport 0.0016145307769929364 5.1647859739235145 0.008338705911480952
note 4.036326942482341E-4 0.5013468798114469 2.023599918512399E-4
penalty 4.036326942482341E-4 3.0853444322436783 0.0012453458858703041
line 0.0016145307769929364 0.9021060968821986 0.0014564780575292812
spherical 4.036326942482341E-4 4.471638793363569 0.00180489961387026
scale 4.036326942482341E-4 1.2135422553420867 4.89825330107805E-4
error 4.036326942482341E-4 1.2329603411991883 4.976631044194504E-4
differential 4.036326942482341E-4 2.392197251683733 9.655690218703261E-4
can 0.007265388496468214 0.0958817717032825 6.966183211540202E-4
numerical 4.036326942482341E-4 1.6990500711237875 6.857921578703482E-4
paper 6.054490413723512E-4 0.8340526336371831 5.049763674897173E-4
car 0.02260343087790111 3.373026504695459 0.0762419714482122
parameter 6.054490413723512E-4 1.0539121097502027 6.380900765389723E-4
spend 4.036326942482341E-4 1.9867321435755685 8.019100478609762E-4
track 0.004439959636730575 1.906689435902032 0.00846562413518561
value 0.0016145307769929364 0.34450440831847723 5.562129700399229E-4
smooth 4.036326942482341E-4 2.6798793241355137 0.001081686911860954
cost 0.003229061553985873 1.1944940603713923 0.003857094846809743
quantity 2.0181634712411706E-4 2.2744142160273495 4.5901396892580215E-4
motion 2.0181634712411706E-4 2.073743520565198 4.1851534219277455E-4
limited 8.072653884964682E-4 0.5696661237889241 4.59871744733743E-4
will 0.004036326942482341 0.3526016185510966 0.0014232154129206725
advantage 0.0028254288597376388 1.0376515888784226 0.0029318107455697105
follow 2.0181634712411706E-4 0.0958817717032825 1.9350508920945007E-5
instead 0.0010090817356205853 1.0376515888784226 0.0010470752662748966
rush 2.0181634712411706E-4 5.1647859739235145 0.001042338238935119
tricky 4.036326942482341E-4 5.1647859739235145 0.002084676477870238
expensive 4.036326942482341E-4 2.331572629867298 9.410989424287782E-4
performance 0.0030272452068617556 0.7703368192510752 0.002331998443746948
variable 2.0181634712411706E-4 0.8080771472339223 1.6308317804922753E-4
challenge 4.036326942482341E-4 0.9751312318970885 3.935948463762214E-4
category 4.036326942482341E-4 0.8080771472339223 3.2616635609845505E-4
normally 6.054490413723512E-4 2.2744142160273495 0.0013770419067774063
