prepare 3.996802557953637E-4 1.79749014393704 7.184213205184013E-4
year 0.0019984012789768186 0.5203950747821414 0.0010399581830178686
numerous 7.993605115907274E-4 1.6384254493073527 0.0013096926053615928
without 7.993605115907274E-4 0.32850406697203605 2.6259317903440133E-4
via 0.001199040767386091 0.9021060968821986 0.0010816619866693027
offer 7.993605115907274E-4 1.0059028905638423 8.040790492117045E-4
quote 3.996802557953637E-4 2.8622008809294686 0.0011439651802276052
qualitative 7.993605115907274E-4 1.6990500711237875 0.0013581535340717724
complex 7.993605115907274E-4 0.8472978603872037 6.772964511488438E-4
rank 3.996802557953637E-4 1.8689491079191851 7.469820575216567E-4
because 0.001199040767386091 0.34450440831847723 4.130748301180782E-4
jeanmarie 0.002797761790567546 4.471638793363569 0.01251058015729216
grow 3.996802557953637E-4 1.2329603411991883 4.927899045560304E-4
preprocessing 7.993605115907274E-4 2.5257286443082556 0.0020189677412536015
unspecified 0.001199040767386091 3.5553480614894135 0.004263007267972917
impact 0.001199040767386091 0.6874491594453075 8.242795676802248E-4
active 0.001199040767386091 1.1944940603713923 0.001432247074785842
opportunity 0.001199040767386091 1.3361445774344192 0.0016020918194657302
personal 7.993605115907274E-4 1.8325814637483102 0.0014648932563935332
analysis 0.002398081534772182 0.13434805253107854 3.221775840073826E-4
apparent 7.993605115907274E-4 2.2203469947570738 0.0017748577096379486
population 7.993605115907274E-4 0.9021060968821986 7.211079911128686E-4
silverstein 7.993605115907274E-4 5.1647859739235145 0.0041285259583721135
dose 7.993605115907274E-4 2.331572629867298 0.001863767090221661
size 0.0015987210231814548 0.12136085700426753 1.9402215348404082E-4
correlation 7.993605115907274E-4 1.293584963015623 0.0010340407378222408
selection 7.993605115907274E-4 1.0872485300177945 8.691035411812906E-4
domain 7.993605115907274E-4 1.1394342831883648 9.10818771533465E-4
detail 3.996802557953637E-4 1.0216512475319812 4.083338319472347E-4
drive 7.993605115907274E-4 1.5271998141971284 0.0012207832247778804
much 0.001199040767386091 0.7827593392496325 9.385603588125089E-4
treatment 0.002797761790567546 0.9162907318741551 0.0025635631986886836
statistical 7.993605115907274E-4 0.653926467406664 5.227229955289081E-4
compare 3.996802557953637E-4 0.17435338714477774 6.968560637281285E-5
be 3.996802557953637E-4 0.017291497110061043 6.9110699880339895E-6
depict 3.996802557953637E-4 1.7635885922613586 7.048715396728052E-4
criterion 3.996802557953637E-4 1.0376515888784226 4.1472885246939353E-4
manual 0.0019984012789768186 1.4512139072192063 0.002900107728255808
example 3.996802557953637E-4 0.6988778552689304 2.7932767996360127E-4
result 3.996802557953637E-4 0.058840500022933395 2.3517386100293124E-5
how 0.001199040767386091 0.5496654570822546 6.59071291465533E-4
coding 0.002398081534772182 2.169053700369523 0.005201567626785427
timeframe 7.993605115907274E-4 3.7784916128036232 0.003020376988651977
search 0.001199040767386091 1.0059028905638423 0.0012061185738175566
composition 7.993605115907274E-4 2.9675613965872945 0.0023721513961529133
experimentation 0.001199040767386091 4.0661736852554045 0.00487550801589377
popularity 0.001199040767386091 2.392197251683733 0.002868342028397761
aspect 3.996802557953637E-4 0.9452782687474074 3.7780906025076233E-4
whom 7.993605115907274E-4 2.2203469947570738 0.0017748577096379486
microdosing 0.005995203836930456 5.1647859739235145 0.030963944687790856
term 7.993605115907274E-4 0.4643056081310978 3.7114756845011814E-4
indicate 3.996802557953637E-4 0.4919571394616079 1.9662555534037085E-4
after 0.0031974420463629096 0.12136085700426753 3.8804430696808164E-4
contain 0.0015987210231814548 0.6429973968744738 0.0010279734562341706
set 0.0019984012789768186 0.5108256237659907 0.001020834579868087
address 7.993605115907274E-4 0.7827593392496325 6.257069058750059E-4
tail 7.993605115907274E-4 2.9675613965872945 0.0023721513961529133
involve 3.996802557953637E-4 0.9452782687474074 3.7780906025076233E-4
sample 0.002797761790567546 0.6321864807702582 0.0017687071804123931
the 0.0815347721822542 0.017291497110061043 0.0014098582775589341
characterize 0.001199040767386091 1.4512139072192063 0.0017400646369534847
fast 3.996802557953637E-4 1.3581234841531944 5.428151415480393E-4
answer 7.993605115907274E-4 1.3805963400052528 0.0011035941966468846
meet 7.993605115907274E-4 1.1394342831883648 9.10818771533465E-4
unrelated 0.001199040767386091 2.456735772821304 0.0029457263463085175
severe 0.001199040767386091 1.157452788691043 0.0013878330799652794
stigmatize 3.996802557953637E-4 4.471638793363569 0.0017872257367560229
toxicologist 3.996802557953637E-4 5.1647859739235145 0.0020642629791860568
information 0.001199040767386091 0.3049735695618419 3.6567574287990634E-4
emerge 3.996802557953637E-4 1.293584963015623 5.170203689111204E-4
discuss 3.996802557953637E-4 0.7827593392496325 3.1285345293750297E-4
standard 7.993605115907274E-4 0.7221347174331975 5.77245977164826E-4
evidence 0.001199040767386091 0.8881198549074587 0.0010648919123590632
sometimes 7.993605115907274E-4 1.9459101490553132 0.0015554837322584439
emergency 7.993605115907274E-4 1.9867321435755685 0.001588115222682309
residual 7.993605115907274E-4 2.5257286443082556 0.0020189677412536015
recreational 0.001199040767386091 4.471638793363569 0.005361677210268068
language 0.002398081534772182 0.664976303593249 0.0015946673947080311
do 3.996802557953637E-4 0.14750613710858965 5.89552906109471E-5
good 3.996802557953637E-4 0.2160260835453457 8.634136032987437E-5
observe 3.996802557953637E-4 0.5496654570822546 2.19690430488511E-4
compute 3.996802557953637E-4 1.2729656758128876 5.087792469276129E-4
later 7.993605115907274E-4 1.3361445774344192 0.0010680612129771536
post 0.002398081534772182 1.6990500711237875 0.004074460602215318
prior 0.0019984012789768186 0.8209805520698303 0.0016406485852714435
fentanyl 0.01838529176658673 5.1647859739235145 0.09495609704255861
rare 7.993605115907274E-4 1.906689435902032 0.0015241322429272838
loperamide 7.993605115907274E-4 5.1647859739235145 0.0041285259583721135
intersection 7.993605115907274E-4 3.5553480614894135 0.0028420048453152787
exclude 3.996802557953637E-4 0.9021060968821986 3.605539955564343E-4
programming 7.993605115907274E-4 1.79749014393704 0.0014368426410368027
lexically 7.993605115907274E-4 5.1647859739235145 0.0041285259583721135
which 0.004796163069544364 0.023122417420854212 1.1089888451249022E-4
add 3.996802557953637E-4 0.7827593392496325 3.1285345293750297E-4
area 3.996802557953637E-4 0.664976303593249 2.657778991180052E-4
dedicated 7.993605115907274E-4 2.7668907011251433 0.002211743166367021
pose 3.996802557953637E-4 1.8325814637483102 7.324466281967666E-4
need 7.993605115907274E-4 0.27443684570176036 2.1937397737950467E-4
count 0.0015987210231814548 1.0376515888784226 0.0016589154098775741
its 0.001199040767386091 0.19497267434751336 2.3378018506896086E-4
agonist 0.0019984012789768186 4.471638793363569 0.008936128683780114
often 0.001199040767386091 0.5900749954201312 7.075239753238983E-4
publicly 7.993605115907274E-4 2.6798793241355137 0.002142189707542377
lack 3.996802557953637E-4 0.5696661237889241 2.276843020739105E-4
take 3.996802557953637E-4 0.368995428326773 1.4748018718096443E-4
month 3.996802557953637E-4 1.1758019273592397 4.699448150916226E-4
toxicokinetic 3.996802557953637E-4 5.1647859739235145 0.0020642629791860568
relatively 7.993605115907274E-4 0.8209805520698303 6.562594341085774E-4
however 7.993605115907274E-4 1.9459101490553132 0.0015554837322584439
some 0.002398081534772182 0.2160260835453457 5.180481619792462E-4
united 7.993605115907274E-4 1.5812670354674039 0.0012640024264327769
importance 7.993605115907274E-4 0.9600933545325481 7.674607150539953E-4
additional 0.0015987210231814548 0.5300569856938783 8.474132465129948E-4
searching 7.993605115907274E-4 1.9459101490553132 0.0015554837322584439
for 0.017985611510791366 0.017291497110061043 3.109981494615295E-4
cohort 7.993605115907274E-4 1.8325814637483102 0.0014648932563935332
choose 3.996802557953637E-4 0.7221347174331975 2.88622988582413E-4
interface 7.993605115907274E-4 1.9459101490553132 0.0015554837322584439
primarily 0.001199040767386091 1.4512139072192063 0.0017400646369534847
content 7.993605115907274E-4 1.293584963015623 0.0010340407378222408
miss 3.996802557953637E-4 1.4512139072192063 5.800215456511615E-4
duration 0.0019984012789768186 1.730798769438368 0.003458830474497138
rate 3.996802557953637E-4 0.5696661237889241 2.276843020739105E-4
corroborate 7.993605115907274E-4 3.2188758248682006 0.0025730422261136697
multiply 3.996802557953637E-4 2.456735772821304 9.819087821028394E-4
live 3.996802557953637E-4 2.5998366164619773 0.001039103363893676
perrone 0.002797761790567546 5.1647859739235145 0.0144498408543024
over 0.002797761790567546 0.3364722366212129 9.413691672056317E-4
six 0.001199040767386091 0.9162907318741551 0.00109866994229515
thwart 3.996802557953637E-4 4.471638793363569 0.0017872257367560229
lowercase 3.996802557953637E-4 3.7784916128036232 0.0015101884943259885
identify 0.0015987210231814548 0.3049735695618419 4.875676571732085E-4
spelling 7.993605115907274E-4 2.8622008809294686 0.0022879303604552105
multiple 0.0019984012789768186 0.5108256237659907 0.001020834579868087
length 0.001199040767386091 1.1944940603713923 0.001432247074785842
perform 3.996802557953637E-4 0.2669461739726028 1.0669311509696354E-4
label 3.996802557953637E-4 1.1394342831883648 4.554093857667325E-4
statistically 0.001199040767386091 1.1758019273592397 0.0014098344452748678
with 0.015587529976019185 0.017291497110061043 2.695317295333256E-4
modify 3.996802557953637E-4 1.5812670354674039 6.320012132163884E-4
although 0.0015987210231814548 0.4285875255290187 6.851918873365606E-4
hub 7.993605115907274E-4 3.2188758248682006 0.0025730422261136697
material 0.001199040767386091 1.0059028905638423 0.0012061185738175566
management 7.993605115907274E-4 0.9452782687474074 7.556181205015247E-4
publish 3.996802557953637E-4 0.03488725900044054 1.394374860129518E-5
there 0.0019984012789768186 0.12136085700426753 2.4252769185505104E-4
avoid 0.002797761790567546 1.0376515888784226 0.002903101967285755
significantly 0.001199040767386091 0.5900749954201312 7.075239753238983E-4
subset 0.001199040767386091 1.5812670354674039 0.0018960036396491653
assign 3.996802557953637E-4 1.0704414117014134 4.278342972427711E-4
very 0.001199040767386091 0.5596157879354227 6.710021438074611E-4
expert 3.996802557953637E-4 1.6094379124341003 6.432605565284174E-4
select 3.996802557953637E-4 0.5798184952529422 2.317420044975788E-4
inception 7.993605115907274E-4 3.5553480614894135 0.0028420048453152787
focus 3.996802557953637E-4 0.4285875255290187 1.7129797183414015E-4
approach 0.0015987210231814548 0.40261203912575794 6.436643311363037E-4
attempt 3.996802557953637E-4 1.0216512475319812 4.083338319472347E-4
psychiatric 7.993605115907274E-4 3.2188758248682006 0.0025730422261136697
number 0.007993605115907274 0.14750613710858965 0.001179105812218942
gradually 7.993605115907274E-4 2.2744142160273495 0.0018180769112928453
four 0.0019984012789768186 0.4643056081310978 9.278689211252953E-4
implication 3.996802557953637E-4 1.79749014393704 7.184213205184013E-4
context 7.993605115907274E-4 0.8881198549074587 7.099279415727088E-4
majority 7.993605115907274E-4 0.9452782687474074 7.556181205015247E-4
text 7.993605115907274E-4 0.8209805520698303 6.562594341085774E-4
per 7.993605115907274E-4 0.7339691750802005 5.867059752839332E-4
flow 0.0015987210231814548 1.4035858582299516 0.002243942219392409
fear 0.001199040767386091 3.2188758248682006 0.003859563339170504
order 7.993605115907274E-4 0.5900749954201312 4.716826502159322E-4
similar 0.0019984012789768186 0.20895891632225325 4.175837656320009E-4
likely 0.0019984012789768186 0.5798184952529422 0.001158710022487894
python 7.993605115907274E-4 2.120263536200091 0.0016948549450040696
lexical 0.0031974420463629096 2.120263536200091 0.006779419780016278
period 0.001199040767386091 0.7953381214564925 9.536428314826049E-4
large 0.0015987210231814548 0.22314355131420976 3.567442866733969E-4
understand 0.001199040767386091 1.0704414117014134 0.0012835028917283133
specify 3.996802557953637E-4 1.5538680612792897 6.210503842043524E-4
seaking 7.993605115907274E-4 5.1647859739235145 0.0041285259583721135
sensitive 7.993605115907274E-4 1.906689435902032 0.0015241322429272838
propose 3.996802557953637E-4 0.6214911916535102 2.483977584546404E-4
relevance 0.0015987210231814548 2.073743520565198 0.0033153373630139056
opiate 7.993605115907274E-4 5.1647859739235145 0.0041285259583721135
heavy 7.993605115907274E-4 2.5998366164619773 0.002078206727787352
afford 3.996802557953637E-4 3.2188758248682006 0.0012865211130568348
million 0.001199040767386091 1.3805963400052528 0.001655391294970327
even 7.993605115907274E-4 0.377294231141468 3.01594109625474E-4
analyze 3.996802557953637E-4 0.758066726659261 3.0298430322112747E-4
interval 0.001199040767386091 1.5538680612792897 0.0018631511526130571
partial 7.993605115907274E-4 1.6682784124570338 0.0013335558852574211
evaluate 0.0015987210231814548 0.40261203912575794 6.436643311363037E-4
affinity 7.993605115907274E-4 3.373026504695459 0.0026962641924024454
wait 7.993605115907274E-4 2.8622008809294686 0.0022879303604552105
other 0.0031974420463629096 0.0408219945202552 1.3052596169546026E-4
hundred 0.001199040767386091 2.073743520565198 0.002486503022260429
jennifer 0.002797761790567546 3.7784916128036232 0.01057131946028192
aim 7.993605115907274E-4 0.6109090823229731 4.883365965811136E-4
phenomenon 7.993605115907274E-4 1.6094379124341003 0.0012865211130568348
mention 0.0015987210231814548 0.8881198549074587 0.0014198558831454175
eight 7.993605115907274E-4 1.7635885922613586 0.0014097430793456104
literature 0.0019984012789768186 0.9306794693262548 0.0018598710418190544
prevalence 0.0015987210231814548 1.8689491079191851 0.0029879282300866268
induction 0.001199040767386091 2.7668907011251433 0.0033176147495505314
syndrome 7.993605115907274E-4 2.7668907011251433 0.002211743166367021
era 0.0035971223021582736 2.5257286443082556 0.009085354835641208
too 0.001199040767386091 1.3361445774344192 0.0016020918194657302
steadily 0.0015987210231814548 4.0661736852554045 0.006500677354525027
have 0.0035971223021582736 0.017291497110061043 6.219962989230591E-5
share 7.993605115907274E-4 1.0539121097502027 8.424557232215848E-4
elimination 7.993605115907274E-4 3.373026504695459 0.0026962641924024454
table 0.006394884092725819 0.18117935221517753 0.0011586209574112071
outcome 3.996802557953637E-4 0.8472978603872037 3.386482255744219E-4
overdose 7.993605115907274E-4 4.471638793363569 0.0035744514735120457
may 0.003996802557953637 0.15415067982725836 6.161098314438784E-4
question 3.996802557953637E-4 0.8743265327751228 3.494510522682345E-4
within 0.002398081534772182 0.3127557100038969 7.500136930549086E-4
could 0.005595523581135092 0.22314355131420976 0.0012486050033568893
change 3.996802557953637E-4 0.3941013494578493 1.5751452816061123E-4
trigger 3.996802557953637E-4 2.073743520565198 8.288343407534764E-4
draw 3.996802557953637E-4 1.1944940603713923 4.774156915952807E-4
systematic 7.993605115907274E-4 2.0292917579943643 0.0016221356978372216
analogue 3.996802557953637E-4 3.5553480614894135 0.0014210024226576393
dosing 0.002797761790567546 3.5553480614894135 0.009947016958603476
boxplot 3.996802557953637E-4 4.471638793363569 0.0017872257367560229
regard 3.996802557953637E-4 0.4919571394616079 1.9662555534037085E-4
report 3.996802557953637E-4 0.3364722366212129 1.344813096008045E-4
observable 7.993605115907274E-4 3.373026504695459 0.0026962641924024454
lipophilicity 7.993605115907274E-4 5.1647859739235145 0.0041285259583721135
complete 7.993605115907274E-4 0.8080771472339223 6.459449618176837E-4
comparable 0.001199040767386091 1.5812670354674039 0.0018960036396491653
instance 3.996802557953637E-4 1.5812670354674039 6.320012132163884E-4
use 0.009192645883293365 0.03488725900044054 3.207062178297891E-4
subject 7.993605115907274E-4 0.9021060968821986 7.211079911128686E-4
abeed 0.002797761790567546 4.471638793363569 0.01251058015729216
sign 3.996802557953637E-4 1.5812670354674039 6.320012132163884E-4
several 0.002398081534772182 0.3526016185510966 8.455674305781693E-4
klaire 7.993605115907274E-4 5.1647859739235145 0.0041285259583721135
while 0.002797761790567546 0.20895891632225325 5.846172718848013E-4
praw 7.993605115907274E-4 5.1647859739235145 0.0041285259583721135
body 7.993605115907274E-4 1.4035858582299516 0.0011219711096962044
subreddit 3.996802557953637E-4 5.1647859739235145 0.0020642629791860568
associate 3.996802557953637E-4 0.38566248081198473 1.541416789816086E-4
correspond 3.996802557953637E-4 0.8743265327751228 3.494510522682345E-4
that 0.01958433253397282 0.017291497110061043 3.386424294136655E-4
elapse 3.996802557953637E-4 3.7784916128036232 0.0015101884943259885
high 0.0015987210231814548 0.11492996667397702 1.8374095391523104E-4
download 0.001199040767386091 0.24480504809538922 2.9353123272828443E-4
lag 7.993605115907274E-4 3.2188758248682006 0.0025730422261136697
geographic 7.993605115907274E-4 2.392197251683733 0.0019122280189318409
optimize 7.993605115907274E-4 1.9867321435755685 0.001588115222682309
find 0.001199040767386091 0.16083966797805488 1.92853318918531E-4
than 0.002398081534772182 0.058840500022933395 1.4110431660175872E-4
sufficient 7.993605115907274E-4 1.5012243277938677 0.001200019446677752
supplementary 0.002797761790567546 2.5257286443082556 0.007066387094387606
different 0.002398081534772182 0.18805223150293962 4.5096458393990315E-4
chronic 0.0015987210231814548 1.8325814637483102 0.0029297865127870665
representative 7.993605115907274E-4 1.5812670354674039 0.0012640024264327769
alter 7.993605115907274E-4 2.5998366164619773 0.002078206727787352
all 0.005995203836930456 0.017291497110061043 1.0366604982050985E-4
heroin 0.002398081534772182 5.1647859739235145 0.01238557787511634
level 7.993605115907274E-4 0.4373981552111735 3.4963881311844404E-4
occur 0.001199040767386091 0.6109090823229731 7.325048948716704E-4
author 3.996802557953637E-4 0.017291497110061043 6.9110699880339895E-6
illustrate 7.993605115907274E-4 1.252762968495368 0.0010014092473983756
difficult 0.001199040767386091 0.7703368192510752 9.236652509005698E-4
less 0.0019984012789768186 0.36076492919025743 7.209530959037918E-4
bernese 0.005195843325339729 5.1647859739235145 0.02683541872941874
tool 7.993605115907274E-4 0.8743265327751228 6.98902104536469E-4
relevant 0.002398081534772182 0.7703368192510752 0.0018473305018011396
clinical 0.001199040767386091 0.9452782687474074 0.001133427180752287
condition 3.996802557953637E-4 0.8607208807193443 3.4401314177431825E-4
buprenorphine 0.018784972022382093 4.471638793363569 0.08399960962753307
contemporary 7.993605115907274E-4 2.6798793241355137 0.002142189707542377
background 7.993605115907274E-4 1.6094379124341003 0.0012865211130568348
monthly 0.001199040767386091 2.8622008809294686 0.0034318955406828157
true 0.001199040767386091 1.1394342831883648 0.0013662281573001975
retrieve 0.001199040767386091 2.0292917579943643 0.0024332035467558326
metabolism 7.993605115907274E-4 4.0661736852554045 0.0032503386772625136
present 7.993605115907274E-4 0.083381608939051 6.665196557877778E-5
collect 3.996802557953637E-4 0.6761496041913742 2.702436467591423E-4
since 0.001199040767386091 0.377294231141468 4.52391164438211E-4
datum 3.996802557953637E-4 0.167573700159399 6.697589934428417E-5
precipitate 3.996802557953637E-4 3.0853444322436783 0.0012331512518959544
behind 7.993605115907274E-4 1.6682784124570338 0.0013335558852574211
code 3.996802557953637E-4 1.3361445774344192 5.340306064885768E-4
belong 3.996802557953637E-4 1.3805963400052528 5.517970983234423E-4
displace 7.993605115907274E-4 3.5553480614894135 0.0028420048453152787
toxicologic 7.993605115907274E-4 5.1647859739235145 0.0041285259583721135
cause 3.996802557953637E-4 0.5398131606392429 2.1575266212599636E-4
respective 7.993605115907274E-4 1.9459101490553132 0.0015554837322584439
media 0.0019984012789768186 1.5812670354674039 0.0031600060660819424
total 0.002797761790567546 0.5108256237659907 0.0014291684118153218
metabolite 3.996802557953637E-4 4.0661736852554045 0.0016251693386312568
considerable 7.993605115907274E-4 1.7635885922613586 0.0014097430793456104
and 0.04596322941646683 0.017291497110061043 7.947730486239089E-4
design 3.996802557953637E-4 0.6004377824556778 2.3998312648108625E-4
today 7.993605115907274E-4 2.8622008809294686 0.0022879303604552105
define 3.996802557953637E-4 0.3526016185510966 1.4092790509636155E-4
department 7.993605115907274E-4 1.730798769438368 0.0013835321897988553
algorithmic 7.993605115907274E-4 2.5998366164619773 0.002078206727787352
make 3.996802557953637E-4 0.2521310881874621 1.0077181782072825E-4
experienced 0.0015987210231814548 1.6094379124341003 0.0025730422261136697
categorize 3.996802557953637E-4 1.730798769438368 6.917660948994276E-4
clinician 3.996802557953637E-4 2.2203469947570738 8.874288548189743E-4
social 0.0031974420463629096 1.0704414117014134 0.003422674377942169
opioid 0.009592326139088728 3.7784916128036232 0.03624452386382372
considerably 7.993605115907274E-4 2.331572629867298 0.001863767090221661
lewis 0.002797761790567546 4.471638793363569 0.01251058015729216
automatic 7.993605115907274E-4 1.5812670354674039 0.0012640024264327769
medication 3.996802557953637E-4 1.906689435902032 7.620661214636419E-4
voluntarily 7.993605115907274E-4 4.0661736852554045 0.0032503386772625136
specific 0.0031974420463629096 0.40261203912575794 0.0012873286622726073
any 0.0015987210231814548 0.2669461739726028 4.2677246038785415E-4
despite 0.001199040767386091 0.7221347174331975 8.658689657472391E-4
receptor 0.0015987210231814548 2.6798793241355137 0.004284379415084754
application 7.993605115907274E-4 0.7703368192510752 6.157768339337132E-4
conventional 7.993605115907274E-4 1.7635885922613586 0.0014097430793456104
due 0.001199040767386091 0.20895891632225325 2.505502593792005E-4
descriptive 0.001199040767386091 1.9867321435755685 0.0023821728340234632
until 7.993605115907274E-4 1.0376515888784226 8.294577049387871E-4
strategy 0.002797761790567546 0.9021060968821986 0.00252387796889504
hypothesis 3.996802557953637E-4 1.8325814637483102 7.324466281967666E-4
collapse 3.996802557953637E-4 3.373026504695459 0.0013481320962012227
vary 7.993605115907274E-4 0.9751312318970885 7.794814003973529E-4
about 0.011590727418065548 0.377294231141468 0.004373114589569373
discussion 0.001199040767386091 0.23031204079282225 2.761535261304823E-4
supply 0.002398081534772182 2.2744142160273495 0.005454230733878535
objective 7.993605115907274E-4 1.121734706088964 8.966704285283485E-4
reflect 0.001199040767386091 0.7827593392496325 9.385603588125089E-4
reddit 0.008792965627498001 5.1647859739235145 0.04541378554209325
estimate 7.993605115907274E-4 0.8743265327751228 6.98902104536469E-4
adjunct 3.996802557953637E-4 4.0661736852554045 0.0016251693386312568
recent 0.0015987210231814548 0.5596157879354227 8.94669525076615E-4
whitney 0.002797761790567546 3.7784916128036232 0.01057131946028192
they 0.002398081534772182 0.05279818556697083 1.2661435387762788E-4
temporal 0.0015987210231814548 2.169053700369523 0.003467711751190285
closely 7.993605115907274E-4 1.6990500711237875 0.0013581535340717724
remain 7.993605115907274E-4 0.7104386776700063 5.678966248361362E-4
spearman 7.993605115907274E-4 5.1647859739235145 0.0041285259583721135
uncover 7.993605115907274E-4 2.8622008809294686 0.0022879303604552105
each 0.001199040767386091 0.13434805253107854 1.610887920036913E-4
symptom 3.996802557953637E-4 1.730798769438368 6.917660948994276E-4
unique 0.001199040767386091 1.157452788691043 0.0013878330799652794
processing 0.0015987210231814548 0.7221347174331975 0.001154491954329652
must 7.993605115907274E-4 1.0376515888784226 8.294577049387871E-4
oppose 3.996802557953637E-4 2.331572629867298 9.318835451108305E-4
dosage 7.993605115907274E-4 4.0661736852554045 0.0032503386772625136
automatically 7.993605115907274E-4 1.4759065198095778 0.001179781390735074
another 0.001199040767386091 0.40261203912575794 4.827482483522277E-4
association 0.0035971223021582736 1.0376515888784226 0.003732559672224542
recommend 3.996802557953637E-4 1.3581234841531944 5.428151415480393E-4
sum 7.993605115907274E-4 1.6384254493073527 0.0013096926053615928
seek 0.001199040767386091 1.3581234841531944 0.001628445424644118
two 0.001199040767386091 0.11492996667397702 1.3780571543642328E-4
long 7.993605115907274E-4 0.44628710262841953 3.567442866733969E-4
into 7.993605115907274E-4 0.10854016857520597 8.676272468042044E-5
current 7.993605115907274E-4 0.4919571394616079 3.932511106807417E-4
specificity 7.993605115907274E-4 2.5257286443082556 0.0020189677412536015
pow 0.012789768185451638 5.1647859739235145 0.06605641533395382
where 0.001199040767386091 0.32850406697203605 3.9388976855160194E-4
attribute 3.996802557953637E-4 1.293584963015623 5.170203689111204E-4
relationship 7.993605115907274E-4 0.758066726659261 6.059686064422549E-4
popular 7.993605115907274E-4 1.252762968495368 0.0010014092473983756
key 0.001199040767386091 0.9751312318970885 0.0011692221005960293
receive 3.996802557953637E-4 0.653926467406664 2.6136149776445405E-4
expression 7.993605115907274E-4 1.2729656758128876 0.0010175584938552258
participate 7.993605115907274E-4 1.5812670354674039 0.0012640024264327769
one 0.0035971223021582736 0.06491954609931569 2.335235471198406E-4
withdrawal 0.009192645883293365 4.0661736852554045 0.037378894788518906
many 0.0035971223021582736 0.20194134366360675 7.264077110201682E-4
consensus 0.001199040767386091 2.073743520565198 0.002486503022260429
diagram 0.0015987210231814548 1.9867321435755685 0.003176230445364618
such 0.0019984012789768186 0.10219094089654716 2.0421850698750432E-4
appear 3.996802557953637E-4 0.7459453661269161 2.9813963474297205E-4
evolve 3.996802557953637E-4 2.331572629867298 9.318835451108305E-4
nlp 0.002797761790567546 0.41119578281714936 0.0011504278496083315
describe 0.001199040767386091 0.28958865072236245 3.472285979884442E-4
iteratively 7.993605115907274E-4 2.9675613965872945 0.0023721513961529133
abovementioned 7.993605115907274E-4 3.5553480614894135 0.0028420048453152787
adverse 7.993605115907274E-4 2.073743520565198 0.0016576686815069528
partially 7.993605115907274E-4 2.169053700369523 0.0017338558755951425
through 0.001199040767386091 0.2595111954850846 3.111645029797177E-4
but 0.001199040767386091 0.083381608939051 9.997794836816665E-5
medical 0.0019984012789768186 0.9600933545325481 0.0019186517876349882
treat 0.001199040767386091 0.7827593392496325 9.385603588125089E-4
available 0.001199040767386091 0.5696661237889241 6.830529062217315E-4
rapid 7.993605115907274E-4 1.906689435902032 0.0015241322429272838
seven 0.0019984012789768186 1.5538680612792897 0.0031052519210217617
express 3.996802557953637E-4 0.8743265327751228 3.494510522682345E-4
nicole 0.002797761790567546 3.7784916128036232 0.01057131946028192
source 3.996802557953637E-4 0.7703368192510752 3.078884169668566E-4
research 0.0015987210231814548 0.40261203912575794 6.436643311363037E-4
participant 3.996802557953637E-4 1.6094379124341003 6.432605565284174E-4
frequency 3.996802557953637E-4 1.0216512475319812 4.083338319472347E-4
initiate 7.993605115907274E-4 2.456735772821304 0.001963817564205679
incomplete 7.993605115907274E-4 2.456735772821304 0.001963817564205679
continue 7.993605115907274E-4 1.5812670354674039 0.0012640024264327769
variant 3.996802557953637E-4 1.9867321435755685 7.940576113411545E-4
generate 7.993605115907274E-4 0.7953381214564925 6.3576188765507E-4
anecdotal 7.993605115907274E-4 4.471638793363569 0.0035744514735120457
actual 7.993605115907274E-4 1.293584963015623 0.0010340407378222408
last 0.004796163069544364 0.7459453661269161 0.0035776756169156646
might 0.001199040767386091 0.7339691750802005 8.800589629258999E-4
widely 7.993605115907274E-4 1.0059028905638423 8.040790492117045E-4
this 0.008792965627498001 0.017291497110061043 1.5204353973674776E-4
iterative 7.993605115907274E-4 2.169053700369523 0.0017338558755951425
uncomfortable 7.993605115907274E-4 3.5553480614894135 0.0028420048453152787
nelson 0.002797761790567546 3.373026504695459 0.009436924673408559
collection 0.0019984012789768186 0.9600933545325481 0.0019186517876349882
develop 3.996802557953637E-4 0.32850406697203605 1.3129658951720066E-4
significant 7.993605115907274E-4 0.377294231141468 3.01594109625474E-4
sharing 7.993605115907274E-4 2.169053700369523 0.0017338558755951425
finding 7.993605115907274E-4 0.7459453661269161 5.962792694859441E-4
measure 3.996802557953637E-4 0.48265474679929443 1.929075726615885E-4
overlap 3.996802557953637E-4 1.9867321435755685 7.940576113411545E-4
extract 3.996802557953637E-4 0.8080771472339223 3.2297248090884187E-4
median 0.001199040767386091 1.7635885922613586 0.0021146146190184154
name 3.996802557953637E-4 1.157452788691043 4.6261102665509315E-4
know 3.996802557953637E-4 0.6214911916535102 2.483977584546404E-4
pharmacologic 7.993605115907274E-4 5.1647859739235145 0.0041285259583721135
yearly 0.0019984012789768186 3.0853444322436783 0.006165756259479772
thematic 0.0019984012789768186 2.6798793241355137 0.0053554742688559425
internet 7.993605115907274E-4 2.2744142160273495 0.0018180769112928453
full 0.0035971223021582736 0.14750613710858965 5.30597615498524E-4
allow 3.996802557953637E-4 0.5398131606392429 2.1575266212599636E-4
preview 3.996802557953637E-4 4.471638793363569 0.0017872257367560229
displacing 7.993605115907274E-4 4.471638793363569 0.0035744514735120457
absence 7.993605115907274E-4 1.3581234841531944 0.0010856302830960787
show 7.993605115907274E-4 0.0771896386911299 6.1702349073645E-5
detect 0.0019984012789768186 0.8881198549074587 0.001774819853931772
description 3.996802557953637E-4 1.157452788691043 4.6261102665509315E-4
we 3.996802557953637E-4 0.19497267434751336 7.792672835632028E-5
conclusion 7.993605115907274E-4 0.28958865072236245 2.3148573199229612E-4
not 0.005195843325339729 0.03488725900044054 1.8126873181683735E-4
negative 7.993605115907274E-4 0.6321864807702582 5.053449086892552E-4
initiation 0.005595523581135092 2.5257286443082556 0.014132774188775211
common 0.0015987210231814548 0.3526016185510966 5.637116203854462E-4
interest 0.001199040767386091 1.0059028905638423 0.0012061185738175566
street 7.993605115907274E-4 2.7668907011251433 0.002211743166367021
factor 3.996802557953637E-4 0.38566248081198473 1.541416789816086E-4
wilcoxon 7.993605115907274E-4 4.0661736852554045 0.0032503386772625136
figure 0.004396482813749001 0.18805223150293962 8.267684038898225E-4
wide 3.996802557953637E-4 1.121734706088964 4.4833521426417423E-4
apply 3.996802557953637E-4 0.41119578281714936 1.6434683565833306E-4
recently 7.993605115907274E-4 1.5271998141971284 0.0012207832247778804
substance 7.993605115907274E-4 3.0853444322436783 0.002466302503791909
start 7.993605115907274E-4 0.8472978603872037 6.772964511488438E-4
generic 0.001199040767386091 2.120263536200091 0.002542282417506104
way 7.993605115907274E-4 0.8340526336371831 6.667087399178121E-4
what 0.0015987210231814548 0.8209805520698303 0.0013125188682171548
refer 3.996802557953637E-4 0.7827593392496325 3.1285345293750297E-4
detailed 7.993605115907274E-4 1.1394342831883648 9.10818771533465E-4
short 3.996802557953637E-4 0.9452782687474074 3.7780906025076233E-4
risk 0.0015987210231814548 0.758066726659261 0.0012119372128845099
step 3.996802557953637E-4 0.8080771472339223 3.2297248090884187E-4
location 3.996802557953637E-4 1.3805963400052528 5.517970983234423E-4
time 0.005595523581135092 0.167573700159399 9.376625908199786E-4
anthony 0.002797761790567546 5.1647859739235145 0.0144498408543024
rise 3.996802557953637E-4 1.7635885922613586 7.048715396728052E-4
base 3.996802557953637E-4 0.14090545307723773 5.6317127528871994E-5
employ 3.996802557953637E-4 1.1944940603713923 4.774156915952807E-4
moe 7.993605115907274E-4 5.1647859739235145 0.0041285259583721135
trend 3.996802557953637E-4 1.1394342831883648 4.554093857667325E-4
usage 7.993605115907274E-4 1.8689491079191851 0.0014939641150433134
program 7.993605115907274E-4 1.6094379124341003 0.0012865211130568348
during 0.001199040767386091 0.28958865072236245 3.472285979884442E-4
type 7.993605115907274E-4 0.3364722366212129 2.68962619201609E-4
when 0.001199040767386091 0.14750613710858965 1.7686587183284128E-4
three 0.001199040767386091 0.22314355131420976 2.6755821500504766E-4
april 0.001199040767386091 1.906689435902032 0.0022861983643909256
spadaro 0.002797761790567546 5.1647859739235145 0.0144498408543024
twitter 7.993605115907274E-4 2.456735772821304 0.001963817564205679
relate 3.996802557953637E-4 0.27443684570176036 1.0968698868975233E-4
review 3.996802557953637E-4 0.4734380916943703 1.8922385759167476E-4
urinary 7.993605115907274E-4 3.7784916128036232 0.003020376988651977
specifically 0.0015987210231814548 1.3805963400052528 0.002207188393293769
presence 0.001199040767386091 0.9751312318970885 0.0011692221005960293
between 0.005995203836930456 0.058840500022933395 3.5276079150439683E-4
guide 3.996802557953637E-4 1.5012243277938677 6.00009723338876E-4
case 7.993605115907274E-4 0.24480504809538922 1.9568748848552294E-4
give 3.996802557953637E-4 0.2595111954850846 1.0372150099323925E-4
still 0.001199040767386091 0.5300569856938783 6.355599348847461E-4
subscriber 7.993605115907274E-4 5.1647859739235145 0.0041285259583721135
researcher 3.996802557953637E-4 1.0539121097502027 4.212278616107924E-4
method 0.004396482813749001 0.0958817717032825 4.2154256144528676E-4
natural 0.002398081534772182 0.6429973968744738 0.001541960184351256
exist 3.996802557953637E-4 0.664976303593249 2.657778991180052E-4
analog 3.996802557953637E-4 3.7784916128036232 0.0015101884943259885
provide 3.996802557953637E-4 0.167573700159399 6.697589934428417E-5
hospitalize 3.996802557953637E-4 3.373026504695459 0.0013481320962012227
among 0.002797761790567546 0.32850406697203605 9.190761266204046E-4
utilize 3.996802557953637E-4 1.2729656758128876 5.087792469276129E-4
prolong 7.993605115907274E-4 4.0661736852554045 0.0032503386772625136
exact 7.993605115907274E-4 1.5271998141971284 0.0012207832247778804
refined 7.993605115907274E-4 2.5257286443082556 0.0020189677412536015
completely 7.993605115907274E-4 1.3805963400052528 0.0011035941966468846
theory 7.993605115907274E-4 1.4271163556401458 0.0011407804601440013
oud 0.006794564348521183 4.471638793363569 0.030382837524852387
primary 7.993605115907274E-4 0.9306794693262548 7.439484167276217E-4
care 7.993605115907274E-4 1.1758019273592397 9.398896301832452E-4
study 0.004796163069544364 0.07103577311675174 3.406991516390971E-4
explicitly 7.993605115907274E-4 1.5812670354674039 0.0012640024264327769
pattern 3.996802557953637E-4 0.9751312318970885 3.8974070019867646E-4
range 0.0019984012789768186 0.3941013494578493 7.875726408030562E-4
distribution 0.0019984012789768186 0.9600933545325481 0.0019186517876349882
unknown 7.993605115907274E-4 1.79749014393704 0.0014368426410368027
predetermine 3.996802557953637E-4 2.9675613965872945 0.0011860756980764566
low 7.993605115907274E-4 0.28958865072236245 2.3148573199229612E-4
theme 0.0015987210231814548 2.120263536200091 0.003389709890008139
fatality 3.996802557953637E-4 4.471638793363569 0.0017872257367560229
regular 7.993605115907274E-4 1.9459101490553132 0.0015554837322584439
comorbid 7.993605115907274E-4 3.7784916128036232 0.003020376988651977
include 7.993605115907274E-4 0.0771896386911299 6.1702349073645E-5
desire 7.993605115907274E-4 1.5812670354674039 0.0012640024264327769
explore 7.993605115907274E-4 0.9600933545325481 7.674607150539953E-4
initial 0.001199040767386091 0.6988778552689304 8.379830398908038E-4
more 0.002797761790567546 0.05279818556697083 1.4771674619056587E-4
display 0.0019984012789768186 0.16083966797805488 3.214221981975517E-4
csvdisplay 0.001199040767386091 0.2669461739726028 3.2007934529089063E-4
consistent 0.001199040767386091 0.9306794693262548 0.0011159226250914325
suggest 7.993605115907274E-4 0.5013468798114469 4.007568983304931E-4
lead 0.001199040767386091 0.3127557100038969 3.750068465274543E-4
fraction 0.001199040767386091 2.2203469947570738 0.002662286564456923
filter 3.996802557953637E-4 1.8325814637483102 7.324466281967666E-4
help 7.993605115907274E-4 0.6874491594453075 5.495197117868165E-4
disorder 0.0019984012789768186 2.169053700369523 0.004334639688987856
additionally 7.993605115907274E-4 2.6798793241355137 0.002142189707542377
anonymous 0.001199040767386091 5.1647859739235145 0.00619278893755817
self 7.993605115907274E-4 4.471638793363569 0.0035744514735120457
summarize 3.996802557953637E-4 1.121734706088964 4.4833521426417423E-4
proactively 7.993605115907274E-4 4.471638793363569 0.0035744514735120457
incidence 7.993605115907274E-4 1.6094379124341003 0.0012865211130568348
first 0.0015987210231814548 0.167573700159399 2.679035973771367E-4
small 0.0015987210231814548 0.45525577261118 7.278269745982094E-4
date 0.001199040767386091 1.6384254493073527 0.001964538908042389
before 0.0019984012789768186 0.5203950747821414 0.0010399581830178686
own 7.993605115907274E-4 1.293584963015623 0.0010340407378222408
experience 0.0015987210231814548 1.1043429633770947 0.0017655363123534687
forensic 7.993605115907274E-4 5.1647859739235145 0.0041285259583721135
escalate 3.996802557953637E-4 4.471638793363569 0.0017872257367560229
drug 0.0015987210231814548 1.906689435902032 0.0030482644858545677
protocol 7.993605115907274E-4 1.6384254493073527 0.0013096926053615928
barrier 7.993605115907274E-4 2.073743520565198 0.0016576686815069528
pharmacology 7.993605115907274E-4 5.1647859739235145 0.0041285259583721135
only 0.0015987210231814548 0.10854016857520597 1.7352544936084089E-4
emphasis 7.993605115907274E-4 2.8622008809294686 0.0022879303604552105
should 7.993605115907274E-4 0.368995428326773 2.9496037436192886E-4
few 7.993605115907274E-4 0.5013468798114469 4.007568983304931E-4
from 0.009192645883293365 0.023122417420854212 2.1255619531560625E-4
potential 7.993605115907274E-4 0.4373981552111735 3.4963881311844404E-4
day 0.001199040767386091 0.8881198549074587 0.0010648919123590632
exaggerate 3.996802557953637E-4 4.471638793363569 0.0017872257367560229
combination 7.993605115907274E-4 0.6761496041913742 5.404872935182846E-4
group 0.001199040767386091 0.41119578281714936 4.930405069749992E-4
obtain 7.993605115907274E-4 0.3526016185510966 2.818558101927231E-4
discover 3.996802557953637E-4 1.7635885922613586 7.048715396728052E-4
development 7.993605115907274E-4 0.5596157879354227 4.473347625383075E-4
exploration 7.993605115907274E-4 2.073743520565198 0.0016576686815069528
manually 0.002797761790567546 1.4512139072192063 0.004060150819558132
individual 7.993605115907274E-4 0.6214911916535102 4.967955169092807E-4
timing 7.993605115907274E-4 2.331572629867298 0.001863767090221661
guidebook 7.993605115907274E-4 5.1647859739235145 0.0041285259583721135
history 7.993605115907274E-4 1.2329603411991883 9.855798091120609E-4
retrievable 7.993605115907274E-4 5.1647859739235145 0.0041285259583721135
both 7.993605115907274E-4 0.13434805253107854 1.0739252800246086E-4
most 0.0019984012789768186 0.0771896386911299 1.542558726841125E-4
important 0.001199040767386091 0.2669461739726028 3.2007934529089063E-4
phrase 3.996802557953637E-4 1.9459101490553132 7.777418661292219E-4
person 3.996802557953637E-4 0.9021060968821986 3.605539955564343E-4
effect 3.996802557953637E-4 0.4919571394616079 1.9662555534037085E-4
topic 7.993605115907274E-4 1.1043429633770947 8.827681561767343E-4
ground 3.996802557953637E-4 1.8689491079191851 7.469820575216567E-4
potentially 0.001199040767386091 1.1394342831883648 0.0013662281573001975
who 0.0031974420463629096 0.44628710262841953 0.0014269771466935877
acute 7.993605115907274E-4 2.169053700369523 0.0017338558755951425
note 3.996802557953637E-4 0.5013468798114469 2.0037844916524655E-4
limitation 0.001199040767386091 0.6988778552689304 8.379830398908038E-4
ascertain 7.993605115907274E-4 3.2188758248682006 0.0025730422261136697
unexpected 0.001199040767386091 2.169053700369523 0.0026007838133927136
curate 7.993605115907274E-4 3.373026504695459 0.0026962641924024454
part 7.993605115907274E-4 0.4285875255290187 3.425959436682803E-4
scale 7.993605115907274E-4 1.2135422553420867 9.700577580672155E-4
distinct 0.001199040767386091 1.6990500711237875 0.002037230301107659
platform 7.993605115907274E-4 1.4759065198095778 0.001179781390735074
network 7.993605115907274E-4 0.990398704027877 7.916856147305171E-4
can 0.0019984012789768186 0.0958817717032825 1.916102552024031E-4
general 7.993605115907274E-4 0.4734380916943703 3.784477151833495E-4
candidate 7.993605115907274E-4 2.073743520565198 0.0016576686815069528
public 7.993605115907274E-4 1.3361445774344192 0.0010680612129771536
along 0.001199040767386091 1.2135422553420867 0.0014550866371008232
parallel 7.993605115907274E-4 1.6094379124341003 0.0012865211130568348
patient 7.993605115907274E-4 0.8743265327751228 6.98902104536469E-4
abstinence 0.002398081534772182 4.0661736852554045 0.00975101603178754
regimen 3.996802557953637E-4 3.2188758248682006 0.0012865211130568348
value 3.996802557953637E-4 0.34450440831847723 1.376916100393594E-4
toxicology 0.001199040767386091 5.1647859739235145 0.00619278893755817
amount 0.001199040767386091 0.9306794693262548 0.0011159226250914325
process 0.001199040767386091 0.41985384556026406 5.034218771705804E-4
grave 3.996802557953637E-4 3.7784916128036232 0.0015101884943259885
therapy 7.993605115907274E-4 1.9867321435755685 0.001588115222682309
february 0.002797761790567546 2.2203469947570738 0.006212001983732821
alternative 0.001199040767386091 1.3146383722134554 0.0015763050026540231
match 3.996802557953637E-4 1.5271998141971284 6.103916123889402E-4
also 0.0019984012789768186 0.05279818556697083 1.055119615646899E-4
increase 0.001199040767386091 0.16083966797805488 1.92853318918531E-4
follow 3.996802557953637E-4 0.0958817717032825 3.8322051040480615E-5
trade 7.993605115907274E-4 3.2188758248682006 0.0025730422261136697
surveil 7.993605115907274E-4 5.1647859739235145 0.0041285259583721135
various 7.993605115907274E-4 0.5798184952529422 4.634840089951576E-4
variable 7.993605115907274E-4 0.8080771472339223 6.459449618176837E-4
challenge 3.996802557953637E-4 0.9751312318970885 3.8974070019867646E-4
growth 7.993605115907274E-4 1.4512139072192063 0.001160043091302323
further 0.0019984012789768186 0.27443684570176036 5.484349434487617E-4
category 7.993605115907274E-4 0.8080771472339223 6.459449618176837E-4
user 3.996802557953637E-4 1.293584963015623 5.170203689111204E-4
