extent 0.0013054830287206266 1.3805963400052528 0.0018023450913906695
optimal 8.703220191470844E-4 1.2329603411991883 0.0010730725336807556
sufficiently 0.0013054830287206266 2.120263536200091 0.002767968062924401
year 8.703220191470844E-4 0.5203950747821414 4.529112922385913E-4
mutually 0.0013054830287206266 3.5553480614894135 0.004641446555469208
accuracy 8.703220191470844E-4 1.0539121097502027 9.1724291536136E-4
annotate 4.351610095735422E-4 1.8689491079191851 8.132937806436837E-4
without 8.703220191470844E-4 0.32850406697203605 2.8590432286513146E-4
via 8.703220191470844E-4 0.9021060968821986 7.851227997234104E-4
setting 0.0026109660574412533 1.1394342831883648 0.0029750242380897256
evaluation 8.703220191470844E-4 0.7827593392496325 6.812526886419778E-4
would 0.002175805047867711 0.5013468798114469 0.0010908330718264728
poor 0.0013054830287206266 0.9452782687474074 0.001234044737268156
record 0.0026109660574412533 0.8340526336371831 0.00217768311654617
understanding 0.0013054830287206266 0.990398704027877 0.0012929486997752964
warrant 8.703220191470844E-4 2.9675613965872945 0.002582734026620796
diagnostic 0.0013054830287206266 2.0292917579943643 0.0026492059503842877
because 0.0013054830287206266 0.34450440831847723 4.497446583792131E-4
calculate 4.351610095735422E-4 0.7221347174331975 3.1424487268633485E-4
prevention 8.703220191470844E-4 2.331572629867298 0.0020292189990141845
addition 4.351610095735422E-4 0.7953381214564925 3.461001398853318E-4
cdc 0.0013054830287206266 4.0661736852554045 0.005308320737931338
agreement 8.703220191470844E-4 1.906689435902032 0.001659433799740672
thus 8.703220191470844E-4 0.8881198549074587 7.729502653676751E-4
documentation 0.004786771105308964 2.392197251683733 0.011450900682559209
pool 8.703220191470844E-4 2.331572629867298 0.0020292189990141845
july 0.0013054830287206266 2.331572629867298 0.0030438284985212765
active 0.0017406440382941688 1.1944940603713923 0.002079188964963259
coincide 8.703220191470844E-4 3.2188758248682006 0.002801458507283029
personal 8.703220191470844E-4 1.8325814637483102 0.0015949359997809488
require 0.0017406440382941688 0.3127557100038969 5.443963620607431E-4
analysis 8.703220191470844E-4 0.13434805253107854 1.1692606834732683E-4
apparent 8.703220191470844E-4 2.2203469947570738 0.0019324168796841373
population 8.703220191470844E-4 0.9021060968821986 7.851227997234104E-4
prioritization 8.703220191470844E-4 4.471638793363569 0.0038917657035366137
duvall 0.002175805047867711 5.1647859739235145 0.011237567393219135
size 8.703220191470844E-4 0.12136085700426753 1.056230261133747E-4
crabb 8.703220191470844E-4 5.1647859739235145 0.004495026957287654
drive 4.351610095735422E-4 1.5271998141971284 6.645778129665484E-4
relative 8.703220191470844E-4 1.0376515888784226 9.03091026003849E-4
appropriate 8.703220191470844E-4 1.0539121097502027 9.1724291536136E-4
usefulness 8.703220191470844E-4 2.5998366164619773 0.0022626950534917123
be 4.351610095735422E-4 0.017291497110061043 7.524585339452151E-6
least 0.0013054830287206266 0.653926467406664 8.536899052306319E-4
utility 8.703220191470844E-4 2.2744142160273495 0.001979472772869756
manual 0.0013054830287206266 1.4512139072192063 0.001894535126918024
uncertainty 8.703220191470844E-4 1.9867321435755685 0.0017290967307011039
virus 8.703220191470844E-4 2.8622008809294686 0.002491036449895099
result 8.703220191470844E-4 0.058840500022933395 5.1210182787583456E-5
gold 8.703220191470844E-4 2.7668907011251433 0.002408085901762527
coding 0.004786771105308964 2.169053700369523 0.010382763578792321
how 8.703220191470844E-4 0.5496654570822546 4.7838595046323287E-4
nightly 8.703220191470844E-4 5.1647859739235145 0.004495026957287654
adoption 8.703220191470844E-4 2.331572629867298 0.0020292189990141845
unlike 8.703220191470844E-4 1.6682784124570338 0.0014519394364290981
national 8.703220191470844E-4 1.293584963015623 0.0011258354769500636
after 0.0013054830287206266 0.12136085700426753 1.5843453917006205E-4
scott 0.002175805047867711 3.5553480614894135 0.0077357442591153465
close 8.703220191470844E-4 0.6988778552689304 6.082487861348393E-4
annotation 0.0013054830287206266 2.120263536200091 0.002767968062924401
kristine 0.002175805047867711 5.1647859739235145 0.011237567393219135
predictive 0.004786771105308964 1.5012243277938677 0.007186017234870559
kreisler 0.002175805047867711 5.1647859739235145 0.011237567393219135
sample 0.0013054830287206266 0.6321864807702582 8.253087216321908E-4
march 0.0017406440382941688 2.169053700369523 0.003775550392288117
the 0.08050478677110531 0.017291497110061043 0.001392048287798648
diagnose 4.351610095735422E-4 1.5538680612792897 6.761827942903785E-4
emerge 4.351610095735422E-4 1.293584963015623 5.629177384750318E-4
validity 8.703220191470844E-4 2.073743520565198 0.0018048246480114865
under 0.0013054830287206266 0.7459453661269161 9.738190158314832E-4
misclassification 8.703220191470844E-4 3.5553480614894135 0.003094297703646139
quarter 0.005657093124456049 3.0853444322436783 0.017454080774224463
standard 8.703220191470844E-4 0.7221347174331975 6.284897453726697E-4
acceptable 8.703220191470844E-4 2.120263536200091 0.0018453120419496005
evidence 0.0017406440382941688 0.8881198549074587 0.0015459005307353502
sharply 8.703220191470844E-4 4.471638793363569 0.0038917657035366137
rural 8.703220191470844E-4 2.7668907011251433 0.002408085901762527
emergency 8.703220191470844E-4 1.9867321435755685 0.0017290967307011039
language 8.703220191470844E-4 0.664976303593249 5.787435192282411E-4
do 4.351610095735422E-4 0.14750613710858965 6.418891954246721E-5
pandemic 0.0034812880765883376 2.9675613965872945 0.010330936106483184
good 4.351610095735422E-4 0.2160260835453457 9.4006128609811E-5
assessment 8.703220191470844E-4 1.2729656758128876 0.0011078900572784052
prior 0.0017406440382941688 0.8209805520698303 0.0014290349035158056
midst 8.703220191470844E-4 4.471638793363569 0.0038917657035366137
discharge 8.703220191470844E-4 2.331572629867298 0.0020292189990141845
implement 4.351610095735422E-4 1.0376515888784226 4.515455130019245E-4
exclude 4.351610095735422E-4 0.9021060968821986 3.925613998617052E-4
train 4.351610095735422E-4 1.252762968495368 5.45153598126792E-4
which 0.004351610095735422 0.023122417420854212 1.0061974508639778E-4
area 4.351610095735422E-4 0.664976303593249 2.8937175961412054E-4
commonly 0.0013054830287206266 1.0216512475319812 0.0013337483649242575
test 0.0034812880765883376 0.44628710262841953 0.0015536539691154727
need 0.0013054830287206266 0.27443684570176036 3.582726445192694E-4
pose 4.351610095735422E-4 1.8325814637483102 7.974679998904744E-4
attributable 8.703220191470844E-4 3.7784916128036232 0.0032885044497855728
count 4.351610095735422E-4 1.0376515888784226 4.515455130019245E-4
its 8.703220191470844E-4 0.19497267434751336 1.6968901161663479E-4
often 8.703220191470844E-4 0.5900749954201312 5.135552614622551E-4
consent 8.703220191470844E-4 1.4035858582299516 0.0012215716781809847
volume 8.703220191470844E-4 1.3581234841531944 0.0011820047729792814
never 8.703220191470844E-4 2.169053700369523 0.0018877751961440584
take 8.703220191470844E-4 0.368995428326773 3.2114484623740034E-4
aside 8.703220191470844E-4 2.7668907011251433 0.002408085901762527
month 4.351610095735422E-4 1.1758019273592397 5.116631537681634E-4
immediate 8.703220191470844E-4 2.073743520565198 0.0018048246480114865
guideline 4.351610095735422E-4 1.5538680612792897 6.761827942903785E-4
therefore 8.703220191470844E-4 1.1394342831883648 9.916747460299083E-4
relatively 0.0013054830287206266 0.8209805520698303 0.0010717761776368542
useful 8.703220191470844E-4 0.9162907318741551 7.974679998904744E-4
however 8.703220191470844E-4 1.9459101490553132 0.0016935684500046242
some 0.0026109660574412533 0.2160260835453457 5.64036771658866E-4
private 8.703220191470844E-4 2.331572629867298 0.0020292189990141845
additional 8.703220191470844E-4 0.5300569856938783 4.6132026605211337E-4
for 0.02349869451697128 0.017291497110061043 4.0632760833041615E-4
choose 8.703220191470844E-4 0.7221347174331975 6.284897453726697E-4
burden 8.703220191470844E-4 1.9867321435755685 0.0017290967307011039
random 8.703220191470844E-4 1.2329603411991883 0.0010730725336807556
benjamin 0.002175805047867711 3.7784916128036232 0.008221261124463931
rate 8.703220191470844E-4 0.5696661237889241 4.957929710956694E-4
provider 8.703220191470844E-4 1.9459101490553132 0.0016935684500046242
scope 8.703220191470844E-4 1.9459101490553132 0.0016935684500046242
end 8.703220191470844E-4 0.8607208807193443 7.491043348297165E-4
enumerate 4.351610095735422E-4 3.5553480614894135 0.0015471488518230695
surveillance 0.006527415143603133 2.7668907011251433 0.01806064426321895
pcr 0.0013054830287206266 3.2188758248682006 0.0042021877609245434
hypothesize 4.351610095735422E-4 2.2744142160273495 9.89736386434878E-4
over 0.0017406440382941688 0.3364722366212129 5.856783927262191E-4
unacceptable 8.703220191470844E-4 4.471638793363569 0.0038917657035366137
six 8.703220191470844E-4 0.9162907318741551 7.974679998904744E-4
identify 0.0013054830287206266 0.3049735695618419 3.981378192713341E-4
false 0.006527415143603133 2.169053700369523 0.014158313971080437
perform 4.351610095735422E-4 0.2669461739726028 1.1616456656771226E-4
multiple 0.0017406440382941688 0.5108256237659907 8.891655766161718E-4
retrospective 0.0013054830287206266 1.4271163556401458 0.0018630761822978406
monitor 8.703220191470844E-4 1.9867321435755685 0.0017290967307011039
counter 8.703220191470844E-4 3.373026504695459 0.0029356192382031846
improvement 8.703220191470844E-4 0.9306794693262548 8.099908349227631E-4
billable 8.703220191470844E-4 5.1647859739235145 0.004495026957287654
versus 8.703220191470844E-4 1.6094379124341003 0.0014007292536415146
with 0.008703220191470844 0.017291497110061043 1.50491706789043E-4
although 0.0026109660574412533 0.4285875255290187 0.0011190274817990044
material 4.351610095735422E-4 1.0059028905638423 4.3772971739070596E-4
approximately 8.703220191470844E-4 0.9452782687474074 8.226964915121038E-4
service 4.351610095735422E-4 1.2329603411991883 5.365362668403778E-4
publish 4.351610095735422E-4 0.03488725900044054 1.5181574847885351E-5
there 0.0013054830287206266 0.12136085700426753 1.5843453917006205E-4
well 0.0013054830287206266 0.3127557100038969 4.082972715455573E-4
suitable 8.703220191470844E-4 1.121734706088964 9.762704143507084E-4
appealing 8.703220191470844E-4 3.5553480614894135 0.003094297703646139
comprehensive 0.0013054830287206266 1.3805963400052528 0.0018023450913906695
prompt 4.351610095735422E-4 1.8689491079191851 8.132937806436837E-4
assign 0.0013054830287206266 1.0704414117014134 0.0013974430962159444
slightly 8.703220191470844E-4 1.5271998141971284 0.0013291556259330969
practice 0.0017406440382941688 1.0376515888784226 0.001806182052007698
select 8.703220191470844E-4 0.5798184952529422 5.046288035273648E-4
education 8.703220191470844E-4 1.730798769438368 0.0015063522797548895
release 8.703220191470844E-4 1.79749014393704 0.0015643952514682682
focus 8.703220191470844E-4 0.4285875255290187 3.730091605996681E-4
favorable 8.703220191470844E-4 2.5257286443082556 0.002198197253531989
construct 4.351610095735422E-4 1.2135422553420867 5.280862729948158E-4
entire 8.703220191470844E-4 1.1944940603713923 0.0010395944824816295
approach 0.002175805047867711 0.40261203912575794 8.760053070621365E-4
newly 8.703220191470844E-4 2.392197251683733 0.0020819819422834922
number 8.703220191470844E-4 0.14750613710858965 1.2837783908493442E-4
surveille 4.351610095735422E-4 4.471638793363569 0.0019458828517683068
four 8.703220191470844E-4 0.4643056081310978 4.0409539436997194E-4
context 8.703220191470844E-4 0.8881198549074587 7.729502653676751E-4
easily 0.0013054830287206266 1.4271163556401458 0.0018630761822978406
majority 0.0017406440382941688 0.9452782687474074 0.0016453929830242077
whereas 0.0017406440382941688 1.0872485300177945 0.0018925126719195728
portal 8.703220191470844E-4 3.7784916128036232 0.0032885044497855728
write 4.351610095735422E-4 0.9162907318741551 3.987339999452372E-4
validation 8.703220191470844E-4 1.79749014393704 0.0015643952514682682
order 4.351610095735422E-4 0.5900749954201312 2.5677763073112756E-4
reduce 8.703220191470844E-4 0.3941013494578493 3.429950822087461E-4
similar 0.0017406440382941688 0.20895891632225325 3.6372309194474017E-4
likely 0.0017406440382941688 0.5798184952529422 0.0010092576070547296
period 0.002175805047867711 0.7953381214564925 0.001730500699426659
large 4.351610095735422E-4 0.22314355131420976 9.710337306971704E-5
testing 0.0013054830287206266 1.293584963015623 0.0016887532154250954
understand 8.703220191470844E-4 1.0704414117014134 9.316287308106296E-4
sensitive 8.703220191470844E-4 1.906689435902032 0.001659433799740672
classification 8.703220191470844E-4 0.9600933545325481 8.355903868864648E-4
propose 4.351610095735422E-4 0.6214911916535102 2.704487344010053E-4
system 0.0030461270670147957 0.36076492919025743 0.0010989358156361193
likelihood 0.0013054830287206266 1.7635885922613586 0.0023023349768425045
million 8.703220191470844E-4 1.3805963400052528 0.0012015633942604462
even 0.0017406440382941688 0.377294231141468 6.567349541191784E-4
supplement 0.0013054830287206266 2.331572629867298 0.0030438284985212765
integration 8.703220191470844E-4 2.2203469947570738 0.0019324168796841373
interval 8.703220191470844E-4 1.5538680612792897 0.001352365588580757
evaluate 8.703220191470844E-4 0.40261203912575794 3.504021228248546E-4
status 8.703220191470844E-4 1.3805963400052528 0.0012015633942604462
vaccination 0.0013054830287206266 3.5553480614894135 0.004641446555469208
become 4.351610095735422E-4 0.6321864807702582 2.7510290721073025E-4
template 4.351610095735422E-4 3.5553480614894135 0.0015471488518230695
other 0.0030461270670147957 0.0408219945202552 1.2434898243767904E-4
proportion 0.0013054830287206266 1.4271163556401458 0.0018630761822978406
aim 4.351610095735422E-4 0.6109090823229731 2.6584381302131117E-4
against 8.703220191470844E-4 0.9600933545325481 8.355903868864648E-4
tailor 4.351610095735422E-4 2.8622008809294686 0.0012455182249475494
healthcare 0.004786771105308964 1.9867321435755685 0.009510032018856071
valid 8.703220191470844E-4 1.79749014393704 0.0015643952514682682
prevalence 0.0017406440382941688 1.8689491079191851 0.0032531751225747347
world 8.703220191470844E-4 1.4035858582299516 0.0012215716781809847
too 8.703220191470844E-4 1.3361445774344192 0.0011628760465051515
inquiry 4.351610095735422E-4 3.373026504695459 0.0014678096191015923
yield 4.351610095735422E-4 1.4512139072192063 6.315117089726746E-4
have 0.004351610095735422 0.017291497110061043 7.52458533945215E-5
administer 4.351610095735422E-4 2.0292917579943643 8.830686501280959E-4
december 0.0026109660574412533 1.3361445774344192 0.003488628139515455
share 4.351610095735422E-4 1.0539121097502027 4.5862145768068E-4
barbara 0.002175805047867711 5.1647859739235145 0.011237567393219135
table 0.0039164490861618795 0.18117935221517753 7.095797084145333E-4
particularly 8.703220191470844E-4 0.9751312318970885 8.486781826780579E-4
may 0.006527415143603133 0.15415067982725836 0.0010062054819011642
within 0.0030461270670147957 0.3127557100038969 9.526936336063005E-4
could 0.0017406440382941688 0.22314355131420976 3.8841349227886816E-4
change 8.703220191470844E-4 0.3941013494578493 3.429950822087461E-4
health 8.703220191470844E-4 0.990398704027877 8.619657998501975E-4
inaccuracy 4.351610095735422E-4 3.7784916128036232 0.0016442522248927864
positive 0.011314186248912098 0.6761496041913742 0.007650082553949404
demographic 8.703220191470844E-4 1.4271163556401458 0.0012420507881985602
corporate 8.703220191470844E-4 3.5553480614894135 0.003094297703646139
future 0.0026109660574412533 0.48265474679929443 0.00126019516135586
report 4.351610095735422E-4 0.3364722366212129 1.4641959818155478E-4
complete 8.703220191470844E-4 0.8080771472339223 7.03287334407243E-4
covid 8.703220191470844E-4 3.7784916128036232 0.0032885044497855728
coder 4.351610095735422E-4 3.2188758248682006 0.0014007292536415146
instance 0.0017406440382941688 1.5812670354674039 0.0027524230382374305
use 0.0013054830287206266 0.03488725900044054 4.554472454365606E-5
precision 8.703220191470844E-4 1.8689491079191851 0.0016265875612873674
several 8.703220191470844E-4 0.3526016185510966 3.068769526119205E-4
screen 4.351610095735422E-4 1.7635885922613586 7.674449922808349E-4
stratified 8.703220191470844E-4 2.7668907011251433 0.002408085901762527
serve 4.351610095735422E-4 1.1944940603713923 5.197972412408148E-4
while 0.0030461270670147957 0.20895891632225325 6.365154109032954E-4
lab 0.0017406440382941688 2.8622008809294686 0.004982072899790198
jone 4.351610095735422E-4 3.7784916128036232 0.0016442522248927864
cough 8.703220191470844E-4 4.471638793363569 0.0038917657035366137
associate 4.351610095735422E-4 0.38566248081198473 1.6782527450478013E-4
second 8.703220191470844E-4 0.4373981552111735 3.806772456145983E-4
that 0.008268059181897302 0.017291497110061043 1.4296712144959086E-4
download 0.0017406440382941688 0.24480504809538922 4.2611844751155653E-4
high 0.002175805047867711 0.11492996667397702 2.5006520164050697E-4
lag 4.351610095735422E-4 3.2188758248682006 0.0014007292536415146
solution 8.703220191470844E-4 1.0216512475319812 8.891655766161716E-4
find 4.351610095735422E-4 0.16083966797805488 6.999115229680368E-5
whether 0.0017406440382941688 0.5300569856938783 9.226405321042267E-4
sufficient 0.0013054830287206266 1.5012243277938677 0.0019598228822374254
than 0.0017406440382941688 0.058840500022933395 1.0242036557516691E-4
function 8.703220191470844E-4 0.5496654570822546 4.7838595046323287E-4
drg 8.703220191470844E-4 5.1647859739235145 0.004495026957287654
international 8.703220191470844E-4 1.5538680612792897 0.001352365588580757
different 8.703220191470844E-4 0.18805223150293962 1.6366599782675337E-4
directly 8.703220191470844E-4 0.7703368192510752 6.704410959539384E-4
representative 8.703220191470844E-4 1.5812670354674039 0.0013762115191187153
all 0.005221932114882507 0.017291497110061043 9.029502407342582E-5
new 8.703220191470844E-4 0.36076492919025743 3.1398166161031977E-4
ideal 8.703220191470844E-4 2.169053700369523 0.0018877751961440584
workflow 8.703220191470844E-4 2.7668907011251433 0.002408085901762527
level 0.0013054830287206266 0.4373981552111735 5.710158684218975E-4
occur 8.703220191470844E-4 0.6109090823229731 5.316876260426223E-4
author 4.351610095735422E-4 0.017291497110061043 7.524585339452151E-6
bodilsen 8.703220191470844E-4 5.1647859739235145 0.004495026957287654
diagnosis 0.008268059181897302 1.4512139072192063 0.011998722470480819
less 8.703220191470844E-4 0.36076492919025743 3.1398166161031977E-4
appropriateness 8.703220191470844E-4 4.0661736852554045 0.0035388804919542246
basis 8.703220191470844E-4 1.293584963015623 0.0011258354769500636
expense 8.703220191470844E-4 2.7668907011251433 0.002408085901762527
tool 0.002175805047867711 0.8743265327751228 0.0019023640834967858
expansion 4.351610095735422E-4 2.331572629867298 0.0010146094995070922
relevant 8.703220191470844E-4 0.7703368192510752 6.704410959539384E-4
feed 8.703220191470844E-4 2.0292917579943643 0.0017661373002561917
entry 8.703220191470844E-4 1.6682784124570338 0.0014519394364290981
quantify 8.703220191470844E-4 2.0292917579943643 0.0017661373002561917
clinical 0.007832898172323759 0.9452782687474074 0.007404268423608935
unit 8.703220191470844E-4 1.1043429633770947 9.611339977172277E-4
condition 4.351610095735422E-4 0.8607208807193443 3.7455216741485824E-4
hybrid 8.703220191470844E-4 2.073743520565198 0.0018048246480114865
contemporary 8.703220191470844E-4 2.6798793241355137 0.002332357984452144
improve 0.0026109660574412533 0.377294231141468 9.851024311787677E-4
true 0.0017406440382941688 1.1394342831883648 0.0019833494920598166
october 0.0013054830287206266 2.0292917579943643 0.0026492059503842877
present 0.0017406440382941688 0.083381608939051 1.451377005031349E-4
since 0.0017406440382941688 0.377294231141468 6.567349541191784E-4
datum 4.351610095735422E-4 0.167573700159399 7.292154053933812E-5
facilitate 8.703220191470844E-4 1.2729656758128876 0.0011078900572784052
code 0.009573542210617928 1.3361445774344192 0.012791636511556667
paradigm 8.703220191470844E-4 2.5998366164619773 0.0022626950534917123
university 8.703220191470844E-4 1.1043429633770947 9.611339977172277E-4
box 0.002175805047867711 2.2203469947570738 0.004831042199210343
epidemiologic 0.0013054830287206266 4.0661736852554045 0.005308320737931338
effective 8.703220191470844E-4 0.8472978603872037 7.374219846711955E-4
total 0.0017406440382941688 0.5108256237659907 8.891655766161718E-4
and 0.03220191470844212 0.017291497110061043 5.568193151194591E-4
leadership 8.703220191470844E-4 3.2188758248682006 0.002801458507283029
design 8.703220191470844E-4 0.6004377824556778 5.225742231990233E-4
define 8.703220191470844E-4 0.3526016185510966 3.068769526119205E-4
dictate 8.703220191470844E-4 3.7784916128036232 0.0032885044497855728
department 0.0026109660574412533 1.730798769438368 0.004519056839264669
viable 8.703220191470844E-4 2.7668907011251433 0.002408085901762527
make 4.351610095735422E-4 0.2521310881874621 1.097176188805318E-4
categorize 4.351610095735422E-4 1.730798769438368 7.531761398774447E-4
determine 0.0013054830287206266 0.40261203912575794 5.256031842372819E-4
categorization 8.703220191470844E-4 3.2188758248682006 0.002801458507283029
inpatient 0.004351610095735422 2.9675613965872945 0.012913670133103978
abstraction 0.0013054830287206266 3.373026504695459 0.004403428857304777
considerably 8.703220191470844E-4 2.331572629867298 0.0020292189990141845
accord 4.351610095735422E-4 0.4919571394616079 2.140805654750252E-4
coronavirus 8.703220191470844E-4 3.373026504695459 0.0029356192382031846
unnecessary 8.703220191470844E-4 2.8622008809294686 0.002491036449895099
control 8.703220191470844E-4 0.5398131606392429 4.698112799297153E-4
requirement 8.703220191470844E-4 1.6990500711237875 0.001478720688532452
specific 0.0017406440382941688 0.40261203912575794 7.008042456497092E-4
despite 0.0013054830287206266 0.7221347174331975 9.427346180590046E-4
budgeting 8.703220191470844E-4 4.471638793363569 0.0038917657035366137
prioritize 4.351610095735422E-4 2.9675613965872945 0.001291367013310398
monotonically 8.703220191470844E-4 4.471638793363569 0.0038917657035366137
underlie 4.351610095735422E-4 1.293584963015623 5.629177384750318E-4
due 0.0034812880765883376 0.20895891632225325 7.274461838894803E-4
stable 8.703220191470844E-4 1.8689491079191851 0.0016265875612873674
generalizable 8.703220191470844E-4 3.5553480614894135 0.003094297703646139
makoto 0.002175805047867711 5.1647859739235145 0.011237567393219135
until 8.703220191470844E-4 1.0376515888784226 9.03091026003849E-4
maintenance 8.703220191470844E-4 2.5257286443082556 0.002198197253531989
reason 0.0017406440382941688 0.7221347174331975 0.0012569794907453394
inform 8.703220191470844E-4 2.392197251683733 0.0020819819422834922
accurate 0.0017406440382941688 1.3805963400052528 0.0024031267885208925
vary 8.703220191470844E-4 0.9751312318970885 8.486781826780579E-4
shift 4.351610095735422E-4 1.5538680612792897 6.761827942903785E-4
empirical 8.703220191470844E-4 1.8325814637483102 0.0015949359997809488
periodically 8.703220191470844E-4 3.7784916128036232 0.0032885044497855728
discussion 8.703220191470844E-4 0.23031204079282225 2.0044564037669473E-4
outpatient 0.0034812880765883376 2.456735772821304 0.00855260495325084
objective 4.351610095735422E-4 1.121734706088964 4.881352071753542E-4
cover 4.351610095735422E-4 1.0704414117014134 4.658143654053148E-4
identification 8.703220191470844E-4 1.3146383722134554 0.0011441587225530507
extremely 8.703220191470844E-4 1.9459101490553132 0.0016935684500046242
estimate 4.351610095735422E-4 0.8743265327751228 3.804728166993572E-4
concurrently 8.703220191470844E-4 3.5553480614894135 0.003094297703646139
exclusive 0.0013054830287206266 3.5553480614894135 0.004641446555469208
they 0.0030461270670147957 0.05279818556697083 1.6082998214481976E-4
element 4.351610095735422E-4 1.1758019273592397 5.116631537681634E-4
comprise 4.351610095735422E-4 1.4759065198095778 6.42256971196509E-4
remain 4.351610095735422E-4 0.7104386776700063 3.091552122149723E-4
sampling 8.703220191470844E-4 1.8689491079191851 0.0016265875612873674
unnecessarily 8.703220191470844E-4 4.471638793363569 0.0038917657035366137
warehouse 8.703220191470844E-4 4.471638793363569 0.0038917657035366137
flood 8.703220191470844E-4 4.0661736852554045 0.0035388804919542246
each 0.0026109660574412533 0.13434805253107854 3.507782050419805E-4
quality 8.703220191470844E-4 0.7953381214564925 6.922002797706636E-4
vaccinate 4.351610095735422E-4 4.471638793363569 0.0019458828517683068
symptom 4.351610095735422E-4 1.730798769438368 7.531761398774447E-4
unique 8.703220191470844E-4 1.157452788691043 0.0010073566481210122
processing 8.703220191470844E-4 0.7221347174331975 6.284897453726697E-4
difference 8.703220191470844E-4 0.36076492919025743 3.1398166161031977E-4
annually 8.703220191470844E-4 3.5553480614894135 0.003094297703646139
complexity 8.703220191470844E-4 1.5271998141971284 0.0013291556259330969
nevertheless 8.703220191470844E-4 3.0853444322436783 0.0026852431960345327
access 0.0013054830287206266 1.1394342831883648 0.0014875121190448628
examine 4.351610095735422E-4 0.8881198549074587 3.8647513268383755E-4
document 8.703220191470844E-4 0.8743265327751228 7.609456333987144E-4
iaa 8.703220191470844E-4 4.0661736852554045 0.0035388804919542246
annotator 8.703220191470844E-4 2.8622008809294686 0.002491036449895099
availability 8.703220191470844E-4 1.6384254493073527 0.0014259577452631442
two 0.0013054830287206266 0.11492996667397702 1.500391209843042E-4
seek 4.351610095735422E-4 1.3581234841531944 5.910023864896407E-4
long 4.351610095735422E-4 0.44628710262841953 1.9420674613943408E-4
augment 4.351610095735422E-4 2.2203469947570738 9.662084398420687E-4
into 0.0013054830287206266 0.10854016857520597 1.4169734800940727E-4
unfamiliarity 8.703220191470844E-4 4.471638793363569 0.0038917657035366137
current 0.0013054830287206266 0.4919571394616079 6.422416964250756E-4
routine 8.703220191470844E-4 2.073743520565198 0.0018048246480114865
scenario 4.351610095735422E-4 1.79749014393704 7.821976257341341E-4
audit 8.703220191470844E-4 4.471638793363569 0.0038917657035366137
specificity 8.703220191470844E-4 2.5257286443082556 0.002198197253531989
structured 0.0017406440382941688 1.3805963400052528 0.0024031267885208925
where 0.002175805047867711 0.32850406697203605 7.147608071628286E-4
attribute 8.703220191470844E-4 1.293584963015623 0.0011258354769500636
mechanism 4.351610095735422E-4 1.1043429633770947 4.8056699885861386E-4
situation 4.351610095735422E-4 1.4512139072192063 6.315117089726746E-4
validate 8.703220191470844E-4 1.5538680612792897 0.001352365588580757
pend 4.351610095735422E-4 4.471638793363569 0.0019458828517683068
calendar 0.002175805047867711 3.373026504695459 0.007339048095507961
phenotype 8.703220191470844E-4 3.373026504695459 0.0029356192382031846
receive 4.351610095735422E-4 0.653926467406664 2.84563301743544E-4
bother 4.351610095735422E-4 4.471638793363569 0.0019458828517683068
necessary 8.703220191470844E-4 0.8607208807193443 7.491043348297165E-4
accordance 8.703220191470844E-4 1.6384254493073527 0.0014259577452631442
one 0.0030461270670147957 0.06491954609931569 1.977531865514403E-4
restrictive 8.703220191470844E-4 4.0661736852554045 0.0035388804919542246
many 0.0013054830287206266 0.20194134366360675 2.636309969498783E-4
declaration 8.703220191470844E-4 1.7635885922613586 0.0015348899845616698
prognosis 8.703220191470844E-4 2.073743520565198 0.0018048246480114865
confirm 8.703220191470844E-4 0.8209805520698303 7.145174517579028E-4
single 8.703220191470844E-4 0.6429973968744738 5.596147927541112E-4
evolve 4.351610095735422E-4 2.331572629867298 0.0010146094995070922
such 0.0017406440382941688 0.10219094089654716 1.7787805203924658E-4
appear 8.703220191470844E-4 0.7459453661269161 6.492126772209887E-4
face 4.351610095735422E-4 1.5538680612792897 6.761827942903785E-4
nlp 0.002175805047867711 0.41119578281714936 8.946818599154685E-4
ppv 0.010443864229765013 2.456735772821304 0.025657814859752524
mortality 8.703220191470844E-4 2.392197251683733 0.0020819819422834922
fourth 8.703220191470844E-4 2.0292917579943643 0.0017661373002561917
chart 0.0017406440382941688 1.6990500711237875 0.002957441377064904
but 0.002175805047867711 0.083381608939051 1.814221256289186E-4
through 0.0030461270670147957 0.2595111954850846 7.905040767604841E-4
detriment 8.703220191470844E-4 5.1647859739235145 0.004495026957287654
calculation 8.703220191470844E-4 1.6094379124341003 0.0014007292536415146
medical 0.0026109660574412533 0.9600933545325481 0.0025067711606593943
treat 4.351610095735422E-4 0.7827593392496325 3.406263443209889E-4
administration 4.351610095735422E-4 2.169053700369523 9.438875980720292E-4
available 8.703220191470844E-4 0.5696661237889241 4.957929710956694E-4
seven 0.0017406440382941688 1.5538680612792897 0.002704731177161514
run 4.351610095735422E-4 1.5012243277938677 6.532742940791417E-4
icd 0.0026109660574412533 5.1647859739235145 0.013485080871862962
source 8.703220191470844E-4 0.7703368192510752 6.704410959539384E-4
participant 4.351610095735422E-4 1.6094379124341003 7.003646268207573E-4
research 0.0026109660574412533 0.40261203912575794 0.0010512063684745639
frequency 0.0013054830287206266 1.0216512475319812 0.0013337483649242575
either 0.0013054830287206266 0.7827593392496325 0.0010218790329629666
ambiguity 8.703220191470844E-4 2.7668907011251433 0.002408085901762527
trivial 8.703220191470844E-4 3.5553480614894135 0.003094297703646139
kadri 0.0017406440382941688 5.1647859739235145 0.008990053914575307
continue 8.703220191470844E-4 1.5812670354674039 0.0013762115191187153
variant 4.351610095735422E-4 1.9867321435755685 8.645483653505519E-4
five 8.703220191470844E-4 0.9021060968821986 7.851227997234104E-4
sector 8.703220191470844E-4 2.073743520565198 0.0018048246480114865
statistic 8.703220191470844E-4 2.9675613965872945 0.002582734026620796
ensure 8.703220191470844E-4 1.0216512475319812 8.891655766161716E-4
authoritative 8.703220191470844E-4 3.7784916128036232 0.0032885044497855728
attractive 8.703220191470844E-4 3.373026504695459 0.0029356192382031846
usual 8.703220191470844E-4 2.456735772821304 0.00213815123831271
outreach 8.703220191470844E-4 5.1647859739235145 0.004495026957287654
might 0.0013054830287206266 0.7339691750802005 9.581843016712801E-4
adapt 8.703220191470844E-4 1.5271998141971284 0.0013291556259330969
degree 0.0017406440382941688 1.1394342831883648 0.0019833494920598166
this 0.008268059181897302 0.017291497110061043 1.4296712144959086E-4
insufficient 8.703220191470844E-4 2.073743520565198 0.0018048246480114865
reasonably 8.703220191470844E-4 3.0853444322436783 0.0026852431960345327
develop 4.351610095735422E-4 0.32850406697203605 1.4295216143256573E-4
significant 8.703220191470844E-4 0.377294231141468 3.283674770595892E-4
intrinsic 8.703220191470844E-4 2.7668907011251433 0.002408085901762527
finding 4.351610095735422E-4 0.7459453661269161 3.2460633861049437E-4
surprising 8.703220191470844E-4 2.6798793241355137 0.002332357984452144
phenotyping 8.703220191470844E-4 4.471638793363569 0.0038917657035366137
decrease 4.351610095735422E-4 0.7827593392496325 3.406263443209889E-4
extract 4.351610095735422E-4 0.8080771472339223 3.516436672036215E-4
measure 8.703220191470844E-4 0.48265474679929443 4.200650537852867E-4
institutional 0.0013054830287206266 1.3361445774344192 0.0017443140697577274
especially 8.703220191470844E-4 0.7104386776700063 6.183104244299446E-4
laboratory 0.0039164490861618795 2.2744142160273495 0.0089076274779139
overall 0.0017406440382941688 0.7339691750802005 0.00127757906889504
demonstrate 4.351610095735422E-4 0.5108256237659907 2.2229139415404296E-4
suboptimal 0.0013054830287206266 3.373026504695459 0.004403428857304777
region 4.351610095735422E-4 1.5538680612792897 6.761827942903785E-4
support 8.703220191470844E-4 0.5300569856938783 4.6132026605211337E-4
full 0.0013054830287206266 0.14750613710858965 1.9256675862740162E-4
breakthrough 8.703220191470844E-4 3.7784916128036232 0.0032885044497855728
update 8.703220191470844E-4 1.6682784124570338 0.0014519394364290981
description 4.351610095735422E-4 1.157452788691043 5.036783240605061E-4
effort 4.351610095735422E-4 1.252762968495368 5.45153598126792E-4
we 4.351610095735422E-4 0.19497267434751336 8.484450580831739E-5
conclusion 8.703220191470844E-4 0.28958865072236245 2.5203537921876626E-4
not 0.009573542210617928 0.03488725900044054 3.3399464665347773E-4
minimal 8.703220191470844E-4 1.906689435902032 0.001659433799740672
negative 0.0013054830287206266 0.6321864807702582 8.253087216321908E-4
common 0.0017406440382941688 0.3526016185510966 6.13753905223841E-4
interest 8.703220191470844E-4 1.0059028905638423 8.754594347814119E-4
throughout 0.0030461270670147957 1.4759065198095778 0.004495798798375563
definition 0.0017406440382941688 1.252762968495368 0.002180614392507168
factor 0.0013054830287206266 0.38566248081198473 5.034758235143404E-4
early 0.0030461270670147957 0.6214911916535102 0.0018931411408070373
summary 8.703220191470844E-4 1.3581234841531944 0.0011820047729792814
allocation 0.0013054830287206266 2.120263536200091 0.002767968062924401
figure 0.0013054830287206266 0.18805223150293962 2.454989967401301E-4
disease 0.0030461270670147957 1.1758019273592397 0.0035816420763771445
slight 8.703220191470844E-4 2.7668907011251433 0.002408085901762527
apply 8.703220191470844E-4 0.41119578281714936 3.578727439661874E-4
introduce 4.351610095735422E-4 0.7339691750802005 3.1939476722376E-4
center 4.351610095735422E-4 1.5812670354674039 6.881057595593576E-4
way 8.703220191470844E-4 0.8340526336371831 7.258943721820566E-4
bypass 8.703220191470844E-4 3.5553480614894135 0.003094297703646139
vaccine 8.703220191470844E-4 4.0661736852554045 0.0035388804919542246
what 8.703220191470844E-4 0.8209805520698303 7.145174517579028E-4
guidance 8.703220191470844E-4 2.7668907011251433 0.002408085901762527
detailed 8.703220191470844E-4 1.1394342831883648 9.916747460299083E-4
disagree 4.351610095735422E-4 4.471638793363569 0.0019458828517683068
risk 8.703220191470844E-4 0.758066726659261 6.597621641943089E-4
location 8.703220191470844E-4 1.3805963400052528 0.0012015633942604462
time 0.005221932114882507 0.167573700159399 8.750584864720575E-4
compromise 4.351610095735422E-4 2.5998366164619773 0.0011313475267458561
employ 4.351610095735422E-4 1.1944940603713923 5.197972412408148E-4
trend 4.351610095735422E-4 1.1394342831883648 4.958373730149542E-4
reach 8.703220191470844E-4 1.0376515888784226 9.03091026003849E-4
ambulatory 8.703220191470844E-4 4.0661736852554045 0.0035388804919542246
during 8.703220191470844E-4 0.28958865072236245 2.5203537921876626E-4
repository 0.0013054830287206266 2.9675613965872945 0.003874101039931194
type 8.703220191470844E-4 0.3364722366212129 2.9283919636310956E-4
april 0.005657093124456049 1.906689435902032 0.010786319698314369
when 0.0017406440382941688 0.14750613710858965 2.5675567816986884E-4
three 0.0013054830287206266 0.22314355131420976 2.9131011920915115E-4
consistency 8.703220191470844E-4 2.456735772821304 0.00213815123831271
presumptive 8.703220191470844E-4 4.471638793363569 0.0038917657035366137
consist 4.351610095735422E-4 0.7459453661269161 3.2460633861049437E-4
modest 8.703220191470844E-4 3.0853444322436783 0.0026852431960345327
billing 8.703220191470844E-4 3.5553480614894135 0.003094297703646139
feedback 8.703220191470844E-4 1.79749014393704 0.0015643952514682682
incentive 4.351610095735422E-4 3.5553480614894135 0.0015471488518230695
relate 4.351610095735422E-4 0.27443684570176036 1.1942421483975646E-4
enable 8.703220191470844E-4 0.9751312318970885 8.486781826780579E-4
review 0.002175805047867711 0.4734380916943703 0.001030108989761467
specifically 8.703220191470844E-4 1.3805963400052528 0.0012015633942604462
elevate 4.351610095735422E-4 2.169053700369523 9.438875980720292E-4
case 0.0030461270670147957 0.24480504809538922 7.457072831452239E-4
between 0.0013054830287206266 0.058840500022933395 7.68152741813752E-5
phase 8.703220191470844E-4 1.3805963400052528 0.0012015633942604462
give 4.351610095735422E-4 0.2595111954850846 1.1292915382292628E-4
still 0.0013054830287206266 0.5300569856938783 6.919803990781701E-4
researcher 4.351610095735422E-4 1.0539121097502027 4.5862145768068E-4
natural 8.703220191470844E-4 0.6429973968744738 5.596147927541112E-4
method 4.351610095735422E-4 0.0958817717032825 4.172400857410031E-5
inconclusive 8.703220191470844E-4 3.5553480614894135 0.003094297703646139
double 8.703220191470844E-4 2.392197251683733 0.0020819819422834922
work 8.703220191470844E-4 0.4285875255290187 3.730091605996681E-4
conclude 4.351610095735422E-4 1.252762968495368 5.45153598126792E-4
agree 4.351610095735422E-4 1.79749014393704 7.821976257341341E-4
extraction 8.703220191470844E-4 1.3361445774344192 0.0011628760465051515
exist 8.703220191470844E-4 0.664976303593249 5.787435192282411E-4
utah 8.703220191470844E-4 5.1647859739235145 0.004495026957287654
insight 8.703220191470844E-4 1.0539121097502027 9.1724291536136E-4
toward 8.703220191470844E-4 1.6094379124341003 0.0014007292536415146
provide 8.703220191470844E-4 0.167573700159399 1.4584308107867624E-4
phone 8.703220191470844E-4 3.2188758248682006 0.002801458507283029
rely 0.0013054830287206266 1.1758019273592397 0.0015349894613044905
among 0.0017406440382941688 0.32850406697203605 5.718086457302629E-4
nationwide 8.703220191470844E-4 3.373026504695459 0.0029356192382031846
sensitivity 0.0030461270670147957 2.0292917579943643 0.006181480550896672
care 0.0026109660574412533 1.1758019273592397 0.003069978922608981
study 0.004786771105308964 0.07103577311675174 3.4003198619855053E-4
infection 0.0017406440382941688 1.7635885922613586 0.0030697799691233396
explicitly 8.703220191470844E-4 1.5812670354674039 0.0013762115191187153
pattern 4.351610095735422E-4 0.9751312318970885 4.2433909133902893E-4
range 4.351610095735422E-4 0.3941013494578493 1.7149754110437306E-4
bootstrap 8.703220191470844E-4 3.373026504695459 0.0029356192382031846
distribution 0.002175805047867711 0.9600933545325481 0.002088975967216162
nst 0.0013054830287206266 5.1647859739235145 0.006742540435931481
unknown 8.703220191470844E-4 1.79749014393704 0.0015643952514682682
across 0.005221932114882507 0.7703368192510752 0.004022646575723631
low 0.0013054830287206266 0.28958865072236245 3.7805306882814945E-4
physician 4.351610095735422E-4 1.906689435902032 8.29716899870336E-4
precise 8.703220191470844E-4 2.2744142160273495 0.001979472772869756
place 4.351610095735422E-4 0.9600933545325481 4.177951934432324E-4
informed 8.703220191470844E-4 1.4035858582299516 0.0012215716781809847
means 8.703220191470844E-4 0.6988778552689304 6.082487861348393E-4
include 4.351610095735422E-4 0.0771896386911299 3.358992110144904E-5
disagreement 8.703220191470844E-4 2.9675613965872945 0.002582734026620796
initial 8.703220191470844E-4 0.6988778552689304 6.082487861348393E-4
more 0.0039164490861618795 0.05279818556697083 2.0678140561476824E-4
observation 0.0026109660574412533 1.2135422553420867 0.0031685176379688948
display 8.703220191470844E-4 0.16083966797805488 1.3998230459360736E-4
csvdisplay 0.0017406440382941688 0.2669461739726028 4.64658266270849E-4
continued 8.703220191470844E-4 1.906689435902032 0.001659433799740672
suggest 4.351610095735422E-4 0.5013468798114469 2.1816661436529456E-4
great 8.703220191470844E-4 0.5398131606392429 4.698112799297153E-4
lead 4.351610095735422E-4 0.3127557100038969 1.3609909051518577E-4
site 4.351610095735422E-4 1.3805963400052528 6.007816971302231E-4
assess 8.703220191470844E-4 0.6761496041913742 5.884678887653386E-4
january 0.0026109660574412533 1.3581234841531944 0.0035460143189378446
facility 4.351610095735422E-4 2.2744142160273495 9.89736386434878E-4
minimum 8.703220191470844E-4 1.3361445774344192 0.0011628760465051515
first 0.0030461270670147957 0.167573700159399 5.10450783775367E-4
board 8.703220191470844E-4 1.4271163556401458 0.0012420507881985602
statistics 0.0013054830287206266 1.5538680612792897 0.002028548382871135
resample 4.351610095735422E-4 4.471638793363569 0.0019458828517683068
date 0.0013054830287206266 1.6384254493073527 0.0021389366178947164
before 8.703220191470844E-4 0.5203950747821414 4.529112922385913E-4
existence 8.703220191470844E-4 1.6990500711237875 0.001478720688532452
experience 8.703220191470844E-4 1.1043429633770947 9.611339977172277E-4
influence 4.351610095735422E-4 0.6874491594453075 2.99151070254703E-4
only 0.0034812880765883376 0.10854016857520597 3.7785959469175274E-4
should 8.703220191470844E-4 0.368995428326773 3.2114484623740034E-4
from 0.010879025239338555 0.023122417420854212 2.5154936271599445E-4
affair 4.351610095735422E-4 4.471638793363569 0.0019458828517683068
potential 8.703220191470844E-4 0.4373981552111735 3.806772456145983E-4
necessitate 8.703220191470844E-4 2.8622008809294686 0.002491036449895099
day 4.351610095735422E-4 0.8881198549074587 3.8647513268383755E-4
strain 8.703220191470844E-4 3.2188758248682006 0.002801458507283029
development 8.703220191470844E-4 0.5596157879354227 4.8704594250254364E-4
manually 8.703220191470844E-4 1.4512139072192063 0.0012630234179453492
individual 8.703220191470844E-4 0.6214911916535102 5.408974688020106E-4
resource 0.0013054830287206266 1.1043429633770947 0.0014417009965758416
like 0.0013054830287206266 0.7703368192510752 0.0010056616439309077
uptake 0.0013054830287206266 2.9675613965872945 0.003874101039931194
exceptionally 8.703220191470844E-4 5.1647859739235145 0.004495026957287654
particular 8.703220191470844E-4 1.0704414117014134 9.316287308106296E-4
history 0.002175805047867711 1.2329603411991883 0.002682681334201889
solely 8.703220191470844E-4 2.073743520565198 0.0018048246480114865
both 0.0017406440382941688 0.13434805253107854 2.3385213669465367E-4
denominator 8.703220191470844E-4 3.5553480614894135 0.003094297703646139
most 0.0026109660574412533 0.0771896386911299 2.0153952660869424E-4
important 0.0013054830287206266 0.2669461739726028 3.484936997031368E-4
veteran 4.351610095735422E-4 4.471638793363569 0.0019458828517683068
elise 0.002175805047867711 4.471638793363569 0.009729414258841534
outside 0.002175805047867711 1.4035858582299516 0.003053929195452462
intervention 4.351610095735422E-4 1.5012243277938677 6.532742940791417E-4
perceive 4.351610095735422E-4 1.5012243277938677 6.532742940791417E-4
who 8.703220191470844E-4 0.44628710262841953 3.8841349227886816E-4
option 8.703220191470844E-4 1.6990500711237875 0.001478720688532452
note 0.0017406440382941688 0.5013468798114469 8.726664574611782E-4
classify 8.703220191470844E-4 0.9162907318741551 7.974679998904744E-4
acute 8.703220191470844E-4 2.169053700369523 0.0018877751961440584
limitation 4.351610095735422E-4 0.6988778552689304 3.0412439306741967E-4
ease 8.703220191470844E-4 2.5998366164619773 0.0022626950534917123
critical 8.703220191470844E-4 1.2135422553420867 0.0010561725459896315
purpose 8.703220191470844E-4 0.9021060968821986 7.851227997234104E-4
curate 4.351610095735422E-4 3.373026504695459 0.0014678096191015923
part 8.703220191470844E-4 0.4285875255290187 3.730091605996681E-4
distinct 8.703220191470844E-4 1.6990500711237875 0.001478720688532452
inherently 8.703220191470844E-4 3.2188758248682006 0.002801458507283029
error 8.703220191470844E-4 1.2329603411991883 0.0010730725336807556
point 8.703220191470844E-4 0.5108256237659907 4.445827883080859E-4
integrated 0.0013054830287206266 1.6384254493073527 0.0021389366178947164
can 0.0030461270670147957 0.0958817717032825 2.920680600187022E-4
inclusion 8.703220191470844E-4 1.3581234841531944 0.0011820047729792814
alone 8.703220191470844E-4 1.730798769438368 0.0015063522797548895
provenance 8.703220191470844E-4 4.471638793363569 0.0038917657035366137
public 0.0013054830287206266 1.3361445774344192 0.0017443140697577274
pneumonia 8.703220191470844E-4 4.0661736852554045 0.0035388804919542246
equitable 8.703220191470844E-4 5.1647859739235145 0.004495026957287654
parallel 4.351610095735422E-4 1.6094379124341003 7.003646268207573E-4
patient 0.004786771105308964 0.8743265327751228 0.004185200983692929
craig 0.002175805047867711 5.1647859739235145 0.011237567393219135
track 4.351610095735422E-4 1.906689435902032 8.29716899870336E-4
hospital 8.703220191470844E-4 1.3805963400052528 0.0012015633942604462
value 0.0030461270670147957 0.34450440831847723 0.0010494042028848306
introduction 0.0017406440382941688 0.10219094089654716 1.7787805203924658E-4
process 4.351610095735422E-4 0.41985384556026406 1.8270402330733857E-4
original 0.0013054830287206266 1.1944940603713923 0.0015593917237224442
cost 8.703220191470844E-4 1.1944940603713923 0.0010395944824816295
hospitalization 4.351610095735422E-4 3.373026504695459 0.0014678096191015923
will 0.0017406440382941688 0.3526016185510966 6.13753905223841E-4
confidence 8.703220191470844E-4 1.906689435902032 0.001659433799740672
february 8.703220191470844E-4 2.2203469947570738 0.0019324168796841373
clear 8.703220191470844E-4 0.990398704027877 8.619657998501975E-4
match 8.703220191470844E-4 1.5271998141971284 0.0013291556259330969
also 0.002175805047867711 0.05279818556697083 1.1487855867487125E-4
standardize 8.703220191470844E-4 1.9867321435755685 0.0017290967307011039
encounter 8.703220191470844E-4 1.9459101490553132 0.0016935684500046242
heavily 8.703220191470844E-4 2.0292917579943643 0.0017661373002561917
increase 0.0013054830287206266 0.16083966797805488 2.0997345689041107E-4
follow 4.351610095735422E-4 0.0958817717032825 4.172400857410031E-5
colleague 4.351610095735422E-4 2.5998366164619773 0.0011313475267458561
differ 8.703220191470844E-4 1.0059028905638423 8.754594347814119E-4
performance 0.0013054830287206266 0.7703368192510752 0.0010056616439309077
approve 4.351610095735422E-4 1.3805963400052528 6.007816971302231E-4
administrative 0.002175805047867711 2.6798793241355137 0.00583089496113036
investigation 0.0013054830287206266 1.8325814637483102 0.0023924039996714233
independently 8.703220191470844E-4 1.9459101490553132 0.0016935684500046242
latter 8.703220191470844E-4 1.8325814637483102 0.0015949359997809488
further 8.703220191470844E-4 0.27443684570176036 2.3884842967951292E-4
informal 8.703220191470844E-4 3.373026504695459 0.0029356192382031846
category 0.0013054830287206266 0.8080771472339223 0.0010549310016108647
account 4.351610095735422E-4 0.7459453661269161 3.2460633861049437E-4
