myofibroblastic 0.0024937655860349127 5.1647859739235145 0.01287976552100627
half 0.0016625103906899418 1.3805963400052528 0.0022952557606072364
edema 0.0033250207813798837 2.5998366164619773 0.008644510777928436
sized 0.0016625103906899418 3.2188758248682006 0.005351414505184041
year 8.312551953449709E-4 0.5203950747821414 4.3258110954458973E-4
orbital 0.0033250207813798837 2.5998366164619773 0.008644510777928436
about 0.0016625103906899418 0.377294231141468 6.272555796200632E-4
intimal 0.004156275976724855 4.471638793363569 0.01858536489344792
discussion 0.0016625103906899418 0.23031204079282225 3.8289616091907275E-4
extremely 0.0016625103906899418 1.9459101490553132 0.003235095842153472
acuity 0.0033250207813798837 1.5271998141971284 0.005077971119524949
poor 0.0016625103906899418 0.9452782687474074 0.001571534943885964
record 8.312551953449709E-4 0.8340526336371831 6.933105849020641E-4
annual 0.0016625103906899418 2.2203469947570738 0.003691349949720821
giant 0.00831255195344971 3.2188758248682006 0.026757072525920206
visual 0.013300083125519535 1.157452788691043 0.015394218303455269
magnetic 0.0033250207813798837 2.9675613965872945 0.009867203313673465
fluid 0.0016625103906899418 2.169053700369523 0.0036060743148288
ipsilateral 0.0016625103906899418 3.373026504695459 0.005607691612128776
orbit 0.0016625103906899418 3.2188758248682006 0.005351414505184041
state 8.312551953449709E-4 0.6761496041913742 5.620528713145255E-4
perimetry 0.0016625103906899418 4.471638793363569 0.007434145957379167
tapered 0.0016625103906899418 3.5553480614894135 0.005910803094745492
temporal 0.005818786367414797 2.169053700369523 0.0126212601019008
pisit 0.004987531172069825 5.1647859739235145 0.02575953104201254
they 0.0016625103906899418 0.05279818556697083 8.777753211466472E-5
jaw 0.0016625103906899418 5.1647859739235145 0.008586510347337513
remain 8.312551953449709E-4 0.7104386776700063 5.90555841787204E-4
preference 0.0016625103906899418 2.0292917579943643 0.0033737186334070897
aion 0.0024937655860349127 5.1647859739235145 0.01287976552100627
require 8.312551953449709E-4 0.3127557100038969 2.599798088145444E-4
artery 0.004987531172069825 2.6798793241355137 0.01336598166651129
analysis 0.0016625103906899418 0.13434805253107854 2.233550333018762E-4
eosin 0.0024937655860349127 3.7784916128036232 0.00942267235113123
each 0.0016625103906899418 0.13434805253107854 2.233550333018762E-4
eye 8.312551953449709E-4 1.4035858582299516 0.0011667380367663771
symptom 8.312551953449709E-4 1.730798769438368 0.0014387354691923258
dose 0.0016625103906899418 2.331572629867298 0.0038762637238026567
abnormal 0.004987531172069825 2.392197251683733 0.011931158362512384
size 0.0033250207813798837 0.12136085700426753 4.0352737158526195E-4
dilate 8.312551953449709E-4 3.7784916128036232 0.00314089078371041
transient 0.0016625103906899418 2.456735772821304 0.004084348749495102
occlusion 0.0033250207813798837 3.0853444322436783 0.010258834354924948
except 0.0016625103906899418 1.3805963400052528 0.0022952557606072364
coronal 0.0024937655860349127 4.471638793363569 0.011151218936068751
systemic 0.004156275976724855 1.5271998141971284 0.006347463899406186
treatment 0.0016625103906899418 0.9162907318741551 0.0015233428626336744
be 8.312551953449709E-4 0.017291497110061043 1.4373646808030792E-5
prominent 0.0016625103906899418 2.2744142160273495 0.003781237266878387
probably 0.0016625103906899418 1.79749014393704 0.0029883460414580885
jindahra 0.004987531172069825 5.1647859739235145 0.02575953104201254
affect 8.312551953449709E-4 0.5596157879354227 4.651835311183896E-4
achieve 8.312551953449709E-4 0.6109090823229731 5.078213485644E-4
simultaneous 0.0016625103906899418 2.9675613965872945 0.004933601656836733
least 0.0016625103906899418 0.653926467406664 0.0010871595468107465
two 0.004987531172069825 0.11492996667397702 5.732167913914066E-4
anterior 0.006650041562759767 1.906689435902032 0.012679563996023489
angiography 0.004156275976724855 3.373026504695459 0.014019229030321942
fragmentation 0.0024937655860349127 5.1647859739235145 0.01287976552100627
characteristic 8.312551953449709E-4 0.664976303593249 5.527650071431828E-4
seem 8.312551953449709E-4 1.0216512475319812 8.492529073416303E-4
result 0.0016625103906899418 0.058840500022933395 9.782294268151852E-5
see 8.312551953449709E-4 0.5696661237889241 4.735379250115745E-4
involvement 0.0024937655860349127 2.2744142160273495 0.00567185590031758
analyzer 0.0016625103906899418 3.0853444322436783 0.005129417177462474
subsequent 0.0016625103906899418 1.3581234841531944 0.0022578944042447122
after 0.0024937655860349127 0.12136085700426753 3.0264552868894645E-4
mechanism 0.0016625103906899418 1.1043429633770947 0.001835981651499742
destruction 0.0024937655860349127 4.0661736852554045 0.010140084003130684
vasculitis 0.004156275976724855 4.0661736852554045 0.01690014000521781
one 0.004156275976724855 0.06491954609931569 2.6982354987246753E-4
sex 0.0016625103906899418 3.0853444322436783 0.005129417177462474
perioptic 0.0016625103906899418 5.1647859739235145 0.008586510347337513
thorough 0.0016625103906899418 2.7668907011251433 0.004599984540523929
onset 0.006650041562759767 2.169053700369523 0.0144242972593152
blood 0.0024937655860349127 1.906689435902032 0.004754836498508808
prognosis 0.0016625103906899418 2.073743520565198 0.0034476201505655828
multinucleate 8.312551953449709E-4 5.1647859739235145 0.004293255173668757
the 0.04156275976724855 0.017291497110061043 7.186823404015396E-4
confirm 8.312551953449709E-4 0.8209805520698303 6.824443491852288E-4
funduscopic 0.0016625103906899418 4.471638793363569 0.007434145957379167
appear 8.312551953449709E-4 0.7459453661269161 6.200709610365055E-4
photograph 0.0024937655860349127 2.7668907011251433 0.006899976810785894
diagnose 8.312551953449709E-4 1.5538680612792897 0.0012916608988190273
severe 0.0024937655860349127 1.157452788691043 0.002886415931897863
elastic 0.004987531172069825 5.1647859739235145 0.02575953104201254
atrophy 0.0016625103906899418 3.373026504695459 0.005607691612128776
information 0.0024937655860349127 0.3049735695618419 7.605325924235458E-4
describe 8.312551953449709E-4 0.28958865072236245 2.4072207042590395E-4
infrequent 0.0016625103906899418 3.5553480614894135 0.005910803094745492
fashion 0.0016625103906899418 2.456735772821304 0.004084348749495102
but 0.0024937655860349127 0.083381608939051 2.0793418688042642E-4
through 0.0016625103906899418 0.2595111954850846 4.314400589943219E-4
standard 0.0016625103906899418 0.7221347174331975 0.0012005564712106358
november 0.004987531172069825 1.1758019273592397 0.005864348764883989
medical 0.0016625103906899418 0.9600933545325481 0.0015961651779427234
wool 0.0033250207813798837 5.1647859739235145 0.017173020694675026
resolve 8.312551953449709E-4 2.0292917579943643 0.0016868593167035449
evidence 0.0016625103906899418 0.8881198549074587 0.0014765084869616937
rapid 0.0016625103906899418 1.906689435902032 0.0031698909990058722
arterial 0.0024937655860349127 3.373026504695459 0.008411537418193164
enhancement 0.00831255195344971 3.2188758248682006 0.026757072525920206
do 8.312551953449709E-4 0.14750613710858965 1.2261524281678276E-4
arteritic 0.0024937655860349127 4.471638793363569 0.011151218936068751
observe 8.312551953449709E-4 0.5496654570822546 4.5691226690129226E-4
mainly 0.0016625103906899418 1.0059028905638423 0.0016723240075874352
presentation 0.004156275976724855 1.6094379124341003 0.006689268131480052
fundus 0.004156275976724855 2.9675613965872945 0.01233400414209183
lamina 0.0024937655860349127 5.1647859739235145 0.01287976552100627
post 0.0024937655860349127 1.6990500711237875 0.0042370325963186715
prior 0.0016625103906899418 0.8209805520698303 0.0013648886983704577
thailand 0.0016625103906899418 3.7784916128036232 0.00628178156742082
corticosteroid 0.0024937655860349127 2.6798793241355137 0.006682990833255645
five 0.0016625103906899418 0.9021060968821986 0.0014997607595714025
signal 8.312551953449709E-4 1.9867321435755685 0.001651481416106042
which 0.0033250207813798837 0.023122417420854212 7.688251844008051E-5
fluorescein 0.0024937655860349127 3.373026504695459 0.008411537418193164
area 0.0024937655860349127 0.664976303593249 0.0016582950214295486
image 0.0016625103906899418 1.5271998141971284 0.0025389855597624743
vasculature 0.0016625103906899418 4.471638793363569 0.007434145957379167
manifestation 8.312551953449709E-4 3.0853444322436783 0.002564708588731237
commonly 0.0016625103906899418 1.0216512475319812 0.0016985058146832606
test 8.312551953449709E-4 0.44628710262841953 3.7097847267532797E-4
pallid 0.0033250207813798837 5.1647859739235145 0.017173020694675026
might 0.0016625103906899418 0.7339691750802005 0.0012202313800169584
this 0.0024937655860349127 0.017291497110061043 4.312094042409237E-5
its 0.0024937655860349127 0.19497267434751336 4.8621614550502083E-4
weight 0.0016625103906899418 1.0059028905638423 0.0016723240075874352
indocyanine 0.004156275976724855 5.1647859739235145 0.021466275868343786
develop 8.312551953449709E-4 0.32850406697203605 2.7307071236245726E-4
European 8.312551953449709E-4 2.456735772821304 0.002042174374747551
finding 8.312551953449709E-4 0.7459453661269161 6.200709610365055E-4
complain 8.312551953449709E-4 3.373026504695459 0.002803845806064388
imaging 0.004156275976724855 2.331572629867298 0.009690659309506642
anemia 0.0016625103906899418 4.0661736852554045 0.006760056002087123
vision 0.0016625103906899418 1.4035858582299516 0.0023334760735327542
month 8.312551953449709E-4 1.1758019273592397 9.77391460813998E-4
medial 0.0024937655860349127 4.0661736852554045 0.010140084003130684
final 0.0024937655860349127 0.6988778552689304 0.0017428375443115471
overall 0.0016625103906899418 0.7339691750802005 0.0012202313800169584
know 8.312551953449709E-4 0.6214911916535102 5.166177819231173E-4
demonstrate 8.312551953449709E-4 0.5108256237659907 4.246264536708152E-4
arteritis 0.005818786367414797 4.0661736852554045 0.023660196007304932
useful 0.0016625103906899418 0.9162907318741551 0.0015233428626336744
full 0.0033250207813798837 0.14750613710858965 4.90460971267131E-4
some 0.0016625103906899418 0.2160260835453457 3.5914560855419066E-4
away 0.0024937655860349127 2.331572629867298 0.005814395585703984
anorexia 0.0016625103906899418 4.0661736852554045 0.006760056002087123
ramathibodi 0.0016625103906899418 5.1647859739235145 0.008586510347337513
united 0.0016625103906899418 1.5812670354674039 0.0026288728769200396
show 8.312551953449709E-4 0.0771896386911299 6.41642881888029E-5
for 0.0033250207813798837 0.017291497110061043 5.7494587232123167E-5
detect 8.312551953449709E-4 0.8881198549074587 7.382542434808468E-4
medium 0.0016625103906899418 2.2744142160273495 0.003781237266878387
we 8.312551953449709E-4 0.19497267434751336 1.6207204850167363E-4
duration 0.0016625103906899418 1.730798769438368 0.0028774709383846517
nor 0.0016625103906899418 1.6094379124341003 0.0026757072525920205
conclusion 0.0016625103906899418 0.28958865072236245 4.814441408518079E-4
not 0.004987531172069825 0.03488725900044054 1.7400129177277078E-4
strand 8.312551953449709E-4 3.373026504695459 0.002803845806064388
common 0.0024937655860349127 0.3526016185510966 8.793057819229342E-4
previously 0.0016625103906899418 0.8340526336371831 0.0013866211698041282
rate 0.0016625103906899418 0.5696661237889241 9.47075850023149E-4
examination 0.0024937655860349127 1.5012243277938677 0.0037437015655707425
over 0.0024937655860349127 0.3364722366212129 8.390828843421767E-4
figure 0.005818786367414797 0.18805223150293962 0.0010942357610312366
disease 0.0016625103906899418 1.1758019273592397 0.001954782921627996
green 0.004156275976724855 2.169053700369523 0.009015185787072
six 0.0033250207813798837 0.9162907318741551 0.0030466857252673487
identify 8.312551953449709E-4 0.3049735695618419 2.53510864141182E-4
duangkamon 0.004987531172069825 5.1647859739235145 0.02575953104201254
cilioretinal 0.0016625103906899418 4.471638793363569 0.007434145957379167
suspicion 0.0016625103906899418 3.5553480614894135 0.005910803094745492
perform 8.312551953449709E-4 0.2669461739726028 2.219003939921885E-4
diffusely 0.0016625103906899418 5.1647859739235145 0.008586510347337513
multiple 0.004156275976724855 0.5108256237659907 0.002123132268354076
exudate 8.312551953449709E-4 5.1647859739235145 0.004293255173668757
improvement 0.0016625103906899418 0.9306794693262548 0.0015472642881566997
luminal 0.0024937655860349127 4.0661736852554045 0.010140084003130684
with 0.014962593516209476 0.017291497110061043 2.5872564254455425E-4
ischemic 0.006650041562759767 2.9675613965872945 0.01973440662734693
form 0.0016625103906899418 0.5013468798114469 8.334943970265119E-4
although 0.0024937655860349127 0.4285875255290187 0.0010687968217681263
approximately 0.0016625103906899418 0.9452782687474074 0.001571534943885964
there 0.004987531172069825 0.12136085700426753 6.052910573778929E-4
publish 8.312551953449709E-4 0.03488725900044054 2.9000215295461797E-5
automate 8.312551953449709E-4 1.4759065198095778 0.0012268549624352267
typical 0.0024937655860349127 1.4512139072192063 0.0036189872997985195
time 0.0024937655860349127 0.167573700159399 4.178895265820424E-4
perineural 0.004987531172069825 5.1647859739235145 0.02575953104201254
significantly 0.0024937655860349127 0.5900749954201312 0.001471508716758432
granulomatous 0.0016625103906899418 4.0661736852554045 0.006760056002087123
comprehensive 0.0016625103906899418 1.3805963400052528 0.0022952557606072364
age 0.0033250207813798837 0.9452782687474074 0.003143069887771928
very 0.0016625103906899418 0.5596157879354227 9.303670622367792E-4
gca 0.010806317539484621 5.1647859739235145 0.05581231725769384
delayed 0.0016625103906899418 2.169053700369523 0.0036060743148288
during 0.0024937655860349127 0.28958865072236245 7.221662112777118E-4
taweevat 0.004987531172069825 5.1647859739235145 0.02575953104201254
three 0.00831255195344971 0.22314355131420976 0.0018548923633766399
Asian 8.312551953449709E-4 2.8622008809294686 0.002379219352393573
superficial 0.0016625103906899418 3.7784916128036232 0.00628178156742082
loss 0.005818786367414797 0.9162907318741551 0.005331700019217861
kavin 0.004987531172069825 4.471638793363569 0.022302437872137502
four 0.004987531172069825 0.4643056081310978 0.0023157386939206873
fat 0.004987531172069825 3.2188758248682006 0.01605424351555212
suppression 0.0024937655860349127 3.5553480614894135 0.008866204642118238
per 0.0033250207813798837 0.7339691750802005 0.002440462760033917
elevate 8.312551953449709E-4 2.169053700369523 0.0018030371574144
flow 0.0016625103906899418 1.4035858582299516 0.0023334760735327542
case 0.0016625103906899418 0.24480504809538922 4.069909361519355E-4
pale 0.0016625103906899418 4.0661736852554045 0.006760056002087123
between 0.0016625103906899418 0.058840500022933395 9.782294268151852E-5
steroid 0.0016625103906899418 3.7784916128036232 0.00628178156742082
reduce 8.312551953449709E-4 0.3941013494578493 3.2759879422930116E-4
give 8.312551953449709E-4 0.2595111954850846 2.1572002949716095E-4
similar 0.0016625103906899418 0.20895891632225325 3.473963696130561E-4
period 0.0024937655860349127 0.7953381214564925 0.0019833868365498565
still 0.0016625103906899418 0.5300569856938783 8.812252463738625E-4
large 0.0016625103906899418 0.22314355131420976 3.7097847267532797E-4
method 8.312551953449709E-4 0.0958817717032825 7.970222086723401E-5
testing 0.0016625103906899418 1.293584963015623 0.0021505984422537376
Caucasian 8.312551953449709E-4 3.7784916128036232 0.00314089078371041
resonance 0.0033250207813798837 3.373026504695459 0.011215383224257552
slowly 0.0016625103906899418 2.9675613965872945 0.004933601656836733
sedimentation 0.0016625103906899418 4.0661736852554045 0.006760056002087123
infiltration 0.0016625103906899418 3.5553480614894135 0.005910803094745492
cerebrospinal 0.0016625103906899418 4.0661736852554045 0.006760056002087123
monocular 0.0016625103906899418 4.0661736852554045 0.006760056002087123
axial 0.0024937655860349127 3.5553480614894135 0.008866204642118238
field 0.0024937655860349127 0.6988778552689304 0.0017428375443115471
light 0.0016625103906899418 1.2729656758128876 0.0021163186630305695
spot 8.312551953449709E-4 3.0853444322436783 0.002564708588731237
contrast 0.0024937655860349127 1.4271163556401458 0.003558893654962957
microscopic 0.0024937655860349127 4.0661736852554045 0.010140084003130684
evaluate 0.0016625103906899418 0.40261203912575794 6.693466984634379E-4
theory 0.0016625103906899418 1.4271163556401458 0.0023725957699753048
cerebral 0.0016625103906899418 3.2188758248682006 0.005351414505184041
study 0.005818786367414797 0.07103577311675174 4.133419882105256E-4
other 0.0024937655860349127 0.0408219945202552 1.018004850879182E-4
retinal 0.0016625103906899418 1.730798769438368 0.0028774709383846517
internal 0.0016625103906899418 1.3805963400052528 0.0022952557606072364
American 8.312551953449709E-4 1.9459101490553132 0.001617547921076736
north 0.0016625103906899418 2.6798793241355137 0.00445532722217043
range 8.312551953449709E-4 0.3941013494578493 3.2759879422930116E-4
fever 0.0016625103906899418 4.471638793363569 0.007434145957379167
unilateral 0.0024937655860349127 3.0853444322436783 0.007694125766193711
eventually 0.0016625103906899418 2.073743520565198 0.0034476201505655828
cell 0.006650041562759767 1.3361445774344192 0.008885416973794974
layer 8.312551953449709E-4 1.4759065198095778 0.0012268549624352267
unknown 0.0016625103906899418 1.79749014393704 0.0029883460414580885
out 0.0016625103906899418 0.368995428326773 6.134587337103458E-4
prevalence 0.0016625103906899418 1.8689491079191851 0.003107147311586343
feature 8.312551953449709E-4 0.7221347174331975 6.002782356053179E-4
low 0.0016625103906899418 0.28958865072236245 4.814441408518079E-4
inflammation 0.0033250207813798837 2.120263536200091 0.007049920319867302
bilateral 0.0016625103906899418 2.5998366164619773 0.004322255388964218
have 0.0016625103906899418 0.017291497110061043 2.8747293616061583E-5
optic 0.0199501246882793 2.456735772821304 0.04901218499394123
undergo 8.312551953449709E-4 1.3581234841531944 0.0011289472021223561
table 0.004987531172069825 0.18117935221517753 9.036376669086161E-4
outcome 0.0024937655860349127 0.8472978603872037 0.0021129622453546224
include 8.312551953449709E-4 0.0771896386911299 6.41642881888029E-5
particularly 0.0016625103906899418 0.9751312318970885 0.001621165805315193
mri 0.004156275976724855 3.373026504695459 0.014019229030321942
initial 0.0016625103906899418 0.6988778552689304 0.0011618916962076982
within 0.0016625103906899418 0.3127557100038969 5.199596176290888E-4
more 0.0016625103906899418 0.05279818556697083 8.777753211466472E-5
display 0.0033250207813798837 0.16083966797805488 5.347952384972731E-4
csvdisplay 0.0024937655860349127 0.2669461739726028 6.657011819765655E-4
methylprednisolone 0.0016625103906899418 4.0661736852554045 0.006760056002087123
systematic 0.0016625103906899418 2.0292917579943643 0.0033737186334070897
positive 0.0016625103906899418 0.6761496041913742 0.001124105742629051
brain 0.0024937655860349127 2.5257286443082556 0.006298575172838543
great 8.312551953449709E-4 0.5398131606392429 4.4872249429696E-4
demographic 0.0016625103906899418 1.4271163556401458 0.0023725957699753048
january 0.0016625103906899418 1.3581234841531944 0.0022578944042447122
report 8.312551953449709E-4 0.3364722366212129 2.796942947807256E-4
summarize 8.312551953449709E-4 1.121734706088964 9.324478022352153E-4
oral 0.0024937655860349127 2.120263536200091 0.005287440239900476
owe 8.312551953449709E-4 2.5257286443082556 0.0020995250576128477
incidence 0.0024937655860349127 1.6094379124341003 0.00401356087888803
hemorrhage 8.312551953449709E-4 2.2744142160273495 0.0018906186334391934
reveal 8.312551953449709E-4 1.0216512475319812 8.492529073416303E-4
esr 0.0033250207813798837 4.471638793363569 0.014868291914758334
before 0.0024937655860349127 0.5203950747821414 0.0012977433286337691
use 8.312551953449709E-4 0.03488725900044054 2.9000215295461797E-5
sign 8.312551953449709E-4 1.5812670354674039 0.0013144364384600198
cotton 0.0033250207813798837 4.0661736852554045 0.013520112004174247
necrotize 8.312551953449709E-4 4.471638793363569 0.0037170729786895835
diffuse 0.0024937655860349127 3.5553480614894135 0.008866204642118238
perception 0.0016625103906899418 1.252762968495368 0.0020827314521951255
second 8.312551953449709E-4 0.4373981552111735 3.635894889535939E-4
that 0.0016625103906899418 0.017291497110061043 2.8747293616061583E-5
high 0.0033250207813798837 0.11492996667397702 3.8214452759427107E-4
download 0.0024937655860349127 0.24480504809538922 6.104864042279032E-4
barrier 0.0016625103906899418 2.073743520565198 0.0034476201505655828
find 8.312551953449709E-4 0.16083966797805488 1.3369880962431826E-4
sufficient 0.0016625103906899418 1.5012243277938677 0.0024958010437138283
than 0.0016625103906899418 0.058840500022933395 9.782294268151852E-5
only 0.0033250207813798837 0.10854016857520597 3.6089831612703564E-4
few 0.0016625103906899418 0.5013468798114469 8.334943970265119E-4
from 0.00831255195344971 0.023122417420854212 1.9220629610020127E-4
Thai 8.312551953449709E-4 3.5553480614894135 0.002955401547372746
different 0.0016625103906899418 0.18805223150293962 3.1263878886606753E-4
day 0.0024937655860349127 0.8881198549074587 0.0022147627304425405
potential 0.0016625103906899418 0.4373981552111735 7.271789779071878E-4
all 0.013300083125519535 0.017291497110061043 2.2997834892849267E-4
humphrey 0.0016625103906899418 3.5553480614894135 0.005910803094745492
new 0.0016625103906899418 0.36076492919025743 5.997754433753241E-4
comparison 0.0016625103906899418 0.6988778552689304 0.0011618916962076982
disruption 0.0024937655860349127 2.7668907011251433 0.006899976810785894
occur 8.312551953449709E-4 0.6109090823229731 5.078213485644E-4
author 8.312551953449709E-4 0.017291497110061043 1.4373646808030792E-5
anuchit 0.004987531172069825 5.1647859739235145 0.02575953104201254
diagnosis 0.0024937655860349127 1.4512139072192063 0.0036189872997985195
difficult 0.0016625103906899418 0.7703368192510752 0.0012806929663359522
history 0.0016625103906899418 1.2329603411991883 0.0020498093785522664
fill 8.312551953449709E-4 1.8689491079191851 0.0015535736557931714
basis 0.0016625103906899418 1.293584963015623 0.0021505984422537376
erythrocyte 0.0016625103906899418 3.7784916128036232 0.00628178156742082
both 0.0024937655860349127 0.13434805253107854 3.350325499528143E-4
most 0.0033250207813798837 0.0771896386911299 2.566571527552116E-4
formal 0.0016625103906899418 2.2203469947570738 0.003691349949720821
thrombocytosis 0.0016625103906899418 5.1647859739235145 0.008586510347337513
sequence 8.312551953449709E-4 1.2729656758128876 0.0010581593315152848
unit 0.0016625103906899418 1.1043429633770947 0.001835981651499742
clinical 0.005818786367414797 0.9452782687474074 0.005500372303600874
person 8.312551953449709E-4 0.9021060968821986 7.498803797857012E-4
nerve 0.00831255195344971 2.5998366164619773 0.02161127694482109
neuropathy 0.007481296758104738 2.7668907011251433 0.02069993043235768
abnormality 0.0016625103906899418 3.5553480614894135 0.005910803094745492
october 0.0016625103906899418 2.0292917579943643 0.0033737186334070897
disc 0.004156275976724855 3.373026504695459 0.014019229030321942
present 0.0033250207813798837 0.083381608939051 2.7724558250723523E-4
datum 8.312551953449709E-4 0.167573700159399 1.3929650886068082E-4
week 8.312551953449709E-4 1.4035858582299516 0.0011667380367663771
sheath 0.004156275976724855 4.0661736852554045 0.01690014000521781
predominant 0.0016625103906899418 2.5998366164619773 0.004322255388964218
elderly 0.0016625103906899418 2.6798793241355137 0.00445532722217043
part 0.0016625103906899418 0.4285875255290187 7.125312145120843E-4
cause 0.0016625103906899418 0.5398131606392429 8.9744498859392E-4
recovery 0.0024937655860349127 2.2203469947570738 0.005537024924581231
stain 0.004156275976724855 3.2188758248682006 0.013378536262960103
head 0.0016625103906899418 1.9459101490553132 0.003235095842153472
can 0.0024937655860349127 0.0958817717032825 2.39106662601702E-4
general 0.0016625103906899418 0.4734380916943703 7.870957467903081E-4
intravenous 0.0016625103906899418 2.6798793241355137 0.00445532722217043
and 0.0399002493765586 0.017291497110061043 6.89935046785478E-4
patient 0.00997506234413965 0.8743265327751228 0.00872146167356731
scalp 0.0016625103906899418 4.471638793363569 0.007434145957379167
goldmann 0.0016625103906899418 3.373026504695459 0.005607691612128776
department 0.0016625103906899418 1.730798769438368 0.0028774709383846517
hospital 0.0016625103906899418 1.3805963400052528 0.0022952557606072364
introduction 0.0016625103906899418 0.10219094089654716 1.6989350107489139E-4
experienced 0.0016625103906899418 1.6094379124341003 0.0026757072525920205
mononuclear 0.0016625103906899418 4.471638793363569 0.007434145957379167
crp 0.0033250207813798837 4.0661736852554045 0.013520112004174247
selective 0.0016625103906899418 2.7668907011251433 0.004599984540523929
wattanatranon 0.004987531172069825 5.1647859739235145 0.02575953104201254
unchanged 0.0016625103906899418 3.373026504695459 0.005607691612128776
also 0.0033250207813798837 0.05279818556697083 1.7555506422932944E-4
follow 8.312551953449709E-4 0.0958817717032825 7.970222086723401E-5
increase 8.312551953449709E-4 0.16083966797805488 1.3369880962431826E-4
any 0.0016625103906899418 0.2669461739726028 4.43800787984377E-4
intraorbital 0.0024937655860349127 4.471638793363569 0.011151218936068751
third 0.0016625103906899418 0.990398704027877 0.0016465481363721979
due 0.006650041562759767 0.20895891632225325 0.0013895854784522245
contralateral 0.0016625103906899418 3.373026504695459 0.005607691612128776
mean 0.0033250207813798837 0.5398131606392429 0.00179488997718784
neither 0.0016625103906899418 1.8325814637483102 0.0030466857252673487
choroidal 0.004156275976724855 2.5998366164619773 0.010805638472410546
biopsy 0.0024937655860349127 4.471638793363569 0.011151218936068751
swollen 0.0016625103906899418 5.1647859739235145 0.008586510347337513
interfere 0.0016625103906899418 2.9675613965872945 0.004933601656836733
headache 0.0016625103906899418 3.5553480614894135 0.005910803094745492
further 0.0016625103906899418 0.27443684570176036 4.562541075673489E-4
panitha 0.004987531172069825 4.471638793363569 0.022302437872137502
