half 0.0013020833333333333 1.3805963400052528 0.0017976514843818395
bad 6.510416666666666E-4 1.4271163556401458 9.291122107032199E-4
causative 0.008463541666666666 2.8622008809294686 0.024224356414116594
year 6.510416666666666E-4 0.5203950747821414 3.3879887681129E-4
explanation 0.0013020833333333333 1.6384254493073527 0.002133366470452282
resolution 0.0013020833333333333 2.331572629867298 0.0030359018618063773
via 0.0013020833333333333 0.9021060968821986 0.001174617313648696
evaluation 0.001953125 0.7827593392496325 0.0015288268344719384
score 0.004557291666666667 1.0059028905638423 0.004584192860642511
suffer 0.0013020833333333333 1.6990500711237875 0.002212304780109098
acuity 0.001953125 1.5271998141971284 0.0029828121371037663
visual 0.020182291666666668 1.157452788691043 0.023360049771759334
calculate 6.510416666666666E-4 0.7221347174331975 4.7013978999557124E-4
because 0.0013020833333333333 0.34450440831847723 4.485734483313505E-4
ten 0.0013020833333333333 1.9459101490553132 0.0025337371732491055
yamada 0.00390625 4.0661736852554045 0.015883490958028924
vein 0.0013020833333333333 3.2188758248682006 0.004191244563630469
preference 6.510416666666666E-4 2.0292917579943643 0.001321153488277581
impact 0.0013020833333333333 0.6874491594453075 8.951160930277441E-4
optional 0.005208333333333333 5.1647859739235145 0.026899926947518304
artery 0.0013020833333333333 2.6798793241355137 0.00348942620330145
analysis 0.001953125 0.13434805253107854 2.6239854009976277E-4
version 0.0032552083333333335 1.293584963015623 0.0042108885514831485
easy 0.0013020833333333333 1.3805963400052528 0.0017976514843818395
keio 0.001953125 5.1647859739235145 0.010087472605319364
multicenter 0.0013020833333333333 2.7668907011251433 0.0036027222670900303
institute 0.001953125 2.169053700369523 0.004236433008534225
eleven 0.0013020833333333333 2.7668907011251433 0.0036027222670900303
adult 0.0013020833333333333 1.730798769438368 0.0022536442310395416
average 0.001953125 0.7104386776700063 0.0013875755423242311
statistical 0.0026041666666666665 0.653926467406664 0.0017029335088715209
compare 6.510416666666666E-4 0.17435338714477774 1.1351131975571467E-4
be 6.510416666666666E-4 0.017291497110061043 1.1257485097695992E-5
criterion 6.510416666666666E-4 1.0376515888784226 6.75554419842723E-4
independent 0.001953125 1.0059028905638423 0.0019646540831325045
affect 6.510416666666666E-4 0.5596157879354227 3.6433319527045746E-4
treatable 0.0013020833333333333 5.1647859739235145 0.006724981736879576
least 0.0013020833333333333 0.653926467406664 8.514667544357604E-4
utility 0.005859375 2.2744142160273495 0.013326645797035252
measurement 0.0013020833333333333 1.5012243277938677 0.0019547191768149318
result 6.510416666666666E-4 0.058840500022933395 3.8307617202430594E-5
same 0.0013020833333333333 0.2972515234679317 3.870462545155361E-4
aspect 6.510416666666666E-4 0.9452782687474074 6.154155395490934E-4
national 0.0026041666666666665 1.293584963015623 0.0033687108411865185
hearing 0.0013020833333333333 4.0661736852554045 0.005294496986009641
indicate 6.510416666666666E-4 0.4919571394616079 3.2028459600365094E-4
hand 0.0013020833333333333 1.4512139072192063 0.0018896014416916749
contain 6.510416666666666E-4 0.6429973968744738 4.186180969234855E-4
set 0.001953125 0.5108256237659907 9.977062964179506E-4
sex 0.0013020833333333333 3.0853444322436783 0.004017375562817289
involve 6.510416666666666E-4 0.9452782687474074 6.154155395490934E-4
procedure 6.510416666666666E-4 0.8080771472339223 5.260918927304181E-4
possible 0.001953125 0.38566248081198473 7.532470328359077E-4
the 0.10221354166666667 0.017291497110061043 0.0017674251603382709
psychometric 0.0013020833333333333 4.471638793363569 0.00582244634552548
answer 6.510416666666666E-4 1.3805963400052528 8.988257421909197E-4
severe 0.001953125 1.157452788691043 0.0022606499779121935
juntendo 0.0032552083333333335 5.1647859739235145 0.01681245434219894
information 0.0013020833333333333 0.3049735695618419 3.971010020336483E-4
validity 0.0013020833333333333 2.073743520565198 0.0027001868757359345
essential 0.001953125 1.252762968495368 0.0024468026728425157
standard 0.001953125 0.7221347174331975 0.0014104193699867138
november 0.00390625 1.1758019273592397 0.00459297627874703
sometimes 0.0013020833333333333 1.9459101490553132 0.0025337371732491055
do 6.510416666666666E-4 0.14750613710858965 9.603264134673805E-5
good 0.0013020833333333333 0.2160260835453457 2.8128396294966885E-4
assessment 0.005208333333333333 1.2729656758128876 0.006630029561525455
later 0.0013020833333333333 1.3361445774344192 0.0017397715852010666
prior 0.0013020833333333333 0.8209805520698303 0.0010689850938409248
surgical 0.0013020833333333333 1.6384254493073527 0.002133366470452282
impair 6.510416666666666E-4 2.5257286443082556 0.0016443545861381872
chorioretinal 0.0013020833333333333 4.0661736852554045 0.005294496986009641
which 0.001953125 0.023122417420854212 4.516097152510588E-5
commonly 0.0013020833333333333 1.0216512475319812 0.0013302750618906004
count 6.510416666666666E-4 1.0376515888784226 6.75554419842723E-4
originally 0.0013020833333333333 2.5257286443082556 0.0032887091722763745
consent 0.0013020833333333333 1.4035858582299516 0.0018275857529035829
vision 0.0032552083333333335 1.4035858582299516 0.004568964382258957
guideline 6.510416666666666E-4 1.5538680612792897 0.0010116328523953708
therefore 0.0013020833333333333 1.1394342831883648 0.0014836383895681833
decimal 0.0026041666666666665 4.0661736852554045 0.010588993972019282
useful 0.0026041666666666665 0.9162907318741551 0.0023861737809222788
some 0.0013020833333333333 0.2160260835453457 2.8128396294966885E-4
importance 0.0013020833333333333 0.9600933545325481 0.001250121555380922
for 0.016276041666666668 0.017291497110061043 2.814371274423998E-4
capable 0.0013020833333333333 2.073743520565198 0.0027001868757359345
lens 0.0013020833333333333 1.8689491079191851 0.0024335274842697723
burden 0.001953125 1.9867321435755685 0.003880336217921032
responsible 0.0013020833333333333 1.6682784124570338 0.002172237516220096
expectancy 0.0013020833333333333 4.471638793363569 0.00582244634552548
human 0.0013020833333333333 0.8743265327751228 0.0011384460062176078
kyoto 0.001953125 4.471638793363569 0.00873366951828822
six 0.0026041666666666665 0.9162907318741551 0.0023861737809222788
perform 6.510416666666666E-4 0.2669461739726028 1.7379308201341325E-4
statistically 0.001953125 1.1758019273592397 0.002296488139373515
improvement 0.0013020833333333333 0.9306794693262548 0.0012118222256852274
neurological 0.0013020833333333333 3.373026504695459 0.004391961594655545
with 0.025390625 0.017291497110061043 4.390419188101437E-4
although 0.0032552083333333335 0.4285875255290187 0.0013951416846647744
euroqol 0.0013020833333333333 4.471638793363569 0.00582244634552548
regression 0.0026041666666666665 1.3805963400052528 0.003595302968763679
publish 6.510416666666666E-4 0.03488725900044054 2.2713059245078476E-5
well 0.0013020833333333333 0.3127557100038969 4.072339974009074E-4
avoid 0.0013020833333333333 1.0376515888784226 0.001351108839685446
significantly 0.00390625 0.5900749954201312 0.0023049804508598875
degenerative 0.001953125 3.7784916128036232 0.007379866431257077
age 0.0013020833333333333 0.9452782687474074 0.0012308310790981867
logmar 0.0013020833333333333 2.331572629867298 0.0030359018618063773
select 6.510416666666666E-4 0.5798184952529422 3.774859995136342E-4
digestive 0.0013020833333333333 4.0661736852554045 0.005294496986009641
convert 6.510416666666666E-4 1.121734706088964 7.302960326100026E-4
welfare 0.001953125 3.7784916128036232 0.007379866431257077
variation 0.0013020833333333333 1.1944940603713923 0.0015553308077752503
defect 6.510416666666666E-4 2.331572629867298 0.0015179509309031886
shorten 6.510416666666666E-4 3.2188758248682006 0.0020956222818152345
decline 0.0013020833333333333 1.9867321435755685 0.0025868908119473545
model 6.510416666666666E-4 0.41985384556026406 2.7334234736996356E-4
per 0.0013020833333333333 0.7339691750802005 9.556890300523444E-4
write 6.510416666666666E-4 0.9162907318741551 5.965434452305697E-4
likely 0.0013020833333333333 0.5798184952529422 7.549719990272684E-4
large 0.0013020833333333333 0.22314355131420976 2.9055149910704395E-4
index 0.001953125 1.4271163556401458 0.00278733663210966
sensitive 0.001953125 1.906689435902032 0.0037240028044961565
classification 0.001953125 0.9600933545325481 0.001875182333071383
Japanese 6.510416666666666E-4 3.0853444322436783 0.0020086877814086447
physically 0.0013020833333333333 2.5998366164619773 0.0033852039276848662
system 0.0013020833333333333 0.36076492919025743 4.6974600154981437E-4
field 0.0026041666666666665 0.6988778552689304 0.0018199944147628397
retinopathy 0.0013020833333333333 2.9675613965872945 0.0038640122351397063
even 0.001953125 0.377294231141468 7.369027951981797E-4
evaluate 0.0013020833333333333 0.40261203912575794 5.242344259449973E-4
other 0.001953125 0.0408219945202552 7.973045804737344E-5
retinal 0.001953125 1.730798769438368 0.0033804663465593124
enrol 6.510416666666666E-4 3.0853444322436783 0.0020086877814086447
spss 0.0013020833333333333 2.5257286443082556 0.0032887091722763745
valid 0.0013020833333333333 1.79749014393704 0.0023404819582513543
top 0.0013020833333333333 1.5538680612792897 0.0020232657047907416
angioid 0.0013020833333333333 5.1647859739235145 0.006724981736879576
have 0.0026041666666666665 0.017291497110061043 4.5029940390783966E-5
december 0.0013020833333333333 1.3361445774344192 0.0017397715852010666
angle 0.0013020833333333333 2.2744142160273495 0.002961476843785611
optic 0.0013020833333333333 2.456735772821304 0.003198874704194406
table 0.009114583333333334 0.18117935221517753 0.001651374304044587
linear 0.0026041666666666665 1.3146383722134554 0.0034235374276392065
may 0.001953125 0.15415067982725836 3.01075546537614E-4
question 6.510416666666666E-4 0.8743265327751228 5.692230031088039E-4
change 0.0013020833333333333 0.3941013494578493 5.131527987732412E-4
health 0.005859375 0.990398704027877 0.005803117406413342
ethical 0.0013020833333333333 1.8325814637483102 0.0023861737809222788
demographic 0.0026041666666666665 1.4271163556401458 0.0037164488428128796
kazuo 0.00390625 5.1647859739235145 0.02017494521063873
report 6.510416666666666E-4 0.3364722366212129 2.1905744571693546E-4
complete 6.510416666666666E-4 0.8080771472339223 5.260918927304181E-4
comparable 0.0013020833333333333 1.5812670354674039 0.0020589414524315153
tsubota 0.00390625 5.1647859739235145 0.02017494521063873
use 0.0013020833333333333 0.03488725900044054 4.542611849015695E-5
subject 6.510416666666666E-4 0.9021060968821986 5.87308656824348E-4
equally 0.001953125 2.073743520565198 0.004050280313603902
screen 6.510416666666666E-4 1.7635885922613586 0.0011481696564201553
main 0.0026041666666666665 0.6004377824556778 0.0015636400584783275
while 0.0032552083333333335 0.20895891632225325 6.802048057365015E-4
upon 0.0013020833333333333 1.5538680612792897 0.0020232657047907416
associate 6.510416666666666E-4 0.38566248081198473 2.510823442786359E-4
degeneration 0.0013020833333333333 2.8622008809294686 0.0037268240637102455
perception 0.001953125 1.252762968495368 0.0024468026728425157
that 0.010416666666666666 0.017291497110061043 1.8011976156313586E-4
download 0.00390625 0.24480504809538922 9.562697191226141E-4
high 0.0013020833333333333 0.11492996667397702 1.496483941067409E-4
motoko 0.00390625 5.1647859739235145 0.02017494521063873
whether 0.0013020833333333333 0.5300569856938783 6.90178366788904E-4
find 6.510416666666666E-4 0.16083966797805488 1.0471332550654614E-4
function 0.005859375 0.5496654570822546 0.0032206960375913353
than 0.0026041666666666665 0.058840500022933395 1.5323046880972237E-4
different 0.0013020833333333333 0.18805223150293962 2.448596764361193E-4
chronic 0.0013020833333333333 1.8325814637483102 0.0023861737809222788
regardless 0.0026041666666666665 1.79749014393704 0.004680963916502709
representative 0.0013020833333333333 1.5812670354674039 0.0020589414524315153
traffic 0.0013020833333333333 2.9675613965872945 0.0038640122351397063
all 0.006510416666666667 0.017291497110061043 1.1257485097695992E-4
new 0.00390625 0.36076492919025743 0.001409238004649443
comparison 0.0013020833333333333 0.6988778552689304 9.099972073814198E-4
level 6.510416666666666E-4 0.4373981552111735 2.847644239656077E-4
author 6.510416666666666E-4 0.017291497110061043 1.1257485097695992E-5
less 0.0026041666666666665 0.36076492919025743 9.394920030996287E-4
tool 0.0013020833333333333 0.8743265327751228 0.0011384460062176078
clinical 0.0026041666666666665 0.9452782687474074 0.0024616621581963734
condition 6.510416666666666E-4 0.8607208807193443 5.603651567183231E-4
unit 0.0013020833333333333 1.1043429633770947 0.0014379465668972586
background 6.510416666666666E-4 1.6094379124341003 0.0010478111409076172
survey 0.0026041666666666665 1.3805963400052528 0.003595302968763679
curtail 0.0013020833333333333 4.471638793363569 0.00582244634552548
present 0.001953125 0.083381608939051 1.6285470495908398E-4
collect 6.510416666666666E-4 0.6761496041913742 4.402015652287592E-4
datum 6.510416666666666E-4 0.167573700159399 1.0909746104127539E-4
elderly 0.001953125 2.6798793241355137 0.005234139304952175
university 0.0026041666666666665 1.1043429633770947 0.002875893133794517
cause 6.510416666666666E-4 0.5398131606392429 3.5144085979117376E-4
investigate 6.510416666666666E-4 0.653926467406664 4.257333772178802E-4
total 0.0013020833333333333 0.5108256237659907 6.651375309453004E-4
and 0.048828125 0.017291497110061043 8.443113823271993E-4
department 6.510416666666666E-4 1.730798769438368 0.0011268221155197708
possibility 0.0013020833333333333 1.0704414117014134 0.0013938039214862153
categorize 6.510416666666666E-4 1.730798769438368 0.0011268221155197708
determine 0.001953125 0.40261203912575794 7.86351638917496E-4
immobility 0.0013020833333333333 5.1647859739235145 0.006724981736879576
accord 6.510416666666666E-4 0.4919571394616079 3.2028459600365094E-4
yoshimune 0.00390625 5.1647859739235145 0.02017494521063873
any 0.0026041666666666665 0.2669461739726028 6.95172328053653E-4
English 6.510416666666666E-4 1.4512139072192063 9.448007208458374E-4
conduct 6.510416666666666E-4 0.5798184952529422 3.774859995136342E-4
quantitative 0.0013020833333333333 1.5538680612792897 0.0020232657047907416
psychosocial 0.0013020833333333333 3.5553480614894135 0.00462935945506434
respond 6.510416666666666E-4 1.6682784124570338 0.001086118758110048
remainder 0.0013020833333333333 2.2744142160273495 0.002961476843785611
psychological 0.0013020833333333333 2.392197251683733 0.0031148401714631937
vary 6.510416666666666E-4 0.9751312318970885 6.348510624330003E-4
maintain 6.510416666666666E-4 1.2329603411991883 8.027085554682215E-4
about 0.0013020833333333333 0.377294231141468 4.912685301321197E-4
discussion 0.0013020833333333333 0.23031204079282225 2.9988546978232064E-4
qol 0.018880208333333332 4.471638793363569 0.08442547201011946
retinitis 0.001953125 4.471638793363569 0.00873366951828822
subscale 6.510416666666666E-4 5.1647859739235145 0.003362490868439788
composite 0.005859375 3.0853444322436783 0.018078190032677802
estimate 6.510416666666666E-4 0.8743265327751228 5.692230031088039E-4
concurrently 0.0013020833333333333 3.5553480614894135 0.00462935945506434
koichi 0.00390625 4.471638793363569 0.01746733903657644
they 0.001953125 0.05279818556697083 1.031214561854899E-4
element 0.0013020833333333333 1.1758019273592397 0.0015309920929156766
comprise 6.510416666666666E-4 1.4759065198095778 9.608766405010272E-4
blindness 0.0013020833333333333 2.8622008809294686 0.0037268240637102455
sampling 0.0013020833333333333 1.8689491079191851 0.0024335274842697723
then 0.0013020833333333333 0.4285875255290187 5.580566738659097E-4
substantial 0.0013020833333333333 1.5812670354674039 0.0020589414524315153
each 0.0026041666666666665 0.13434805253107854 3.49864720133017E-4
quality 0.006510416666666667 0.7953381214564925 0.0051779825615657065
eye 0.017578125 1.4035858582299516 0.02467240766419837
grade 0.0013020833333333333 2.6798793241355137 0.00348942620330145
difference 0.0013020833333333333 0.36076492919025743 4.6974600154981437E-4
enroll 0.0013020833333333333 4.471638793363569 0.00582244634552548
ministry 0.0013020833333333333 4.0661736852554045 0.005294496986009641
male 0.0013020833333333333 1.5812670354674039 0.0020589414524315153
systemic 0.004557291666666667 1.5271998141971284 0.006959894986575455
functional 0.0026041666666666665 1.4759065198095778 0.0038435065620041086
corneal 0.001953125 1.9459101490553132 0.0038006057598736587
examine 6.510416666666666E-4 0.8881198549074587 5.7820303053871E-4
frequently 0.0013020833333333333 1.157452788691043 0.0015070999852747956
association 0.0026041666666666665 1.0376515888784226 0.002702217679370892
long 0.0013020833333333333 0.44628710262841953 5.811029982140879E-4
entitle 6.510416666666666E-4 4.0661736852554045 0.0026472484930048206
into 0.0013020833333333333 0.10854016857520597 1.413283444989661E-4
variety 0.0013020833333333333 1.0539121097502027 0.0013722813929039096
disabled 0.0013020833333333333 5.1647859739235145 0.006724981736879576
relationship 0.0013020833333333333 0.758066726659261 9.870660503375794E-4
validate 6.510416666666666E-4 1.5538680612792897 0.0010116328523953708
receive 6.510416666666666E-4 0.653926467406664 4.257333772178802E-4
accordance 0.0013020833333333333 1.6384254493073527 0.002133366470452282
one 0.001953125 0.06491954609931569 1.2679598847522596E-4
akira 0.00390625 5.1647859739235145 0.02017494521063873
nest 6.510416666666666E-4 3.5553480614894135 0.00231467972753217
many 0.001953125 0.20194134366360675 3.9441668684298193E-4
declaration 0.0013020833333333333 1.7635885922613586 0.0022963393128403106
single 0.001953125 0.6429973968744738 0.0012558542907704566
confirm 6.510416666666666E-4 0.8209805520698303 5.344925469204624E-4
such 0.004557291666666667 0.10219094089654716 4.6571392335666026E-4
economical 0.0013020833333333333 4.471638793363569 0.00582244634552548
but 0.0026041666666666665 0.083381608939051 2.1713960661211198E-4
through 0.0013020833333333333 0.2595111954850846 3.3790520245453724E-4
medical 0.004557291666666667 0.9600933545325481 0.004375425443833227
bcva 0.0013020833333333333 3.0853444322436783 0.004017375562817289
predominantly 0.0013020833333333333 2.5257286443082556 0.0032887091722763745
glaucoma 0.0032552083333333335 2.331572629867298 0.007589754654515944
express 6.510416666666666E-4 0.8743265327751228 5.692230031088039E-4
participant 6.510416666666666E-4 1.6094379124341003 0.0010478111409076172
research 0.001953125 0.40261203912575794 7.86351638917496E-4
mainly 0.001953125 1.0059028905638423 0.0019646540831325045
school 0.0013020833333333333 2.120263536200091 0.002760759812760535
generate 6.510416666666666E-4 0.7953381214564925 5.177982561565707E-4
five 0.0013020833333333333 0.9021060968821986 0.001174617313648696
usual 0.0013020833333333333 2.456735772821304 0.003198874704194406
might 0.001953125 0.7339691750802005 0.0014335335450785167
widely 0.0026041666666666665 1.0059028905638423 0.002619538777510006
this 0.005208333333333333 0.017291497110061043 9.005988078156793E-5
degree 6.510416666666666E-4 1.1394342831883648 7.418191947840916E-4
develop 6.510416666666666E-4 0.32850406697203605 2.1386983526825262E-4
significant 0.0026041666666666665 0.377294231141468 9.825370602642395E-4
finding 6.510416666666666E-4 0.7459453661269161 4.856415144055443E-4
decrease 6.510416666666666E-4 0.7827593392496325 5.096089448239794E-4
measure 6.510416666666666E-4 0.48265474679929443 3.1422835078079065E-4
institutional 0.0013020833333333333 1.3361445774344192 0.0017397715852010666
jikei 0.001953125 5.1647859739235145 0.010087472605319364
myopia 0.0013020833333333333 4.471638793363569 0.00582244634552548
full 0.0013020833333333333 0.14750613710858965 1.920652826934761E-4
next 0.0013020833333333333 0.8080771472339223 0.0010521837854608363
questionnaire 0.0032552083333333335 2.2744142160273495 0.007403692109464029
distance 0.0013020833333333333 1.4035858582299516 0.0018275857529035829
show 6.510416666666666E-4 0.0771896386911299 5.0253671022871025E-5
life 0.007161458333333333 1.3581234841531944 0.009726144743284594
we 6.510416666666666E-4 0.19497267434751336 1.2693533486166233E-4
conclusion 0.0013020833333333333 0.28958865072236245 3.770685556280761E-4
not 0.006510416666666667 0.03488725900044054 2.2713059245078478E-4
common 0.0013020833333333333 0.3526016185510966 4.591166908217404E-4
impose 0.0013020833333333333 2.5257286443082556 0.0032887091722763745
ophthalmology 0.001953125 2.5998366164619773 0.005077805891527299
factor 6.510416666666666E-4 0.38566248081198473 2.510823442786359E-4
summary 0.0026041666666666665 1.3581234841531944 0.0035367799066489437
severity 0.001953125 2.0292917579943643 0.003963460464832743
normal 0.0013020833333333333 1.4035858582299516 0.0018275857529035829
disease 0.0026041666666666665 1.1758019273592397 0.003061984185831353
wide 0.0013020833333333333 1.121734706088964 0.001460592065220005
previous 0.0013020833333333333 0.32850406697203605 4.2773967053650523E-4
apply 0.0013020833333333333 0.41119578281714936 5.354111755431632E-4
recently 0.0013020833333333333 1.5271998141971284 0.001988541424735844
koto 0.001953125 5.1647859739235145 0.010087472605319364
generic 0.001953125 2.120263536200091 0.004141139719140803
target 6.510416666666666E-4 0.8743265327751228 5.692230031088039E-4
tokyo 0.0032552083333333335 5.1647859739235145 0.01681245434219894
impairment 0.0032552083333333335 2.7668907011251433 0.009006805667725076
fund 6.510416666666666E-4 2.9675613965872945 0.0019320061175698532
short 6.510416666666666E-4 0.9452782687474074 6.154155395490934E-4
risk 0.001953125 0.758066726659261 0.0014805990755063691
base 6.510416666666666E-4 0.14090545307723773 9.173532101382665E-5
software 0.0013020833333333333 1.157452788691043 0.0015070999852747956
when 0.0032552083333333335 0.14750613710858965 4.8016320673369026E-4
consist 6.510416666666666E-4 0.7459453661269161 4.856415144055443E-4
modest 0.0013020833333333333 3.0853444322436783 0.004017375562817289
diabetic 0.001953125 2.5257286443082556 0.004933063758414562
masakazu 0.00390625 5.1647859739235145 0.02017494521063873
relate 6.510416666666666E-4 0.27443684570176036 1.7866982142041688E-4
review 0.0013020833333333333 0.4734380916943703 6.164558485603779E-4
geriatric 0.001953125 4.471638793363569 0.00873366951828822
severely 0.0013020833333333333 2.7668907011251433 0.0036027222670900303
dependent 0.0013020833333333333 1.3805963400052528 0.0017976514843818395
between 0.005859375 0.058840500022933395 3.4476855482187536E-4
tenet 6.510416666666666E-4 2.7668907011251433 0.0018013611335450151
item 0.001953125 1.8325814637483102 0.0035792606713834184
still 0.0013020833333333333 0.5300569856938783 6.90178366788904E-4
method 6.510416666666666E-4 0.0958817717032825 6.242302845265788E-5
standalone 0.0013020833333333333 4.471638793363569 0.00582244634552548
provide 6.510416666666666E-4 0.167573700159399 1.0909746104127539E-4
light 0.001953125 1.2729656758128876 0.002486261085572046
among 0.0026041666666666665 0.32850406697203605 8.554793410730105E-4
standpoint 0.0013020833333333333 4.471638793363569 0.00582244634552548
participation 0.0013020833333333333 2.2744142160273495 0.002961476843785611
study 0.005859375 0.07103577311675174 4.1622523310596725E-4
logarithm 0.0013020833333333333 3.0853444322436783 0.004017375562817289
reliability 0.001953125 2.0292917579943643 0.003963460464832743
range 0.0013020833333333333 0.3941013494578493 5.131527987732412E-4
unilateral 0.0013020833333333333 3.0853444322436783 0.004017375562817289
tadashi 0.00390625 5.1647859739235145 0.02017494521063873
labour 0.0013020833333333333 3.2188758248682006 0.004191244563630469
unknown 0.0013020833333333333 1.79749014393704 0.0023404819582513543
across 0.0013020833333333333 0.7703368192510752 0.0010030427333998374
fall 6.510416666666666E-4 1.6682784124570338 0.001086118758110048
low 0.001953125 0.28958865072236245 5.656028334421142E-4
ophthalmic 0.0013020833333333333 2.169053700369523 0.00282428867235615
verify 6.510416666666666E-4 1.8325814637483102 0.0011930868904611394
informed 0.0013020833333333333 1.4035858582299516 0.0018275857529035829
finger 6.510416666666666E-4 2.5998366164619773 0.0016926019638424331
include 6.510416666666666E-4 0.0771896386911299 5.0253671022871025E-5
means 0.001953125 0.6988778552689304 0.0013649958110721297
more 0.001953125 0.05279818556697083 1.031214561854899E-4
csvdisplay 0.00390625 0.2669461739726028 0.0010427584920804796
consistent 0.0013020833333333333 0.9306794693262548 0.0012118222256852274
suggest 6.510416666666666E-4 0.5013468798114469 3.263977082105774E-4
great 6.510416666666666E-4 0.5398131606392429 3.5144085979117376E-4
expect 6.510416666666666E-4 0.8743265327751228 5.692230031088039E-4
disorder 6.510416666666666E-4 2.169053700369523 0.001412144336178075
cease 0.0013020833333333333 4.0661736852554045 0.005294496986009641
assess 0.0026041666666666665 0.6761496041913742 0.0017608062609150367
organization 0.0013020833333333333 1.5538680612792897 0.0020232657047907416
organized 0.0013020833333333333 1.6990500711237875 0.002212304780109098
summarize 6.510416666666666E-4 1.121734706088964 7.302960326100026E-4
diabetes 0.001953125 2.456735772821304 0.004798312056291609
minimum 0.0013020833333333333 1.3361445774344192 0.0017397715852010666
board 0.0013020833333333333 1.4271163556401458 0.0018582244214064398
indicator 6.510416666666666E-4 1.5538680612792897 0.0010116328523953708
disability 0.0013020833333333333 2.9675613965872945 0.0038640122351397063
simple 0.001953125 1.0539121097502027 0.0020584220893558646
threshold 0.001953125 2.120263536200091 0.004141139719140803
protocol 0.0013020833333333333 1.6384254493073527 0.002133366470452282
from 0.008463541666666666 0.023122417420854212 1.9569754327545882E-4
consider 6.510416666666666E-4 0.17435338714477774 1.1351131975571467E-4
group 0.0013020833333333333 0.41119578281714936 5.354111755431632E-4
individual 0.0013020833333333333 0.6214911916535102 8.09233322465508E-4
phthisis 0.0013020833333333333 3.2188758248682006 0.004191244563630469
capture 6.510416666666666E-4 0.990398704027877 6.447908229348157E-4
invariable 0.0013020833333333333 4.471638793363569 0.00582244634552548
both 0.00390625 0.13434805253107854 5.247970801995255E-4
important 0.0013020833333333333 0.2669461739726028 3.475861640268265E-4
most 0.0013020833333333333 0.0771896386911299 1.0050734204574205E-4
correlate 6.510416666666666E-4 1.5812670354674039 0.0010294707262157577
recruit 6.510416666666666E-4 2.2203469947570738 0.00144553840804497
person 6.510416666666666E-4 0.9021060968821986 5.87308656824348E-4
daily 0.0013020833333333333 1.6384254493073527 0.002133366470452282
nerve 0.0013020833333333333 2.5998366164619773 0.0033852039276848662
effect 0.0013020833333333333 0.4919571394616079 6.405691920073019E-4
intervention 0.0013020833333333333 1.5012243277938677 0.0019547191768149318
who 0.0026041666666666665 0.44628710262841953 0.0011622059964281758
classify 6.510416666666666E-4 0.9162907318741551 5.965434452305697E-4
purpose 0.0013020833333333333 0.9021060968821986 0.001174617313648696
part 0.0013020833333333333 0.4285875255290187 5.580566738659097E-4
scale 0.0013020833333333333 1.2135422553420867 0.0015801331449766753
ocular 0.0026041666666666665 1.5538680612792897 0.004046531409581483
can 0.0013020833333333333 0.0958817717032825 1.2484605690531576E-4
inclusion 0.0026041666666666665 1.3581234841531944 0.0035367799066489437
general 0.0013020833333333333 0.4734380916943703 6.164558485603779E-4
targeting 0.0013020833333333333 2.456735772821304 0.003198874704194406
september 0.0013020833333333333 2.2203469947570738 0.00289107681608994
patient 0.0013020833333333333 0.8743265327751228 0.0011384460062176078
parameter 6.510416666666666E-4 1.0539121097502027 6.861406964519548E-4
visually 0.0078125 2.9675613965872945 0.023184073410838238
hiroshi 0.00390625 4.0661736852554045 0.015883490958028924
hospital 0.0013020833333333333 1.3805963400052528 0.0017976514843818395
value 0.0026041666666666665 0.34450440831847723 8.97146896662701E-4
introduction 0.0013020833333333333 0.10219094089654716 1.3306112095904578E-4
limb 0.0013020833333333333 4.471638793363569 0.00582244634552548
macular 0.0026041666666666665 2.7668907011251433 0.0072054445341800605
pigmentosa 0.0013020833333333333 5.1647859739235145 0.006724981736879576
original 0.0013020833333333333 1.1944940603713923 0.0015553308077752503
motion 0.0013020833333333333 2.073743520565198 0.0027001868757359345
limited 0.001953125 0.5696661237889241 0.0011126291480252424
also 0.00390625 0.05279818556697083 2.062429123709798E-4
enough 0.001953125 1.4512139072192063 0.0028344021625375123
increase 6.510416666666666E-4 0.16083966797805488 1.0471332550654614E-4
follow 6.510416666666666E-4 0.0958817717032825 6.242302845265788E-5
economics 0.0013020833333333333 3.7784916128036232 0.004919910954171384
variance 0.0013020833333333333 1.8689491079191851 0.0024335274842697723
various 0.006510416666666667 0.5798184952529422 0.0037748599951363425
response 0.0013020833333333333 1.0539121097502027 0.0013722813929039096
approve 6.510416666666666E-4 1.3805963400052528 8.988257421909197E-4
mean 0.0026041666666666665 0.5398131606392429 0.001405763439164695
further 0.0013020833333333333 0.27443684570176036 3.5733964284083376E-4
intend 6.510416666666666E-4 1.7635885922613586 0.0011481696564201553
