extent 0.001289213579716373 1.3805963400052528 0.0017798835496414948
exception 4.297378599054577E-4 2.331572629867298 0.0010019650321733125
half 0.001289213579716373 1.3805963400052528 0.0017798835496414948
plana 8.594757198109154E-4 2.2744142160273495 0.001954803795468285
optimal 8.594757198109154E-4 1.2329603411991883 0.0010596994767504842
numerous 0.0017189514396218307 1.6384254493073527 0.0028163737847999187
year 8.594757198109154E-4 0.5203950747821414 4.472669314844361E-4
unavailable 8.594757198109154E-4 3.7784916128036232 0.0032475217987139007
sufficiently 8.594757198109154E-4 2.120263536200091 0.00182231502896441
surgeon 0.019767941555651054 2.331572629867298 0.04609039147997237
predispose 8.594757198109154E-4 3.0853444322436783 0.0026517786267672354
rupture 4.297378599054577E-4 2.7668907011251433 0.0011890376884938305
score 8.594757198109154E-4 1.0059028905638423 8.645491109272388E-4
suffer 0.001289213579716373 1.6990500711237875 0.0021904384243108563
acuity 0.008594757198109154 1.5271998141971284 0.01312591159602173
poor 0.002578427159432746 0.9452782687474074 0.0024373311613598817
record 4.297378599054577E-4 0.8340526336371831 3.584239938277538E-4
vitreous 0.001289213579716373 1.906689435902032 0.002458129913066651
visual 0.015900300816501935 1.157452788691043 0.018403847521086633
jiangxia 0.0030081650193382035 5.1647859739235145 0.015536528499125311
because 0.001289213579716373 0.34450440831847723 4.4413976147633503E-4
calculate 4.297378599054577E-4 0.7221347174331975 3.103286280331747E-4
addition 8.594757198109154E-4 0.7953381214564925 6.835738044318801E-4
knowledge 8.594757198109154E-4 0.8080771472339223 6.945226877816264E-4
trauma 0.0034379028792436614 2.2203469947570738 0.007633337326195355
reinsert 8.594757198109154E-4 5.1647859739235145 0.004439008142607232
past 0.001289213579716373 1.293584963015623 0.0016677073008366434
impact 0.0030081650193382035 0.6874491594453075 0.002067960514016825
posterior 0.00558659217877095 1.8325814637483102 0.01023788527233693
july 0.0021486892995272885 2.331572629867298 0.005009825160866562
active 8.594757198109154E-4 1.1944940603713923 0.0010266386423475654
raw 0.001289213579716373 2.2744142160273495 0.002932205693202427
require 8.594757198109154E-4 0.3127557100038969 2.688059389805732E-4
analysis 0.0021486892995272885 0.13434805253107854 2.886722228858585E-4
devise 4.297378599054577E-4 3.5553480614894135 0.0015278676671634781
population 0.0017189514396218307 0.9021060968821986 0.0015506765739272859
apparent 8.594757198109154E-4 2.2203469947570738 0.0019083343315488388
extend 4.297378599054577E-4 1.4512139072192063 6.236415587534192E-4
dose 8.594757198109154E-4 2.331572629867298 0.002003930064346625
globe 0.02019767941555651 2.2203469947570738 0.04484585679139771
institute 8.594757198109154E-4 2.169053700369523 0.0018642489904336255
detail 4.297378599054577E-4 1.0216512475319812 4.390422206841346E-4
adult 0.0021486892995272885 1.730798769438368 0.0037189487955272198
much 8.594757198109154E-4 0.7827593392496325 6.727626465402943E-4
relative 8.594757198109154E-4 1.0376515888784226 8.918363462642223E-4
treatment 0.001289213579716373 0.9162907318741551 0.0011812944545004148
average 0.0021486892995272885 0.7104386776700063 0.001526511984679859
compare 0.001289213579716373 0.17435338714477774 2.2477875437659355E-4
statistical 8.594757198109154E-4 0.653926467406664 5.620339212777517E-4
be 4.297378599054577E-4 0.017291497110061043 7.430810962639039E-6
scheme 0.001289213579716373 1.9459101490553132 0.0025086937890700213
affect 4.297378599054577E-4 0.5596157879354227 2.4048809107667498E-4
least 0.0017189514396218307 0.653926467406664 0.0011240678425555033
notable 8.594757198109154E-4 2.392197251683733 0.0020560354548205696
immediately 8.594757198109154E-4 1.9459101490553132 0.001672462526046681
characteristic 4.297378599054577E-4 0.664976303593249 2.8576549359400475E-4
intraocular 0.002578427159432746 1.6990500711237875 0.0043808768486217125
anterior 0.003867640739149119 1.906689435902032 0.007374389739199952
result 8.594757198109154E-4 0.058840500022933395 5.057198111124486E-5
isolate 0.001289213579716373 2.120263536200091 0.0027334725434466148
see 4.297378599054577E-4 0.5696661237889241 2.4480710089768977E-4
involvement 0.001289213579716373 2.2744142160273495 0.002932205693202427
iofb 8.594757198109154E-4 3.2188758248682006 0.0027665456165605505
same 8.594757198109154E-4 0.2972515234679317 2.554804670974918E-4
subsequent 0.001289213579716373 1.3581234841531944 0.0017509112387020125
term 4.297378599054577E-4 0.4643056081310978 1.9952969838036002E-4
indicate 0.001289213579716373 0.4919571394616079 6.342378248323264E-4
after 0.0021486892995272885 0.12136085700426753 2.60766774826531E-4
aggressive 0.001289213579716373 2.7668907011251433 0.003567113065481491
close 8.594757198109154E-4 0.6988778552689304 6.006685477171727E-4
hand 8.594757198109154E-4 1.4512139072192063 0.0012472831175068383
scoring 0.0021486892995272885 2.6798793241355137 0.0057582280277944
address 8.594757198109154E-4 0.7827593392496325 6.727626465402943E-4
outstanding 8.594757198109154E-4 3.2188758248682006 0.0027665456165605505
sex 8.594757198109154E-4 3.0853444322436783 0.0026517786267672354
predictive 0.0017189514396218307 1.5012243277938677 0.002580531719456584
medically 8.594757198109154E-4 3.7784916128036232 0.0032475217987139007
medicine 8.594757198109154E-4 2.073743520565198 0.0017823322050409952
staff 8.594757198109154E-4 2.2744142160273495 0.001954803795468285
possible 0.001289213579716373 0.38566248081198473 4.972013074499159E-4
procedure 8.594757198109154E-4 0.8080771472339223 6.945226877816264E-4
involve 4.297378599054577E-4 0.9452782687474074 4.062218602266469E-4
enucleation 0.0030081650193382035 2.6798793241355137 0.008061519238912159
andreolus 4.297378599054577E-4 4.471638793363569 0.0019216324853302833
the 0.0618822518263859 0.017291497110061043 0.0010700367786200214
characterize 8.594757198109154E-4 1.4512139072192063 0.0012472831175068383
stage 4.297378599054577E-4 1.3581234841531944 5.836370795673376E-4
series 0.001289213579716373 1.1758019273592397 0.0015158598118082162
severe 8.594757198109154E-4 1.157452788691043 9.948025687073856E-4
information 8.594757198109154E-4 0.3049735695618419 2.6211737822246834E-4
validity 8.594757198109154E-4 2.073743520565198 0.0017823322050409952
surgery 0.004727116458960034 1.6094379124341003 0.007608000445541514
quarter 0.001289213579716373 3.0853444322436783 0.003977667940150853
represent 0.001289213579716373 0.4285875255290187 5.525408580090486E-4
november 0.0030081650193382035 1.1758019273592397 0.0035370062275525043
nine 0.001289213579716373 1.9459101490553132 0.0025086937890700213
evidence 8.594757198109154E-4 0.8881198549074587 7.633174515749538E-4
powered 0.001289213579716373 3.373026504695459 0.0043485515745966385
do 4.297378599054577E-4 0.14750613710858965 6.338897168396633E-5
good 4.297378599054577E-4 0.2160260835453457 9.283458682653447E-5
compute 4.297378599054577E-4 1.2729656758128876 5.470415452569349E-4
institution 0.0017189514396218307 1.9867321435755685 0.0034150960783421894
prior 8.594757198109154E-4 0.8209805520698303 7.056128509409801E-4
discharge 4.297378599054577E-4 2.331572629867298 0.0010019650321733125
surgical 0.010313708637730984 1.6384254493073527 0.016898242708799513
exclude 4.297378599054577E-4 0.9021060968821986 3.8766914348182147E-4
predicted 8.594757198109154E-4 1.5271998141971284 0.0013125911596021732
train 4.297378599054577E-4 1.252762968495368 5.383596770500077E-4
which 0.0021486892995272885 0.023122417420854212 4.9682890891392806E-5
par 4.297378599054577E-4 2.2203469947570738 9.541671657744194E-4
commonly 8.594757198109154E-4 1.0216512475319812 8.780844413682692E-4
need 0.0034379028792436614 0.27443684570176036 9.434872220086304E-4
typically 8.594757198109154E-4 1.1394342831883648 9.793161007205543E-4
its 0.001289213579716373 0.19497267434751336 2.5136141944243236E-4
consent 8.594757198109154E-4 1.4035858582299516 0.001206347965818609
extraocular 0.001289213579716373 3.373026504695459 0.0043485515745966385
list 4.297378599054577E-4 0.8472978603872037 3.6411596922527017E-4
lack 8.594757198109154E-4 0.5696661237889241 4.896142017953795E-4
vision 8.594757198109154E-4 1.4035858582299516 0.001206347965818609
take 4.297378599054577E-4 0.368995428326773 1.5857130568404514E-4
month 4.297378599054577E-4 1.1758019273592397 5.052866039360721E-4
circumstance 4.297378599054577E-4 2.7668907011251433 0.0011890376884938305
final 0.0030081650193382035 0.6988778552689304 0.002102339917010104
relatively 0.001289213579716373 0.8209805520698303 0.0010584192764114702
young 4.297378599054577E-4 1.5271998141971284 6.562955798010866E-4
additional 0.0030081650193382035 0.5300569856938783 0.0015944988826201753
for 0.02578427159432746 0.017291497110061043 4.458486577583423E-4
training 0.00730554361839278 1.0059028905638423 0.007348667442881529
lens 0.0017189514396218307 1.8689491079191851 0.0032126327596376197
primarily 8.594757198109154E-4 1.4512139072192063 0.0012472831175068383
traumatic 0.00558659217877095 2.5257286443082556 0.014110215889990256
perhaps 0.001289213579716373 1.9459101490553132 0.0025086937890700213
previously 8.594757198109154E-4 0.8340526336371831 7.168479876555076E-4
terminology 8.594757198109154E-4 2.5998366164619773 0.0022344964473244326
rate 0.002578427159432746 0.5696661237889241 0.0014688426053861387
hypothesize 8.594757198109154E-4 2.2744142160273495 0.001954803795468285
six 8.594757198109154E-4 0.9162907318741551 7.875296363336099E-4
identify 4.297378599054577E-4 0.3049735695618419 1.3105868911123417E-4
approval 8.594757198109154E-4 1.906689435902032 0.0016387532753777672
multiple 0.001289213579716373 0.5108256237659907 6.58563331026202E-4
perform 0.0017189514396218307 0.2669461739726028 4.5886751005174526E-4
retrospective 0.001289213579716373 1.4271163556401458 0.001839857785526617
statistically 0.00558659217877095 1.1758019273592397 0.0065687258511689375
improvement 8.594757198109154E-4 0.9306794693262548 7.998964068124235E-4
versus 0.0034379028792436614 1.6094379124341003 0.005533091233121101
home 8.594757198109154E-4 2.120263536200091 0.00182231502896441
with 0.015900300816501935 0.017291497110061043 2.7494000561764447E-4
form 8.594757198109154E-4 0.5013468798114469 4.3089547040089975E-4
approximately 0.0017189514396218307 0.9452782687474074 0.0016248874409065877
regression 8.594757198109154E-4 1.3805963400052528 0.0011865890330943298
publish 4.297378599054577E-4 0.03488725900044054 1.4992376020816734E-5
there 0.004727116458960034 0.12136085700426753 5.736869046183682E-4
well 0.001289213579716373 0.3127557100038969 4.032089084708598E-4
endophthalmitis 8.594757198109154E-4 2.169053700369523 0.0018642489904336255
age 0.0021486892995272885 0.9452782687474074 0.002031109301133235
subset 4.297378599054577E-4 1.5812670354674039 6.795303117608096E-4
assign 4.297378599054577E-4 1.0704414117014134 4.6000920141874235E-4
prognosticate 4.297378599054577E-4 4.471638793363569 0.0019216324853302833
college 8.594757198109154E-4 2.456735772821304 0.002111504746730816
explain 8.594757198109154E-4 0.9751312318970885 8.381016174448547E-4
focus 4.297378599054577E-4 0.4285875255290187 1.841802860030162E-4
attempt 8.594757198109154E-4 1.0216512475319812 8.780844413682692E-4
approach 8.594757198109154E-4 0.40261203912575794 3.460352721321512E-4
soon 8.594757198109154E-4 2.9675613965872945 0.00255054696741495
pupillary 8.594757198109154E-4 2.8622008809294686 0.002459992162380291
number 0.004297378599054577 0.14750613710858965 6.338897168396634E-4
defect 8.594757198109154E-4 2.331572629867298 0.002003930064346625
rehabilitation 0.005156854318865492 3.373026504695459 0.017394206298386554
tetanus 8.594757198109154E-4 3.7784916128036232 0.0032475217987139007
four 8.594757198109154E-4 0.4643056081310978 3.9905939676072004E-4
vancomycin 8.594757198109154E-4 3.0853444322436783 0.0026517786267672354
majority 8.594757198109154E-4 0.9452782687474074 8.124437204532939E-4
per 0.0017189514396218307 0.7339691750802005 0.0012616573701421583
manipulation 8.594757198109154E-4 2.8622008809294686 0.002459992162380291
similar 0.0030081650193382035 0.20895891632225325 6.28582902559421E-4
likely 0.003867640739149119 0.5798184952529422 0.002242529633552419
period 8.594757198109154E-4 0.7953381214564925 6.835738044318801E-4
issue 8.594757198109154E-4 0.7953381214564925 6.835738044318801E-4
postoperatively 8.594757198109154E-4 3.373026504695459 0.0028990343830644257
sikder 0.0030081650193382035 5.1647859739235145 0.015536528499125311
classification 0.0034379028792436614 0.9600933545325481 0.0033007077078901523
system 0.001289213579716373 0.36076492919025743 4.651030457974956E-4
even 8.594757198109154E-4 0.377294231141468 3.2427523089081906E-4
analyze 8.594757198109154E-4 0.758066726659261 6.515399455601727E-4
evaluate 0.001289213579716373 0.40261203912575794 5.190529081982268E-4
retinal 0.001289213579716373 1.730798769438368 0.0022313692773163318
hundred 0.001289213579716373 2.073743520565198 0.0026734983075614926
other 0.001289213579716373 0.0408219945202552 5.262826968662037E-5
proportion 8.594757198109154E-4 1.4271163556401458 0.0012265718570177446
anatomy 8.594757198109154E-4 4.0661736852554045 0.003494777555011091
against 8.594757198109154E-4 0.9600933545325481 8.251769269725381E-4
protection 8.594757198109154E-4 2.073743520565198 0.0017823322050409952
mention 4.297378599054577E-4 0.8881198549074587 3.816587257874769E-4
have 0.006875805758487323 0.017291497110061043 1.1889297540222462E-4
administer 8.594757198109154E-4 2.0292917579943643 0.001744126994408564
generalize 4.297378599054577E-4 1.9459101490553132 8.362312630233405E-4
irreparable 8.594757198109154E-4 4.471638793363569 0.0038432649706605666
vitreoretinal 0.001289213579716373 2.5257286443082556 0.003256203666920828
ability 0.001289213579716373 0.8881198549074587 0.0011449761773624305
optic 8.594757198109154E-4 2.456735772821304 0.002111504746730816
outcome 0.0021486892995272885 0.8472978603872037 0.001820579846126351
table 0.006875805758487323 0.18117935221517753 0.0012457540332801206
may 0.010313708637730984 0.15415067982725836 0.0015898651980464978
within 0.003867640739149119 0.3127557100038969 0.0012096267254125793
willingness 8.594757198109154E-4 3.2188758248682006 0.0027665456165605505
generally 0.001289213579716373 0.9021060968821986 0.0011630074304454644
demographic 4.297378599054577E-4 1.4271163556401458 6.132859285088723E-4
future 8.594757198109154E-4 0.48265474679929443 4.1483003592547867E-4
regard 4.297378599054577E-4 0.4919571394616079 2.1141260827744216E-4
report 4.297378599054577E-4 0.3364722366212129 1.445948588832028E-4
oral 8.594757198109154E-4 2.120263536200091 0.00182231502896441
complete 8.594757198109154E-4 0.8080771472339223 6.945226877816264E-4
prohibit 4.297378599054577E-4 3.7784916128036232 0.0016237608993569504
use 0.001289213579716373 0.03488725900044054 4.4977128062450204E-5
several 0.001289213579716373 0.3526016185510966 4.545787948660463E-4
recognition 8.594757198109154E-4 1.6384254493073527 0.0014081868923999593
stratified 0.0021486892995272885 2.7668907011251433 0.005945188442469152
while 0.003867640739149119 0.20895891632225325 8.081780175763985E-4
body 8.594757198109154E-4 1.4035858582299516 0.001206347965818609
perception 0.001289213579716373 1.252762968495368 0.0016150790311500233
that 0.009454232917920068 0.017291497110061043 1.6347784117805883E-4
shameema 0.0030081650193382035 5.1647859739235145 0.015536528499125311
download 0.0030081650193382035 0.24480504809538922 7.364139822379563E-4
high 4.297378599054577E-4 0.11492996667397702 4.9389757917480456E-5
find 4.297378599054577E-4 0.16083966797805488 6.911889470479368E-5
whether 0.0030081650193382035 0.5300569856938783 0.0015944988826201753
than 8.594757198109154E-4 0.058840500022933395 5.057198111124486E-5
different 0.0021486892995272885 0.18805223150293962 4.0406581758259483E-4
regardless 0.0017189514396218307 1.79749014393704 0.003089798270626627
closure 0.0017189514396218307 2.120263536200091 0.00364463005792882
representative 8.594757198109154E-4 1.5812670354674039 0.0013590606235216191
all 0.00558659217877095 0.017291497110061043 9.66005425143075E-5
oculoplastic 8.594757198109154E-4 4.0661736852554045 0.003494777555011091
mindset 8.594757198109154E-4 4.471638793363569 0.0038432649706605666
comparison 0.001289213579716373 0.6988778552689304 9.010028215757591E-4
occur 4.297378599054577E-4 0.6109090823229731 2.6253076163428154E-4
author 4.297378599054577E-4 0.017291497110061043 7.430810962639039E-6
tertiary 0.001289213579716373 2.6798793241355137 0.00345493681667664
less 8.594757198109154E-4 0.36076492919025743 3.100686971983304E-4
unpaired 8.594757198109154E-4 3.373026504695459 0.0028990343830644257
clinical 8.594757198109154E-4 0.9452782687474074 8.124437204532939E-4
specialist 8.594757198109154E-4 2.5257286443082556 0.0021708024446138855
background 0.001289213579716373 1.6094379124341003 0.002074909212420413
improve 0.002578427159432746 0.377294231141468 9.728256926724572E-4
present 4.297378599054577E-4 0.083381608939051 3.583223418094156E-5
collect 4.297378599054577E-4 0.6761496041913742 2.905670838811234E-4
datum 4.297378599054577E-4 0.167573700159399 7.201276328293898E-5
mandate 8.594757198109154E-4 3.2188758248682006 0.0027665456165605505
cause 8.594757198109154E-4 0.5398131606392429 4.639563048038186E-4
scleral 8.594757198109154E-4 2.5257286443082556 0.0021708024446138855
investigate 4.297378599054577E-4 0.653926467406664 2.8101696063887583E-4
wound 0.001289213579716373 2.456735772821304 0.0031672571200962235
total 0.0021486892995272885 0.5108256237659907 0.001097605551710337
pursue 8.594757198109154E-4 2.7668907011251433 0.002378075376987661
hour 4.297378599054577E-4 1.5812670354674039 6.795303117608096E-4
and 0.035668242372152985 0.017291497110061043 6.167573098990401E-4
muscle 8.594757198109154E-4 2.9675613965872945 0.00255054696741495
attending 0.0017189514396218307 5.1647859739235145 0.008878016285214464
define 4.297378599054577E-4 0.3526016185510966 1.5152626495534878E-4
predict 4.297378599054577E-4 1.1043429633770947 4.745779816833239E-4
categorize 4.297378599054577E-4 1.730798769438368 7.437897591054439E-4
chance 8.594757198109154E-4 2.169053700369523 0.0018642489904336255
determine 0.0017189514396218307 0.40261203912575794 6.920705442643024E-4
ot 4.297378599054577E-4 3.2188758248682006 0.0013832728082802752
nature 8.594757198109154E-4 1.0216512475319812 8.780844413682692E-4
accord 4.297378599054577E-4 0.4919571394616079 2.1141260827744216E-4
enucleate 4.297378599054577E-4 3.5553480614894135 0.0015278676671634781
control 4.297378599054577E-4 0.5398131606392429 2.319781524019093E-4
specific 8.594757198109154E-4 0.40261203912575794 3.460352721321512E-4
any 0.0021486892995272885 0.2669461739726028 5.735843875646815E-4
despite 0.0017189514396218307 0.7221347174331975 0.0012413145121326988
consecutive 8.594757198109154E-4 1.9867321435755685 0.0017075480391710947
structure 4.297378599054577E-4 0.8340526336371831 3.584239938277538E-4
conduct 4.297378599054577E-4 0.5798184952529422 2.4916995928360214E-4
due 0.0017189514396218307 0.20895891632225325 3.591902300339549E-4
stable 8.594757198109154E-4 1.8689491079191851 0.0016063163798188099
choroidal 8.594757198109154E-4 2.5998366164619773 0.0022344964473244326
descriptive 8.594757198109154E-4 1.9867321435755685 0.0017075480391710947
until 0.001289213579716373 1.0376515888784226 0.0013377545193963333
orbital 8.594757198109154E-4 2.5998366164619773 0.0022344964473244326
discussion 8.594757198109154E-4 0.23031204079282225 1.979476070415318E-4
reflect 0.0017189514396218307 0.7827593392496325 0.0013455252930805886
estimate 4.297378599054577E-4 0.8743265327751228 3.757312130533403E-4
injury 0.008594757198109154 1.9867321435755685 0.017075480391710945
orbit 4.297378599054577E-4 3.2188758248682006 0.0013832728082802752
recent 8.594757198109154E-4 0.5596157879354227 4.8097618215334995E-4
they 4.297378599054577E-4 0.05279818556697083 2.268937927244127E-5
hopkins 0.0017189514396218307 4.471638793363569 0.007686529941321133
remain 4.297378599054577E-4 0.7104386776700063 3.053023969359718E-4
old 4.297378599054577E-4 1.5012243277938677 6.45132929864146E-4
recognize 4.297378599054577E-4 1.4035858582299516 6.031739829093045E-4
each 0.002578427159432746 0.13434805253107854 3.4640666746303016E-4
eye 0.0034379028792436614 1.4035858582299516 0.004825391863274436
secondary 0.001289213579716373 1.4271163556401458 0.001839857785526617
disinsert 8.594757198109154E-4 5.1647859739235145 0.004439008142607232
wang 0.0030081650193382035 2.073743520565198 0.006238162717643483
grade 8.594757198109154E-4 2.6798793241355137 0.00230329121111776
twelve 8.594757198109154E-4 2.9675613965872945 0.00255054696741495
difference 0.00558659217877095 0.36076492919025743 0.0020154465317891476
male 8.594757198109154E-4 1.5812670354674039 0.0013590606235216191
cut 4.297378599054577E-4 2.2744142160273495 9.774018977341426E-4
corneal 8.594757198109154E-4 1.9459101490553132 0.001672462526046681
examine 4.297378599054577E-4 0.8881198549074587 3.816587257874769E-4
document 4.297378599054577E-4 0.8743265327751228 3.757312130533403E-4
another 8.594757198109154E-4 0.40261203912575794 3.460352721321512E-4
scan 8.594757198109154E-4 2.456735772821304 0.002111504746730816
believe 8.594757198109154E-4 1.2729656758128876 0.0010940830905138699
two 0.002578427159432746 0.11492996667397702 2.9633854750488273E-4
long 4.297378599054577E-4 0.44628710262841953 1.9178646438694437E-4
sb 4.297378599054577E-4 5.1647859739235145 0.002219504071303616
into 0.001289213579716373 0.10854016857520597 1.3993145927185987E-4
unless 0.0017189514396218307 3.2188758248682006 0.005533091233121101
ian 0.0030081650193382035 5.1647859739235145 0.015536528499125311
where 0.001289213579716373 0.32850406697203605 4.235119041324057E-4
mechanism 0.0017189514396218307 1.1043429633770947 0.0018983119267332955
key 0.001289213579716373 0.9751312318970885 0.0012571524261672821
receive 4.297378599054577E-4 0.653926467406664 2.8101696063887583E-4
though 0.001289213579716373 1.1043429633770947 0.0014237339450499716
necessary 8.594757198109154E-4 0.8607208807193443 7.397686985125434E-4
one 0.006016330038676407 0.06491954609931569 3.905774152945507E-4
subspecialist 0.001289213579716373 4.471638793363569 0.00576489745599085
many 8.594757198109154E-4 0.20194134366360675 1.7356368170486184E-4
prognosis 0.0017189514396218307 2.073743520565198 0.0035646644100819904
single 8.594757198109154E-4 0.6429973968744738 5.526406505152331E-4
actually 8.594757198109154E-4 1.5812670354674039 0.0013590606235216191
confirm 4.297378599054577E-4 0.8209805520698303 3.5280642547049005E-4
such 0.0017189514396218307 0.10219094089654716 1.7566126497042917E-4
nlp 8.594757198109154E-4 0.41119578281714936 3.534127914199823E-4
ppv 0.0021486892995272885 2.456735772821304 0.005278761866827039
describe 0.001289213579716373 0.28958865072236245 3.733416210430113E-4
chart 0.001289213579716373 1.6990500711237875 0.0021904384243108563
open 0.010743446497636441 0.8881198549074587 0.009541468144686921
but 0.0021486892995272885 0.083381608939051 1.7916117090470779E-4
through 8.594757198109154E-4 0.2595111954850846 2.2304357153853427E-4
antibiotic 4.297378599054577E-4 2.169053700369523 9.321244952168128E-4
calculation 8.594757198109154E-4 1.6094379124341003 0.0013832728082802752
treat 4.297378599054577E-4 0.7827593392496325 3.3638132327014716E-4
medical 0.001289213579716373 0.9600933545325481 0.001237765390458807
attend 4.297378599054577E-4 2.456735772821304 0.001055752373365408
separate 8.594757198109154E-4 1.2135422553420867 0.0010430101034311016
glaucoma 8.594757198109154E-4 2.331572629867298 0.002003930064346625
available 0.001289213579716373 0.5696661237889241 7.344213026930694E-4
secure 8.594757198109154E-4 2.5257286443082556 0.0021708024446138855
pediatric 0.001289213579716373 3.373026504695459 0.0043485515745966385
presentation 0.001289213579716373 1.6094379124341003 0.002074909212420413
either 8.594757198109154E-4 0.7827593392496325 6.727626465402943E-4
view 8.594757198109154E-4 1.121734706088964 9.641037439526978E-4
segment 0.0021486892995272885 1.730798769438368 0.0037189487955272198
five 0.001289213579716373 0.9021060968821986 0.0011630074304454644
stability 8.594757198109154E-4 2.392197251683733 0.0020560354548205696
reflection 8.594757198109154E-4 2.9675613965872945 0.00255054696741495
might 8.594757198109154E-4 0.7339691750802005 6.308286850710791E-4
widely 8.594757198109154E-4 1.0059028905638423 8.645491109272388E-4
this 0.008594757198109154 0.017291497110061043 1.4861621925278077E-4
insufficient 8.594757198109154E-4 2.073743520565198 0.0017823322050409952
develop 4.297378599054577E-4 0.32850406697203605 1.411706347108019E-4
significant 0.006446067898581865 0.377294231141468 0.002432064231681143
finding 4.297378599054577E-4 0.7459453661269161 3.20560965245774E-4
decrease 8.594757198109154E-4 0.7827593392496325 6.727626465402943E-4
thin 8.594757198109154E-4 2.8622008809294686 0.002459992162380291
difficulty 8.594757198109154E-4 1.4512139072192063 0.0012472831175068383
tube 8.594757198109154E-4 3.2188758248682006 0.0027665456165605505
opt 0.001289213579716373 2.5998366164619773 0.003351744670986649
measure 4.297378599054577E-4 0.48265474679929443 2.0741501796273933E-4
institutional 0.001289213579716373 1.3361445774344192 0.001722575733692848
once 8.594757198109154E-4 1.4271163556401458 0.0012265718570177446
overall 0.001289213579716373 0.7339691750802005 9.462430276066186E-4
demonstrate 4.297378599054577E-4 0.5108256237659907 2.1952111034206735E-4
support 8.594757198109154E-4 0.5300569856938783 4.555711093200501E-4
johns 0.0017189514396218307 4.471638793363569 0.007686529941321133
absence 0.001289213579716373 1.3581234841531944 0.0017509112387020125
nearly 0.001289213579716373 2.120263536200091 0.0027334725434466148
show 4.297378599054577E-4 0.0771896386911299 3.317131013800168E-5
update 4.297378599054577E-4 1.6682784124570338 7.169223946957602E-4
wilmer 0.001289213579716373 5.1647859739235145 0.0066585122139108475
vitrectomy 8.594757198109154E-4 2.073743520565198 0.0017823322050409952
house 8.594757198109154E-4 2.7668907011251433 0.002378075376987661
statacorp 8.594757198109154E-4 5.1647859739235145 0.004439008142607232
we 4.297378599054577E-4 0.19497267434751336 8.378713981414412E-5
subspecialty 0.006446067898581865 4.0661736852554045 0.026210831662583183
not 0.006016330038676407 0.03488725900044054 2.0989326429143426E-4
admit 4.297378599054577E-4 2.5998366164619773 0.0011172482236622163
common 0.002578427159432746 0.3526016185510966 9.091575897320927E-4
examination 0.001289213579716373 1.5012243277938677 0.001935398789592438
gas 8.594757198109154E-4 2.7668907011251433 0.002378075376987661
ophthalmology 8.594757198109154E-4 2.5998366164619773 0.0022344964473244326
factor 4.297378599054577E-4 0.38566248081198473 1.6573376914997195E-4
early 8.594757198109154E-4 0.6214911916535102 5.341565893025442E-4
normal 8.594757198109154E-4 1.4035858582299516 0.001206347965818609
previous 0.0021486892995272885 0.32850406697203605 7.058531735540096E-4
recently 8.594757198109154E-4 1.5271998141971284 0.0013125911596021732
center 8.594757198109154E-4 1.5812670354674039 0.0013590606235216191
start 8.594757198109154E-4 0.8472978603872037 7.282319384505403E-4
superior 8.594757198109154E-4 2.120263536200091 0.00182231502896441
logistic 8.594757198109154E-4 1.8689491079191851 0.0016063163798188099
refer 4.297378599054577E-4 0.7827593392496325 3.3638132327014716E-4
initially 0.007735281478298238 1.6990500711237875 0.013142630545865137
step 4.297378599054577E-4 0.8080771472339223 3.472613438908132E-4
time 0.009024495058014611 0.167573700159399 0.0015122680289417186
base 4.297378599054577E-4 0.14090545307723773 6.0552407854421025E-5
employ 8.594757198109154E-4 1.1944940603713923 0.0010266386423475654
trend 8.594757198109154E-4 1.1394342831883648 9.793161007205543E-4
reach 4.297378599054577E-4 1.0376515888784226 4.4591817313211114E-4
type 0.002578427159432746 0.3364722366212129 8.675691532992167E-4
when 0.006016330038676407 0.14750613710858965 8.874456035755286E-4
three 8.594757198109154E-4 0.22314355131420976 1.9178646438694437E-4
loss 8.594757198109154E-4 0.9162907318741551 7.875296363336099E-4
reliable 8.594757198109154E-4 1.6990500711237875 0.0014602922828739042
routinely 8.594757198109154E-4 2.8622008809294686 0.002459992162380291
relate 4.297378599054577E-4 0.27443684570176036 1.179359027510788E-4
review 0.0017189514396218307 0.4734380916943703 8.138170892898501E-4
presence 0.0021486892995272885 0.9751312318970885 0.002095254043612137
between 0.004727116458960034 0.058840500022933395 2.781458961118467E-4
restoration 8.594757198109154E-4 4.0661736852554045 0.003494777555011091
case 4.297378599054577E-4 0.24480504809538922 1.052019974625652E-4
give 4.297378599054577E-4 0.2595111954850846 1.1152178576926714E-4
method 4.297378599054577E-4 0.0958817717032825 4.120402737571229E-5
lose 4.297378599054577E-4 1.8689491079191851 8.031581899094049E-4
metallic 8.594757198109154E-4 3.373026504695459 0.0028990343830644257
exist 8.594757198109154E-4 0.664976303593249 5.715309871880095E-4
otss 0.001289213579716373 4.0661736852554045 0.005242166332516636
toward 0.001289213579716373 1.6094379124341003 0.002074909212420413
provide 4.297378599054577E-4 0.167573700159399 7.201276328293898E-5
light 0.001289213579716373 1.2729656758128876 0.0016411246357708048
intravitreal 8.594757198109154E-4 2.331572629867298 0.002003930064346625
afferent 8.594757198109154E-4 2.8622008809294686 0.002459992162380291
primary 0.004727116458960034 0.9306794693262548 0.004399430237468329
care 8.594757198109154E-4 1.1758019273592397 0.0010105732078721443
damage 0.0017189514396218307 1.6384254493073527 0.0028163737847999187
study 0.006016330038676407 0.07103577311675174 4.273746556229155E-4
iii 0.002578427159432746 2.9675613965872945 0.00765164090224485
wear 4.297378599054577E-4 3.373026504695459 0.0014495171915322128
pattern 8.594757198109154E-4 0.9751312318970885 8.381016174448547E-4
distribution 0.0017189514396218307 0.9600933545325481 0.0016503538539450761
foreign 8.594757198109154E-4 2.120263536200091 0.00182231502896441
out 0.0030081650193382035 0.368995428326773 0.0011099991397883159
across 8.594757198109154E-4 0.7703368192510752 6.620857922226688E-4
birmingham 8.594757198109154E-4 4.471638793363569 0.0038432649706605666
low 4.297378599054577E-4 0.28958865072236245 1.2444720701433712E-4
tomography 8.594757198109154E-4 2.5257286443082556 0.0021708024446138855
adnexal 8.594757198109154E-4 4.0661736852554045 0.003494777555011091
bilateral 8.594757198109154E-4 2.5998366164619773 0.0022344964473244326
washout 0.0017189514396218307 5.1647859739235145 0.008878016285214464
undergo 0.001289213579716373 1.3581234841531944 0.0017509112387020125
include 8.594757198109154E-4 0.0771896386911299 6.634262027600335E-5
means 8.594757198109154E-4 0.6988778552689304 6.006685477171727E-4
initial 0.017189514396218308 0.6988778552689304 0.012013370954343454
more 0.009454232917920068 0.05279818556697083 4.991663439937079E-4
csvdisplay 0.0030081650193382035 0.2669461739726028 8.030181425905541E-4
suggest 0.002578427159432746 0.5013468798114469 0.0012926864112026992
great 4.297378599054577E-4 0.5398131606392429 2.319781524019093E-4
heterogeneity 8.594757198109154E-4 3.2188758248682006 0.0027665456165605505
buckle 8.594757198109154E-4 3.2188758248682006 0.0027665456165605505
filter 8.594757198109154E-4 1.8325814637483102 0.0015750592726672197
implantation 8.594757198109154E-4 3.0853444322436783 0.0026517786267672354
referral 0.001289213579716373 2.5998366164619773 0.003351744670986649
assess 4.297378599054577E-4 0.6761496041913742 2.905670838811234E-4
summarize 4.297378599054577E-4 1.121734706088964 4.820518719763489E-4
board 8.594757198109154E-4 1.4271163556401458 0.0012265718570177446
first 0.003867640739149119 0.167573700159399 6.481148695464509E-4
indicator 4.297378599054577E-4 1.5538680612792897 6.677559352296045E-4
small 8.594757198109154E-4 0.45525577261118 3.9128128286306836E-4
membrane 8.594757198109154E-4 2.392197251683733 0.0020560354548205696
adequate 8.594757198109154E-4 2.120263536200091 0.00182231502896441
experience 0.001289213579716373 1.1043429633770947 0.0014237339450499716
influence 0.001289213579716373 0.6874491594453075 8.862687917214966E-4
protocol 8.594757198109154E-4 1.6384254493073527 0.0014081868923999593
major 8.594757198109154E-4 0.7104386776700063 6.106047938719436E-4
chamber 8.594757198109154E-4 2.2203469947570738 0.0019083343315488388
zone 0.010743446497636441 2.169053700369523 0.023303112380420318
percentage 0.001289213579716373 1.2329603411991883 0.0015895492151257263
only 0.0034379028792436614 0.10854016857520597 3.73150558058293E-4
should 8.594757198109154E-4 0.368995428326773 3.171426113680903E-4
worldwide 8.594757198109154E-4 2.7668907011251433 0.002378075376987661
few 4.297378599054577E-4 0.5013468798114469 2.1544773520044988E-4
from 0.007735281478298238 0.023122417420854212 1.788584072090141E-4
consider 4.297378599054577E-4 0.17435338714477774 7.492625145886452E-5
necessitate 4.297378599054577E-4 2.8622008809294686 0.0012299960811901454
sidharth 0.0030081650193382035 5.1647859739235145 0.015536528499125311
group 0.0034379028792436614 0.41119578281714936 0.0014136511656799291
combination 8.594757198109154E-4 0.6761496041913742 5.811341677622468E-4
obtain 4.297378599054577E-4 0.3526016185510966 1.5152626495534878E-4
individual 8.594757198109154E-4 0.6214911916535102 5.341565893025442E-4
uveal 8.594757198109154E-4 3.373026504695459 0.0028990343830644257
both 8.594757198109154E-4 0.13434805253107854 1.154688891543434E-4
lensectomy 0.001289213579716373 3.7784916128036232 0.0048712826980708505
most 0.004297378599054577 0.0771896386911299 3.3171310138001677E-4
prognostic 0.0021486892995272885 2.8622008809294686 0.006149980405950728
important 0.001289213579716373 0.2669461739726028 3.441506325388089E-4
who 0.003867640739149119 0.44628710262841953 0.0017260781794824992
classify 4.297378599054577E-4 0.9162907318741551 3.9376481816680493E-4
repair 0.007735281478298238 2.2203469947570738 0.017175008983939546
note 4.297378599054577E-4 0.5013468798114469 2.1544773520044988E-4
limitation 4.297378599054577E-4 0.6988778552689304 3.0033427385858634E-4
week 4.297378599054577E-4 1.4035858582299516 6.031739829093045E-4
purpose 8.594757198109154E-4 0.9021060968821986 7.753382869636429E-4
part 8.594757198109154E-4 0.4285875255290187 3.683605720060324E-4
contribute 0.001289213579716373 0.6874491594453075 8.862687917214966E-4
numeric 8.594757198109154E-4 2.9675613965872945 0.00255054696741495
percent 8.594757198109154E-4 2.5998366164619773 0.0022344964473244326
penetrate 4.297378599054577E-4 2.5257286443082556 0.0010854012223069428
necessarily 8.594757198109154E-4 1.6990500711237875 0.0014602922828739042
ocular 0.003867640739149119 1.5538680612792897 0.006009803417066441
general 8.594757198109154E-4 0.4734380916943703 4.0690854464492507E-4
inclusion 8.594757198109154E-4 1.3581234841531944 0.001167274159134675
tend 4.297378599054577E-4 1.1394342831883648 4.896580503602772E-4
intravenous 0.001289213579716373 2.6798793241355137 0.00345493681667664
retina 8.594757198109154E-4 2.7668907011251433 0.002378075376987661
patient 0.004727116458960034 0.8743265327751228 0.004133043343586743
hospital 8.594757198109154E-4 1.3805963400052528 0.0011865890330943298
value 8.594757198109154E-4 0.34450440831847723 2.9609317431755674E-4
limited 8.594757198109154E-4 0.5696661237889241 4.896142017953795E-4
will 8.594757198109154E-4 0.3526016185510966 3.0305252991069757E-4
standardize 4.297378599054577E-4 1.9867321435755685 8.537740195855473E-4
also 0.004727116458960034 0.05279818556697083 2.4958317199685393E-4
follow 4.297378599054577E-4 0.0958817717032825 4.120402737571229E-5
differ 0.001289213579716373 1.0059028905638423 0.0012968236663908582
third 8.594757198109154E-4 0.990398704027877 8.512236390441573E-4
mean 0.0017189514396218307 0.5398131606392429 9.279126096076372E-4
variable 4.297378599054577E-4 0.8080771472339223 3.472613438908132E-4
further 0.0030081650193382035 0.27443684570176036 8.255513192575515E-4
visit 8.594757198109154E-4 1.906689435902032 0.0016387532753777672
category 0.0030081650193382035 0.8080771472339223 0.0024308294072356925
simply 8.594757198109154E-4 1.4512139072192063 0.0012472831175068383
