markedly 0.0017196904557179708 3.5553480614894135 0.006114098128098734
optimal 0.0017196904557179708 1.2329603411991883 0.0021203101310390167
depend 8.598452278589854E-4 0.8472978603872037 7.285450218290659E-4
surgeon 0.0025795356835769563 2.331572629867298 0.006014374797594062
about 0.0034393809114359416 0.377294231141468 0.001297658576582865
koenig 0.0025795356835769563 5.1647859739235145 0.01332274971777347
episode 8.598452278589854E-4 4.0661736852554045 0.0034962800389126436
computerized 0.0017196904557179708 3.5553480614894135 0.006114098128098734
discussion 0.0017196904557179708 0.23031204079282225 3.960654183883444E-4
lee 0.0017196904557179708 2.392197251683733 0.0041138387819152755
without 0.010318142734307825 0.32850406697203605 0.003389551851818085
concern 0.0017196904557179708 1.0539121097502027 0.001812402596303014
suffer 8.598452278589854E-4 1.6990500711237875 0.0014609200955492585
acuity 0.0034393809114359416 1.5271998141971284 0.00525262188889812
retractor 0.0017196904557179708 5.1647859739235145 0.008881833145182313
poor 0.0034393809114359416 0.9452782687474074 0.003251172033525047
record 8.598452278589854E-4 0.8340526336371831 7.171561768161505E-4
visual 0.012897678417884782 1.157452788691043 0.01492845385242102
prep 8.598452278589854E-4 4.0661736852554045 0.0034962800389126436
band 0.007738607050730868 3.7784916128036232 0.029240261835969568
gentle 0.0017196904557179708 3.7784916128036232 0.006497835963548793
tapered 0.0017196904557179708 3.5553480614894135 0.006114098128098734
recent 0.0017196904557179708 0.5596157879354227 9.623659293816383E-4
they 0.0017196904557179708 0.05279818556697083 9.079653579874606E-5
soft 0.0034393809114359416 2.5257286443082556 0.008686942886700794
unlikely 0.0017196904557179708 2.456735772821304 0.004224825060741709
remain 8.598452278589854E-4 0.7104386776700063 6.108673066810029E-4
july 0.0017196904557179708 2.331572629867298 0.0040095831983960415
require 0.0017196904557179708 0.3127557100038969 5.37843009464999E-4
portable 0.0017196904557179708 3.7784916128036232 0.006497835963548793
analysis 0.0017196904557179708 0.13434805253107854 2.3103706368199234E-4
each 0.0017196904557179708 0.13434805253107854 2.3103706368199234E-4
eye 0.004299226139294927 1.4035858582299516 0.006034333010446912
plastic 0.0017196904557179708 3.0853444322436783 0.005305837372732035
thinning 0.0017196904557179708 5.1647859739235145 0.008881833145182313
steven 0.0025795356835769563 3.7784916128036232 0.00974675394532319
size 0.0034393809114359416 0.12136085700426753 4.1740621497598465E-4
chemical 0.0017196904557179708 2.5257286443082556 0.004343471443350397
chelation 0.005159071367153913 4.471638793363569 0.02306950366309666
deposit 8.598452278589854E-4 3.7784916128036232 0.0032489179817743966
epithelium 0.0017196904557179708 3.5553480614894135 0.006114098128098734
must 0.0017196904557179708 1.0376515888784226 0.001784439533754811
phototherapeutic 0.004299226139294927 5.1647859739235145 0.02220458286295578
systemic 0.0017196904557179708 1.5271998141971284 0.00262631094444906
treatment 0.007738607050730868 0.9162907318741551 0.007090813918200684
average 0.0017196904557179708 0.7104386776700063 0.0012217346133620059
infectious 0.0017196904557179708 2.7668907011251433 0.004758195530739713
polymyxin 0.0017196904557179708 5.1647859739235145 0.008881833145182313
be 8.598452278589854E-4 0.017291497110061043 1.4868011272623425E-5
corneal 0.005159071367153913 1.9459101490553132 0.010039089333045469
another 0.0017196904557179708 0.40261203912575794 6.923680810417162E-4
manual 0.0017196904557179708 1.4512139072192063 0.002495638705450054
two 0.0025795356835769563 0.11492996667397702 2.964659501478341E-4
acquire 0.0017196904557179708 1.79749014393704 0.0030911266447756496
characteristic 8.598452278589854E-4 0.664976303593249 5.71776701283963E-4
long 8.598452278589854E-4 0.44628710262841953 3.837378354500598E-4
anesthesia 0.0017196904557179708 3.0853444322436783 0.005305837372732035
result 8.598452278589854E-4 0.058840500022933395 5.05937231495558E-5
promote 0.0017196904557179708 1.4512139072192063 0.002495638705450054
search 8.598452278589854E-4 1.0059028905638423 8.64920800140879E-4
current 0.0017196904557179708 0.4919571394616079 8.460139973544418E-4
same 0.0017196904557179708 0.2972515234679317 5.111806078554286E-4
variety 0.0017196904557179708 1.0539121097502027 0.001812402596303014
lubricate 8.598452278589854E-4 5.1647859739235145 0.004440916572591156
subsequent 0.0017196904557179708 1.3581234841531944 0.0023355519933846852
iodine 0.0017196904557179708 4.471638793363569 0.007689834554365553
after 0.0060189165950128975 0.12136085700426753 7.304608762079731E-4
popular 0.0017196904557179708 1.252762968495368 0.0021543645201983976
receive 0.0017196904557179708 0.653926467406664 0.0011245511047406089
salt 0.0017196904557179708 3.5553480614894135 0.006114098128098734
accordance 0.0017196904557179708 1.6384254493073527 0.0028175846075792826
one 0.0034393809114359416 0.06491954609931569 2.2328304763307203E-4
procedure 0.0025795356835769563 0.8080771472339223 0.0020844638363729726
declaration 0.0017196904557179708 1.7635885922613586 0.0030328264699249503
sample 0.0017196904557179708 0.6321864807702582 0.0010871650572145456
transition 0.0017196904557179708 2.2744142160273495 0.003911288419651504
the 0.06018916595012898 0.017291497110061043 0.0010407607890836397
single 0.0025795356835769563 0.6429973968744738 0.001658634729684799
confirm 0.0017196904557179708 0.8209805520698303 0.0014118324197245579
aperture 0.0017196904557179708 4.471638793363569 0.007689834554365553
prednisolone 0.0017196904557179708 4.0661736852554045 0.006992560077825287
extensive 0.0017196904557179708 1.5271998141971284 0.00262631094444906
suite 0.0017196904557179708 3.5553480614894135 0.006114098128098734
series 0.004299226139294927 1.1758019273592397 0.005055038380736198
describe 0.0017196904557179708 0.28958865072236245 4.980028387314918E-4
under 0.0017196904557179708 0.7459453661269161 0.001282795126615505
chart 0.0025795356835769563 1.6990500711237875 0.004382760286647775
surgery 0.0017196904557179708 1.6094379124341003 0.0027677350170835775
but 0.004299226139294927 0.083381608939051 3.584763926872356E-4
standard 0.0017196904557179708 0.7221347174331975 0.0012418481813124633
november 0.0025795356835769563 1.1758019273592397 0.003033023028441719
treat 0.0025795356835769563 0.7827593392496325 0.0020191556472475476
medical 0.0017196904557179708 0.9600933545325481 0.0016510633783878728
separate 0.0017196904557179708 1.2135422553420867 0.0020869170341222473
precede 8.598452278589854E-4 2.5257286443082556 0.0021717357216751985
available 0.0034393809114359416 0.5696661237889241 0.00195929879205133
seven 0.004299226139294927 1.5538680612792897 0.006680430186067453
residual 0.0017196904557179708 2.5257286443082556 0.004343471443350397
good 0.0025795356835769563 0.2160260835453457 5.57246991088596E-4
acid 0.0034393809114359416 2.6798793241355137 0.009217125792383539
either 0.0017196904557179708 0.7827593392496325 0.0013461037648316982
leave 8.598452278589854E-4 1.6682784124570338 0.0014344612316913447
contact 0.0034393809114359416 1.9867321435755685 0.006833128610750021
surgical 0.0025795356835769563 1.6384254493073527 0.0042263769113689235
tip 0.0017196904557179708 3.5553480614894135 0.006114098128098734
beaver 0.0025795356835769563 5.1647859739235145 0.01332274971777347
which 0.0025795356835769563 0.023122417420854212 5.964510082765489E-5
area 0.0017196904557179708 0.664976303593249 0.001143553402567926
last 0.0025795356835769563 0.7459453661269161 0.0019241926899232575
typically 0.0017196904557179708 1.1394342831883648 0.0019594742617168783
need 8.598452278589854E-4 0.27443684570176036 2.3597321212533135E-4
topography 0.0017196904557179708 5.1647859739235145 0.008881833145182313
this 0.012897678417884782 0.017291497110061043 2.230201690893514E-4
epithelial 0.0025795356835769563 2.8622008809294686 0.0073831493059229635
often 0.0025795356835769563 0.5900749954201312 0.0015221195066727376
significant 0.0017196904557179708 0.377294231141468 6.488292882914325E-4
consent 0.0017196904557179708 1.4035858582299516 0.0024137332041787645
finding 8.598452278589854E-4 0.7459453661269161 6.413975633077525E-4
decrease 8.598452278589854E-4 0.7827593392496325 6.730518824158491E-4
thin 0.0025795356835769563 2.8622008809294686 0.0073831493059229635
take 8.598452278589854E-4 0.368995428326773 3.1727895814855805E-4
vision 0.0017196904557179708 1.4035858582299516 0.0024137332041787645
wire 0.0017196904557179708 4.0661736852554045 0.006992560077825287
institutional 0.0017196904557179708 1.3361445774344192 0.0022977550772732918
month 8.598452278589854E-4 1.1758019273592397 0.0010110076761472397
bokosky 0.0017196904557179708 5.1647859739235145 0.008881833145182313
lisa 0.0025795356835769563 4.471638793363569 0.01153475183154833
know 8.598452278589854E-4 0.6214911916535102 5.343862352996648E-4
useful 0.0017196904557179708 0.9162907318741551 0.0015757364262668188
full 0.0017196904557179708 0.14750613710858965 2.53664896145468E-4
drop 0.0017196904557179708 2.0292917579943643 0.0034897536680900507
for 0.012037833190025795 0.017291497110061043 2.0815215781672794E-4
description 0.0017196904557179708 1.157452788691043 0.001990460513656136
debridement 0.0060189165950128975 5.1647859739235145 0.03108641600813809
video 0.0017196904557179708 2.5257286443082556 0.004343471443350397
expectation 0.0017196904557179708 1.906689435902032 0.0032789156249390062
lens 0.0025795356835769563 1.8689491079191851 0.0048210209146668575
remove 0.0017196904557179708 1.0872485300177945 0.001869730920064995
we 8.598452278589854E-4 0.19497267434751336 1.6764632360061337E-4
commercially 0.0034393809114359416 3.7784916128036232 0.012995671927097587
prevent 0.0017196904557179708 1.1944940603713923 0.002054160035032489
conclusion 0.0017196904557179708 0.28958865072236245 4.980028387314918E-4
not 0.0034393809114359416 0.03488725900044054 1.1999057265843694E-4
minimal 0.0017196904557179708 1.906689435902032 0.0032789156249390062
central 0.0017196904557179708 1.3805963400052528 0.002374198349106196
common 0.0025795356835769563 0.3526016185510966 9.095484571395442E-4
eileen 0.0025795356835769563 5.1647859739235145 0.01332274971777347
rate 8.598452278589854E-4 0.5696661237889241 4.898246980128325E-4
examination 0.0017196904557179708 1.5012243277938677 0.0025816411483987407
soften 8.598452278589854E-4 5.1647859739235145 0.004440916572591156
nevya 8.598452278589854E-4 5.1647859739235145 0.004440916572591156
povidone 0.0017196904557179708 5.1647859739235145 0.008881833145182313
successful 0.0017196904557179708 1.3361445774344192 0.0022977550772732918
over 0.0017196904557179708 0.3364722366212129 5.786280939315785E-4
worsen 8.598452278589854E-4 2.5998366164619773 0.0022354571078778826
keratectomy 0.0017196904557179708 5.1647859739235145 0.008881833145182313
gradual 0.0017196904557179708 3.7784916128036232 0.006497835963548793
figure 0.0034393809114359416 0.18805223150293962 6.467832553841431E-4
pain 0.0025795356835769563 2.120263536200091 0.005469295450215197
calcium 0.008598452278589854 3.7784916128036232 0.03248917981774396
six 0.0017196904557179708 0.9162907318741551 0.0015757364262668188
identify 8.598452278589854E-4 0.3049735695618419 2.622300684108701E-4
apply 8.598452278589854E-4 0.41119578281714936 3.5356473157106567E-4
recently 0.0017196904557179708 1.5271998141971284 0.00262631094444906
effectively 0.0017196904557179708 1.6384254493073527 0.0028175846075792826
perform 8.598452278589854E-4 0.2669461739726028 2.29532393785557E-4
length 0.0017196904557179708 1.1944940603713923 0.002054160035032489
deposition 0.0017196904557179708 3.373026504695459 0.005800561487008528
retrospective 0.0017196904557179708 1.4271163556401458 0.002454198375993372
manage 8.598452278589854E-4 1.4035858582299516 0.0012068666020893823
with 0.034393809114359415 0.017291497110061043 5.94720450904937E-4
sensation 0.0017196904557179708 4.471638793363569 0.007689834554365553
although 0.0025795356835769563 0.4285875255290187 0.0011055568156380534
discomfort 0.0025795356835769563 3.5553480614894135 0.0091711471921481
healthy 0.0017196904557179708 2.331572629867298 0.0040095831983960415
publish 8.598452278589854E-4 0.03488725900044054 2.9997643164609235E-5
there 0.0025795356835769563 0.12136085700426753 3.130546612319885E-4
removal 0.0025795356835769563 1.9459101490553132 0.0050195446665227345
location 0.0017196904557179708 1.3805963400052528 0.002374198349106196
risk 0.0017196904557179708 0.758066726659261 0.001303640114633295
avoid 0.0017196904557179708 1.0376515888784226 0.001784439533754811
fort 0.0017196904557179708 3.7784916128036232 0.006497835963548793
time 8.598452278589854E-4 0.167573700159399 1.4408744639673174E-4
waiver 0.0017196904557179708 3.7784916128036232 0.006497835963548793
age 0.0017196904557179708 0.9452782687474074 0.0016255860167625235
college 0.0017196904557179708 2.456735772821304 0.004224825060741709
maxitrol 0.0017196904557179708 5.1647859739235145 0.008881833145182313
practice 0.0017196904557179708 1.0376515888784226 0.001784439533754811
cornea 0.005159071367153913 2.6798793241355137 0.013825688688575307
mechanical 0.0025795356835769563 2.120263536200091 0.005469295450215197
during 0.0034393809114359416 0.28958865072236245 9.960056774629836E-4
three 0.0034393809114359416 0.22314355131420976 7.674756709001196E-4
superficial 0.0034393809114359416 3.7784916128036232 0.012995671927097587
loss 0.0017196904557179708 0.9162907318741551 0.0015757364262668188
reliable 0.0017196904557179708 1.6990500711237875 0.002921840191098517
defect 0.0017196904557179708 2.331572629867298 0.0040095831983960415
balance 8.598452278589854E-4 1.6682784124570338 0.0014344612316913447
review 0.0034393809114359416 0.4734380916943703 0.0016283339353202761
four 0.0017196904557179708 0.4643056081310978 7.984619228393772E-4
specifically 0.0017196904557179708 1.3805963400052528 0.002374198349106196
froedtert 0.0017196904557179708 5.1647859739235145 0.008881833145182313
usually 0.0017196904557179708 0.9600933545325481 0.0016510633783878728
per 0.0017196904557179708 0.7339691750802005 0.0012621997851766133
interpalpebral 0.0017196904557179708 5.1647859739235145 0.008881833145182313
elevate 8.598452278589854E-4 2.169053700369523 0.001865050473232608
tenet 8.598452278589854E-4 2.7668907011251433 0.0023790977653698566
between 0.0017196904557179708 0.058840500022933395 1.011874462991116E-4
case 8.598452278589854E-4 0.24480504809538922 2.1049445236060983E-4
reduce 0.0017196904557179708 0.3941013494578493 6.777323292482361E-4
similar 0.0017196904557179708 0.20895891632225325 3.5934465403654903E-4
likely 0.0017196904557179708 0.5798184952529422 9.971083323352403E-4
counsel 0.0017196904557179708 3.7784916128036232 0.006497835963548793
mcgrath 0.0025795356835769563 5.1647859739235145 0.01332274971777347
method 0.004299226139294927 0.0958817717032825 4.122174191886608E-4
refractive 0.0025795356835769563 4.0661736852554045 0.010488840116737931
large 0.0017196904557179708 0.22314355131420976 3.837378354500598E-4
ointment 0.0025795356835769563 4.0661736852554045 0.010488840116737931
work 8.598452278589854E-4 0.4285875255290187 3.685189385460178E-4
uveitis 0.0017196904557179708 3.5553480614894135 0.006114098128098734
recurrence 0.006878761822871883 3.5553480614894135 0.024456392512394936
symptomatic 0.0025795356835769563 3.5553480614894135 0.0091711471921481
provide 0.0025795356835769563 0.167573700159399 4.3226233919019523E-4
even 0.0025795356835769563 0.377294231141468 9.732439324371488E-4
retinopathy 0.0017196904557179708 2.9675613965872945 0.005103287010468262
excessive 0.0017196904557179708 3.2188758248682006 0.005535470034167155
interval 0.0025795356835769563 1.5538680612792897 0.004008258111640473
evaluate 8.598452278589854E-4 0.40261203912575794 3.461840405208581E-4
partial 0.0017196904557179708 1.6682784124570338 0.0028689224633826893
primary 0.0017196904557179708 0.9306794693262548 0.0016004806007330263
keratopathy 0.0060189165950128975 4.471638793363569 0.026914420940279436
study 0.0017196904557179708 0.07103577311675174 1.221595410434252E-4
carson 0.0025795356835769563 5.1647859739235145 0.01332274971777347
infection 0.0017196904557179708 1.7635885922613586 0.0030328264699249503
prematurity 0.0017196904557179708 5.1647859739235145 0.008881833145182313
periodic 0.0017196904557179708 3.5553480614894135 0.006114098128098734
range 8.598452278589854E-4 0.3941013494578493 3.3886616462411805E-4
irregular 0.0017196904557179708 2.8622008809294686 0.004922099537281975
barraquer 0.0017196904557179708 5.1647859739235145 0.008881833145182313
layer 0.0017196904557179708 1.4759065198095778 0.0025381023556484573
speculum 0.0017196904557179708 4.0661736852554045 0.006992560077825287
foreign 0.005159071367153913 2.120263536200091 0.010938590900430393
bandage 0.0034393809114359416 5.1647859739235145 0.017763666290364626
acetate 0.0017196904557179708 3.5553480614894135 0.006114098128098734
preoperative 0.0034393809114359416 2.2744142160273495 0.007822576839303009
scrape 8.598452278589854E-4 3.5553480614894135 0.003057049064049367
inflammation 0.0017196904557179708 2.120263536200091 0.0036461969668101306
fissure 0.0017196904557179708 5.1647859739235145 0.008881833145182313
have 0.0017196904557179708 0.017291497110061043 2.973602254524685E-5
recur 0.0017196904557179708 3.0853444322436783 0.005305837372732035
accumulate 8.598452278589854E-4 2.6798793241355137 0.0023042814480958847
december 0.0017196904557179708 1.3361445774344192 0.0022977550772732918
ablate 8.598452278589854E-4 4.471638793363569 0.0038449172771827765
costly 0.0017196904557179708 2.6798793241355137 0.004608562896191769
place 8.598452278589854E-4 0.9600933545325481 8.255316891939364E-4
undergo 8.598452278589854E-4 1.3581234841531944 0.0011677759966923426
table 0.0025795356835769563 0.18117935221517753 4.673586041664081E-4
together 0.0017196904557179708 1.1394342831883648 0.0019594742617168783
outcome 0.0017196904557179708 0.8472978603872037 0.0014570900436581319
informed 0.0017196904557179708 1.4035858582299516 0.0024137332041787645
include 0.0017196904557179708 0.0771896386911299 1.327422849374547E-4
means 0.0017196904557179708 0.6988778552689304 0.001201853577418625
edta 0.012897678417884782 4.0661736852554045 0.052444200583689655
may 0.008598452278589854 0.15415067982725836 0.0013254572642068647
within 0.0017196904557179708 0.3127557100038969 5.37843009464999E-4
display 0.0017196904557179708 0.16083966797805488 2.765944419227083E-4
csvdisplay 0.0017196904557179708 0.2669461739726028 4.59064787571114E-4
lead 0.0017196904557179708 0.3127557100038969 5.37843009464999E-4
comfort 0.0017196904557179708 3.373026504695459 0.005800561487008528
slit 0.0025795356835769563 4.0661736852554045 0.010488840116737931
debulk 0.0017196904557179708 5.1647859739235145 0.008881833145182313
reepithelialization 0.0017196904557179708 5.1647859739235145 0.008881833145182313
cease 8.598452278589854E-4 4.0661736852554045 0.0034962800389126436
appearance 0.0025795356835769563 2.7668907011251433 0.00713729329610957
assess 0.0017196904557179708 0.6761496041913742 0.0011627680209653898
future 0.0017196904557179708 0.48265474679929443 8.300167614777204E-4
report 8.598452278589854E-4 0.3364722366212129 2.8931404696578926E-4
complete 0.0017196904557179708 0.8080771472339223 0.0013896425575819816
board 0.0017196904557179708 1.4271163556401458 0.002454198375993372
drape 0.0025795356835769563 4.0661736852554045 0.010488840116737931
first 0.0017196904557179708 0.167573700159399 2.881748927934635E-4
small 0.0025795356835769563 0.45525577261118 0.0011743485106049355
topical 0.0025795356835769563 2.6798793241355137 0.0069128443442876535
plaque 8.598452278589854E-4 4.0661736852554045 0.0034962800389126436
prefer 8.598452278589854E-4 1.9459101490553132 0.001673181555507578
minor 0.0017196904557179708 2.0292917579943643 0.0034897536680900507
before 0.0025795356835769563 0.5203950747821414 0.0013423776649582324
use 0.0034393809114359416 0.03488725900044054 1.1999057265843694E-4
manner 0.0017196904557179708 1.9459101490553132 0.003346363111015156
calcific 0.010318142734307825 5.1647859739235145 0.05329099887109388
body 0.005159071367153913 1.4035858582299516 0.0072411996125362945
while 0.0017196904557179708 0.20895891632225325 3.5934465403654903E-4
upon 0.0017196904557179708 1.5538680612792897 0.0026721720744269815
blade 0.004299226139294927 4.0661736852554045 0.017481400194563217
second 0.0017196904557179708 0.4373981552111735 7.521894328653026E-4
that 0.007738607050730868 0.017291497110061043 1.338121014536108E-4
edge 8.598452278589854E-4 2.331572629867298 0.0020047915991980208
download 0.0017196904557179708 0.24480504809538922 4.2098890472121967E-4
solution 0.0017196904557179708 1.0216512475319812 0.0017569238994531063
major 0.0017196904557179708 0.7104386776700063 0.0012217346133620059
zone 0.0017196904557179708 2.169053700369523 0.003730100946465216
whether 0.0017196904557179708 0.5300569856938783 9.115339392843995E-4
create 8.598452278589854E-4 0.7339691750802005 6.310998925883066E-4
debride 0.0017196904557179708 5.1647859739235145 0.008881833145182313
hwang 0.0025795356835769563 4.0661736852554045 0.010488840116737931
from 0.005159071367153913 0.023122417420854212 1.1929020165530978E-4
chronic 0.0025795356835769563 1.8325814637483102 0.004727209278800456
potential 0.0034393809114359416 0.4373981552111735 0.0015043788657306053
day 8.598452278589854E-4 0.8881198549074587 7.636456190089929E-4
combination 0.0017196904557179708 0.6761496041913742 0.0011627680209653898
all 0.007738607050730868 0.017291497110061043 1.338121014536108E-4
new 0.0017196904557179708 0.36076492919025743 6.204040054862553E-4
author 8.598452278589854E-4 0.017291497110061043 1.4868011272623425E-5
occur 8.598452278589854E-4 0.6109090823229731 5.252872590911206E-4
diagnosis 0.0017196904557179708 1.4512139072192063 0.002495638705450054
pressure 0.0025795356835769563 1.5538680612792897 0.004008258111640473
grossly 0.0017196904557179708 5.1647859739235145 0.008881833145182313
reusable 0.0017196904557179708 4.0661736852554045 0.006992560077825287
most 0.004299226139294927 0.0771896386911299 3.318557123436367E-4
important 0.0017196904557179708 0.2669461739726028 4.59064787571114E-4
opacification 0.0017196904557179708 4.0661736852554045 0.006992560077825287
keratitis 0.0017196904557179708 3.7784916128036232 0.006497835963548793
preoperatively 0.0017196904557179708 3.5553480614894135 0.006114098128098734
improve 8.598452278589854E-4 0.377294231141468 3.2441464414571623E-4
pachymetry 0.0017196904557179708 4.471638793363569 0.007689834554365553
daily 0.0017196904557179708 1.6384254493073527 0.0028175846075792826
fisch 0.0017196904557179708 5.1647859739235145 0.008881833145182313
present 0.0017196904557179708 0.083381608939051 1.4339055707489424E-4
option 0.0017196904557179708 1.6990500711237875 0.002921840191098517
who 0.0017196904557179708 0.44628710262841953 7.674756709001196E-4
since 0.0017196904557179708 0.377294231141468 6.488292882914325E-4
overlie 8.598452278589854E-4 5.1647859739235145 0.004440916572591156
note 8.598452278589854E-4 0.5013468798114469 4.310807221078649E-4
limitation 0.0017196904557179708 0.6988778552689304 0.001201853577418625
complication 8.598452278589854E-4 1.6990500711237875 0.0014609200955492585
inexpensive 0.0017196904557179708 3.5553480614894135 0.006114098128098734
line 0.0017196904557179708 0.9021060968821986 0.001551343244853308
contribute 0.0017196904557179708 0.6874491594453075 0.0011821997582894368
cause 0.004299226139294927 0.5398131606392429 0.0023207788505556445
ethylenediaminetetraacetic 0.005159071367153913 5.1647859739235145 0.02664549943554694
technique 0.004299226139294927 0.7953381214564925 0.003419338441343476
progression 0.0017196904557179708 2.456735772821304 0.004224825060741709
microscope 0.0017196904557179708 3.5553480614894135 0.006114098128098734
ocular 0.0034393809114359416 1.5538680612792897 0.005344344148853963
polished 0.0017196904557179708 5.1647859739235145 0.008881833145182313
effective 0.0017196904557179708 0.8472978603872037 0.0014570900436581319
can 0.0025795356835769563 0.0958817717032825 2.473304515131965E-4
highlight 0.0017196904557179708 0.9306794693262548 0.0016004806007330263
paper 0.0017196904557179708 0.8340526336371831 0.001434312353632301
and 0.03353396388650043 0.017291497110061043 5.798524396323136E-4
patient 0.0017196904557179708 0.8743265327751228 0.0015035709935943644
define 8.598452278589854E-4 0.3526016185510966 3.0318281904651473E-4
relief 0.0025795356835769563 4.471638793363569 0.01153475183154833
introduction 0.0017196904557179708 0.10219094089654716 1.7573678572063142E-4
excimer 0.0017196904557179708 5.1647859739235145 0.008881833145182313
experienced 0.0025795356835769563 1.6094379124341003 0.004151602525625366
smooth 8.598452278589854E-4 2.6798793241355137 0.0023042814480958847
highly 0.0017196904557179708 0.9162907318741551 0.0015757364262668188
postoperative 0.004299226139294927 2.0292917579943643 0.008724384170225126
stromal 0.0025795356835769563 3.5553480614894135 0.0091711471921481
determine 0.0017196904557179708 0.40261203912575794 6.923680810417162E-4
limited 0.0034393809114359416 0.5696661237889241 0.00195929879205133
relieve 8.598452278589854E-4 3.7784916128036232 0.0032489179817743966
alternative 0.0017196904557179708 1.3146383722134554 0.0022607710614160883
lamp 0.0025795356835769563 4.0661736852554045 0.010488840116737931
also 0.0025795356835769563 0.05279818556697083 1.361948036981191E-4
rotary 0.0017196904557179708 4.471638793363569 0.007689834554365553
increase 8.598452278589854E-4 0.16083966797805488 1.3829722096135415E-4
follow 8.598452278589854E-4 0.0958817717032825 8.244348383773216E-5
cbk 0.01117798796216681 5.1647859739235145 0.05773191544368503
any 0.0017196904557179708 0.2669461739726028 4.59064787571114E-4
compound 8.598452278589854E-4 2.2744142160273495 0.001955644209825752
drill 0.0017196904557179708 4.471638793363569 0.007689834554365553
consecutive 0.0025795356835769563 1.9867321435755685 0.005124846458062516
currently 0.0017196904557179708 1.4035858582299516 0.0024137332041787645
conduct 8.598452278589854E-4 0.5798184952529422 4.985541661676201E-4
due 0.004299226139294927 0.20895891632225325 8.983616350913725E-4
sequestering 0.0017196904557179708 5.1647859739235145 0.008881833145182313
approve 8.598452278589854E-4 1.3805963400052528 0.001187099174553098
until 0.0017196904557179708 1.0376515888784226 0.001784439533754811
clinic 0.0034393809114359416 2.5257286443082556 0.008686942886700794
visit 0.0025795356835769563 1.906689435902032 0.00491837343740851
burr 0.01117798796216681 5.1647859739235145 0.05773191544368503
