modality 9.970089730807576E-4 2.8622008809294686 0.002853639961046329
bad 4.985044865403788E-4 1.4271163556401458 7.114239061017676E-4
sufficiently 0.0014955134596211367 2.120263536200091 0.0031708826563311434
year 0.00897308075772682 0.5203950747821414 0.004669547031943443
accuracy 9.970089730807576E-4 1.0539121097502027 0.0010507598302594242
annotate 4.985044865403788E-4 1.8689491079191851 9.316795154133524E-4
ambiguous 9.970089730807576E-4 2.5998366164619773 0.0025920604351565074
explanation 9.970089730807576E-4 1.6384254493073527 0.0016335248746833027
without 0.0014955134596211367 0.32850406697203605 4.912822536969632E-4
advance 9.970089730807576E-4 1.6682784124570338 0.001663288546816584
setting 9.970089730807576E-4 1.1394342831883648 0.0011360262045746407
offer 4.985044865403788E-4 1.0059028905638423 5.014471039700111E-4
score 0.0014955134596211367 1.0059028905638423 0.0015043413119100334
preexisting 9.970089730807576E-4 3.5553480614894135 0.0035447139197302227
imperfect 0.0014955134596211367 4.471638793363569 0.006687396002039236
imputation 9.970089730807576E-4 3.7784916128036232 0.0037671900426755963
poor 0.0024925224327018943 0.9452782687474074 0.002356127289998523
record 9.970089730807576E-4 0.8340526336371831 8.315579597579092E-4
because 9.970089730807576E-4 0.34450440831847723 3.43473986359399E-4
addition 9.970089730807576E-4 0.7953381214564925 7.929592437253165E-4
knowledge 9.970089730807576E-4 0.8080771472339223 8.05660166733721E-4
excellent 9.970089730807576E-4 2.169053700369523 0.0021625660023624356
notably 9.970089730807576E-4 2.6798793241355137 0.0026718637329367035
impact 4.985044865403788E-4 0.6874491594453075 3.42696490251898E-4
narrative 0.0014955134596211367 2.5257286443082556 0.0037772611829136426
documentation 0.003988035892323031 2.392197251683733 0.009540168501231237
preference 9.970089730807576E-4 2.0292917579943643 0.0020232220917192067
opportunity 9.970089730807576E-4 1.3361445774344192 0.001332148133035313
require 0.0019940179461615153 0.3127557100038969 6.236404985122569E-4
artery 9.970089730807576E-4 2.6798793241355137 0.0026718637329367035
analysis 0.003489531405782652 0.13434805253107854 4.6881174861293604E-4
ehr 0.004985044865403789 2.8622008809294686 0.014268199805231647
population 0.0014955134596211367 0.9021060968821986 0.001349111809893617
size 0.0014955134596211367 0.12136085700426753 1.814967951210382E-4
exposure 9.970089730807576E-4 2.073743520565198 0.002067540897871583
subtotal 9.970089730807576E-4 5.1647859739235145 0.005149337960043384
urology 9.970089730807576E-4 5.1647859739235145 0.005149337960043384
domain 0.0024925224327018943 1.1394342831883648 0.0028400655114366024
intermediate 0.0024925224327018943 2.2203469947570738 0.005534264692814241
detail 9.970089730807576E-4 1.0216512475319812 0.0010185954611485356
much 9.970089730807576E-4 0.7827593392496325 7.804180849946484E-4
relative 0.0014955134596211367 1.0376515888784226 0.001551821917564939
appropriate 9.970089730807576E-4 1.0539121097502027 0.0010507598302594242
treatment 0.007477567298105683 0.9162907318741551 0.006851625612219504
average 9.970089730807576E-4 0.7104386776700063 7.083137364606244E-4
statistical 0.0014955134596211367 0.653926467406664 9.779558336091686E-4
compare 4.985044865403788E-4 0.17435338714477774 8.691594573518331E-5
strong 9.970089730807576E-4 1.1043429633770947 0.001101039843845558
be 4.985044865403788E-4 0.017291497110061043 8.619888888365425E-6
role 9.970089730807576E-4 0.664976303593249 6.629873415685433E-4
independent 0.0014955134596211367 1.0059028905638423 0.0015043413119100334
affect 9.970089730807576E-4 0.5596157879354227 5.579419620492748E-4
achieve 4.985044865403788E-4 0.6109090823229731 3.0454091840626776E-4
least 9.970089730807576E-4 0.653926467406664 6.519705557394457E-4
manual 9.970089730807576E-4 1.4512139072192063 0.0014468732873571348
characteristic 4.985044865403788E-4 0.664976303593249 3.3149367078427164E-4
result 4.985044865403788E-4 0.058840500022933395 2.933225325171156E-5
adoption 9.970089730807576E-4 2.331572629867298 0.002324598833367196
whom 9.970089730807576E-4 2.2203469947570738 0.0022137058771256966
term 4.985044865403788E-4 0.4643056081310978 2.3145842877921123E-4
after 0.0029910269192422734 0.12136085700426753 3.629935902420764E-4
connect 4.985044865403788E-4 1.293584963015623 6.448579077844582E-4
annotation 9.970089730807576E-4 2.120263536200091 0.0021139217708874285
mine 4.985044865403788E-4 3.7784916128036232 0.0018835950213377981
contain 4.985044865403788E-4 0.6429973968744738 3.205370871757097E-4
address 9.970089730807576E-4 0.7827593392496325 7.804180849946484E-4
learn 9.970089730807576E-4 1.252762968495368 0.0012490159207331685
charlson 0.0019940179461615153 4.471638793363569 0.008916528002718981
procedure 0.0014955134596211367 0.8080771472339223 0.0012084902501005817
possible 9.970089730807576E-4 0.38566248081198473 3.845089539501343E-4
neck 9.970089730807576E-4 3.7784916128036232 0.0037671900426755963
sample 0.0014955134596211367 0.6321864807702582 9.4544339098244E-4
blood 9.970089730807576E-4 1.906689435902032 0.001900986476472614
the 0.05284147557328016 0.017291497110061043 9.13708222166735E-4
covariate 4.985044865403788E-4 4.0661736852554045 0.0020270058251522453
stage 0.0024925224327018943 1.3581234841531944 0.003385153250631093
ineligible 9.970089730807576E-4 5.1647859739235145 0.005149337960043384
series 9.970089730807576E-4 1.1758019273592397 0.0011722850721428112
diagnose 4.985044865403788E-4 1.5538680612792897 7.746102000395262E-4
severe 9.970089730807576E-4 1.157452788691043 0.001153990816242316
information 0.0019940179461615153 0.3049735695618419 6.0812277081125E-4
exploit 4.985044865403788E-4 1.8689491079191851 9.316795154133524E-4
novel 0.0014955134596211367 1.3805963400052528 0.0020647004087815347
surgery 0.007477567298105683 1.6094379124341003 0.012034680302348706
represent 4.985044865403788E-4 0.4285875255290187 2.1365280435145496E-4
misclassification 9.970089730807576E-4 3.5553480614894135 0.0035447139197302227
communicate 9.970089730807576E-4 2.2744142160273495 0.0022676113818817043
evidence 9.970089730807576E-4 0.8881198549074587 8.854634645139169E-4
language 0.0014955134596211367 0.664976303593249 9.944810123528151E-4
do 4.985044865403788E-4 0.14750613710858965 7.35324711408722E-5
good 4.985044865403788E-4 0.2160260835453457 1.0768997185710153E-4
robotic 9.970089730807576E-4 3.5553480614894135 0.0035447139197302227
observe 4.985044865403788E-4 0.5496654570822546 2.7401069645177195E-4
institution 9.970089730807576E-4 1.9867321435755685 0.00198078977425281
assessment 9.970089730807576E-4 1.2729656758128876 0.0012691582012092596
pad 4.985044865403788E-4 4.0661736852554045 0.0020270058251522453
prior 0.0029910269192422734 0.8209805520698303 0.0024555749314152456
exceed 9.970089730807576E-4 2.2744142160273495 0.0022676113818817043
discharge 9.970089730807576E-4 2.331572629867298 0.002324598833367196
surgical 9.970089730807576E-4 1.6384254493073527 0.0016335248746833027
exclude 4.985044865403788E-4 0.9021060968821986 4.497039366312056E-4
train 4.985044865403788E-4 1.252762968495368 6.245079603665843E-4
which 0.005982053838484547 0.023122417420854212 1.383195458874629E-4
test 9.970089730807576E-4 0.44628710262841953 4.4495224589074725E-4
often 0.0014955134596211367 0.5900749954201312 8.824650978366868E-4
lack 9.970089730807576E-4 0.5696661237889241 5.67962237077691E-4
profound 9.970089730807576E-4 3.0853444322436783 0.0030761160839917027
affirm 4.985044865403788E-4 3.7784916128036232 0.0018835950213377981
month 4.985044865403788E-4 1.1758019273592397 5.861425360714056E-4
final 0.0024925224327018943 0.6988778552689304 0.0017419687319763968
relatively 9.970089730807576E-4 0.8209805520698303 8.18524977138415E-4
useful 9.970089730807576E-4 0.9162907318741551 9.135500816292672E-4
concordance 0.0014955134596211367 3.5553480614894135 0.005317070879595334
neural 9.970089730807576E-4 1.5271998141971284 0.0015226319184418028
additional 0.0019940179461615153 0.5300569856938783 0.001056943141961871
deem 4.985044865403788E-4 2.456735772821304 0.001224693804995665
for 0.019940179461615155 0.017291497110061043 3.44795555534617E-4
cohort 0.003988035892323031 1.8325814637483102 0.007308400653034138
instrument 4.985044865403788E-4 2.456735772821304 0.001224693804995665
training 0.0014955134596211367 1.0059028905638423 0.0015043413119100334
choose 4.985044865403788E-4 0.7221347174331975 3.5998739652701764E-4
burden 9.970089730807576E-4 1.9867321435755685 0.00198078977425281
miss 4.985044865403788E-4 1.4512139072192063 7.234366436785674E-4
prevent 9.970089730807576E-4 1.1944940603713923 0.0011909212964819464
perineal 9.970089730807576E-4 5.1647859739235145 0.005149337960043384
previously 0.0024925224327018943 0.8340526336371831 0.0020788948993947735
rate 4.985044865403788E-4 0.5696661237889241 2.839811185388455E-4
provider 9.970089730807576E-4 1.9459101490553132 0.0019400898794170618
surveillance 9.970089730807576E-4 2.7668907011251433 0.0027586148565554767
pco 9.970089730807576E-4 5.1647859739235145 0.005149337960043384
identify 0.0019940179461615153 0.3049735695618419 6.0812277081125E-4
curative 9.970089730807576E-4 5.1647859739235145 0.005149337960043384
banerjee 0.0029910269192422734 3.7784916128036232 0.01130157012802679
multiple 9.970089730807576E-4 0.5108256237659907 5.092977305742679E-4
perform 4.985044865403788E-4 0.2669461739726028 1.33073865390131E-4
retrospective 9.970089730807576E-4 1.4271163556401458 0.0014228478122035352
rich 9.970089730807576E-4 1.79749014393704 0.0017921138025294517
parse 4.985044865403788E-4 2.120263536200091 0.0010569608854437142
label 4.985044865403788E-4 1.1394342831883648 5.680131022873203E-4
statistically 0.003988035892323031 1.1758019273592397 0.004689140288571245
significance 9.970089730807576E-4 1.2329603411991883 0.0012292725236283033
with 0.02143569292123629 0.017291497110061043 3.706552221997133E-4
modify 4.985044865403788E-4 1.5812670354674039 7.882687115989052E-4
retropubic 9.970089730807576E-4 5.1647859739235145 0.005149337960043384
although 9.970089730807576E-4 0.4285875255290187 4.273056087029099E-4
regression 0.0024925224327018943 1.3805963400052528 0.0034411673479692244
publish 4.985044865403788E-4 0.03488725900044054 1.7391455134815822E-5
prostatectomy 0.005483549351944167 5.1647859739235145 0.02832135878023861
well 9.970089730807576E-4 0.3127557100038969 3.1182024925612847E-4
cancer 0.010468594217347957 2.6798793241355137 0.028054569195835388
he 4.985044865403788E-4 1.6384254493073527 8.167624373416513E-4
age 0.003988035892323031 0.9452782687474074 0.0037698036639976363
albeit 9.970089730807576E-4 2.8622008809294686 0.002853639961046329
explain 9.970089730807576E-4 0.9751312318970885 9.722145881326903E-4
practice 9.970089730807576E-4 1.0376515888784226 0.0010345479450432926
focus 9.970089730807576E-4 0.4285875255290187 4.273056087029099E-4
approach 0.0024925224327018943 0.40261203912575794 0.0010035195391968044
number 9.970089730807576E-4 0.14750613710858965 1.470649422817444E-4
odds 9.970089730807576E-4 2.7668907011251433 0.0027586148565554767
model 0.0019940179461615153 0.41985384556026406 8.371961028120918E-4
text 0.0019940179461615153 0.8209805520698303 0.00163704995427683
per 9.970089730807576E-4 0.7339691750802005 7.317738535196416E-4
validation 9.970089730807576E-4 1.79749014393704 0.0017921138025294517
order 9.970089730807576E-4 0.5900749954201312 5.883100652244578E-4
algorithm 9.970089730807576E-4 0.8472978603872037 8.447635696781691E-4
sentence 4.985044865403788E-4 1.3146383722134554 6.55353126726548E-4
similar 0.0014955134596211367 0.20895891632225325 3.1250087186777655E-4
likely 0.0014955134596211367 0.5798184952529422 8.671263637880491E-4
large 9.970089730807576E-4 0.22314355131420976 2.2247612294537362E-4
issue 9.970089730807576E-4 0.7953381214564925 7.929592437253165E-4
robustness 0.0014955134596211367 2.392197251683733 0.0035775631879617145
handle 4.985044865403788E-4 1.5812670354674039 7.882687115989052E-4
classification 9.970089730807576E-4 0.9600933545325481 9.572216894641555E-4
operative 9.970089730807576E-4 2.6798793241355137 0.0026718637329367035
system 4.985044865403788E-4 0.36076492919025743 1.798429357877654E-4
install 4.985044865403788E-4 3.5553480614894135 0.0017723569598651113
even 9.970089730807576E-4 0.377294231141468 3.76165733939649E-4
supplement 9.970089730807576E-4 2.331572629867298 0.002324598833367196
integration 9.970089730807576E-4 2.2203469947570738 0.0022137058771256966
interval 9.970089730807576E-4 1.5538680612792897 0.0015492204000790524
christopher 0.0024925224327018943 3.7784916128036232 0.009417975106688991
evaluate 0.0014955134596211367 0.40261203912575794 6.021117235180827E-4
jame 4.985044865403788E-4 4.0661736852554045 0.0020270058251522453
status 0.0024925224327018943 1.3805963400052528 0.0034411673479692244
urologist 9.970089730807576E-4 5.1647859739235145 0.005149337960043384
other 0.003489531405782652 0.0408219945202552 1.4244963192511784E-4
aim 9.970089730807576E-4 0.6109090823229731 6.090818368125355E-4
healthcare 9.970089730807576E-4 1.9867321435755685 0.00198078977425281
preoperative 0.003988035892323031 2.2744142160273495 0.009070445527526817
prevalence 0.005982053838484547 1.8689491079191851 0.01118015418496023
yield 9.970089730807576E-4 1.4512139072192063 0.0014468732873571348
have 0.007477567298105683 0.017291497110061043 1.2929833332548136E-4
administer 9.970089730807576E-4 2.0292917579943643 0.0020232220917192067
electronic 0.0019940179461615153 1.730798769438368 0.0034512438074543726
december 0.0024925224327018943 1.3361445774344192 0.003330370332588283
share 4.985044865403788E-4 1.0539121097502027 5.253799151297121E-4
man 4.985044865403788E-4 1.9867321435755685 9.90394887126405E-4
costly 9.970089730807576E-4 2.6798793241355137 0.0026718637329367035
outcome 0.0019940179461615153 0.8472978603872037 0.0016895271393563382
table 0.003489531405782652 0.18117935221517753 6.322310396342187E-4
wiltz 9.970089730807576E-4 5.1647859739235145 0.005149337960043384
side 9.970089730807576E-4 1.6682784124570338 0.001663288546816584
may 0.004985044865403789 0.15415067982725836 7.684480549713776E-4
within 0.0014955134596211367 0.3127557100038969 4.677303738841928E-4
could 0.0029910269192422734 0.22314355131420976 6.67428368836121E-4
reproducibility 9.970089730807576E-4 3.5553480614894135 0.0035447139197302227
health 0.0019940179461615153 0.990398704027877 0.0019748727896866936
positive 9.970089730807576E-4 0.6761496041913742 6.741272225238027E-4
produce 9.970089730807576E-4 0.8607208807193443 8.581464413951588E-4
demographic 9.970089730807576E-4 1.4271163556401458 0.0014228478122035352
comorbidity 0.0024925224327018943 2.8622008809294686 0.007134099902615824
machine 9.970089730807576E-4 1.0539121097502027 0.0010507598302594242
future 9.970089730807576E-4 0.48265474679929443 4.8121111345891766E-4
regard 4.985044865403788E-4 0.4919571394616079 2.4524284120718237E-4
able 9.970089730807576E-4 0.7703368192510752 7.680327210878117E-4
report 0.0014955134596211367 0.3364722366212129 5.031987586558518E-4
return 9.970089730807576E-4 1.5271998141971284 0.0015226319184418028
bmi 0.00448654037886341 5.1647859739235145 0.02317202082019523
use 0.0019940179461615153 0.03488725900044054 6.956582053926329E-5
subject 9.970089730807576E-4 0.9021060968821986 8.994078732624112E-4
precision 0.0014955134596211367 1.8689491079191851 0.0027950385462400576
stratified 0.0019940179461615153 2.7668907011251433 0.005517229713110953
manner 9.970089730807576E-4 1.9459101490553132 0.0019400898794170618
while 9.970089730807576E-4 0.20895891632225325 2.0833391457851768E-4
associate 4.985044865403788E-4 0.38566248081198473 1.9225447697506716E-4
second 0.007976071784646061 0.4373981552111735 0.003488719084436079
that 0.013958125623130608 0.017291497110061043 2.413568888742319E-4
high 9.970089730807576E-4 0.11492996667397702 1.1458620804982753E-4
download 0.0014955134596211367 0.24480504809538922 3.6610924440985427E-4
nilsson 0.0014955134596211367 3.7784916128036232 0.005650785064013395
individualized 9.970089730807576E-4 3.7784916128036232 0.0037671900426755963
find 0.0014955134596211367 0.16083966797805488 2.405378883021758E-4
whether 9.970089730807576E-4 0.5300569856938783 5.284715709809355E-4
function 0.0029910269192422734 0.5496654570822546 0.001644064178710632
continuous 0.0014955134596211367 1.1758019273592397 0.001758427608214217
limit 4.985044865403788E-4 1.3146383722134554 6.55353126726548E-4
complement 4.985044865403788E-4 1.8325814637483102 9.135500816292672E-4
different 0.0014955134596211367 0.18805223150293962 2.8123464332443615E-4
blayney 0.0024925224327018943 5.1647859739235145 0.01287334490010846
insofar 9.970089730807576E-4 4.471638793363569 0.004458264001359491
regardless 9.970089730807576E-4 1.79749014393704 0.0017921138025294517
all 0.00448654037886341 0.017291497110061043 7.757899999528883E-5
new 9.970089730807576E-4 0.36076492919025743 3.596858715755308E-4
brook 4.985044865403788E-4 5.1647859739235145 0.002574668980021692
level 9.970089730807576E-4 0.4373981552111735 4.360898855545099E-4
cpt 9.970089730807576E-4 5.1647859739235145 0.005149337960043384
author 4.985044865403788E-4 0.017291497110061043 8.619888888365425E-6
difficult 9.970089730807576E-4 0.7703368192510752 7.680327210878117E-4
diagnosis 0.0014955134596211367 1.4512139072192063 0.0021703099310357026
less 9.970089730807576E-4 0.36076492919025743 3.596858715755308E-4
tool 4.985044865403788E-4 0.8743265327751228 4.358556992896923E-4
perioperative 9.970089730807576E-4 3.2188758248682006 0.003209248080626321
clinical 0.005982053838484547 0.9452782687474074 0.005654705495996455
continence 0.0014955134596211367 5.1647859739235145 0.007724006940065077
null 9.970089730807576E-4 3.7784916128036232 0.0037671900426755963
improve 9.970089730807576E-4 0.377294231141468 3.76165733939649E-4
ethic 4.985044865403788E-4 1.9867321435755685 9.90394887126405E-4
true 9.970089730807576E-4 1.1394342831883648 0.0011360262045746407
survey 9.970089730807576E-4 1.3805963400052528 0.0013764669391876897
present 0.0014955134596211367 0.083381608939051 1.2469831845321686E-4
collect 4.985044865403788E-4 0.6761496041913742 3.3706361126190136E-4
datum 4.985044865403788E-4 0.167573700159399 8.35362413556326E-5
facilitate 0.0014955134596211367 1.2729656758128876 0.0019037373018138898
code 4.985044865403788E-4 1.3361445774344192 6.660740665176565E-4
similarly 0.0014955134596211367 2.0292917579943643 0.00303483313757881
and 0.05134596211365902 0.017291497110061043 8.878485555016388E-4
negatively 9.970089730807576E-4 1.8689491079191851 0.0018633590308267049
unstructured 0.0014955134596211367 1.6990500711237875 0.0025409522499358736
design 9.970089730807576E-4 0.6004377824556778 5.986418568850227E-4
define 4.985044865403788E-4 0.3526016185510966 1.7577348880912092E-4
predict 0.0024925224327018943 1.1043429633770947 0.002752599609613895
construction 9.970089730807576E-4 1.730798769438368 0.0017256219037271863
stricture 9.970089730807576E-4 5.1647859739235145 0.005149337960043384
measurable 9.970089730807576E-4 3.5553480614894135 0.0035447139197302227
clinician 9.970089730807576E-4 2.2203469947570738 0.0022137058771256966
chance 9.970089730807576E-4 2.169053700369523 0.0021625660023624356
radical 0.003489531405782652 4.0661736852554045 0.014189040776065719
problematic 9.970089730807576E-4 2.5257286443082556 0.002518174121942428
control 4.985044865403788E-4 0.5398131606392429 2.690992824722048E-4
despite 9.970089730807576E-4 0.7221347174331975 7.199747930540353E-4
absorbent 9.970089730807576E-4 5.1647859739235145 0.005149337960043384
conduct 9.970089730807576E-4 0.5798184952529422 5.78084242525366E-4
due 0.0014955134596211367 0.20895891632225325 3.1250087186777655E-4
radiation 9.970089730807576E-4 3.373026504695459 0.003362937691620597
generalizable 9.970089730807576E-4 3.5553480614894135 0.0035447139197302227
timepoint 4.985044865403788E-4 4.471638793363569 0.0022291320006797453
mellitus 9.970089730807576E-4 3.2188758248682006 0.003209248080626321
radiology 9.970089730807576E-4 3.7784916128036232 0.0037671900426755963
discussion 9.970089730807576E-4 0.23031204079282225 2.2962317127898528E-4
oncology 9.970089730807576E-4 5.1647859739235145 0.005149337960043384
professional 4.985044865403788E-4 1.5538680612792897 7.746102000395262E-4
reflect 4.985044865403788E-4 0.7827593392496325 3.902090424973242E-4
composite 0.0029910269192422734 3.0853444322436783 0.00922834825197511
estimate 9.970089730807576E-4 0.8743265327751228 8.717113985793846E-4
recent 9.970089730807576E-4 0.5596157879354227 5.579419620492748E-4
they 0.0024925224327018943 0.05279818556697083 1.3160066193163217E-4
element 4.985044865403788E-4 1.1758019273592397 5.861425360714056E-4
generalizability 0.0014955134596211367 3.5553480614894135 0.005317070879595334
encompass 4.985044865403788E-4 2.5257286443082556 0.001259087060971214
august 0.0014955134596211367 2.2203469947570738 0.0033205588156885453
remain 4.985044865403788E-4 0.7104386776700063 3.541568682303122E-4
warehouse 9.970089730807576E-4 4.471638793363569 0.004458264001359491
monitoring 9.970089730807576E-4 1.8325814637483102 0.0018271001632585344
execute 4.985044865403788E-4 2.331572629867298 0.001162299416683598
each 0.0029910269192422734 0.13434805253107854 4.0183864166823093E-4
quality 0.0024925224327018943 0.7953381214564925 0.0019823981093132913
input 9.970089730807576E-4 0.990398704027877 9.874363948433468E-4
symptom 0.0014955134596211367 1.730798769438368 0.00258843285559078
imon 0.0024925224327018943 5.1647859739235145 0.01287334490010846
dictionary 9.970089730807576E-4 1.9459101490553132 0.0019400898794170618
stanford 9.970089730807576E-4 2.5257286443082556 0.002518174121942428
unique 9.970089730807576E-4 1.157452788691043 0.001153990816242316
grade 0.0014955134596211367 2.6798793241355137 0.004007795599405056
processing 0.0014955134596211367 0.7221347174331975 0.0010799621895810532
difference 4.985044865403788E-4 0.36076492919025743 1.798429357877654E-4
examine 9.970089730807576E-4 0.8881198549074587 8.854634645139169E-4
frequently 9.970089730807576E-4 1.157452788691043 0.001153990816242316
document 9.970089730807576E-4 0.8743265327751228 8.717113985793846E-4
concurrent 9.970089730807576E-4 2.7668907011251433 0.0027586148565554767
association 0.006979062811565304 1.0376515888784226 0.007241835615303048
indicative 9.970089730807576E-4 2.9675613965872945 0.0029586853405655974
into 9.970089730807576E-4 0.10854016857520597 1.0821552200917843E-4
routine 9.970089730807576E-4 2.073743520565198 0.002067540897871583
structured 0.0014955134596211367 1.3805963400052528 0.0020647004087815347
relationship 9.970089730807576E-4 0.758066726659261 7.557993286732412E-4
anastomosis 9.970089730807576E-4 5.1647859739235145 0.005149337960043384
creation 9.970089730807576E-4 1.9867321435755685 0.00198078977425281
validate 4.985044865403788E-4 1.5538680612792897 7.746102000395262E-4
receive 4.985044865403788E-4 0.653926467406664 3.259852778697228E-4
decision 9.970089730807576E-4 0.9452782687474074 9.424509159994091E-4
dougla 4.985044865403788E-4 4.471638793363569 0.0022291320006797453
one 0.0019940179461615153 0.06491954609931569 1.294507399786953E-4
black 9.970089730807576E-4 2.331572629867298 0.002324598833367196
many 9.970089730807576E-4 0.20194134366360675 2.0133733166860092E-4
understate 9.970089730807576E-4 4.471638793363569 0.004458264001359491
confirm 9.970089730807576E-4 0.8209805520698303 8.18524977138415E-4
call 9.970089730807576E-4 1.0539121097502027 0.0010507598302594242
single 0.0014955134596211367 0.6429973968744738 9.616112615271293E-4
such 0.007477567298105683 0.10219094089654716 7.641396378106716E-4
nlp 0.004985044865403789 0.41119578281714936 0.0020498294258083217
tumor 0.0014955134596211367 3.373026504695459 0.005044406537430896
negate 4.985044865403788E-4 4.471638793363569 0.0022291320006797453
progress 9.970089730807576E-4 1.6990500711237875 0.0016939681666239155
describe 4.985044865403788E-4 0.28958865072236245 1.443612416362724E-4
chart 0.0014955134596211367 1.6990500711237875 0.0025409522499358736
dataset 4.985044865403788E-4 1.1043429633770947 5.50519921922779E-4
open 9.970089730807576E-4 0.8881198549074587 8.854634645139169E-4
ratio 9.970089730807576E-4 1.0704414117014134 0.0010672396926235427
insurance 0.0019940179461615153 2.2744142160273495 0.004535222763763409
through 0.004985044865403789 0.2595111954850846 0.0012936749525677199
but 9.970089730807576E-4 0.083381608939051 8.313221230214456E-5
medical 0.0014955134596211367 0.9600933545325481 0.0014358325341962334
engagement 9.970089730807576E-4 2.5257286443082556 0.002518174121942428
strength 9.970089730807576E-4 1.5538680612792897 0.0015492204000790524
ascertainment 9.970089730807576E-4 4.471638793363569 0.004458264001359491
seven 9.970089730807576E-4 1.5538680612792897 0.0015492204000790524
express 4.985044865403788E-4 0.8743265327751228 4.358556992896923E-4
source 0.0014955134596211367 0.7703368192510752 0.0011520490816317177
incorporate 9.970089730807576E-4 1.6384254493073527 0.0016335248746833027
research 0.0019940179461615153 0.40261203912575794 8.028156313574434E-4
frequency 0.0014955134596211367 1.0216512475319812 0.0015278931917228034
vectorization 9.970089730807576E-4 4.471638793363569 0.004458264001359491
either 0.0014955134596211367 0.7827593392496325 0.001170627127491973
kevin 0.0024925224327018943 4.471638793363569 0.011145660003398727
late 9.970089730807576E-4 1.5012243277938677 0.0014967341254176147
bias 9.970089730807576E-4 1.4512139072192063 0.0014468732873571348
interquartile 9.970089730807576E-4 3.7784916128036232 0.0037671900426755963
california 9.970089730807576E-4 3.7784916128036232 0.0037671900426755963
generate 9.970089730807576E-4 0.7953381214564925 7.929592437253165E-4
inherent 9.970089730807576E-4 2.2203469947570738 0.0022137058771256966
coronary 9.970089730807576E-4 3.5553480614894135 0.0035447139197302227
ensure 4.985044865403788E-4 1.0216512475319812 5.092977305742678E-4
last 9.970089730807576E-4 0.7459453661269161 7.437142234565464E-4
might 9.970089730807576E-4 0.7339691750802005 7.317738535196416E-4
this 0.006480558325024925 0.017291497110061043 1.1205855554875053E-4
telephone 9.970089730807576E-4 3.373026504695459 0.003362937691620597
significant 0.003988035892323031 0.377294231141468 0.001504662935758596
develop 4.985044865403788E-4 0.32850406697203605 1.6376075123232105E-4
finding 4.985044865403788E-4 0.7459453661269161 3.718571117282732E-4
decrease 4.985044865403788E-4 0.7827593392496325 3.902090424973242E-4
extract 9.970089730807576E-4 0.8080771472339223 8.05660166733721E-4
measure 4.985044865403788E-4 0.48265474679929443 2.4060555672945883E-4
incontinence 0.004985044865403789 5.1647859739235145 0.02574668980021692
institutional 9.970089730807576E-4 1.3361445774344192 0.001332148133035313
involved 9.970089730807576E-4 1.1043429633770947 0.001101039843845558
median 4.985044865403788E-4 1.7635885922613586 8.79156825653718E-4
demonstrate 4.985044865403788E-4 0.5108256237659907 2.5464886528713394E-4
assume 4.985044865403788E-4 0.9452782687474074 4.7122545799970454E-4
full 0.0014955134596211367 0.14750613710858965 2.2059741342261665E-4
allow 0.0014955134596211367 0.5398131606392429 8.072978474166145E-4
evaluable 0.00448654037886341 5.1647859739235145 0.02317202082019523
absence 9.970089730807576E-4 1.3581234841531944 0.001354061300252437
univariable 0.0014955134596211367 4.471638793363569 0.006687396002039236
show 4.985044865403788E-4 0.0771896386911299 3.8479381201959066E-5
detect 4.985044865403788E-4 0.8881198549074587 4.4273173225695844E-4
effort 4.985044865403788E-4 1.252762968495368 6.245079603665843E-4
learning 9.970089730807576E-4 0.9306794693262548 9.278957819803138E-4
life 0.0014955134596211367 1.3581234841531944 0.0020310919503786556
we 4.985044865403788E-4 0.19497267434751336 9.719475291501163E-5
conclusion 9.970089730807576E-4 0.28958865072236245 2.887224832725448E-4
not 0.006979062811565304 0.03488725900044054 2.434803718874215E-4
urologic 9.970089730807576E-4 5.1647859739235145 0.005149337960043384
interest 9.970089730807576E-4 1.0059028905638423 0.0010028942079400222
statement 9.970089730807576E-4 1.9867321435755685 0.00198078977425281
morbidity 0.0014955134596211367 3.0853444322436783 0.004614174125987555
factor 4.985044865403788E-4 0.38566248081198473 1.9225447697506716E-4
every 9.970089730807576E-4 1.0539121097502027 0.0010507598302594242
early 9.970089730807576E-4 0.6214911916535102 6.196322947692025E-4
tina 0.0024925224327018943 4.471638793363569 0.011145660003398727
summary 9.970089730807576E-4 1.3581234841531944 0.001354061300252437
severity 9.970089730807576E-4 2.0292917579943643 0.0020232220917192067
registry 9.970089730807576E-4 2.8622008809294686 0.002853639961046329
normal 0.0019940179461615153 1.4035858582299516 0.0027987753902890358
figure 0.0024925224327018943 0.18805223150293962 4.687244055407269E-4
disease 0.0019940179461615153 1.1758019273592397 0.0023445701442856223
previous 0.0029910269192422734 0.32850406697203605 9.825645073939264E-4
race 9.970089730807576E-4 2.8622008809294686 0.002853639961046329
functioning 9.970089730807576E-4 2.9675613965872945 0.0029586853405655974
logistic 0.0019940179461615153 1.8689491079191851 0.0037267180616534098
detailed 9.970089730807576E-4 1.1394342831883648 0.0011360262045746407
bladder 9.970089730807576E-4 5.1647859739235145 0.005149337960043384
prostate 0.011465603190428714 4.471638793363569 0.051270036015634145
risk 0.007477567298105683 0.758066726659261 0.005668494965049309
time 0.009970089730807577 0.167573700159399 0.0016707248271126522
base 4.985044865403788E-4 0.14090545307723773 7.024200053700784E-5
program 9.970089730807576E-4 1.6094379124341003 0.0016046240403131606
during 0.0014955134596211367 0.28958865072236245 4.3308372490881723E-4
type 9.970089730807576E-4 0.3364722366212129 3.354658391039012E-4
billing 9.970089730807576E-4 3.5553480614894135 0.0035447139197302227
consist 4.985044865403788E-4 0.7459453661269161 3.718571117282732E-4
explanatory 0.0019940179461615153 2.9675613965872945 0.005917370681131195
routinely 0.0014955134596211367 2.8622008809294686 0.004280459941569495
relate 4.985044865403788E-4 0.27443684570176036 1.368079988543172E-4
review 9.970089730807576E-4 0.4734380916943703 4.720220256175177E-4
urinary 0.011465603190428714 3.7784916128036232 0.04332268549076936
gleason 0.0014955134596211367 5.1647859739235145 0.007724006940065077
presence 0.0014955134596211367 0.9751312318970885 0.0014583218821990357
guide 9.970089730807576E-4 1.5012243277938677 0.0014967341254176147
between 0.007976071784646061 0.058840500022933395 4.6931605202738495E-4
inclusive 9.970089730807576E-4 4.0661736852554045 0.0040540116503044905
give 4.985044865403788E-4 0.2595111954850846 1.2936749525677198E-4
method 9.970089730807576E-4 0.0958817717032825 9.559498674305333E-5
natural 9.970089730807576E-4 0.6429973968744738 6.410741743514194E-4
inconclusive 9.970089730807576E-4 3.5553480614894135 0.0035447139197302227
work 0.0014955134596211367 0.4285875255290187 6.40958413054365E-4
epic 9.970089730807576E-4 5.1647859739235145 0.005149337960043384
baseline 0.009471585244267198 1.5538680612792897 0.014717593800750998
exist 4.985044865403788E-4 0.664976303593249 3.3149367078427164E-4
toward 9.970089730807576E-4 1.6094379124341003 0.0016046240403131606
provide 9.970089730807576E-4 0.167573700159399 1.670724827112652E-4
among 0.0029910269192422734 0.32850406697203605 9.825645073939264E-4
word 9.970089730807576E-4 0.8743265327751228 8.717113985793846E-4
primary 0.0014955134596211367 0.9306794693262548 0.0013918436729704708
care 9.970089730807576E-4 1.1758019273592397 0.0011722850721428112
denial 9.970089730807576E-4 4.471638793363569 0.004458264001359491
study 0.00448654037886341 0.07103577311675174 3.187048644320866E-4
iii 9.970089730807576E-4 2.9675613965872945 0.0029586853405655974
range 4.985044865403788E-4 0.3941013494578493 1.9646129085635556E-4
foundation 9.970089730807576E-4 1.9867321435755685 0.00198078977425281
variability 0.0014955134596211367 2.2203469947570738 0.0033205588156885453
unknown 9.970089730807576E-4 1.79749014393704 0.0017921138025294517
weak 9.970089730807576E-4 2.073743520565198 0.002067540897871583
low 9.970089730807576E-4 0.28958865072236245 2.887224832725448E-4
recall 0.0014955134596211367 1.7635885922613586 0.0026374704769611544
physician 9.970089730807576E-4 1.906689435902032 0.001900986476472614
protect 4.985044865403788E-4 2.392197251683733 0.0011925210626539046
embedding 9.970089730807576E-4 1.906689435902032 0.001900986476472614
power 9.970089730807576E-4 1.4759065198095778 0.001471492043678542
undergo 4.985044865403788E-4 1.3581234841531944 6.770306501262185E-4
informed 9.970089730807576E-4 1.4035858582299516 0.0013993876951445179
include 0.0014955134596211367 0.0771896386911299 1.1543814360587722E-4
explore 9.970089730807576E-4 0.9600933545325481 9.572216894641555E-4
more 0.003489531405782652 0.05279818556697083 1.8424092670428504E-4
observation 9.970089730807576E-4 1.2135422553420867 0.0012099125177887204
display 0.0014955134596211367 0.16083966797805488 2.405378883021758E-4
csvdisplay 0.0014955134596211367 0.2669461739726028 3.99221596170393E-4
continued 9.970089730807576E-4 1.906689435902032 0.001900986476472614
consistent 9.970089730807576E-4 0.9306794693262548 9.278957819803138E-4
suggest 9.970089730807576E-4 0.5013468798114469 4.998473377980526E-4
distressing 9.970089730807576E-4 5.1647859739235145 0.005149337960043384
lead 9.970089730807576E-4 0.3127557100038969 3.1182024925612847E-4
pipeline 0.003988035892323031 2.8622008809294686 0.011414559844185317
help 9.970089730807576E-4 0.6874491594453075 6.85392980503796E-4
assess 0.0024925224327018943 0.6761496041913742 0.0016853180563095069
january 0.0014955134596211367 1.3581234841531944 0.0020310919503786556
additionally 9.970089730807576E-4 2.6798793241355137 0.0026718637329367035
incidence 9.970089730807576E-4 1.6094379124341003 0.0016046240403131606
diabetes 9.970089730807576E-4 2.456735772821304 0.00244938760999133
first 0.007477567298105683 0.167573700159399 0.001253043620334489
statistics 9.970089730807576E-4 1.5538680612792897 0.0015492204000790524
date 9.970089730807576E-4 1.6384254493073527 0.0016335248746833027
exponential 9.970089730807576E-4 2.8622008809294686 0.002853639961046329
categorical 9.970089730807576E-4 2.0292917579943643 0.0020232220917192067
experience 9.970089730807576E-4 1.1043429633770947 0.001101039843845558
space 9.970089730807576E-4 1.293584963015623 0.0012897158155689163
percentage 9.970089730807576E-4 1.2329603411991883 0.0012292725236283033
only 0.0024925224327018943 0.10854016857520597 2.705388050229461E-4
create 4.985044865403788E-4 0.7339691750802005 3.658869267598208E-4
from 0.0024925224327018943 0.023122417420854212 5.76331441197762E-5
day 4.985044865403788E-4 0.8881198549074587 4.4273173225695844E-4
magnanus 4.985044865403788E-4 5.1647859739235145 0.002574668980021692
potential 0.0019940179461615153 0.4373981552111735 8.721797711090198E-4
group 0.0014955134596211367 0.41119578281714936 6.149488277424965E-4
obtain 4.985044865403788E-4 0.3526016185510966 1.7577348880912092E-4
manually 9.970089730807576E-4 1.4512139072192063 0.0014468732873571348
percutaneous 9.970089730807576E-4 5.1647859739235145 0.005149337960043384
like 9.970089730807576E-4 0.7703368192510752 7.680327210878117E-4
survival 9.970089730807576E-4 2.392197251683733 0.0023850421253078092
capture 9.970089730807576E-4 0.990398704027877 9.874363948433468E-4
mining 0.003489531405782652 1.8325814637483102 0.006394850571404871
prolonged 9.970089730807576E-4 2.6798793241355137 0.0026718637329367035
both 0.0014955134596211367 0.13434805253107854 2.0091932083411547E-4
important 9.970089730807576E-4 0.2669461739726028 2.66147730780262E-4
outside 9.970089730807576E-4 1.4035858582299516 0.0013993876951445179
effect 0.0014955134596211367 0.4919571394616079 7.357285236215472E-4
barocas 9.970089730807576E-4 5.1647859739235145 0.005149337960043384
intervention 4.985044865403788E-4 1.5012243277938677 7.483670627088073E-4
potentially 9.970089730807576E-4 1.1394342831883648 0.0011360262045746407
who 0.0014955134596211367 0.44628710262841953 6.67428368836121E-4
note 9.970089730807576E-4 0.5013468798114469 4.998473377980526E-4
classify 4.985044865403788E-4 0.9162907318741551 4.567750408146336E-4
limitation 9.970089730807576E-4 0.6988778552689304 6.967874927905587E-4
anatomic 9.970089730807576E-4 2.8622008809294686 0.002853639961046329
line 9.970089730807576E-4 0.9021060968821986 8.994078732624112E-4
link 4.985044865403788E-4 1.0872485300177945 5.419982701983023E-4
contribute 9.970089730807576E-4 0.6874491594453075 6.85392980503796E-4
scale 9.970089730807576E-4 1.2135422553420867 0.0012099125177887204
error 9.970089730807576E-4 1.2329603411991883 0.0012292725236283033
point 9.970089730807576E-4 0.5108256237659907 5.092977305742679E-4
can 0.006979062811565304 0.0958817717032825 6.691649072013735E-4
highlight 9.970089730807576E-4 0.9306794693262548 9.278957819803138E-4
alone 9.970089730807576E-4 1.730798769438368 0.0017256219037271863
patient 0.00448654037886341 0.8743265327751228 0.003922701293607231
predictor 0.0014955134596211367 1.8325814637483102 0.002740650244887802
value 4.985044865403788E-4 0.34450440831847723 1.717369931796995E-4
introduction 9.970089730807576E-4 0.10219094089654716 1.0188528504142288E-4
postoperative 0.004985044865403789 2.0292917579943643 0.010116110458596034
chen 0.0014955134596211367 2.5257286443082556 0.0037772611829136426
limited 9.970089730807576E-4 0.5696661237889241 5.67962237077691E-4
will 9.970089730807576E-4 0.3526016185510966 3.5154697761824184E-4
therapy 9.970089730807576E-4 1.9867321435755685 0.00198078977425281
heuristically 9.970089730807576E-4 5.1647859739235145 0.005149337960043384
multivariable 0.0019940179461615153 3.2188758248682006 0.006418496161252642
confidence 0.0014955134596211367 1.906689435902032 0.0028514797147089215
also 0.0019940179461615153 0.05279818556697083 1.0528052954530573E-4
follow 4.985044865403788E-4 0.0958817717032825 4.779749337152667E-5
increase 0.0014955134596211367 0.16083966797805488 2.405378883021758E-4
clean 4.985044865403788E-4 2.2203469947570738 0.0011068529385628483
ultimately 0.0014955134596211367 2.120263536200091 0.0031708826563311434
performance 9.970089730807576E-4 0.7703368192510752 7.680327210878117E-4
approve 4.985044865403788E-4 1.3805963400052528 6.882334695938448E-4
mean 9.970089730807576E-4 0.5398131606392429 5.381985649444097E-4
variable 0.0014955134596211367 0.8080771472339223 0.0012084902501005817
challenge 9.970089730807576E-4 0.9751312318970885 9.722145881326903E-4
clinic 9.970089730807576E-4 2.5257286443082556 0.002518174121942428
reduction 9.970089730807576E-4 1.4271163556401458 0.0014228478122035352
category 4.985044865403788E-4 0.8080771472339223 4.028300833668605E-4
account 9.970089730807576E-4 0.7459453661269161 7.437142234565464E-4
