lui 0.0019952114924181963 4.0661736852554045 0.008112876466990033
year 3.990422984836393E-4 0.5203950747821414 2.0765964676063107E-4
harpreet 0.0019952114924181963 5.1647859739235145 0.010304840331052502
accuracy 0.0011971268954509178 1.0539121097502027 0.001261666532023387
spontaneous 7.980845969672786E-4 2.7668907011251433 0.002208212850059971
via 7.980845969672786E-4 0.9021060968821986 7.199569807519542E-4
advance 3.990422984836393E-4 1.6682784124570338 6.657136522174916E-4
giulia 0.0019952114924181963 4.471638793363569 0.00892186511046203
would 0.0023942537909018356 0.5013468798114469 0.0012003516675453637
record 0.0019952114924181963 0.8340526336371831 0.001664111399914571
diverse 7.980845969672786E-4 1.7635885922613586 0.0014074928908709965
because 0.0015961691939345571 0.34450440831847723 5.498873237326054E-4
calculate 3.990422984836393E-4 0.7221347174331975 2.881622974593765E-4
adjudicate 7.980845969672786E-4 5.1647859739235145 0.004121936132421002
prevention 7.980845969672786E-4 2.331572629867298 0.0018607922026075802
successfully 7.980845969672786E-4 1.5538680612792897 0.0012401181654264084
malposition 3.990422984836393E-4 5.1647859739235145 0.002060968066210501
documentation 0.0011971268954509178 2.392197251683733 0.002863763669214365
impact 7.980845969672786E-4 0.6874491594453075 5.486425853514027E-4
possess 3.990422984836393E-4 2.169053700369523 8.655441741298976E-4
active 7.980845969672786E-4 1.1944940603713923 9.533073107513107E-4
opportunity 3.990422984836393E-4 1.3361445774344192 5.331782032858815E-4
require 3.990422984836393E-4 0.3127557100038969 1.2480275738383756E-4
analysis 0.0011971268954509178 0.13434805253107854 1.6083166703640688E-4
ehr 0.004389465283320032 2.8622008809294686 0.012563531400727914
population 0.0031923383878691143 0.9021060968821986 0.0028798279230078166
exposure 7.980845969672786E-4 2.073743520565198 0.0016550227618237813
size 0.0011971268954509178 0.12136085700426753 1.4528434597478157E-4
multicenter 7.980845969672786E-4 2.7668907011251433 0.002208212850059971
domain 3.990422984836393E-4 1.1394342831883648 4.5468247533454303E-4
institute 7.980845969672786E-4 2.169053700369523 0.0017310883482597951
uterine 0.01157222665602554 5.1647859739235145 0.05976807392010452
placement 0.002793296089385475 2.9675613965872945 0.008289277644098588
theresa 0.0019952114924181963 5.1647859739235145 0.010304840331052502
much 7.980845969672786E-4 0.7827593392496325 6.247081717874162E-4
relative 0.0019952114924181963 1.0376515888784226 0.0020703343752562302
southern 0.0011971268954509178 3.2188758248682006 0.003853402823066481
accessible 7.980845969672786E-4 2.331572629867298 0.0018607922026075802
statistical 7.980845969672786E-4 0.653926467406664 5.218886411864837E-4
compare 3.990422984836393E-4 0.17435338714477774 6.957437635465992E-5
be 3.990422984836393E-4 0.017291497110061043 6.900038751021965E-6
manual 7.980845969672786E-4 1.4512139072192063 0.0011581914662563498
subsequently 7.980845969672786E-4 1.79749014393704 0.0014345491970766482
characteristic 3.990422984836393E-4 0.664976303593249 2.653536726230044E-4
result 7.980845969672786E-4 0.058840500022933395 4.6959696746155944E-5
gold 7.980845969672786E-4 2.7668907011251433 0.002208212850059971
coding 0.0015961691939345571 2.169053700369523 0.0034621766965195902
same 0.0011971268954509178 0.2972515234679317 3.558477934572207E-4
whom 0.0011971268954509178 2.2203469947570738 0.002658037104657311
national 0.0015961691939345571 1.293584963015623 0.002064780467702511
indicate 3.990422984836393E-4 0.4919571394616079 1.963117076861963E-4
term 3.990422984836393E-4 0.4643056081310978 1.8527757706747719E-4
after 0.0031923383878691143 0.12136085700426753 3.874249225994175E-4
renate 0.0019952114924181963 5.1647859739235145 0.010304840331052502
hitech 7.980845969672786E-4 5.1647859739235145 0.004121936132421002
set 0.0011971268954509178 0.5108256237659907 6.115230930957591E-4
predictive 0.0015961691939345571 1.5012243277938677 0.0023962080252096854
darios 0.0019952114924181963 5.1647859739235145 0.010304840331052502
kenneth 0.0019952114924181963 4.471638793363569 0.00892186511046203
procedure 7.980845969672786E-4 0.8080771472339223 6.449139243686531E-4
possible 0.0051875498802873106 0.38566248081198473 0.0020006433561675185
involve 7.980845969672786E-4 0.9452782687474074 7.544120261352015E-4
union 7.980845969672786E-4 2.7668907011251433 0.002208212850059971
sample 0.002793296089385475 0.6321864807702582 0.001765884024497928
the 0.07861133280127694 0.017291497110061043 0.0013593076339513271
answer 3.990422984836393E-4 1.3805963400052528 5.50916336793796E-4
partner 7.980845969672786E-4 2.5998366164619773 0.0020748895582298303
diagnose 3.990422984836393E-4 1.5538680612792897 6.200590827132042E-4
information 0.003591380686352753 0.3049735695618419 0.001095276187572457
validity 7.980845969672786E-4 2.073743520565198 0.0016550227618237813
analytic 7.980845969672786E-4 2.392197251683733 0.0019091757794762435
misclassification 7.980845969672786E-4 3.5553480614894135 0.0028374685247321736
standard 0.0011971268954509178 0.7221347174331975 8.644868923781294E-4
november 0.0019952114924181963 1.1758019273592397 0.00234597351827462
evidence 0.002793296089385475 0.8881198549074587 0.0024807817176186
language 7.980845969672786E-4 0.664976303593249 5.307073452460088E-4
completeness 0.0015961691939345571 3.7784916128036232 0.006031111911897244
do 3.990422984836393E-4 0.14750613710858965 5.886118799225445E-5
act 7.980845969672786E-4 1.121734706088964 8.952391908132195E-4
prior 0.0011971268954509178 0.8209805520698303 9.828178995249365E-4
prospective 0.0019952114924181963 2.120263536200091 0.004230374174381666
programming 7.980845969672786E-4 1.79749014393704 0.0014345491970766482
train 3.990422984836393E-4 1.252762968495368 4.999054144035787E-4
which 0.0031923383878691143 0.023122417420854212 7.381458075292646E-5
richard 0.0019952114924181963 3.7784916128036232 0.007538889889871554
visibility 7.980845969672786E-4 3.7784916128036232 0.003015555955948622
test 3.990422984836393E-4 0.44628710262841953 1.7808743121644835E-4
need 0.0015961691939345571 0.27443684570176036 4.3804763878972126E-4
count 3.990422984836393E-4 1.0376515888784226 4.140668750512461E-4
its 0.0015961691939345571 0.19497267434751336 3.1120937645253533E-4
European 3.990422984836393E-4 2.456735772821304 9.80341489553593E-4
external 0.0011971268954509178 1.4759065198095778 0.0017668473900354083
euras 0.0015961691939345571 5.1647859739235145 0.008243872264842004
month 3.990422984836393E-4 1.1758019273592397 4.691947036549241E-4
susan 0.0019952114924181963 4.471638793363569 0.00892186511046203
immunization 0.0011971268954509178 4.471638793363569 0.005353119066277218
revise 3.990422984836393E-4 2.5998366164619773 0.0010374447791149152
final 7.980845969672786E-4 0.6988778552689304 5.577636514516604E-4
iud 0.023942537909018357 5.1647859739235145 0.12365808397263003
relatively 7.980845969672786E-4 0.8209805520698303 6.552119330166244E-4
exchange 0.0011971268954509178 1.6682784124570338 0.001997140956652475
washington 7.980845969672786E-4 3.5553480614894135 0.0028374685247321736
little 7.980845969672786E-4 1.252762968495368 9.998108288071573E-4
however 7.980845969672786E-4 1.9459101490553132 0.0015530009170433466
some 7.980845969672786E-4 0.2160260835453457 1.7240708982070688E-4
united 7.980845969672786E-4 1.5812670354674039 0.0012619848646986465
rather 7.980845969672786E-4 0.758066726659261 6.050013780201604E-4
additional 0.0015961691939345571 0.5300569856938783 8.460606315943787E-4
for 0.023543495610534718 0.017291497110061043 4.071022863102959E-4
cohort 0.0015961691939345571 1.8325814637483102 0.0029251100778105513
choose 3.990422984836393E-4 0.7221347174331975 2.881622974593765E-4
perforation 0.008379888268156424 3.2188758248682006 0.026973819761465366
cis 0.0011971268954509178 3.7784916128036232 0.004523333933922933
duration 0.0015961691939345571 1.730798769438368 0.002762647676677363
random 0.0019952114924181963 1.2329603411991883 0.002460016642456481
terminology 0.0011971268954509178 2.5998366164619773 0.0031123343373447455
rate 3.990422984836393E-4 0.5696661237889241 2.2732087940499767E-4
end 3.990422984836393E-4 0.8607208807193443 3.4346403859510945E-4
surveillance 0.0011971268954509178 2.7668907011251433 0.0033123192750899562
siu 0.0019952114924181963 5.1647859739235145 0.010304840331052502
live 7.980845969672786E-4 2.5998366164619773 0.0020748895582298303
over 0.0011971268954509178 0.3364722366212129 4.027999640317792E-4
tenderness 7.980845969672786E-4 5.1647859739235145 0.004121936132421002
six 7.980845969672786E-4 0.9162907318741551 7.312775194526378E-4
identify 0.0023942537909018356 0.3049735695618419 7.301841250483047E-4
avulse 3.990422984836393E-4 5.1647859739235145 0.002060968066210501
approval 3.990422984836393E-4 1.906689435902032 7.608497349968205E-4
multiple 7.980845969672786E-4 0.5108256237659907 4.076820620638394E-4
perform 3.990422984836393E-4 0.2669461739726028 1.0652281483344087E-4
rich 7.980845969672786E-4 1.79749014393704 0.0014345491970766482
retrospective 0.0015961691939345571 1.4271163556401458 0.0022779191630329545
monitor 7.980845969672786E-4 1.9867321435755685 0.001585580322087445
michael 0.0019952114924181963 2.7668907011251433 0.005520532125149927
with 0.013966480446927373 0.017291497110061043 2.4150135628576874E-4
material 3.990422984836393E-4 1.0059028905638423 4.013978015019323E-4
although 0.0011971268954509178 0.4285875255290187 5.130736538655451E-4
there 0.0031923383878691143 0.12136085700426753 3.874249225994175E-4
publish 3.990422984836393E-4 0.03488725900044054 1.3921492019329826E-5
automate 3.990422984836393E-4 1.4759065198095778 5.889491300118028E-4
well 0.0011971268954509178 0.3127557100038969 3.7440827215151265E-4
analyst 3.990422984836393E-4 3.373026504695459 0.001345980249279912
unrecognized 7.980845969672786E-4 5.1647859739235145 0.004121936132421002
comprehensive 7.980845969672786E-4 1.3805963400052528 0.001101832673587592
age 0.0011971268954509178 0.9452782687474074 0.001131618039202802
practice 7.980845969672786E-4 1.0376515888784226 8.281337501024922E-4
select 3.990422984836393E-4 0.5798184952529422 2.3137210504905914E-4
release 3.990422984836393E-4 1.79749014393704 7.172745985383241E-4
focus 7.980845969672786E-4 0.4285875255290187 3.4204910257703007E-4
construct 7.980845969672786E-4 1.2135422553420867 9.685093817574515E-4
collaborate 3.990422984836393E-4 2.6798793241355137 0.0010693852051618172
approach 3.990422984836393E-4 0.40261203912575794 1.6065923348992735E-4
attempt 3.990422984836393E-4 1.0216512475319812 4.076820620638393E-4
number 0.0031923383878691143 0.14750613710858965 4.708895039380356E-4
burdensome 7.980845969672786E-4 5.1647859739235145 0.004121936132421002
four 0.004389465283320032 0.4643056081310978 0.002038053347742249
whereas 7.980845969672786E-4 1.0872485300177945 8.677163048825176E-4
heinemann 7.980845969672786E-4 5.1647859739235145 0.004121936132421002
validation 0.006783719074221868 1.79749014393704 0.01219366817515151
algorithm 0.002793296089385475 0.8472978603872037 0.002366753799964256
jane 0.0019952114924181963 4.471638793363569 0.00892186511046203
similar 7.980845969672786E-4 0.20895891632225325 1.6676689251576477E-4
likely 7.980845969672786E-4 0.5798184952529422 4.627442100981183E-4
maqdooda 0.0019952114924181963 5.1647859739235145 0.010304840331052502
inquire 3.990422984836393E-4 4.471638793363569 0.001784373022092406
period 0.0011971268954509178 0.7953381214564925 9.521206561729759E-4
large 7.980845969672786E-4 0.22314355131420976 1.7808743121644835E-4
birth 7.980845969672786E-4 4.0661736852554045 0.0032451505867960133
classification 0.0011971268954509178 0.9600933545325481 0.0011493535768546067
ever 0.0011971268954509178 2.7668907011251433 0.0033123192750899562
unintended 7.980845969672786E-4 3.5553480614894135 0.0028374685247321736
system 0.0019952114924181963 0.36076492919025743 7.198023327818384E-4
supplement 3.990422984836393E-4 2.331572629867298 9.303961013037901E-4
interval 0.0023942537909018356 1.5538680612792897 0.003720354496279225
expulsion 0.005985634477254589 4.0661736852554045 0.024338629400970098
debbie 0.0019952114924181963 5.1647859739235145 0.010304840331052502
evaluate 0.0011971268954509178 0.40261203912575794 4.8197770046978203E-4
partial 0.0015961691939345571 1.6682784124570338 0.0026628546088699663
status 0.005985634477254589 1.3805963400052528 0.00826374505190694
become 3.990422984836393E-4 0.6321864807702582 2.5226914635684684E-4
other 0.0019952114924181963 0.0408219945202552 8.14485126102458E-5
familiarity 7.980845969672786E-4 3.2188758248682006 0.002568935215377654
woman 3.990422984836393E-4 2.0292917579943643 8.097732474039763E-4
jennifer 0.0019952114924181963 3.7784916128036232 0.007538889889871554
proportion 0.0011971268954509178 1.4271163556401458 0.0017084393722747158
American 3.990422984836393E-4 1.9459101490553132 7.765004585216733E-4
enrol 3.990422984836393E-4 3.0853444322436783 0.0012311829338562165
skilled 7.980845969672786E-4 4.471638793363569 0.003568746044184812
healthcare 7.980845969672786E-4 1.9867321435755685 0.001585580322087445
literature 0.0011971268954509178 0.9306794693262548 0.001114141423774447
prevalence 7.980845969672786E-4 1.8689491079191851 0.0014915794955460376
conjunction 7.980845969672786E-4 2.331572629867298 0.0018607922026075802
electronic 0.0023942537909018356 1.730798769438368 0.004143971515016044
have 0.0051875498802873106 0.017291497110061043 8.970050376328553E-5
member 3.990422984836393E-4 1.6094379124341003 6.422338038444135E-4
administer 7.980845969672786E-4 2.0292917579943643 0.0016195464948079526
share 3.990422984836393E-4 1.0539121097502027 4.205555106744624E-4
ability 7.980845969672786E-4 0.8881198549074587 7.08794776462457E-4
map 3.990422984836393E-4 1.4512139072192063 5.790957331281749E-4
outcome 0.0015961691939345571 0.8472978603872037 0.0013524307428367179
table 0.005985634477254589 0.18117935221517753 0.0010844733771858193
within 0.004788507581803671 0.3127557100038969 0.0014976330886060506
could 0.0023942537909018356 0.22314355131420976 5.34262293649345E-4
change 7.980845969672786E-4 0.3941013494578493 3.145262166463283E-4
health 0.015163607342378291 0.990398704027877 0.01501801706027906
positive 7.980845969672786E-4 0.6761496041913742 5.396245843506578E-4
generally 7.980845969672786E-4 0.9021060968821986 7.199569807519542E-4
regard 3.990422984836393E-4 0.4919571394616079 1.963117076861963E-4
able 7.980845969672786E-4 0.7703368192510752 6.147939499210497E-4
report 3.990422984836393E-4 0.3364722366212129 1.3426665467725974E-4
complete 0.0023942537909018356 0.8080771472339223 0.0019347417731059593
fagen 0.0019952114924181963 5.1647859739235145 0.010304840331052502
minor 7.980845969672786E-4 2.0292917579943643 0.0016195464948079526
use 0.0019952114924181963 0.03488725900044054 6.960746009664912E-5
several 0.0011971268954509178 0.3526016185510966 4.2210888094704305E-4
traction 7.980845969672786E-4 3.2188758248682006 0.002568935215377654
main 7.980845969672786E-4 0.6004377824556778 4.792001456150661E-4
serve 3.990422984836393E-4 1.1944940603713923 4.7665365537565533E-4
northern 7.980845969672786E-4 3.373026504695459 0.002691960498559824
upon 0.0011971268954509178 1.5538680612792897 0.0018601772481396126
while 7.980845969672786E-4 0.20895891632225325 1.6676689251576477E-4
associate 3.990422984836393E-4 0.38566248081198473 1.5389564278211682E-4
second 7.980845969672786E-4 0.4373981552111735 3.4908073041594055E-4
that 0.007182761372705506 0.017291497110061043 1.2420069751839535E-4
high 0.0019952114924181963 0.11492996667397702 2.2930959033115925E-4
undertake 3.990422984836393E-4 2.331572629867298 9.303961013037901E-4
download 0.0019952114924181963 0.24480504809538922 4.884378453619098E-4
geographic 7.980845969672786E-4 2.392197251683733 0.0019091757794762435
solution 3.990422984836393E-4 1.0216512475319812 4.076820620638393E-4
extrude 3.990422984836393E-4 5.1647859739235145 0.002060968066210501
whether 0.0023942537909018356 0.5300569856938783 0.001269090947391568
find 3.990422984836393E-4 0.16083966797805488 6.418183079730842E-5
publication 7.980845969672786E-4 1.6990500711237875 0.001355985691240054
than 0.003591380686352753 0.058840500022933395 2.1131863535770172E-4
continuous 0.0023942537909018356 1.1758019273592397 0.0028151682219295445
west 0.0011971268954509178 2.6798793241355137 0.0032081556154854515
claim 3.990422984836393E-4 1.6682784124570338 6.657136522174916E-4
international 0.0011971268954509178 1.5538680612792897 0.0018601772481396126
different 0.0019952114924181963 0.18805223150293962 3.752039734695523E-4
all 0.008778930566640064 0.017291497110061043 1.5180085252248322E-4
new 0.0011971268954509178 0.36076492919025743 4.3188139966910305E-4
already 7.980845969672786E-4 1.157452788691043 9.237452423711438E-4
occur 3.990422984836393E-4 0.6109090823229731 2.4377856437469002E-4
author 3.990422984836393E-4 0.017291497110061043 6.900038751021965E-6
difficult 0.0011971268954509178 0.7703368192510752 9.221909248815745E-4
less 0.0015961691939345571 0.36076492919025743 5.758418662254708E-4
plus 7.980845969672786E-4 2.5998366164619773 0.0020748895582298303
clinical 0.0051875498802873106 0.9452782687474074 0.00490367816987881
kaiser 0.003591380686352753 4.0661736852554045 0.014603177640582058
improve 0.0015961691939345571 0.377294231141468 6.022254287972354E-4
true 0.0011971268954509178 1.1394342831883648 0.001364047426003629
survey 3.990422984836393E-4 1.3805963400052528 5.50916336793796E-4
present 7.980845969672786E-4 0.083381608939051 6.654557776460575E-5
collect 3.990422984836393E-4 0.6761496041913742 2.698122921753289E-4
since 0.0011971268954509178 0.377294231141468 4.5166907159792656E-4
datum 3.990422984836393E-4 0.167573700159399 6.686899447701477E-5
code 3.990422984836393E-4 1.3361445774344192 5.331782032858815E-4
tenth 7.980845969672786E-4 4.0661736852554045 0.0032451505867960133
locate 3.990422984836393E-4 1.5812670354674039 6.309924323493233E-4
unclear 7.980845969672786E-4 2.5257286443082556 0.002015745127141465
cervical 7.980845969672786E-4 4.471638793363569 0.003568746044184812
mixed 7.980845969672786E-4 1.9459101490553132 0.0015530009170433466
amy 0.0019952114924181963 5.1647859739235145 0.010304840331052502
around 0.0011971268954509178 1.0216512475319812 0.001223046186191518
juliane 0.0019952114924181963 5.1647859739235145 0.010304840331052502
laura 0.0019952114924181963 5.1647859739235145 0.010304840331052502
investigator 3.990422984836393E-4 2.6798793241355137 0.0010693852051618172
total 0.0011971268954509178 0.5108256237659907 6.115230930957591E-4
and 0.052673583399840386 0.017291497110061043 9.108051151348993E-4
unstructured 0.0011971268954509178 1.6990500711237875 0.002033978536860081
design 3.990422984836393E-4 0.6004377824556778 2.3960007280753306E-4
define 3.990422984836393E-4 0.3526016185510966 1.4070296031568102E-4
physical 0.0011971268954509178 1.3146383722134554 0.001573788953168542
categorize 3.990422984836393E-4 1.730798769438368 6.906619191693408E-4
experienced 7.980845969672786E-4 1.6094379124341003 0.001284467607688827
clinician 3.990422984836393E-4 2.2203469947570738 8.860123682191037E-4
determine 0.0031923383878691143 0.40261203912575794 0.0012852738679194188
endeavor 7.980845969672786E-4 3.7784916128036232 0.003015555955948622
kpnc 7.980845969672786E-4 5.1647859739235145 0.004121936132421002
medication 7.980845969672786E-4 1.906689435902032 0.001521699469993641
control 7.980845969672786E-4 0.5398131606392429 4.30816568746403E-4
enrollment 0.0011971268954509178 5.1647859739235145 0.006182904198631501
conduct 0.0015961691939345571 0.5798184952529422 9.254884201962366E-4
application 7.980845969672786E-4 0.7703368192510752 6.147939499210497E-4
due 7.980845969672786E-4 0.20895891632225325 1.6676689251576477E-4
online 7.980845969672786E-4 1.3581234841531944 0.0010838974334821984
strategy 7.980845969672786E-4 0.9021060968821986 7.199569807519542E-4
contraceptive 7.980845969672786E-4 4.471638793363569 0.003568746044184812
formerly 7.980845969672786E-4 5.1647859739235145 0.004121936132421002
hypothesis 7.980845969672786E-4 1.8325814637483102 0.0014625550389052756
increasingly 7.980845969672786E-4 1.730798769438368 0.0013813238383386815
inform 3.990422984836393E-4 2.392197251683733 9.545878897381217E-4
vary 3.990422984836393E-4 0.9751312318970885 3.891186080993969E-4
readily 7.980845969672786E-4 2.5257286443082556 0.002015745127141465
maintain 3.990422984836393E-4 1.2329603411991883 4.920033284912962E-4
about 0.0019952114924181963 0.377294231141468 7.527817859965442E-4
discussion 7.980845969672786E-4 0.23031204079282225 1.8380849225285096E-4
expertise 7.980845969672786E-4 3.373026504695459 0.002691960498559824
cover 3.990422984836393E-4 1.0704414117014134 4.271514013174036E-4
reflect 0.0011971268954509178 0.7827593392496325 9.370622576811243E-4
identification 0.0019952114924181963 1.3146383722134554 0.0026229815886142363
ongoing 7.980845969672786E-4 2.2203469947570738 0.0017720247364382074
estimate 3.990422984836393E-4 0.8743265327751228 3.48893269263816E-4
state 3.990422984836393E-4 0.6761496041913742 2.698122921753289E-4
recent 0.0011971268954509178 0.5596157879354227 6.699311108564518E-4
meeting 3.990422984836393E-4 3.2188758248682006 0.001284467607688827
they 0.0015961691939345571 0.05279818556697083 8.427483729763899E-5
fully 7.980845969672786E-4 1.2729656758128876 0.0010159342983343078
pregnancy 3.990422984836393E-4 3.5553480614894135 0.0014187342623660868
sampling 7.980845969672786E-4 1.8689491079191851 0.0014915794955460376
each 0.009976057462090982 0.13434805253107854 0.0013402638919700572
quality 7.980845969672786E-4 0.7953381214564925 6.347471041153172E-4
input 7.980845969672786E-4 0.990398704027877 7.904219505410032E-4
alex 0.0019952114924181963 3.7784916128036232 0.007538889889871554
adopt 3.990422984836393E-4 1.293584963015623 5.161951169256277E-4
difference 7.980845969672786E-4 0.36076492919025743 2.879209331127354E-4
processing 7.980845969672786E-4 0.7221347174331975 5.76324594918753E-4
must 0.0015961691939345571 1.0376515888784226 0.0016562675002049843
device 0.0039904229848363925 2.331572629867298 0.0093039610130379
access 7.980845969672786E-4 1.1394342831883648 9.093649506690861E-4
permanente 0.0019952114924181963 5.1647859739235145 0.010304840331052502
another 7.980845969672786E-4 0.40261203912575794 3.213184669798547E-4
document 3.990422984836393E-4 0.8743265327751228 3.48893269263816E-4
association 7.980845969672786E-4 1.0376515888784226 8.281337501024922E-4
availability 0.0011971268954509178 1.6384254493073527 0.0019614031715570863
two 0.0019952114924181963 0.11492996667397702 2.2930959033115925E-4
long 7.980845969672786E-4 0.44628710262841953 3.561748624328967E-4
into 0.0019952114924181963 0.10854016857520597 2.1656059173025933E-4
current 0.0011971268954509178 0.4919571394616079 5.889351230585889E-4
routine 7.980845969672786E-4 2.073743520565198 0.0016550227618237813
supplemental 7.980845969672786E-4 3.0853444322436783 0.002462365867712433
structured 0.0019952114924181963 1.3805963400052528 0.00275458168396898
catherine 0.0019952114924181963 5.1647859739235145 0.010304840331052502
where 7.980845969672786E-4 0.32850406697203605 2.6217403589148927E-4
operating 7.980845969672786E-4 1.6990500711237875 0.001355985691240054
validate 0.0015961691939345571 1.5538680612792897 0.0024802363308528167
receive 3.990422984836393E-4 0.653926467406664 2.6094432059324183E-4
think 7.980845969672786E-4 1.4512139072192063 0.0011581914662563498
rti 0.0011971268954509178 5.1647859739235145 0.006182904198631501
one 0.0031923383878691143 0.06491954609931569 2.072451591358841E-4
team 3.990422984836393E-4 1.8689491079191851 7.457897477730188E-4
many 7.980845969672786E-4 0.20194134366360675 1.611662758688003E-4
myometrium 7.980845969672786E-4 5.1647859739235145 0.004121936132421002
consensus 7.980845969672786E-4 2.073743520565198 0.0016550227618237813
such 0.0015961691939345571 0.10219094089654716 1.6311403175825565E-4
appear 7.980845969672786E-4 0.7459453661269161 5.953275068850089E-4
nlp 0.0011971268954509178 0.41119578281714936 4.922535309064039E-4
ethnically 7.980845969672786E-4 4.471638793363569 0.003568746044184812
absolute 7.980845969672786E-4 2.120263536200091 0.0016921496697526665
ppv 0.003591380686352753 2.456735772821304 0.008823073405982337
describe 7.980845969672786E-4 0.28958865072236245 2.3111624159805465E-4
adverse 7.980845969672786E-4 2.073743520565198 0.0016550227618237813
chart 0.0015961691939345571 1.6990500711237875 0.002711971382480108
through 0.0019952114924181963 0.2595111954850846 5.17779719643026E-4
but 7.980845969672786E-4 0.083381608939051 6.654557776460575E-5
country 3.990422984836393E-4 1.6682784124570338 6.657136522174916E-4
medical 0.0031923383878691143 0.9600933545325481 0.0030649428716122847
treat 3.990422984836393E-4 0.7827593392496325 3.123540858937081E-4
strength 3.990422984836393E-4 1.5538680612792897 6.200590827132042E-4
separate 7.980845969672786E-4 1.2135422553420867 9.685093817574515E-4
regenstrief 7.980845969672786E-4 5.1647859739235145 0.004121936132421002
ascertainment 7.980845969672786E-4 4.471638793363569 0.003568746044184812
available 0.0019952114924181963 0.5696661237889241 0.0011366043970249882
project 7.980845969672786E-4 1.3361445774344192 0.001066356406571763
anne 0.0019952114924181963 4.471638793363569 0.00892186511046203
source 0.0023942537909018356 0.7703368192510752 0.001844381849763149
incorporate 3.990422984836393E-4 1.6384254493073527 6.538010571856954E-4
research 0.018754988028731046 0.40261203912575794 0.007550983974026586
frequency 7.980845969672786E-4 1.0216512475319812 8.153641241276786E-4
mother 7.980845969672786E-4 3.5553480614894135 0.0028374685247321736
unable 7.980845969672786E-4 1.9459101490553132 0.0015530009170433466
either 7.980845969672786E-4 0.7827593392496325 6.247081717874162E-4
incomplete 7.980845969672786E-4 2.456735772821304 0.001960682979107186
bias 7.980845969672786E-4 1.4512139072192063 0.0011581914662563498
postpartum 0.009177972865123703 4.471638793363569 0.041040579508125334
california 0.0015961691939345571 3.7784916128036232 0.006031111911897244
five 0.0011971268954509178 0.9021060968821986 0.0010799354711279313
actual 7.980845969672786E-4 1.293584963015623 0.0010323902338512554
observational 7.980845969672786E-4 2.9675613965872945 0.0023683650411710252
coordinate 3.990422984836393E-4 1.906689435902032 7.608497349968205E-4
usual 7.980845969672786E-4 2.456735772821304 0.001960682979107186
might 7.980845969672786E-4 0.7339691750802005 5.857694932802878E-4
widely 7.980845969672786E-4 1.0059028905638423 8.027956030038646E-4
this 0.008778930566640064 0.017291497110061043 1.5180085252248322E-4
weight 7.980845969672786E-4 1.0059028905638423 8.027956030038646E-4
iterative 7.980845969672786E-4 2.169053700369523 0.0017310883482597951
develop 0.0015961691939345571 0.32850406697203605 5.243480717829785E-4
finding 3.990422984836393E-4 0.7459453661269161 2.9766375344250444E-4
imaging 0.0015961691939345571 2.331572629867298 0.0037215844052151605
levonorgestrel 7.980845969672786E-4 5.1647859739235145 0.004121936132421002
assurance 7.980845969672786E-4 3.7784916128036232 0.003015555955948622
measure 3.990422984836393E-4 0.48265474679929443 1.925996595368294E-4
extract 3.990422984836393E-4 0.8080771472339223 3.2245696218432656E-4
institutional 7.980845969672786E-4 1.3361445774344192 0.001066356406571763
median 7.980845969672786E-4 1.7635885922613586 0.0014074928908709965
laboratory 0.0011971268954509178 2.2744142160273495 0.002722762429402254
failure 7.980845969672786E-4 1.9459101490553132 0.0015530009170433466
abdominal 0.0011971268954509178 4.471638793363569 0.005353119066277218
demonstrate 3.990422984836393E-4 0.5108256237659907 2.038410310319197E-4
lynen 0.0019952114924181963 5.1647859739235145 0.010304840331052502
questionnaire 7.980845969672786E-4 2.2744142160273495 0.001815174952934836
string 7.980845969672786E-4 2.5998366164619773 0.0020748895582298303
concept 3.990422984836393E-4 1.157452788691043 4.618726211855719E-4
nearly 0.0011971268954509178 2.120263536200091 0.0025382245046289996
show 3.990422984836393E-4 0.0771896386911299 3.0801930842430126E-5
we 3.990422984836393E-4 0.19497267434751336 7.780234411313383E-5
conclusion 3.990422984836393E-4 0.28958865072236245 1.1555812079902732E-4
not 0.005985634477254589 0.03488725900044054 2.0882238028994737E-4
negative 7.980845969672786E-4 0.6321864807702582 5.045382927136937E-4
common 7.980845969672786E-4 0.3526016185510966 2.8140592063136203E-4
interest 0.0023942537909018356 1.0059028905638423 0.0024083868090115936
examination 0.0011971268954509178 1.5012243277938677 0.0017971560189072638
definition 3.990422984836393E-4 1.252762968495368 4.999054144035787E-4
factor 3.990422984836393E-4 0.38566248081198473 1.5389564278211682E-4
kpwa 0.0019952114924181963 5.1647859739235145 0.010304840331052502
early 7.980845969672786E-4 0.6214911916535102 4.960025472095054E-4
tina 0.0019952114924181963 4.471638793363569 0.00892186511046203
coverage 7.980845969672786E-4 2.5257286443082556 0.002015745127141465
summary 7.980845969672786E-4 1.3581234841531944 0.0010838974334821984
delivery 0.0023942537909018356 2.2744142160273495 0.005445524858804508
elizabeth 0.0019952114924181963 3.5553480614894135 0.007093671311830434
overview 7.980845969672786E-4 1.4271163556401458 0.0011389595815164773
disease 7.980845969672786E-4 1.1758019273592397 9.383894073098482E-4
wide 3.990422984836393E-4 1.121734706088964 4.4761959540660977E-4
previous 7.980845969672786E-4 0.32850406697203605 2.6217403589148927E-4
entail 7.980845969672786E-4 2.8622008809294686 0.0022842784364959846
center 3.990422984836393E-4 1.5812670354674039 6.309924323493233E-4
mary 0.0051875498802873106 5.1647859739235145 0.026792584860736508
lifestyle 7.980845969672786E-4 4.0661736852554045 0.0032451505867960133
timely 7.980845969672786E-4 2.6798793241355137 0.0021387704103236344
removal 7.980845969672786E-4 1.9459101490553132 0.0015530009170433466
risk 0.0015961691939345571 0.758066726659261 0.0012100027560403208
time 0.00558659217877095 0.167573700159399 9.361659226782068E-4
indiana 7.980845969672786E-4 5.1647859739235145 0.004121936132421002
base 3.990422984836393E-4 0.14090545307723773 5.6227235864819526E-5
decide 3.990422984836393E-4 1.6384254493073527 6.538010571856954E-4
during 0.0015961691939345571 0.28958865072236245 4.622324831961093E-4
type 0.0015961691939345571 0.3364722366212129 5.37066618709039E-4
infant 0.0015961691939345571 3.7784916128036232 0.006031111911897244
when 0.0011971268954509178 0.14750613710858965 1.7658356397676333E-4
three 0.0023942537909018356 0.22314355131420976 5.34262293649345E-4
breastfeed 3.990422984836393E-4 5.1647859739235145 0.002060968066210501
hazard 7.980845969672786E-4 3.0853444322436783 0.002462365867712433
largely 7.980845969672786E-4 1.79749014393704 0.0014345491970766482
safety 0.0039904229848363925 1.8325814637483102 0.007312775194526377
review 0.002793296089385475 0.4734380916943703 0.0013224527700960065
specifically 7.980845969672786E-4 1.3805963400052528 0.001101832673587592
embed 3.990422984836393E-4 1.8325814637483102 7.312775194526378E-4
plan 0.0011971268954509178 1.9459101490553132 0.00232950137556502
between 0.002793296089385475 0.058840500022933395 1.643589386115458E-4
case 0.0023942537909018356 0.24480504809538922 5.861254144342918E-4
give 3.990422984836393E-4 0.2595111954850846 1.035559439286052E-4
still 7.980845969672786E-4 0.5300569856938783 4.2303031579718936E-4
method 3.990422984836393E-4 0.0958817717032825 3.826088256316142E-5
natural 7.980845969672786E-4 0.6429973968744738 5.131663183355736E-4
work 0.0011971268954509178 0.4285875255290187 5.130736538655451E-4
collaborative 7.980845969672786E-4 2.392197251683733 0.0019091757794762435
procedural 7.980845969672786E-4 3.2188758248682006 0.002568935215377654
racially 7.980845969672786E-4 4.0661736852554045 0.0032451505867960133
feasibility 0.0015961691939345571 2.169053700369523 0.0034621766965195902
exist 3.990422984836393E-4 0.664976303593249 2.653536726230044E-4
insight 7.980845969672786E-4 1.0539121097502027 8.411110213489248E-4
coast 0.0011971268954509178 3.7784916128036232 0.004523333933922933
provide 0.002793296089385475 0.167573700159399 4.680829613391034E-4
rely 7.980845969672786E-4 1.1758019273592397 9.383894073098482E-4
among 0.0023942537909018356 0.32850406697203605 7.865221076744678E-4
utilize 7.980845969672786E-4 1.2729656758128876 0.0010159342983343078
exact 7.980845969672786E-4 1.5271998141971284 0.001218834648202018
refined 0.0011971268954509178 2.5257286443082556 0.0030236176907121977
completely 7.980845969672786E-4 1.3805963400052528 0.001101832673587592
care 0.009976057462090982 1.1758019273592397 0.011729867591373101
study 0.013567438148443736 0.07103577311675174 9.637734580884116E-4
pattern 3.990422984836393E-4 0.9751312318970885 3.891186080993969E-4
pelvis 7.980845969672786E-4 4.471638793363569 0.003568746044184812
range 3.990422984836393E-4 0.3941013494578493 1.5726310832316415E-4
foundation 7.980845969672786E-4 1.9867321435755685 0.001585580322087445
planned 7.980845969672786E-4 2.392197251683733 0.0019091757794762435
derive 3.990422984836393E-4 1.2329603411991883 4.920033284912962E-4
across 0.0039904229848363925 0.7703368192510752 0.0030739697496052483
low 7.980845969672786E-4 0.28958865072236245 2.3111624159805465E-4
visibly 7.980845969672786E-4 3.7784916128036232 0.003015555955948622
physician 7.980845969672786E-4 1.906689435902032 0.001521699469993641
europe 7.980845969672786E-4 2.8622008809294686 0.0022842784364959846
undergo 3.990422984836393E-4 1.3581234841531944 5.419487167410992E-4
include 0.0023942537909018356 0.0771896386911299 1.8481158505458077E-4
efficient 0.0011971268954509178 1.3581234841531944 0.0016258461502232974
initial 7.980845969672786E-4 0.6988778552689304 5.577636514516604E-4
more 0.002793296089385475 0.05279818556697083 1.4748096527086825E-4
schoendorf 0.0019952114924181963 5.1647859739235145 0.010304840331052502
csvdisplay 0.0019952114924181963 0.2669461739726028 5.326140741672042E-4
consistent 7.980845969672786E-4 0.9306794693262548 7.427609491829647E-4
suggest 7.980845969672786E-4 0.5013468798114469 4.0011722251512126E-4
site 0.006384676775738229 1.3805963400052528 0.008814661388700736
assess 0.0019952114924181963 0.6761496041913742 0.0013490614608766443
january 7.980845969672786E-4 1.3581234841531944 0.0010838974334821984
pelvic 7.980845969672786E-4 5.1647859739235145 0.004121936132421002
summarize 3.990422984836393E-4 1.121734706088964 4.4761959540660977E-4
certain 7.980845969672786E-4 0.8209805520698303 6.552119330166244E-4
first 0.002793296089385475 0.167573700159399 4.680829613391034E-4
board 7.980845969672786E-4 1.4271163556401458 0.0011389595815164773
statistics 7.980845969672786E-4 1.5538680612792897 0.0012401181654264084
date 0.0011971268954509178 1.6384254493073527 0.0019614031715570863
small 0.0011971268954509178 0.45525577261118 5.449989297021309E-4
categorical 0.0011971268954509178 2.0292917579943643 0.0024293197422119287
passage 7.980845969672786E-4 3.2188758248682006 0.002568935215377654
before 0.0011971268954509178 0.5203950747821414 6.229789402818932E-4
adequate 0.0011971268954509178 2.120263536200091 0.0025382245046289996
own 7.980845969672786E-4 1.293584963015623 0.0010323902338512554
minority 3.990422984836393E-4 2.8622008809294686 0.0011421392182479923
experience 0.0011971268954509178 1.1043429633770947 0.001322038663260688
drug 7.980845969672786E-4 1.906689435902032 0.001521699469993641
intrauterine 0.0039904229848363925 4.471638793363569 0.01784373022092406
percentage 0.002793296089385475 1.2329603411991883 0.0034440232994390734
only 7.980845969672786E-4 0.10854016857520597 8.662423669210373E-5
few 3.990422984836393E-4 0.5013468798114469 2.0005861125756063E-4
from 0.007182761372705506 0.023122417420854212 1.660828066940845E-4
consider 7.980845969672786E-4 0.17435338714477774 1.3914875270931983E-4
potential 0.003591380686352753 0.4373981552111735 0.0015708632868717323
day 3.990422984836393E-4 0.8881198549074587 3.543973882312285E-4
necessitate 3.990422984836393E-4 2.8622008809294686 0.0011421392182479923
group 7.980845969672786E-4 0.41119578281714936 3.281690206042693E-4
combination 7.980845969672786E-4 0.6761496041913742 5.396245843506578E-4
obtain 3.990422984836393E-4 0.3526016185510966 1.4070296031568102E-4
multidisciplinary 7.980845969672786E-4 2.9675613965872945 0.0023683650411710252
manually 7.980845969672786E-4 1.4512139072192063 0.0011581914662563498
timing 0.0019952114924181963 2.331572629867298 0.00465198050651895
embedment 7.980845969672786E-4 5.1647859739235145 0.004121936132421002
capture 0.0011971268954509178 0.990398704027877 0.0011856329258115048
cavity 7.980845969672786E-4 3.0853444322436783 0.002462365867712433
both 0.0031923383878691143 0.13434805253107854 4.2888444543041833E-4
revision 7.980845969672786E-4 2.7668907011251433 0.002208212850059971
important 7.980845969672786E-4 0.2669461739726028 2.1304562966688174E-4
most 0.0015961691939345571 0.0771896386911299 1.232077233697205E-4
core 7.980845969672786E-4 1.5012243277938677 0.0011981040126048427
effect 3.990422984836393E-4 0.4919571394616079 1.963117076861963E-4
insertion 0.006384676775738229 3.0853444322436783 0.019698926941699463
who 0.0031923383878691143 0.44628710262841953 0.0014246994497315868
here 7.980845969672786E-4 1.3361445774344192 0.001066356406571763
note 3.990422984836393E-4 0.5013468798114469 2.0005861125756063E-4
classify 3.990422984836393E-4 0.9162907318741551 3.656387597263189E-4
limitation 3.990422984836393E-4 0.6988778552689304 2.788818257258302E-4
week 3.990422984836393E-4 1.4035858582299516 5.600901269872114E-4
purpose 7.980845969672786E-4 0.9021060968821986 7.199569807519542E-4
link 3.990422984836393E-4 1.0872485300177945 4.338581524412588E-4
insert 3.990422984836393E-4 2.6798793241355137 0.0010693852051618172
percent 7.980845969672786E-4 2.5998366164619773 0.0020748895582298303
can 0.0023942537909018356 0.0958817717032825 2.2956529537896848E-4
inclusion 7.980845969672786E-4 1.3581234841531944 0.0010838974334821984
database 7.980845969672786E-4 1.2329603411991883 9.840066569825924E-4
september 7.980845969672786E-4 2.2203469947570738 0.0017720247364382074
delia 0.0019952114924181963 5.1647859739235145 0.010304840331052502
eligible 7.980845969672786E-4 2.7668907011251433 0.002208212850059971
patient 7.980845969672786E-4 0.8743265327751228 6.97786538527632E-4
david 0.0019952114924181963 2.2744142160273495 0.00453793738233709
value 0.0011971268954509178 0.34450440831847723 4.12415492799454E-4
introduction 7.980845969672786E-4 0.10219094089654716 8.155701587912782E-5
vicki 0.0019952114924181963 5.1647859739235145 0.010304840331052502
will 0.0039904229848363925 0.3526016185510966 0.00140702960315681
advantage 0.0011971268954509178 1.0376515888784226 0.0012422006251537382
confidence 7.980845969672786E-4 1.906689435902032 0.001521699469993641
also 0.0015961691939345571 0.05279818556697083 8.427483729763899E-5
standardize 3.990422984836393E-4 1.9867321435755685 7.927901610437226E-4
encounter 3.990422984836393E-4 1.9459101490553132 7.765004585216733E-4
follow 3.990422984836393E-4 0.0958817717032825 3.826088256316142E-5
ultrasound 7.980845969672786E-4 3.7784916128036232 0.003015555955948622
African 3.990422984836393E-4 3.0853444322436783 0.0012311829338562165
third 7.980845969672786E-4 0.990398704027877 7.904219505410032E-4
round 7.980845969672786E-4 2.9675613965872945 0.0023683650411710252
administrative 7.980845969672786E-4 2.6798793241355137 0.0021387704103236344
mean 7.980845969672786E-4 0.5398131606392429 4.30816568746403E-4
anticipate 7.980845969672786E-4 2.331572629867298 0.0018607922026075802
variable 3.990422984836393E-4 0.8080771472339223 3.2245696218432656E-4
further 7.980845969672786E-4 0.27443684570176036 2.1902381939486063E-4
visit 3.990422984836393E-4 1.906689435902032 7.608497349968205E-4
category 3.990422984836393E-4 0.8080771472339223 3.2245696218432656E-4
intend 3.990422984836393E-4 1.7635885922613586 7.037464454354983E-4
