moderately 0.0023584905660377358 4.0661736852554045 0.009590032276545766
edema 0.003537735849056604 2.5998366164619773 0.009197535199747562
coherence 0.007075471698113208 2.456735772821304 0.017382564430339417
shift 0.0011792452830188679 1.5538680612792897 0.0018323915816972755
orbital 0.01061320754716981 2.5998366164619773 0.027592605599242682
about 0.0023584905660377358 0.377294231141468 8.898448847676131E-4
discussion 0.0023584905660377358 0.23031204079282225 5.431887754547694E-4
spontaneous 0.0023584905660377358 2.7668907011251433 0.0065256856158611865
fracture 0.02358490566037736 3.373026504695459 0.07955251190319479
hemorrhaging 0.0023584905660377358 5.1647859739235145 0.012181098995102628
surgically 0.0023584905660377358 3.2188758248682006 0.007591688266198586
acuity 0.0047169811320754715 1.5271998141971284 0.00720377270847702
bat 0.0023584905660377358 4.471638793363569 0.010546317908876342
poor 0.0023584905660377358 0.9452782687474074 0.002229429879121244
visual 0.007075471698113208 1.157452788691043 0.008189524448285683
because 0.003537735849056604 0.34450440831847723 0.001218765595466311
injury 0.003537735849056604 1.9867321435755685 0.00702853352680036
moderate 0.0023584905660377358 2.073743520565198 0.004890904529634901
trauma 0.0047169811320754715 2.2203469947570738 0.010473334880929592
remain 0.0011792452830188679 0.7104386776700063 8.377814595165169E-4
mild 0.003537735849056604 2.9675613965872945 0.010498448336983353
artery 0.00589622641509434 2.6798793241355137 0.01580117526023298
analysis 0.003537735849056604 0.13434805253107854 4.7528792169013634E-4
eye 0.01650943396226415 1.4035858582299516 0.02317240803681524
maxillary 0.0047169811320754715 4.471638793363569 0.021092635817752683
size 0.0047169811320754715 0.12136085700426753 5.724568726616393E-4
left 0.003537735849056604 1.2729656758128876 0.004503416305941819
transient 0.0023584905660377358 2.456735772821304 0.005794188143446471
occlusion 0.007075471698113208 3.0853444322436783 0.02183026720927131
adult 0.0047169811320754715 1.730798769438368 0.008164145138860227
compression 0.0023584905660377358 3.7784916128036232 0.008911536822650055
coronal 0.003537735849056604 4.471638793363569 0.015819476863314513
systemic 0.0023584905660377358 1.5271998141971284 0.00360188635423851
be 0.0011792452830188679 0.017291497110061043 2.039091640337387E-5
corneal 0.0023584905660377358 1.9459101490553132 0.004589410728904041
simultaneous 0.0023584905660377358 2.9675613965872945 0.006998965557988902
immediately 0.003537735849056604 1.9459101490553132 0.006884116093356061
accident 0.003537735849056604 2.5998366164619773 0.009197535199747562
intraocular 0.003537735849056604 1.6990500711237875 0.0060107903459567956
angiography 0.0023584905660377358 3.373026504695459 0.007955251190319479
result 0.0023584905660377358 0.058840500022933395 1.387747642050316E-4
remember 0.0023584905660377358 3.5553480614894135 0.008385254862003333
venous 0.003537735849056604 3.2188758248682006 0.01138753239929788
into 0.0047169811320754715 0.10854016857520597 5.119819272415376E-4
search 0.0023584905660377358 1.0059028905638423 0.002372412477744911
see 0.0011792452830188679 0.5696661237889241 6.717760893737312E-4
after 0.008254716981132075 0.12136085700426753 0.0010017995271578688
think 0.0011792452830188679 1.4512139072192063 0.00171133715473963
though 0.0023584905660377358 1.1043429633770947 0.0026045824607950348
one 0.00589622641509434 0.06491954609931569 3.827803425667199E-4
right 0.024764150943396228 1.4271163556401458 0.035341324844862104
the 0.07783018867924528 0.017291497110061043 0.0013458004826226754
appear 0.0011792452830188679 0.7459453661269161 8.796525543949482E-4
photograph 0.008254716981132075 2.7668907011251433 0.022839899655514154
complicated 0.0023584905660377358 1.8325814637483102 0.004322126093746014
severe 0.008254716981132075 1.157452788691043 0.00955444518966663
fourth 0.0023584905660377358 2.0292917579943643 0.00478606546696784
optical 0.007075471698113208 2.8622008809294686 0.020251421327331147
surgery 0.003537735849056604 1.6094379124341003 0.00569376619964894
but 0.007075471698113208 0.083381608939051 5.899642141913986E-4
through 0.0047169811320754715 0.2595111954850846 0.0012241094126654935
november 0.0047169811320754715 1.1758019273592397 0.005546235506411508
treat 0.0011792452830188679 0.7827593392496325 9.230652585490948E-4
correct 0.0011792452830188679 1.4759065198095778 0.0017404558016622378
thickness 0.003537735849056604 3.373026504695459 0.011932876785479218
do 0.0011792452830188679 0.14750613710858965 1.7394591640163874E-4
arterial 0.0023584905660377358 3.373026504695459 0.007955251190319479
good 0.0011792452830188679 0.2160260835453457 2.5474774002988876E-4
down 0.0023584905660377358 1.6384254493073527 0.0038642109653475296
compute 0.0011792452830188679 1.2729656758128876 0.001501138768647273
fundus 0.014150943396226415 2.9675613965872945 0.04199379334793341
later 0.0023584905660377358 1.3361445774344192 0.0031512843807415545
rare 0.0023584905660377358 1.906689435902032 0.004496909046938754
corticosteroid 0.0011792452830188679 2.6798793241355137 0.003160235052046596
surgical 0.0047169811320754715 1.6384254493073527 0.007728421930695059
extreme 0.0023584905660377358 2.392197251683733 0.005641974650197483
fluorescein 0.0023584905660377358 3.373026504695459 0.007955251190319479
image 0.008254716981132075 1.5271998141971284 0.012606602239834785
this 0.0023584905660377358 0.017291497110061043 4.078183280674774E-5
its 0.0023584905660377358 0.19497267434751336 4.598412130837579E-4
often 0.003537735849056604 0.5900749954201312 0.0020875294649297096
develop 0.0011792452830188679 0.32850406697203605 3.8738687142928776E-4
finding 0.0011792452830188679 0.7459453661269161 8.796525543949482E-4
decrease 0.0023584905660377358 0.7827593392496325 0.0018461305170981897
thin 0.0011792452830188679 2.8622008809294686 0.003375236887888524
she 0.0047169811320754715 1.8325814637483102 0.008644252187492029
vision 0.0047169811320754715 1.4035858582299516 0.006620688010518639
sodium 0.0023584905660377358 3.2188758248682006 0.007591688266198586
extract 0.0023584905660377358 0.8080771472339223 0.0019058423283818922
involved 0.0023584905660377358 1.1043429633770947 0.0026045824607950348
month 0.0047169811320754715 1.1758019273592397 0.005546235506411508
laboratory 0.0023584905660377358 2.2744142160273495 0.005364184471762617
demonstrate 0.0011792452830188679 0.5108256237659907 6.023887072712155E-4
region 0.0023584905660377358 1.5538680612792897 0.003664783163394551
eyeball 0.012971698113207548 3.5553480614894135 0.04611890174101834
full 0.0047169811320754715 0.14750613710858965 6.95783665606555E-4
however 0.0023584905660377358 1.9459101490553132 0.004589410728904041
young 0.00589622641509434 1.5271998141971284 0.009004715885596277
show 0.0011792452830188679 0.0771896386911299 9.102551732444563E-5
for 0.0023584905660377358 0.017291497110061043 4.078183280674774E-5
detect 0.0011792452830188679 0.8881198549074587 0.001047311149655022
proper 0.0047169811320754715 1.5538680612792897 0.007329566326789102
ride 0.0011792452830188679 5.1647859739235145 0.006090549497551314
we 0.0011792452830188679 0.19497267434751336 2.2992060654187895E-4
anything 0.0023584905660377358 2.9675613965872945 0.006998965557988902
succinate 0.0023584905660377358 4.471638793363569 0.010546317908876342
stretch 0.0011792452830188679 3.373026504695459 0.0039776255951597395
not 0.01768867924528302 0.03488725900044054 6.171095342059058E-4
diplopia 0.0023584905660377358 5.1647859739235145 0.012181098995102628
retrobulbar 0.0047169811320754715 3.7784916128036232 0.01782307364530011
central 0.00589622641509434 1.3805963400052528 0.008140308608521538
examination 0.0023584905660377358 1.5012243277938677 0.0035406234146081786
end 0.0023584905660377358 0.8607208807193443 0.0020300020771682648
early 0.003537735849056604 0.6214911916535102 0.0021986716685855313
over 0.0023584905660377358 0.3364722366212129 7.935665958047473E-4
normal 0.0023584905660377358 1.4035858582299516 0.0033103440052593197
figure 0.008254716981132075 0.18805223150293962 0.001552317948727096
perform 0.0011792452830188679 0.2669461739726028 3.147950164771259E-4
with 0.007075471698113208 0.017291497110061043 1.2234549842024322E-4
crao 0.009433962264150943 4.0661736852554045 0.03836012910618306
although 0.00589622641509434 0.4285875255290187 0.0025270490892041197
material 0.0011792452830188679 1.0059028905638423 0.0011862062388724554
refer 0.0011792452830188679 0.7827593392496325 9.230652585490948E-4
publish 0.0011792452830188679 0.03488725900044054 4.114063561372705E-5
time 0.0023584905660377358 0.167573700159399 3.952209909419788E-4
injection 0.0011792452830188679 2.073743520565198 0.0024454522648174504
he 0.0011792452830188679 1.6384254493073527 0.0019321054826737648
extrafoveal 0.0023584905660377358 5.1647859739235145 0.012181098995102628
downward 0.003537735849056604 3.5553480614894135 0.012577882293005
slightly 0.0023584905660377358 1.5271998141971284 0.00360188635423851
very 0.0023584905660377358 0.5596157879354227 0.0013198485564514684
mechanical 0.0023584905660377358 2.120263536200091 0.005000621547641724
delayed 0.0023584905660377358 2.169053700369523 0.005115692689550762
three 0.0023584905660377358 0.22314355131420976 5.262819606467211E-4
fractured 0.0023584905660377358 5.1647859739235145 0.012181098995102628
loss 0.0023584905660377358 0.9162907318741551 0.002161063046873007
defect 0.0023584905660377358 2.331572629867298 0.005498992051573816
slice 0.003537735849056604 3.7784916128036232 0.013367305233975082
four 0.0023584905660377358 0.4643056081310978 0.0010950603965356079
depressed 0.0023584905660377358 5.1647859739235145 0.012181098995102628
noriko 0.0047169811320754715 5.1647859739235145 0.024362197990205257
usually 0.0023584905660377358 0.9600933545325481 0.0022643711191805377
severely 0.0023584905660377358 2.7668907011251433 0.0065256856158611865
case 0.00589622641509434 0.24480504809538922 0.0014434259911284743
pale 0.0023584905660377358 4.0661736852554045 0.009590032276545766
tomographic 0.012971698113207548 4.0661736852554045 0.05274517752100171
embolic 0.0023584905660377358 4.0661736852554045 0.009590032276545766
likely 0.0023584905660377358 0.5798184952529422 0.0013674964510682597
slowly 0.0023584905660377358 2.9675613965872945 0.006998965557988902
axial 0.008254716981132075 3.5553480614894135 0.029348392017011667
even 0.0047169811320754715 0.377294231141468 0.0017796897695352262
light 0.0047169811320754715 1.2729656758128876 0.006004555074589092
spot 0.0023584905660377358 3.0853444322436783 0.007276755736423769
exact 0.0023584905660377358 1.5271998141971284 0.00360188635423851
baseball 0.0023584905660377358 5.1647859739235145 0.012181098995102628
completely 0.0023584905660377358 1.3805963400052528 0.003256123443408615
retinal 0.008254716981132075 1.730798769438368 0.014287253993005396
other 0.0023584905660377358 0.0408219945202552 9.627828896286603E-5
woman 0.0023584905660377358 2.0292917579943643 0.00478606546696784
dysfunction 0.0023584905660377358 3.2188758248682006 0.007591688266198586
fuse 0.0047169811320754715 2.9675613965872945 0.013997931115977804
low 0.0011792452830188679 0.28958865072236245 3.414960503801444E-4
tomography 0.003537735849056604 2.5257286443082556 0.008935360769958451
have 0.003537735849056604 0.017291497110061043 6.117274921012161E-5
nobuo 0.0047169811320754715 5.1647859739235145 0.024362197990205257
man 0.0023584905660377358 1.9867321435755685 0.0046856890178669066
optic 0.008254716981132075 2.456735772821304 0.02027965850206265
outcome 0.0023584905660377358 0.8472978603872037 0.0019983440103471784
may 0.0023584905660377358 0.15415067982725836 3.6356292412089233E-4
within 0.0023584905660377358 0.3127557100038969 7.376313915186247E-4
could 0.003537735849056604 0.22314355131420976 7.894229409700817E-4
display 0.0047169811320754715 0.16083966797805488 7.586776791417682E-4
lead 0.003537735849056604 0.3127557100038969 0.0011064470872779373
report 0.0023584905660377358 0.3364722366212129 7.935665958047473E-4
barely 0.0023584905660377358 4.0661736852554045 0.009590032276545766
complete 0.003537735849056604 0.8080771472339223 0.0028587634925728383
movement 0.0011792452830188679 2.0292917579943643 0.00239303273348392
first 0.0023584905660377358 0.167573700159399 3.952209909419788E-4
return 0.0011792452830188679 1.5271998141971284 0.001800943177119255
macula 0.0023584905660377358 3.5553480614894135 0.008385254862003333
reveal 0.0011792452830188679 1.0216512475319812 0.0012047774145424307
eyelid 0.0011792452830188679 3.2188758248682006 0.003795844133099293
before 0.0023584905660377358 0.5203950747821414 0.0012273468744861825
several 0.003537735849056604 0.3526016185510966 0.0012474113863835965
section 0.00589622641509434 0.6988778552689304 0.004120742071161147
while 0.0023584905660377358 0.20895891632225325 4.928276328355029E-4
space 0.0023584905660377358 1.293584963015623 0.0030509079316406204
perception 0.0023584905660377358 1.252762968495368 0.0029546296426777546
that 0.012971698113207548 0.017291497110061043 2.243000804371126E-4
hit 0.003537735849056604 3.2188758248682006 0.01138753239929788
high 0.0023584905660377358 0.11492996667397702 2.710612421556062E-4
than 0.0023584905660377358 0.058840500022933395 1.387747642050316E-4
from 0.0023584905660377358 0.023122417420854212 5.4534003351071255E-5
consider 0.0011792452830188679 0.17435338714477774 2.0560540936884168E-4
day 0.003537735849056604 0.8881198549074587 0.003141933448965066
traffic 0.0023584905660377358 2.9675613965872945 0.006998965557988902
perforated 0.0047169811320754715 4.0661736852554045 0.01918006455309153
all 0.00589622641509434 0.017291497110061043 1.0195458201686937E-4
visible 0.0023584905660377358 2.7668907011251433 0.0065256856158611865
author 0.0011792452830188679 0.017291497110061043 2.039091640337387E-5
pressure 0.0047169811320754715 1.5538680612792897 0.007329566326789102
history 0.0023584905660377358 1.2329603411991883 0.0029079253330169534
fill 0.0011792452830188679 1.8689491079191851 0.00220394941971602
most 0.0023584905660377358 0.0771896386911299 1.8205103464889125E-4
nerve 0.0023584905660377358 2.5998366164619773 0.00613169013316504
abnormality 0.0011792452830188679 3.5553480614894135 0.004192627431001667
disc 0.0023584905660377358 3.373026504695459 0.007955251190319479
position 0.0023584905660377358 1.0059028905638423 0.002372412477744911
present 0.0023584905660377358 0.083381608939051 1.9665473806379952E-4
replacement 0.0023584905660377358 2.392197251683733 0.005641974650197483
lesion 0.003537735849056604 2.9675613965872945 0.010498448336983353
leakage 0.0023584905660377358 3.373026504695459 0.007955251190319479
repair 0.0023584905660377358 2.2203469947570738 0.005236667440464796
complication 0.003537735849056604 1.6990500711237875 0.0060107903459567956
nishida 0.0047169811320754715 5.1647859739235145 0.024362197990205257
cause 0.0023584905660377358 0.5398131606392429 0.0012731442467906673
thorombosis 0.0023584905660377358 5.1647859739235145 0.012181098995102628
ocular 0.0023584905660377358 1.5538680612792897 0.003664783163394551
sclerotic 0.0023584905660377358 4.471638793363569 0.010546317908876342
head 0.0023584905660377358 1.9459101490553132 0.004589410728904041
can 0.007075471698113208 0.0958817717032825 6.784087620515272E-4
medline 0.0023584905660377358 4.0661736852554045 0.009590032276545766
paper 0.0011792452830188679 0.8340526336371831 9.83552634006112E-4
kohji 0.0047169811320754715 5.1647859739235145 0.024362197990205257
and 0.045990566037735846 0.017291497110061043 7.95245739731581E-4
hiroshi 0.0047169811320754715 4.0661736852554045 0.01918006455309153
decompression 0.0023584905660377358 5.1647859739235145 0.012181098995102628
department 0.0023584905660377358 1.730798769438368 0.004082072569430113
introduction 0.0023584905660377358 0.10219094089654716 2.4101637003902631E-4
postoperative 0.007075471698113208 2.0292917579943643 0.014358196400903522
elevation 0.0023584905660377358 3.2188758248682006 0.007591688266198586
recover 0.0011792452830188679 2.6798793241355137 0.003160235052046596
determine 0.0011792452830188679 0.40261203912575794 4.747783480256579E-4
relieve 0.0011792452830188679 3.7784916128036232 0.0044557684113250276
also 0.0023584905660377358 0.05279818556697083 1.2452402256361045E-4
increase 0.0011792452830188679 0.16083966797805488 1.8966941978544206E-4
follow 0.0011792452830188679 0.0958817717032825 1.1306812700858786E-4
any 0.0023584905660377358 0.2669461739726028 6.295900329542518E-4
efficacy 0.0023584905660377358 1.9867321435755685 0.0046856890178669066
intraorbital 0.0023584905660377358 4.471638793363569 0.010546317908876342
sinus 0.0047169811320754715 3.7784916128036232 0.01782307364530011
due 0.003537735849056604 0.20895891632225325 7.392414492532545E-4
takaaki 0.0047169811320754715 5.1647859739235145 0.024362197990205257
choroidal 0.0023584905660377358 2.5998366164619773 0.00613169013316504
ninth 0.0023584905660377358 3.373026504695459 0.007955251190319479
drainage 0.0023584905660377358 3.2188758248682006 0.007591688266198586
wall 0.00589622641509434 3.0853444322436783 0.018191889341059427
