half 0.0010775862068965517 1.3805963400052528 0.0014877115732815224
year 5.387931034482759E-4 0.5203950747821414 2.8038527736106756E-4
explanation 5.387931034482759E-4 1.6384254493073527 8.827723326009443E-4
without 0.003771551724137931 0.32850406697203605 0.001238970080174705
spouse 0.0010775862068965517 5.1647859739235145 0.0055655021270727524
setting 0.0010775862068965517 1.1394342831883648 0.0012278386672288414
score 0.005387931034482759 1.0059028905638423 0.005419735401744841
trio 0.0010775862068965517 5.1647859739235145 0.0055655021270727524
would 0.0010775862068965517 0.5013468798114469 5.402444825554385E-4
understanding 0.0010775862068965517 0.990398704027877 0.0010672399827886606
because 0.0021551724137931034 0.34450440831847723 7.424663972380975E-4
calculate 5.387931034482759E-4 0.7221347174331975 3.890812055135762E-4
knowledge 0.0010775862068965517 0.8080771472339223 8.707727879675887E-4
agreement 0.0010775862068965517 1.906689435902032 0.0020546222369633967
thus 0.0016163793103448276 0.8881198549074587 0.0014355385585788664
impact 0.0010775862068965517 0.6874491594453075 7.407857321608917E-4
pool 5.387931034482759E-4 2.331572629867298 0.0012562352531612596
require 5.387931034482759E-4 0.3127557100038969 1.685106196141686E-4
analysis 0.0010775862068965517 0.13434805253107854 1.4477160833090358E-4
community 5.387931034482759E-4 1.6384254493073527 8.827723326009443E-4
population 0.008620689655172414 0.9021060968821986 0.007776776697260332
size 0.0016163793103448276 0.12136085700426753 1.961651783474152E-4
correlation 5.387931034482759E-4 1.293584963015623 6.969746567972107E-4
exposure 0.0016163793103448276 2.073743520565198 0.0033519561216032293
consideration 5.387931034482759E-4 1.3361445774344192 7.199054835314759E-4
adult 0.0021551724137931034 1.730798769438368 0.0037301697617206204
average 0.0010775862068965517 0.7104386776700063 7.65558919903024E-4
compare 0.0016163793103448276 0.17435338714477774 2.818212076693606E-4
statistical 0.0016163793103448276 0.653926467406664 0.001056993212403013
strong 0.0010775862068965517 1.1043429633770947 0.001190024745018421
be 5.387931034482759E-4 0.017291497110061043 9.316539391196683E-6
role 0.0010775862068965517 0.664976303593249 7.16569292665139E-4
independent 0.004849137931034483 1.0059028905638423 0.004877761861570356
exacerbate 0.0010775862068965517 3.2188758248682006 0.003468616190590733
affect 5.387931034482759E-4 0.5596157879354227 3.015171271203786E-4
lukanu 0.003232758620689655 5.1647859739235145 0.016696506381218258
congo 0.0016163793103448276 5.1647859739235145 0.008348253190609129
virus 0.003771551724137931 2.8622008809294686 0.010794938667298642
characteristic 5.387931034482759E-4 0.664976303593249 3.582846463325695E-4
result 5.387931034482759E-4 0.058840500022933395 3.170285561580463E-5
stressor 5.387931034482759E-4 3.7784916128036232 0.0020358252224157453
search 0.0010775862068965517 1.0059028905638423 0.001083947080348968
refuse 0.0010775862068965517 4.471638793363569 0.004818576285952122
sudden 0.0010775862068965517 2.9675613965872945 0.0031978032290811364
aspect 5.387931034482759E-4 0.9452782687474074 5.093094120406289E-4
after 0.0021551724137931034 0.12136085700426753 2.615535711298869E-4
corona 0.003771551724137931 5.1647859739235145 0.019479257444754636
close 5.387931034482759E-4 0.6988778552689304 3.76550568571622E-4
committee 0.0010775862068965517 2.120263536200091 0.002284766741594926
learn 0.0010775862068965517 1.252762968495368 0.001349960095361388
procedure 0.0010775862068965517 0.8080771472339223 8.707727879675887E-4
possible 0.0016163793103448276 0.38566248081198473 6.233768547607511E-4
sample 0.0026939655172413795 0.6321864807702582 0.001703088579661256
march 0.0010775862068965517 2.169053700369523 0.002337342349536124
survivor 5.387931034482759E-4 4.471638793363569 0.002409288142976061
the 0.10614224137931035 0.017291497110061043 0.0018353582600657465
answer 0.0010775862068965517 1.3805963400052528 0.0014877115732815224
meet 5.387931034482759E-4 1.1394342831883648 6.139193336144207E-4
severe 0.0016163793103448276 1.157452788691043 0.0018708827403411256
information 0.0021551724137931034 0.3049735695618419 6.572706240556938E-4
emerge 5.387931034482759E-4 1.293584963015623 6.969746567972107E-4
under 0.0010775862068965517 0.7459453661269161 8.03820437636763E-4
interview 5.387931034482759E-4 2.331572629867298 0.0012562352531612596
standard 0.0010775862068965517 0.7221347174331975 7.781624110271524E-4
jobless 0.0010775862068965517 5.1647859739235145 0.0055655021270727524
november 0.0010775862068965517 1.1758019273592397 0.0012670279389646979
consecutively 0.0010775862068965517 3.373026504695459 0.0036347268369563137
republic 0.004310344827586207 4.0661736852554045 0.017526610712307777
emergency 0.0010775862068965517 1.9867321435755685 0.0021408751547150524
do 5.387931034482759E-4 0.14750613710858965 7.94752893904039E-5
pandemic 0.011853448275862068 2.9675613965872945 0.0351758355198925
interpersonal 0.0010775862068965517 3.5553480614894135 0.003831194031777385
genetically 0.0010775862068965517 3.7784916128036232 0.004071650444831491
good 5.387931034482759E-4 0.2160260835453457 1.1639336397917332E-4
observe 5.387931034482759E-4 0.5496654570822546 2.9615595747966303E-4
lelo 0.003232758620689655 5.1647859739235145 0.016696506381218258
act 0.0016163793103448276 1.121734706088964 0.0018131487706179374
prior 0.0010775862068965517 0.8209805520698303 8.846773190407654E-4
serious 0.0010775862068965517 2.120263536200091 0.002284766741594926
female 0.0021551724137931034 2.0292917579943643 0.004373473616367165
which 0.004849137931034483 0.023122417420854212 1.1212379137267668E-4
educational 0.0021551724137931034 2.5257286443082556 0.005443380698940206
test 0.003232758620689655 0.44628710262841953 0.0014427384783246321
need 5.387931034482759E-4 0.27443684570176036 1.4786467979620708E-4
its 0.0016163793103448276 0.19497267434751336 3.151497968979203E-4
pay 0.0010775862068965517 1.8689491079191851 0.0020139537800853285
conviction 0.0010775862068965517 5.1647859739235145 0.0055655021270727524
gather 5.387931034482759E-4 1.6682784124570338 8.988569032634881E-4
consent 0.0010775862068965517 1.4035858582299516 0.0015124847610236548
respect 0.0010775862068965517 1.5812670354674039 0.0017039515468398748
lack 0.0016163793103448276 0.5696661237889241 9.207965362967523E-4
anxiety 0.01670258620689655 3.373026504695459 0.056338265972822855
she 5.387931034482759E-4 1.8325814637483102 9.873822541747361E-4
take 0.0010775862068965517 0.368995428326773 3.9762438397281574E-4
circumstance 5.387931034482759E-4 2.7668907011251433 0.001490781627761392
adjust 5.387931034482759E-4 1.4035858582299516 7.562423805118274E-4
adjustment 0.0010775862068965517 2.392197251683733 0.0025777987625902293
carry 0.0010775862068965517 0.8472978603872037 9.130364874862109E-4
analytical 0.0010775862068965517 1.9459101490553132 0.0020968859364820184
for 0.010775862068965518 0.017291497110061043 1.8633078782393365E-4
cohort 5.387931034482759E-4 1.8325814637483102 9.873822541747361E-4
choose 5.387931034482759E-4 0.7221347174331975 3.890812055135762E-4
instrument 0.0010775862068965517 2.456735772821304 0.0026473445827815776
burden 5.387931034482759E-4 1.9867321435755685 0.0010704375773575262
prevent 0.0010775862068965517 1.1944940603713923 0.0012871703236760693
random 0.0010775862068965517 1.2329603411991883 0.0013286210573267114
imprecision 0.0010775862068965517 5.1647859739235145 0.0055655021270727524
benjamin 0.003232758620689655 3.7784916128036232 0.012214951334494472
society 5.387931034482759E-4 2.073743520565198 0.0011173187072010765
rate 0.0026939655172413795 0.5696661237889241 0.0015346608938279207
plot 0.0010775862068965517 2.073743520565198 0.002234637414402153
provider 5.387931034482759E-4 1.9459101490553132 0.0010484429682410092
democratic 0.004310344827586207 3.7784916128036232 0.016286601779325963
multiply 5.387931034482759E-4 2.456735772821304 0.0013236722913907888
hypothesize 5.387931034482759E-4 2.2744142160273495 0.001225438693980253
over 0.0021551724137931034 0.3364722366212129 7.251556823733036E-4
identify 0.0016163793103448276 0.3049735695618419 4.929529680417703E-4
approval 0.0010775862068965517 1.906689435902032 0.0020546222369633967
perform 5.387931034482759E-4 0.2669461739726028 1.43828757528342E-4
pulmonary 0.0010775862068965517 2.7668907011251433 0.002981563255522784
kinshasa 0.0010775862068965517 5.1647859739235145 0.0055655021270727524
with 0.01293103448275862 0.017291497110061043 2.2359694538872038E-4
china 0.0010775862068965517 2.6798793241355137 0.002887800995835683
although 0.0010775862068965517 0.4285875255290187 4.618400059579943E-4
regression 0.0016163793103448276 1.3805963400052528 0.0022315673599222837
there 0.004310344827586207 0.12136085700426753 5.231071422597738E-4
publish 5.387931034482759E-4 0.03488725900044054 1.8797014547651152E-5
he 5.387931034482759E-4 1.6384254493073527 8.827723326009443E-4
significantly 0.0016163793103448276 0.5900749954201312 9.53785014148919E-4
prompt 0.0010775862068965517 1.8689491079191851 0.0020139537800853285
age 0.004849137931034483 0.9452782687474074 0.004583784708365661
practice 0.0010775862068965517 1.0376515888784226 0.0011181590397396795
select 5.387931034482759E-4 0.5798184952529422 3.124022064940421E-4
education 0.0026939655172413795 1.730798769438368 0.004662712202150776
occupation 0.0010775862068965517 3.7784916128036232 0.004071650444831491
entire 0.0010775862068965517 1.1944940603713923 0.0012871703236760693
psychiatric 0.005926724137931034 3.2188758248682006 0.019077389048249033
number 0.0010775862068965517 0.14750613710858965 1.589505787808078E-4
implication 5.387931034482759E-4 1.79749014393704 9.684752930695259E-4
odds 0.0010775862068965517 2.7668907011251433 0.002981563255522784
majority 0.0010775862068965517 0.9452782687474074 0.0010186188240812579
model 0.0010775862068965517 0.41985384556026406 4.524287128882156E-4
write 5.387931034482759E-4 0.9162907318741551 4.936911270873681E-4
fear 0.0010775862068965517 3.2188758248682006 0.003468616190590733
reduce 0.0010775862068965517 0.3941013494578493 4.2467817829509625E-4
similar 0.0010775862068965517 0.20895891632225325 2.2517124603691082E-4
likely 0.0010775862068965517 0.5798184952529422 6.248044129880842E-4
period 0.0010775862068965517 0.7953381214564925 8.570453895005308E-4
predominance 0.0010775862068965517 3.7784916128036232 0.004071650444831491
large 0.0010775862068965517 0.22314355131420976 2.4045641305410535E-4
issue 5.387931034482759E-4 0.7953381214564925 4.285226947502654E-4
isolation 0.005387931034482759 3.7784916128036232 0.020358252224157453
sensitive 0.0010775862068965517 1.906689435902032 0.0020546222369633967
hong 0.0010775862068965517 3.7784916128036232 0.004071650444831491
system 5.387931034482759E-4 0.36076492919025743 1.943776558137163E-4
catholic 5.387931034482759E-4 4.471638793363569 0.002409288142976061
alteration 5.387931034482759E-4 2.6798793241355137 0.0014439004979178414
interval 5.387931034482759E-4 1.5538680612792897 8.372133950858241E-4
begin 5.387931034482759E-4 1.9459101490553132 0.0010484429682410092
status 0.0021551724137931034 1.3805963400052528 0.0029754231465630447
other 0.004310344827586207 0.0408219945202552 1.759568729321345E-4
woman 5.387931034482759E-4 2.0292917579943643 0.0010933684040917912
aim 0.0010775862068965517 0.6109090823229731 6.583072007790659E-4
proportion 5.387931034482759E-4 1.4271163556401458 7.689204502371476E-4
city 0.0016163793103448276 2.331572629867298 0.0037687057594837786
against 0.0010775862068965517 0.9600933545325481 0.0010345833561773148
spss 0.0010775862068965517 2.5257286443082556 0.002721690349470103
respectively 0.0016163793103448276 1.9459101490553132 0.003145328904723028
occurrence 0.0010775862068965517 1.79749014393704 0.0019369505861390518
local 0.0010775862068965517 1.0704414117014134 0.001153492900540316
healthcare 0.0021551724137931034 1.9867321435755685 0.004281750309430105
eight 0.0010775862068965517 1.7635885922613586 0.0019004187416609467
prevalence 0.003232758620689655 1.8689491079191851 0.0060418613402559865
world 0.0010775862068965517 1.4035858582299516 0.0015124847610236548
syndrome 0.0010775862068965517 2.7668907011251433 0.002981563255522784
psychopathology 0.0010775862068965517 5.1647859739235145 0.0055655021270727524
have 0.005387931034482759 0.017291497110061043 9.316539391196683E-5
december 0.003771551724137931 1.3361445774344192 0.005039338384720331
man 5.387931034482759E-4 1.9867321435755685 0.0010704375773575262
outcome 5.387931034482759E-4 0.8472978603872037 4.5651824374310545E-4
table 0.00646551724137931 0.18117935221517753 0.001171418225529165
gilbert 0.003232758620689655 4.0661736852554045 0.013144958034230833
consequence 0.004310344827586207 1.79749014393704 0.007747802344556207
particularly 0.0016163793103448276 0.9751312318970885 0.001576181948109518
may 0.0021551724137931034 0.15415067982725836 3.322212927311602E-4
question 5.387931034482759E-4 0.8743265327751228 4.710811060210791E-4
could 0.0016163793103448276 0.22314355131420976 3.6068461958115803E-4
health 0.0021551724137931034 0.990398704027877 0.002134479965577321
systematic 0.0016163793103448276 2.0292917579943643 0.0032801052122753732
draw 5.387931034482759E-4 1.1944940603713923 6.435851618380346E-4
ethical 0.0010775862068965517 1.8325814637483102 0.0019747645083494723
generally 0.0010775862068965517 0.9021060968821986 9.720970871575415E-4
anonymously 0.0010775862068965517 5.1647859739235145 0.0055655021270727524
future 0.0010775862068965517 0.48265474679929443 5.201020978440673E-4
regard 0.0010775862068965517 0.4919571394616079 5.30126227868112E-4
report 5.387931034482759E-4 0.3364722366212129 1.812889205933259E-4
stressful 0.0010775862068965517 4.471638793363569 0.004818576285952122
comparable 0.0010775862068965517 1.5812670354674039 0.0017039515468398748
concerned 0.0010775862068965517 2.2744142160273495 0.002450877387960506
use 5.387931034482759E-4 0.03488725900044054 1.8797014547651152E-5
precision 0.0010775862068965517 1.8689491079191851 0.0020139537800853285
several 0.004310344827586207 0.3526016185510966 0.001519834562720244
main 0.0010775862068965517 0.6004377824556778 6.470234724737907E-4
serve 0.0010775862068965517 1.1944940603713923 0.0012871703236760693
while 0.0016163793103448276 0.20895891632225325 3.3775686905536623E-4
distancing 0.0010775862068965517 4.471638793363569 0.004818576285952122
associate 5.387931034482759E-4 0.38566248081198473 2.077922849202504E-4
second 0.0010775862068965517 0.4373981552111735 4.713342189775576E-4
that 0.009159482758620689 0.017291497110061043 1.583811696503436E-4
high 0.004310344827586207 0.11492996667397702 4.953877873878319E-4
download 0.003232758620689655 0.24480504809538922 7.913956296187151E-4
geographic 0.0010775862068965517 2.392197251683733 0.0025777987625902293
judgment 0.0010775862068965517 2.8622008809294686 0.003084268190656755
contagious 0.0010775862068965517 4.471638793363569 0.004818576285952122
find 5.387931034482759E-4 0.16083966797805488 8.665930386748647E-5
academic 5.387931034482759E-4 1.730798769438368 9.325424404301551E-4
than 0.004849137931034483 0.058840500022933395 2.853257005422417E-4
charle 5.387931034482759E-4 5.1647859739235145 0.0027827510635363762
lockdown 0.0010775862068965517 4.0661736852554045 0.004381652678076944
different 0.0016163793103448276 0.18805223150293962 3.039637362655274E-4
combine 5.387931034482759E-4 0.6321864807702582 3.406177159322512E-4
cytokine 0.0010775862068965517 3.0853444322436783 0.00332472460371086
all 0.005387931034482759 0.017291497110061043 9.316539391196683E-5
read 0.0010775862068965517 1.3581234841531944 0.0014634951337857698
level 0.004849137931034483 0.4373981552111735 0.0021210039853990096
surge 0.0010775862068965517 3.5553480614894135 0.003831194031777385
author 5.387931034482759E-4 0.017291497110061043 9.316539391196683E-6
philippe 0.003232758620689655 5.1647859739235145 0.016696506381218258
ethic 5.387931034482759E-4 1.9867321435755685 0.0010704375773575262
survey 0.00646551724137931 1.3805963400052528 0.008926269439689135
october 0.0010775862068965517 2.0292917579943643 0.0021867368081835824
present 0.005387931034482759 0.083381608939051 4.492543585078179E-4
collect 0.0016163793103448276 0.6761496041913742 0.0010929142309127815
datum 5.387931034482759E-4 0.167573700159399 9.028755396519343E-5
facilitate 0.0010775862068965517 1.2729656758128876 0.001371730254108715
ubiquitous 0.0010775862068965517 3.2188758248682006 0.003468616190590733
student 5.387931034482759E-4 1.9867321435755685 0.0010704375773575262
university 0.0016163793103448276 1.1043429633770947 0.0017850371175276315
elderly 0.0016163793103448276 2.6798793241355137 0.0043317014937535245
progression 0.0010775862068965517 2.456735772821304 0.0026473445827815776
cause 5.387931034482759E-4 0.5398131606392429 2.9084760810304036E-4
mental 0.004849137931034483 2.169053700369523 0.010518040572912559
investigate 5.387931034482759E-4 0.653926467406664 3.523310708010043E-4
media 0.0010775862068965517 1.5812670354674039 0.0017039515468398748
around 0.0016163793103448276 1.0216512475319812 0.0016513759388986765
head 0.0010775862068965517 1.9459101490553132 0.0020968859364820184
investigator 0.0010775862068965517 2.6798793241355137 0.002887800995835683
and 0.05172413793103448 0.017291497110061043 8.943877815548815E-4
design 0.0010775862068965517 0.6004377824556778 6.470234724737907E-4
define 5.387931034482759E-4 0.3526016185510966 1.899793203400305E-4
make 5.387931034482759E-4 0.2521310881874621 1.3584649148031363E-4
categorize 5.387931034482759E-4 1.730798769438368 9.325424404301551E-4
determine 0.0010775862068965517 0.40261203912575794 4.3384918009241156E-4
social 0.0026939655172413795 1.0704414117014134 0.0028837322513507904
accord 5.387931034482759E-4 0.4919571394616079 2.65063113934056E-4
aliocha 0.003232758620689655 5.1647859739235145 0.016696506381218258
coronavirus 0.0016163793103448276 3.373026504695459 0.00545209025543447
doubtful 0.0026939655172413795 3.7784916128036232 0.010179126112078727
deviation 0.0010775862068965517 1.6682784124570338 0.0017977138065269761
any 0.0026939655172413795 0.2669461739726028 7.191437876417101E-4
despite 0.0010775862068965517 0.7221347174331975 7.781624110271524E-4
conduct 5.387931034482759E-4 0.5798184952529422 3.124022064940421E-4
regulation 0.0010775862068965517 1.8689491079191851 0.0020139537800853285
due 0.0010775862068965517 0.20895891632225325 2.2517124603691082E-4
quantitative 0.0010775862068965517 1.5538680612792897 0.0016744267901716483
psychosocial 0.0010775862068965517 3.5553480614894135 0.003831194031777385
descriptive 0.0010775862068965517 1.9867321435755685 0.0021408751547150524
determinant 5.387931034482759E-4 3.5553480614894135 0.0019155970158886925
reason 0.0010775862068965517 0.7221347174331975 7.781624110271524E-4
psychological 0.011314655172413793 2.392197251683733 0.027066887007197407
strategic 0.0010775862068965517 2.7668907011251433 0.002981563255522784
about 0.0021551724137931034 0.377294231141468 8.131341188393706E-4
marry 5.387931034482759E-4 4.471638793363569 0.002409288142976061
respondent 0.0010775862068965517 2.7668907011251433 0.002981563255522784
natuhoyila 0.003232758620689655 5.1647859739235145 0.016696506381218258
discussion 0.0010775862068965517 0.23031204079282225 2.481810784405412E-4
professional 5.387931034482759E-4 1.5538680612792897 8.372133950858241E-4
reflect 5.387931034482759E-4 0.7827593392496325 4.217453336474313E-4
province 0.0016163793103448276 4.471638793363569 0.0072278644289281825
divulge 5.387931034482759E-4 5.1647859739235145 0.0027827510635363762
estimate 5.387931034482759E-4 0.8743265327751228 4.710811060210791E-4
state 0.0016163793103448276 0.6761496041913742 0.0010929142309127815
respiratory 0.0010775862068965517 2.9675613965872945 0.0031978032290811364
kimbanguist 0.0016163793103448276 5.1647859739235145 0.008348253190609129
they 0.0026939655172413795 0.05279818556697083 1.422364912903309E-4
height 0.0010775862068965517 3.7784916128036232 0.004071650444831491
distinguish 5.387931034482759E-4 1.6990500711237875 9.154364607347993E-4
old 0.0026939655172413795 1.5012243277938677 0.004044246572720549
sampling 0.0026939655172413795 1.8689491079191851 0.005034884450213322
probable 0.0010775862068965517 3.5553480614894135 0.003831194031777385
each 0.0016163793103448276 0.13434805253107854 2.171574124963554E-4
accept 5.387931034482759E-4 1.730798769438368 9.325424404301551E-4
secondary 0.0021551724137931034 1.4271163556401458 0.0030756818009485903
univariate 0.003232758620689655 2.8622008809294686 0.009252804571970264
induce 0.0010775862068965517 1.79749014393704 0.0019369505861390518
alex 0.003232758620689655 3.7784916128036232 0.012214951334494472
difference 5.387931034482759E-4 0.36076492919025743 1.943776558137163E-4
complexity 0.0010775862068965517 1.5271998141971284 0.0016456894549538022
religious 0.0010775862068965517 4.471638793363569 0.004818576285952122
fact 0.0010775862068965517 0.9452782687474074 0.0010186188240812579
examine 5.387931034482759E-4 0.8881198549074587 4.785128528596221E-4
document 5.387931034482759E-4 0.8743265327751228 4.710811060210791E-4
another 0.0010775862068965517 0.40261203912575794 4.3384918009241156E-4
association 0.0016163793103448276 1.0376515888784226 0.0016772385596095193
fundamental 0.0010775862068965517 1.906689435902032 0.0020546222369633967
two 0.0021551724137931034 0.11492996667397702 2.4769389369391596E-4
into 0.0010775862068965517 0.10854016857520597 1.169613885508685E-4
variety 0.0010775862068965517 1.0539121097502027 0.0011356811527480633
structured 0.0016163793103448276 1.3805963400052528 0.0022315673599222837
where 0.0010775862068965517 0.32850406697203605 3.539914514784871E-4
persist 5.387931034482759E-4 3.0853444322436783 0.00166236230185543
relationship 5.387931034482759E-4 0.758066726659261 4.0844112427761907E-4
popular 0.0010775862068965517 1.252762968495368 0.001349960095361388
apart 0.0010775862068965517 2.169053700369523 0.002337342349536124
detection 0.0010775862068965517 1.5271998141971284 0.0016456894549538022
middle 0.0010775862068965517 2.2744142160273495 0.002450877387960506
storm 0.0010775862068965517 3.7784916128036232 0.004071650444831491
participate 0.0010775862068965517 1.5812670354674039 0.0017039515468398748
necessary 0.0010775862068965517 0.8607208807193443 9.275009490510175E-4
accordance 0.0010775862068965517 1.6384254493073527 0.0017655446652018885
suppress 5.387931034482759E-4 2.7668907011251433 0.001490781627761392
many 0.0010775862068965517 0.20194134366360675 2.17609206534059E-4
declaration 0.0010775862068965517 1.7635885922613586 0.0019004187416609467
religion 0.0010775862068965517 5.1647859739235145 0.0055655021270727524
single 0.0010775862068965517 0.6429973968744738 6.928851259423209E-4
appear 0.0010775862068965517 0.7459453661269161 8.03820437636763E-4
such 0.003232758620689655 0.10219094089654716 3.303586451396999E-4
absolute 0.0010775862068965517 2.120263536200091 0.002284766741594926
mortality 0.0010775862068965517 2.392197251683733 0.0025777987625902293
household 0.0016163793103448276 3.5553480614894135 0.005746791047666078
describe 0.0010775862068965517 0.28958865072236245 3.120567356922009E-4
respected 0.0016163793103448276 4.0661736852554045 0.006572479017115417
adverse 0.0016163793103448276 2.073743520565198 0.0033519561216032293
open 0.0010775862068965517 0.8881198549074587 9.570257057192442E-4
ratio 5.387931034482759E-4 1.0704414117014134 5.76746450270158E-4
but 0.0016163793103448276 0.083381608939051 1.3477630755234535E-4
country 5.387931034482759E-4 1.6682784124570338 8.988569032634881E-4
principle 0.0010775862068965517 1.4512139072192063 0.0015638080896758688
participant 5.387931034482759E-4 1.6094379124341003 8.671540476476833E-4
research 0.0010775862068965517 0.40261203912575794 4.3384918009241156E-4
frequency 0.003232758620689655 1.0216512475319812 0.003302751877797353
budgetary 0.0010775862068965517 4.0661736852554045 0.004381652678076944
vulnerable 0.0016163793103448276 2.6798793241355137 0.0043317014937535245
continue 5.387931034482759E-4 1.5812670354674039 8.519757734199374E-4
ngafanus 5.387931034482759E-4 5.1647859739235145 0.0027827510635363762
epidemic 0.0010775862068965517 3.7784916128036232 0.004071650444831491
this 0.011853448275862068 0.017291497110061043 2.0496386660632702E-4
degree 0.0016163793103448276 1.1394342831883648 0.001841758000843262
verbal 0.0010775862068965517 2.9675613965872945 0.0031978032290811364
develop 5.387931034482759E-4 0.32850406697203605 1.7699572573924354E-4
collection 0.0010775862068965517 0.9600933545325481 0.0010345833561773148
depressive 0.0010775862068965517 3.5553480614894135 0.003831194031777385
significant 0.0016163793103448276 0.377294231141468 6.09850589129528E-4
measure 5.387931034482759E-4 0.48265474679929443 2.6005104892203365E-4
district 0.0010775862068965517 3.7784916128036232 0.004071650444831491
neighborhood 0.0010775862068965517 4.0661736852554045 0.004381652678076944
demonstrate 0.0010775862068965517 0.5108256237659907 5.50458646299559E-4
questionnaire 0.0016163793103448276 2.2744142160273495 0.0036763160819407587
commune 0.0010775862068965517 5.1647859739235145 0.0055655021270727524
absence 0.0010775862068965517 1.3581234841531944 0.0014634951337857698
abstain 5.387931034482759E-4 4.0661736852554045 0.002190826339038472
concept 5.387931034482759E-4 1.157452788691043 6.236275801137086E-4
show 5.387931034482759E-4 0.0771896386911299 4.158924498444499E-5
kabangi 0.003232758620689655 5.1647859739235145 0.016696506381218258
privacy 0.0010775862068965517 2.5998366164619773 0.002801548078084027
description 0.0010775862068965517 1.157452788691043 0.0012472551602274171
we 5.387931034482759E-4 0.19497267434751336 1.0504993229930677E-4
conclusion 0.0010775862068965517 0.28958865072236245 3.120567356922009E-4
sequela 5.387931034482759E-4 4.0661736852554045 0.002190826339038472
not 0.0026939655172413795 0.03488725900044054 9.398507273825577E-5
negative 0.0016163793103448276 0.6321864807702582 0.0010218531477967534
admit 5.387931034482759E-4 2.5998366164619773 0.0014007740390420136
common 0.0010775862068965517 0.3526016185510966 3.79958640680061E-4
throughout 0.0016163793103448276 1.4759065198095778 0.00238562476262324
definition 5.387931034482759E-4 1.252762968495368 6.74980047680694E-4
causal 0.0010775862068965517 2.5257286443082556 0.002721690349470103
morbidity 0.0010775862068965517 3.0853444322436783 0.00332472460371086
factor 0.0016163793103448276 0.38566248081198473 6.233768547607511E-4
early 0.0010775862068965517 0.6214911916535102 6.697103358335239E-4
mask 5.387931034482759E-4 2.8622008809294686 0.0015421340953283775
figure 5.387931034482759E-4 0.18805223150293962 1.0132124542184246E-4
disease 0.005387931034482759 1.1758019273592397 0.0063351396948234905
previous 0.0016163793103448276 0.32850406697203605 5.309871772177306E-4
equal 0.0021551724137931034 1.293584963015623 0.002787898627188843
functioning 0.0010775862068965517 2.9675613965872945 0.0031978032290811364
logistic 0.0016163793103448276 1.8689491079191851 0.0030209306701279933
detailed 0.0010775862068965517 1.1394342831883648 0.0012278386672288414
short 0.0010775862068965517 0.9452782687474074 0.0010186188240812579
risk 0.007004310344827586 0.758066726659261 0.005309734615609048
step 0.0010775862068965517 0.8080771472339223 8.707727879675887E-4
time 0.0010775862068965517 0.167573700159399 1.8057510793038686E-4
rise 0.0010775862068965517 1.7635885922613586 0.0019004187416609467
base 5.387931034482759E-4 0.14090545307723773 7.591888635627032E-5
reach 5.387931034482759E-4 1.0376515888784226 5.590795198698398E-4
during 0.007004310344827586 0.28958865072236245 0.002028368781999306
three 0.0016163793103448276 0.22314355131420976 3.6068461958115803E-4
when 0.0010775862068965517 0.14750613710858965 1.589505787808078E-4
consist 5.387931034482759E-4 0.7459453661269161 4.019102188183815E-4
pupil 5.387931034482759E-4 3.2188758248682006 0.0017343080952953666
compatible 0.0010775862068965517 3.2188758248682006 0.003468616190590733
problem 5.387931034482759E-4 0.7221347174331975 3.890812055135762E-4
relate 5.387931034482759E-4 0.27443684570176036 1.4786467979620708E-4
review 0.0010775862068965517 0.4734380916943703 5.101703574292783E-4
enable 0.0010775862068965517 0.9751312318970885 0.0010507879654063454
elevate 5.387931034482759E-4 2.169053700369523 0.001168671174768062
between 0.004849137931034483 0.058840500022933395 2.853257005422417E-4
guide 5.387931034482759E-4 1.5012243277938677 8.088493145441098E-4
immunological 0.0010775862068965517 4.471638793363569 0.004818576285952122
profession 0.0021551724137931034 3.373026504695459 0.0072694536739126275
give 5.387931034482759E-4 0.2595111954850846 1.3982284239498092E-4
still 0.0010775862068965517 0.5300569856938783 5.71182096652886E-4
method 5.387931034482759E-4 0.0958817717032825 5.166043734013066E-5
probability 0.0010775862068965517 1.4035858582299516 0.0015124847610236548
work 0.0010775862068965517 0.4285875255290187 4.618400059579943E-4
lesson 5.387931034482759E-4 2.9675613965872945 0.0015989016145405682
agree 5.387931034482759E-4 1.79749014393704 9.684752930695259E-4
preventive 0.0010775862068965517 3.7784916128036232 0.004071650444831491
mbenza 0.003232758620689655 5.1647859739235145 0.016696506381218258
fail 0.0010775862068965517 1.730798769438368 0.0018650848808603102
symptomatic 0.0010775862068965517 3.5553480614894135 0.003831194031777385
provide 0.0010775862068965517 0.167573700159399 1.8057510793038686E-4
among 0.003232758620689655 0.32850406697203605 0.0010619743544354613
exact 0.0010775862068965517 1.5271998141971284 0.0016456894549538022
primary 0.0021551724137931034 0.9306794693262548 0.0020057747183755492
study 0.01670258620689655 0.07103577311675174 0.0011864811242560905
intensify 5.387931034482759E-4 4.0661736852554045 0.002190826339038472
confidentiality 0.0010775862068965517 3.2188758248682006 0.003468616190590733
multivariate 0.0016163793103448276 2.6798793241355137 0.0043317014937535245
localized 0.0010775862068965517 3.0853444322436783 0.00332472460371086
wear 5.387931034482759E-4 3.373026504695459 0.0018173634184781569
range 0.0010775862068965517 0.3941013494578493 4.2467817829509625E-4
out 0.003771551724137931 0.368995428326773 0.0013916853439048553
across 0.0010775862068965517 0.7703368192510752 8.301043310895207E-4
low 0.004310344827586207 0.28958865072236245 0.0012482269427688036
longo 0.003232758620689655 5.1647859739235145 0.016696506381218258
informed 0.0016163793103448276 1.4035858582299516 0.002268727141535482
ngwala 0.003232758620689655 5.1647859739235145 0.016696506381218258
include 0.0016163793103448276 0.0771896386911299 1.2476773495333495E-4
more 0.004310344827586207 0.05279818556697083 2.2757838606452942E-4
csvdisplay 0.003232758620689655 0.2669461739726028 8.62972545170052E-4
consistent 0.0010775862068965517 0.9306794693262548 0.0010028873591877746
suggest 5.387931034482759E-4 0.5013468798114469 2.7012224127771924E-4
kill 5.387931034482759E-4 3.2188758248682006 0.0017343080952953666
great 5.387931034482759E-4 0.5398131606392429 2.9084760810304036E-4
lead 0.0016163793103448276 0.3127557100038969 5.055318588425057E-4
inhabitant 5.387931034482759E-4 4.471638793363569 0.002409288142976061
confounder 5.387931034482759E-4 3.7784916128036232 0.0020358252224157453
help 0.0010775862068965517 0.6874491594453075 7.407857321608917E-4
disorder 5.387931034482759E-4 2.169053700369523 0.001168671174768062
aggravate 5.387931034482759E-4 3.7784916128036232 0.0020358252224157453
emotion 5.387931034482759E-4 2.2203469947570738 0.0011963076480372165
assess 0.0010775862068965517 0.6761496041913742 7.286094872751876E-4
hads 0.004310344827586207 5.1647859739235145 0.02226200850829101
choice 0.0010775862068965517 1.4759065198095778 0.0015904165084154932
owe 5.387931034482759E-4 2.5257286443082556 0.0013608451747350516
certain 0.0016163793103448276 0.8209805520698303 0.001327015978561148
first 0.0016163793103448276 0.167573700159399 2.708626618955803E-4
statistics 0.0010775862068965517 1.5538680612792897 0.0016744267901716483
categorical 0.0010775862068965517 2.0292917579943643 0.0021867368081835824
reveal 5.387931034482759E-4 1.0216512475319812 5.504586462995589E-4
simple 0.0010775862068965517 1.0539121097502027 0.0011356811527480633
threshold 0.0010775862068965517 2.120263536200091 0.002284766741594926
infodemic 5.387931034482759E-4 5.1647859739235145 0.0027827510635363762
protocol 0.0010775862068965517 1.6384254493073527 0.0017655446652018885
major 0.0010775862068965517 0.7104386776700063 7.65558919903024E-4
should 0.0021551724137931034 0.368995428326773 7.952487679456315E-4
only 0.0016163793103448276 0.10854016857520597 1.7544208282630275E-4
from 0.003232758620689655 0.023122417420854212 7.474919424845112E-5
consider 5.387931034482759E-4 0.17435338714477774 9.394040255645353E-5
potential 0.0010775862068965517 0.4373981552111735 4.713342189775576E-4
group 0.0010775862068965517 0.41119578281714936 4.430989038977902E-4
obtain 5.387931034482759E-4 0.3526016185510966 1.899793203400305E-4
helsinki 0.0010775862068965517 2.8622008809294686 0.003084268190656755
history 0.0010775862068965517 1.2329603411991883 0.0013286210573267114
Protestant 5.387931034482759E-4 5.1647859739235145 0.0027827510635363762
both 0.0026939655172413795 0.13434805253107854 3.61929020827259E-4
important 0.0016163793103448276 0.2669461739726028 4.31486272585026E-4
most 0.0010775862068965517 0.0771896386911299 8.317848996888997E-5
person 5.387931034482759E-4 0.9021060968821986 4.8604854357877075E-4
effect 0.0010775862068965517 0.4919571394616079 5.30126227868112E-4
intervention 5.387931034482759E-4 1.5012243277938677 8.088493145441098E-4
morbid 0.0010775862068965517 5.1647859739235145 0.0055655021270727524
perceive 5.387931034482759E-4 1.5012243277938677 8.088493145441098E-4
who 0.0021551724137931034 0.44628710262841953 9.618256522164214E-4
limitation 5.387931034482759E-4 0.6988778552689304 3.76550568571622E-4
death 0.0010775862068965517 2.073743520565198 0.002234637414402153
purpose 0.0010775862068965517 0.9021060968821986 9.720970871575415E-4
part 0.0021551724137931034 0.4285875255290187 9.236800119159886E-4
link 5.387931034482759E-4 1.0872485300177945 5.858020097078634E-4
contribute 0.0010775862068965517 0.6874491594453075 7.407857321608917E-4
scale 0.0010775862068965517 1.2135422553420867 0.0013076963958427658
distinct 0.0010775862068965517 1.6990500711237875 0.0018308729214695986
error 0.0010775862068965517 1.2329603411991883 0.0013286210573267114
point 5.387931034482759E-4 0.5108256237659907 2.752293231497795E-4
principal 0.0010775862068965517 2.392197251683733 0.0025777987625902293
aware 0.0010775862068965517 2.169053700369523 0.002337342349536124
general 0.003232758620689655 0.4734380916943703 0.001530511072287835
tend 0.0010775862068965517 1.1394342831883648 0.0012278386672288414
east 0.0010775862068965517 2.9675613965872945 0.0031978032290811364
security 0.0010775862068965517 2.0292917579943643 0.0021867368081835824
patient 0.0010775862068965517 0.8743265327751228 9.421622120421582E-4
sheet 0.0021551724137931034 3.5553480614894135 0.00766238806355477
hospital 0.0016163793103448276 1.3805963400052528 0.0022315673599222837
value 0.0010775862068965517 0.34450440831847723 3.712331986190487E-4
introduction 0.0010775862068965517 0.10219094089654716 1.1011954837989995E-4
sar 5.387931034482759E-4 5.1647859739235145 0.0027827510635363762
confidence 0.0010775862068965517 1.906689435902032 0.0020546222369633967
clear 0.0010775862068965517 0.990398704027877 0.0010672399827886606
also 0.003232758620689655 0.05279818556697083 1.7068378954839707E-4
increase 5.387931034482759E-4 0.16083966797805488 8.665930386748647E-5
follow 5.387931034482759E-4 0.0958817717032825 5.166043734013066E-5
differ 0.0010775862068965517 1.0059028905638423 0.001083947080348968
third 0.0016163793103448276 0.990398704027877 0.0016008599741829908
mean 0.0010775862068965517 0.5398131606392429 5.816952162060807E-4
approve 5.387931034482759E-4 1.3805963400052528 7.438557866407612E-4
response 0.0016163793103448276 1.0539121097502027 0.0017035217291220949
various 0.0010775862068965517 0.5798184952529422 6.248044129880842E-4
attention 0.0016163793103448276 1.157452788691043 0.0018708827403411256
depression 0.012392241379310345 3.373026504695459 0.04179935862499761
further 0.0010775862068965517 0.27443684570176036 2.9572935959241417E-4
