extent 8.025682182985554E-4 1.3805963400052528 0.0011080227447875222
mostly 8.025682182985554E-4 1.1758019273592397 9.436612579127125E-4
bad 4.012841091492777E-4 1.4271163556401458 5.726791154254196E-4
without 0.001203852327447833 0.32850406697203605 3.954703856003644E-4
setting 0.001203852327447833 1.1394342831883648 0.0013717106137901662
rupture 8.025682182985554E-4 2.7668907011251433 0.002220618540228847
evaluation 0.0020064205457463883 0.7827593392496325 0.0015705444206453299
pham 0.0028089887640449437 4.471638793363569 0.012560783127425755
offer 8.025682182985554E-4 1.0059028905638423 8.073056906611896E-4
score 0.001203852327447833 1.0059028905638423 0.0012109585359917844
suffer 8.025682182985554E-4 1.6990500711237875 0.0013636035883818518
acuity 0.0028089887640449437 1.5271998141971284 0.0042898871185312595
would 8.025682182985554E-4 0.5013468798114469 4.023650720798129E-4
poor 8.025682182985554E-4 0.9452782687474074 7.586502959449498E-4
record 0.001203852327447833 0.8340526336371831 0.0010040762042181177
vitreous 8.025682182985554E-4 1.906689435902032 0.0015302483434205716
visual 0.012038523274478331 1.157452788691043 0.013934022335766972
warrant 4.012841091492777E-4 2.9675613965872945 0.0011908352313753188
calculate 4.012841091492777E-4 0.7221347174331975 2.89781186770946E-4
knowledge 0.001203852327447833 0.8080771472339223 9.728055544549626E-4
trauma 0.011235955056179775 2.2203469947570738 0.024947719042214312
mile 4.012841091492777E-4 3.5553480614894135 0.0014267046795703906
opportunity 8.025682182985554E-4 1.3361445774344192 0.001072347172900818
posterior 8.025682182985554E-4 1.8325814637483102 0.00147077164024744
require 8.025682182985554E-4 0.3127557100038969 2.510077929405272E-4
personal 8.025682182985554E-4 1.8325814637483102 0.00147077164024744
perforate 4.012841091492777E-4 3.7784916128036232 0.0015162486407719195
analysis 0.001203852327447833 0.13434805253107854 1.6173521572762262E-4
exam 8.025682182985554E-4 3.5553480614894135 0.0028534093591407812
globe 0.018459069020866775 2.2203469947570738 0.040985538426494945
delay 0.0032102728731942215 2.0292917579943643 0.006514580282485921
advancement 4.012841091492777E-4 2.7668907011251433 0.0011103092701144235
size 0.0016051364365971107 0.12136085700426753 1.948007335542015E-4
multicenter 8.025682182985554E-4 2.7668907011251433 0.002220618540228847
consideration 8.025682182985554E-4 1.3361445774344192 0.001072347172900818
greatly 8.025682182985554E-4 2.2203469947570738 0.0017819799315867365
relative 8.025682182985554E-4 1.0376515888784226 8.327861869008206E-4
average 0.007624398073836276 0.7104386776700063 0.005416667285605987
treatment 0.001203852327447833 0.9162907318741551 0.00110307873018558
compare 8.025682182985554E-4 0.17435338714477774 1.3993048727510253E-4
statistical 0.001203852327447833 0.653926467406664 7.87230899767252E-4
be 4.012841091492777E-4 0.017291497110061043 6.938803013668155E-6
criterion 4.012841091492777E-4 1.0376515888784226 4.163930934504103E-4
affect 8.025682182985554E-4 0.5596157879354227 4.4912984585507434E-4
intraocular 0.0016051364365971107 1.6990500711237875 0.0027272071767637037
result 0.0016051364365971107 0.058840500022933395 9.444703053440352E-5
isolate 4.012841091492777E-4 2.120263536200091 8.508280642857507E-4
see 4.012841091492777E-4 0.5696661237889241 2.2859796299716056E-4
iofb 4.012841091492777E-4 3.2188758248682006 0.0012916837178443823
same 8.025682182985554E-4 0.2972515234679317 2.3856462557618916E-4
irb 8.025682182985554E-4 4.471638793363569 0.0035887951792645018
subsequent 8.025682182985554E-4 1.3581234841531944 0.0010899867449062554
indicate 8.025682182985554E-4 0.4919571394616079 3.948291648969566E-4
after 0.0028089887640449437 0.12136085700426753 3.4090128371985263E-4
close 4.012841091492777E-4 0.6988778552689304 2.8044857755575055E-4
contain 4.012841091492777E-4 0.6429973968744738 2.580246375900778E-4
mitigate 8.025682182985554E-4 1.8689491079191851 0.0014999591556333748
involve 4.012841091492777E-4 0.9452782687474074 3.793251479724749E-4
procedure 8.025682182985554E-4 0.8080771472339223 6.485370363033085E-4
possible 0.0016051364365971107 0.38566248081198473 6.190409001797508E-4
sample 0.0016051364365971107 0.6321864807702582 0.00101474555500844
enucleation 0.002407704654895666 2.6798793241355137 0.0064523579232797276
the 0.09229534510433386 0.017291497110061043 0.0015959246931436756
severe 0.0016051364365971107 1.157452788691043 0.0018578696447689295
diagnose 4.012841091492777E-4 1.5538680612792897 6.23542560705975E-4
subconjunctival 8.025682182985554E-4 3.5553480614894135 0.0028534093591407812
information 0.002407704654895666 0.3049735695618419 7.342862830541939E-4
surgery 0.006420545746388443 1.6094379124341003 0.010333469742755058
standard 4.012841091492777E-4 0.7221347174331975 2.89781186770946E-4
nine 8.025682182985554E-4 1.9459101490553132 0.0015617256412963991
rural 0.0016051364365971107 2.7668907011251433 0.004441237080457694
emergency 0.004414125200642055 1.9867321435755685 0.008769684421882525
official 8.025682182985554E-4 2.392197251683733 0.0019199014861025143
do 4.012841091492777E-4 0.14750613710858965 5.9191868823671606E-5
good 4.012841091492777E-4 0.2160260835453457 8.668783448850149E-5
institution 0.0028089887640449437 1.9867321435755685 0.005580708268470698
fernandez 0.0028089887640449437 5.1647859739235145 0.014507825769448073
assessment 8.025682182985554E-4 1.2729656758128876 0.0010216417943923657
act 4.012841091492777E-4 1.121734706088964 4.5013431223473675E-4
prior 0.0016051364365971107 0.8209805520698303 0.0013177857978648963
contact 4.012841091492777E-4 1.9867321435755685 7.972440383529569E-4
rare 8.025682182985554E-4 1.906689435902032 0.0015302483434205716
surgical 0.010032102728731942 1.6384254493073527 0.01643685242082015
exclude 4.012841091492777E-4 0.9021060968821986 3.6200084144550503E-4
possibly 8.025682182985554E-4 1.6384254493073527 0.001314948193665612
area 8.025682182985554E-4 0.664976303593249 5.336888471855931E-4
which 0.0016051364365971107 0.023122417420854212 3.711463470442089E-5
detachment 8.025682182985554E-4 2.2744142160273495 0.0018253725650299755
test 8.025682182985554E-4 0.44628710262841953 3.5817584480611516E-4
need 0.002407704654895666 0.27443684570176036 6.607628708710121E-4
zous 4.012841091492777E-4 4.471638793363569 0.0017943975896322509
consent 8.025682182985554E-4 1.4035858582299516 0.001126473401468661
lack 0.001203852327447833 0.5696661237889241 6.857938889914816E-4
vision 0.0036115569823434992 1.4035858582299516 0.005069130306608975
take 4.012841091492777E-4 0.368995428326773 1.4807200173626525E-4
month 4.012841091492777E-4 1.1758019273592397 4.7183062895635625E-4
immediate 8.025682182985554E-4 2.073743520565198 0.0016643206425081846
final 0.008426966292134831 0.6988778552689304 0.005889420128670762
relatively 8.025682182985554E-4 0.8209805520698303 6.588928989324481E-4
adjustment 8.025682182985554E-4 2.392197251683733 0.0019199014861025143
mediator 4.012841091492777E-4 3.5553480614894135 0.0014267046795703906
however 0.001203852327447833 1.9459101490553132 0.0023425884619445985
some 0.001203852327447833 0.2160260835453457 2.600635034655044E-4
united 8.025682182985554E-4 1.5812670354674039 0.0012690746673093129
young 8.025682182985554E-4 1.5271998141971284 0.001225682033866074
additional 0.0028089887640449437 0.5300569856938783 0.0014889241171176354
for 0.026886035313001606 0.017291497110061043 4.6489980191576644E-4
cohort 8.025682182985554E-4 1.8325814637483102 0.00147077164024744
miss 4.012841091492777E-4 1.4512139072192063 5.823490799435017E-4
duration 8.025682182985554E-4 1.730798769438368 0.001389084084621483
prevent 8.025682182985554E-4 1.1944940603713923 9.586629698004754E-4
traumatic 8.025682182985554E-4 2.5257286443082556 0.002027069537968102
precisely 8.025682182985554E-4 2.5998366164619773 0.0020865462411412336
rate 0.0016051364365971107 0.5696661237889241 9.143918519886423E-4
divide 4.012841091492777E-4 1.0059028905638423 4.036528453305948E-4
over 8.025682182985554E-4 0.3364722366212129 2.700419234520168E-4
hypothesize 4.012841091492777E-4 2.2744142160273495 9.126862825149878E-4
six 8.025682182985554E-4 0.9162907318741551 7.3538582012372E-4
living 8.025682182985554E-4 2.456735772821304 0.0019716980520235183
identify 4.012841091492777E-4 0.3049735695618419 1.22381047175699E-4
fleischman 0.0028089887640449437 5.1647859739235145 0.014507825769448073
approval 8.025682182985554E-4 1.906689435902032 0.0015302483434205716
perform 8.025682182985554E-4 0.2669461739726028 2.14242515226808E-4
multiple 0.001203852327447833 0.5108256237659907 6.14958616090679E-4
length 8.025682182985554E-4 1.1944940603713923 9.586629698004754E-4
retrospective 0.0016051364365971107 1.4271163556401458 0.0022907164617016786
unc 0.001203852327447833 5.1647859739235145 0.006217639615477746
statistically 8.025682182985554E-4 1.1758019273592397 9.436612579127125E-4
significance 8.025682182985554E-4 1.2329603411991883 9.895347842690115E-4
with 0.008426966292134831 0.017291497110061043 1.4571486328703126E-4
form 8.025682182985554E-4 0.5013468798114469 4.023650720798129E-4
approximately 8.025682182985554E-4 0.9452782687474074 7.586502959449498E-4
although 8.025682182985554E-4 0.4285875255290187 3.439707267488111E-4
management 0.001203852327447833 0.9452782687474074 0.0011379754439174246
there 0.006821829855537721 0.12136085700426753 8.279031176053564E-4
publish 4.012841091492777E-4 0.03488725900044054 1.3999702648651901E-5
interpret 4.012841091492777E-4 1.3581234841531944 5.449933724531277E-4
well 0.0020064205457463883 0.3127557100038969 6.27519482351318E-4
endophthalmitis 0.0020064205457463883 2.169053700369523 0.004352033909248642
age 0.001203852327447833 0.9452782687474074 0.0011379754439174246
assign 4.012841091492777E-4 1.0704414117014134 4.2955112829109684E-4
very 8.025682182985554E-4 0.5596157879354227 4.4912984585507434E-4
logmar 0.0016051364365971107 2.331572629867298 0.003742492182772549
cornea 8.025682182985554E-4 2.6798793241355137 0.002150785974426576
recommendation 0.001203852327447833 1.6990500711237875 0.002045405382572778
focus 4.012841091492777E-4 0.4285875255290187 1.7198536337440556E-4
delayed 0.001203852327447833 2.169053700369523 0.0026112203455491852
approach 4.012841091492777E-4 0.40261203912575794 1.6156181345335392E-4
variation 8.025682182985554E-4 1.1944940603713923 9.586629698004754E-4
pupillary 0.001203852327447833 2.8622008809294686 0.003445667192130179
number 0.0032102728731942215 0.14750613710858965 4.7353495058937285E-4
defect 8.025682182985554E-4 2.331572629867298 0.0018712460913862744
four 8.025682182985554E-4 0.4643056081310978 3.7263692466380237E-4
majority 0.001203852327447833 0.9452782687474074 0.0011379754439174246
per 8.025682182985554E-4 0.7339691750802005 5.89060333130177E-4
manipulation 8.025682182985554E-4 2.8622008809294686 0.0022971114614201192
reduce 4.012841091492777E-4 0.3941013494578493 1.5814660893172122E-4
likely 0.0020064205457463883 0.5798184952529422 0.0011633597416792578
large 8.025682182985554E-4 0.22314355131420976 1.7908792240305758E-4
understand 8.025682182985554E-4 1.0704414117014134 8.591022565821937E-4
propose 4.012841091492777E-4 0.6214911916535102 2.493945391868018E-4
operative 8.025682182985554E-4 2.6798793241355137 0.002150785974426576
altered 8.025682182985554E-4 2.9675613965872945 0.0023816704627506375
system 8.025682182985554E-4 0.36076492919025743 2.895384664448294E-4
field 8.025682182985554E-4 0.6988778552689304 5.608971551115011E-4
ogis 8.025682182985554E-4 3.7784916128036232 0.003032497281543839
interval 4.012841091492777E-4 1.5538680612792897 6.23542560705975E-4
evaluate 4.012841091492777E-4 0.40261203912575794 1.6156181345335392E-4
status 0.001203852327447833 1.3805963400052528 0.0016620341171812833
retinal 0.0020064205457463883 1.730798769438368 0.0034727102115537077
other 0.0016051364365971107 0.0408219945202552 6.552487081902921E-5
exclusion 0.0028089887640449437 1.8689491079191851 0.005249857044716812
respectively 8.025682182985554E-4 1.9459101490553132 0.0015617256412963991
prevalence 0.0016051364365971107 1.8689491079191851 0.0029999183112667496
have 0.006420545746388443 0.017291497110061043 1.1102084821869048E-4
december 8.025682182985554E-4 1.3361445774344192 0.001072347172900818
urgent 0.001203852327447833 3.373026504695459 0.004060625808220857
outcome 4.012841091492777E-4 0.8472978603872037 3.4000716708956807E-4
table 0.0036115569823434992 0.18117935221517753 6.543395545491966E-4
anonymize 4.012841091492777E-4 3.5553480614894135 0.0014267046795703906
hannah 0.0028089887640449437 5.1647859739235145 0.014507825769448073
may 0.0040128410914927765 0.15415067982725836 6.185821822923689E-4
within 0.006019261637239166 0.3127557100038969 0.001882558447053954
could 8.025682182985554E-4 0.22314355131420976 1.7908792240305758E-4
change 8.025682182985554E-4 0.3941013494578493 3.1629321786344244E-4
health 8.025682182985554E-4 0.990398704027877 7.948625232968515E-4
draw 4.012841091492777E-4 1.1944940603713923 4.793314849002377E-4
ethical 8.025682182985554E-4 1.8325814637483102 0.00147077164024744
demographic 4.012841091492777E-4 1.4271163556401458 5.726791154254196E-4
able 0.002407704654895666 0.7703368192510752 0.001854743545548335
regard 4.012841091492777E-4 0.4919571394616079 1.974145824484783E-4
report 4.012841091492777E-4 0.3364722366212129 1.350209617260084E-4
dislocate 4.012841091492777E-4 3.7784916128036232 0.0015162486407719195
complete 8.025682182985554E-4 0.8080771472339223 6.485370363033085E-4
specialize 4.012841091492777E-4 2.331572629867298 9.356230456931372E-4
eyelid 8.025682182985554E-4 3.2188758248682006 0.0025833674356887646
subject 0.001203852327447833 0.9021060968821986 0.0010860025243365152
use 4.012841091492777E-4 0.03488725900044054 1.3999702648651901E-5
while 0.0028089887640449437 0.20895891632225325 5.86963248096217E-4
body 8.025682182985554E-4 1.4035858582299516 0.001126473401468661
associate 4.012841091492777E-4 0.38566248081198473 1.547602250449377E-4
correspond 4.012841091492777E-4 0.8743265327751228 3.508533438102419E-4
second 0.001203852327447833 0.4373981552111735 5.265627871723597E-4
mode 0.001203852327447833 1.9867321435755685 0.0023917321150588706
that 0.012841091492776886 0.017291497110061043 2.2204169643738096E-4
elapse 4.012841091492777E-4 3.7784916128036232 0.0015162486407719195
high 8.025682182985554E-4 0.11492996667397702 9.223913858264609E-5
download 0.0020064205457463883 0.24480504809538922 4.911818782010217E-4
academic 0.0032102728731942215 1.730798769438368 0.005556336338485932
whether 8.025682182985554E-4 0.5300569856938783 4.2540689060503875E-4
find 0.001203852327447833 0.16083966797805488 1.9362720864131807E-4
than 0.0072231139646869984 0.058840500022933395 4.250116374048159E-4
sufficient 0.001203852327447833 1.5012243277938677 0.0018072524010359563
directly 0.001203852327447833 0.7703368192510752 9.273717727741675E-4
different 0.001203852327447833 0.18805223150293962 2.2638711657657257E-4
closure 0.0036115569823434992 2.120263536200091 0.007657452578571758
representative 4.012841091492777E-4 1.5812670354674039 6.345373336546564E-4
all 0.00521669341894061 0.017291497110061043 9.020443917768602E-5
carolina 8.025682182985554E-4 5.1647859739235145 0.004145093076985164
comparison 0.0028089887640449437 0.6988778552689304 0.001963140042890254
disruption 8.025682182985554E-4 2.7668907011251433 0.002220618540228847
level 0.006821829855537721 0.4373981552111735 0.0029838557939767052
author 4.012841091492777E-4 0.017291497110061043 6.938803013668155E-6
tertiary 0.001203852327447833 2.6798793241355137 0.0032261789616398638
equipment 0.0016051364365971107 3.0853444322436783 0.004952398767646354
difficult 8.025682182985554E-4 0.7703368192510752 6.182478485161117E-4
definitive 8.025682182985554E-4 2.9675613965872945 0.0023816704627506375
admission 8.025682182985554E-4 3.0853444322436783 0.002476199383823177
less 8.025682182985554E-4 0.36076492919025743 2.895384664448294E-4
perioperative 8.025682182985554E-4 3.2188758248682006 0.0025833674356887646
background 8.025682182985554E-4 1.6094379124341003 0.0012916837178443823
improve 8.025682182985554E-4 0.377294231141468 3.028043588615313E-4
transit 0.0016051364365971107 4.0661736852554045 0.006526763539735802
present 8.025682182985554E-4 0.083381608939051 6.691942932508106E-5
collect 8.025682182985554E-4 0.6761496041913742 5.426561831391446E-4
since 0.001203852327447833 0.377294231141468 4.542065382922969E-4
datum 4.012841091492777E-4 0.167573700159399 6.72446629853126E-5
complication 4.012841091492777E-4 1.6990500711237875 6.818017941909259E-4
iofba 8.025682182985554E-4 5.1647859739235145 0.004145093076985164
university 8.025682182985554E-4 1.1043429633770947 8.863105645081017E-4
financial 8.025682182985554E-4 1.8689491079191851 0.0014999591556333748
cause 8.025682182985554E-4 0.5398131606392429 4.3323688654834904E-4
mental 8.025682182985554E-4 2.169053700369523 0.0017408135636994568
investigate 4.012841091492777E-4 0.653926467406664 2.6241029992241734E-4
wound 8.025682182985554E-4 2.456735772821304 0.0019716980520235183
total 0.0016051364365971107 0.5108256237659907 8.199448214542387E-4
hour 8.025682182985554E-4 1.5812670354674039 0.0012690746673093129
and 0.052568218298555375 0.017291497110061043 9.089831947905283E-4
negatively 8.025682182985554E-4 1.8689491079191851 0.0014999591556333748
extra 8.025682182985554E-4 2.073743520565198 0.0016643206425081846
define 4.012841091492777E-4 0.3526016185510966 1.4149342638487022E-4
predict 8.025682182985554E-4 1.1043429633770947 8.863105645081017E-4
department 0.002407704654895666 1.730798769438368 0.004167252253864449
make 4.012841091492777E-4 0.2521310881874621 1.011761991121437E-4
possibility 8.025682182985554E-4 1.0704414117014134 8.591022565821937E-4
facial 8.025682182985554E-4 4.0661736852554045 0.003263381769867901
burn 8.025682182985554E-4 4.471638793363569 0.0035887951792645018
determine 0.0016051364365971107 0.40261203912575794 6.462472538134157E-4
ot 4.012841091492777E-4 3.2188758248682006 0.0012916837178443823
nature 8.025682182985554E-4 1.0216512475319812 8.199448214542386E-4
control 8.025682182985554E-4 0.5398131606392429 4.3323688654834904E-4
transport 8.025682182985554E-4 2.9675613965872945 0.0023816704627506375
any 8.025682182985554E-4 0.2669461739726028 2.14242515226808E-4
despite 0.001203852327447833 0.7221347174331975 8.69343560312838E-4
minute 4.012841091492777E-4 2.392197251683733 9.599507430512571E-4
due 0.0040128410914927765 0.20895891632225325 8.385189258517385E-4
remainder 8.025682182985554E-4 2.2744142160273495 0.0018253725650299755
reason 8.025682182985554E-4 0.7221347174331975 5.79562373541892E-4
specialty 0.001203852327447833 4.0661736852554045 0.004895072654801851
vary 4.012841091492777E-4 0.9751312318970885 3.9130466769546086E-4
maintain 8.025682182985554E-4 1.2329603411991883 9.895347842690115E-4
orbital 8.025682182985554E-4 2.5998366164619773 0.0020865462411412336
county 8.025682182985554E-4 3.2188758248682006 0.0025833674356887646
discussion 8.025682182985554E-4 0.23031204079282225 1.8484112423179956E-4
outpatient 8.025682182985554E-4 2.456735772821304 0.0019716980520235183
surgically 8.025682182985554E-4 3.2188758248682006 0.0025833674356887646
inevitably 8.025682182985554E-4 2.9675613965872945 0.0023816704627506375
estimate 4.012841091492777E-4 0.8743265327751228 3.508533438102419E-4
injury 0.014446227929373997 1.9867321435755685 0.02870078538070645
state 0.0016051364365971107 0.6761496041913742 0.0010853123662782891
whitney 0.002407704654895666 3.7784916128036232 0.009097491844631517
they 0.0016051364365971107 0.05279818556697083 8.474829143976056E-5
consciousness 8.025682182985554E-4 5.1647859739235145 0.004145093076985164
each 0.004414125200642055 0.13434805253107854 5.930291243346164E-4
confound 4.012841091492777E-4 2.8622008809294686 0.0011485557307100596
accept 4.012841091492777E-4 1.730798769438368 6.945420423107415E-4
eye 8.025682182985554E-4 1.4035858582299516 0.001126473401468661
difference 0.004414125200642055 0.36076492919025743 0.0015924615654465618
male 8.025682182985554E-4 1.5812670354674039 0.0012690746673093129
complexity 8.025682182985554E-4 1.5271998141971284 0.001225682033866074
access 8.025682182985554E-4 1.1394342831883648 9.144737425267775E-4
frequently 0.0016051364365971107 1.157452788691043 0.0018578696447689295
another 0.001203852327447833 0.40261203912575794 4.846854403600617E-4
concurrent 8.025682182985554E-4 2.7668907011251433 0.002220618540228847
recommend 4.012841091492777E-4 1.3581234841531944 5.449933724531277E-4
acquire 4.012841091492777E-4 1.79749014393704 7.213042311143821E-4
two 0.0016051364365971107 0.11492996667397702 1.8447827716529217E-4
long 4.012841091492777E-4 0.44628710262841953 1.7908792240305758E-4
promote 4.012841091492777E-4 1.4512139072192063 5.823490799435017E-4
into 0.001203852327447833 0.10854016857520597 1.3066633456084185E-4
variety 0.0016051364365971107 1.0539121097502027 0.0016916727283309834
sclera 0.001203852327447833 3.2188758248682006 0.0038750511535331467
relationship 8.025682182985554E-4 0.758066726659261 6.084002621663411E-4
mechanism 4.012841091492777E-4 1.1043429633770947 4.4315528225405084E-4
mix 8.025682182985554E-4 2.5998366164619773 0.0020865462411412336
receive 4.012841091492777E-4 0.653926467406664 2.6241029992241734E-4
accordance 8.025682182985554E-4 1.6384254493073527 0.001314948193665612
ophthalmologist 0.001203852327447833 3.0853444322436783 0.003714299075734765
mann 0.002407704654895666 4.471638793363569 0.010766385537793504
one 8.025682182985554E-4 0.06491954609931569 5.2102364445678724E-5
team 8.025682182985554E-4 1.8689491079191851 0.0014999591556333748
many 0.001203852327447833 0.20194134366360675 2.431075565773757E-4
subspecialist 4.012841091492777E-4 4.471638793363569 0.0017943975896322509
prognosis 8.025682182985554E-4 2.073743520565198 0.0016643206425081846
declaration 8.025682182985554E-4 1.7635885922613586 0.001415400154302856
diagram 0.001203852327447833 1.9867321435755685 0.0023917321150588706
call 0.0016051364365971107 1.0539121097502027 0.0016916727283309834
such 8.025682182985554E-4 0.10219094089654716 8.201520136159483E-5
nlp 8.025682182985554E-4 0.41119578281714936 3.300126667874393E-4
chart 0.0016051364365971107 1.6990500711237875 0.0027272071767637037
open 0.01765650080256822 0.8881198549074587 0.015681088930950316
insurance 0.001203852327447833 2.2744142160273495 0.0027380588475449633
calculation 4.012841091492777E-4 1.6094379124341003 6.458418589221912E-4
through 0.001203852327447833 0.2595111954850846 3.1241315668348866E-4
but 8.025682182985554E-4 0.083381608939051 6.691942932508106E-5
medical 0.002407704654895666 0.9600933545325481 0.002311621238842411
treat 4.012841091492777E-4 0.7827593392496325 3.14108884129066E-4
anophthalmic 8.025682182985554E-4 5.1647859739235145 0.004145093076985164
uninsured 0.0028089887640449437 4.471638793363569 0.012560783127425755
rapid 8.025682182985554E-4 1.906689435902032 0.0015302483434205716
research 8.025682182985554E-4 0.40261203912575794 3.2312362690670784E-4
presentation 0.00521669341894061 1.6094379124341003 0.008395944165988486
unable 8.025682182985554E-4 1.9459101490553132 0.0015617256412963991
continue 8.025682182985554E-4 1.5812670354674039 0.0012690746673093129
ensure 8.025682182985554E-4 1.0216512475319812 8.199448214542386E-4
definite 8.025682182985554E-4 3.373026504695459 0.0027070838721472384
widely 8.025682182985554E-4 1.0059028905638423 8.073056906611896E-4
this 0.006420545746388443 0.017291497110061043 1.1102084821869048E-4
significant 0.0040128410914927765 0.377294231141468 0.0015140217943076563
develop 4.012841091492777E-4 0.32850406697203605 1.3182346186678813E-4
look 4.012841091492777E-4 1.1758019273592397 4.7183062895635625E-4
measure 4.012841091492777E-4 0.48265474679929443 1.9368168009602506E-4
institutional 8.025682182985554E-4 1.3361445774344192 0.001072347172900818
involved 0.0028089887640449437 1.1043429633770947 0.0031020869757783557
once 8.025682182985554E-4 1.4271163556401458 0.0011453582308508393
know 4.012841091492777E-4 0.6214911916535102 2.493945391868018E-4
assume 4.012841091492777E-4 0.9452782687474074 3.793251479724749E-4
full 0.001203852327447833 0.14750613710858965 1.775756064710148E-4
distance 0.001203852327447833 1.4035858582299516 0.0016897101022029914
nearly 8.025682182985554E-4 2.120263536200091 0.0017016561285715015
show 4.012841091492777E-4 0.0771896386911299 3.097497539772468E-5
rule 8.025682182985554E-4 1.1043429633770947 8.863105645081017E-4
effort 4.012841091492777E-4 1.252762968495368 5.027138717878684E-4
assistance 8.025682182985554E-4 2.8622008809294686 0.0022971114614201192
we 4.012841091492777E-4 0.19497267434751336 7.823943593399412E-5
conclusion 8.025682182985554E-4 0.28958865072236245 2.324146474497291E-4
not 0.006019261637239166 0.03488725900044054 2.0999553972977854E-4
minimal 8.025682182985554E-4 1.906689435902032 0.0015302483434205716
subspecialty 0.001203852327447833 4.0661736852554045 0.004895072654801851
initiation 8.025682182985554E-4 2.5257286443082556 0.002027069537968102
common 8.025682182985554E-4 0.3526016185510966 2.8298685276974045E-4
arrive 8.025682182985554E-4 2.6798793241355137 0.002150785974426576
ophthalmology 0.006019261637239166 2.5998366164619773 0.015649096808559256
factor 4.012841091492777E-4 0.38566248081198473 1.547602250449377E-4
coverage 0.002407704654895666 2.5257286443082556 0.006081208613904307
severity 0.001203852327447833 2.0292917579943643 0.00244296760593222
figure 0.0028089887640449437 0.18805223150293962 5.28236605345336E-4
wide 0.001203852327447833 1.121734706088964 0.0013504029367042102
previous 0.0016051364365971107 0.32850406697203605 5.272938474671525E-4
center 0.004815409309791332 1.5812670354674039 0.007614448003855877
start 8.025682182985554E-4 0.8472978603872037 6.800143341791361E-4
refer 4.012841091492777E-4 0.7827593392496325 3.14108884129066E-4
detailed 0.001203852327447833 1.1394342831883648 0.0013717106137901662
formula 8.025682182985554E-4 2.2203469947570738 0.0017819799315867365
risk 0.002407704654895666 0.758066726659261 0.0018252007864990232
location 8.025682182985554E-4 1.3805963400052528 0.0011080227447875222
time 0.016051364365971106 0.167573700159399 0.002689786519412504
base 4.012841091492777E-4 0.14090545307723773 5.654311921237469E-5
osh 0.002407704654895666 4.471638793363569 0.010766385537793504
reach 8.025682182985554E-4 1.0376515888784226 8.327861869008206E-4
during 0.0016051364365971107 0.28958865072236245 4.648292948994582E-4
type 0.001203852327447833 0.3364722366212129 4.0506288517802515E-4
three 8.025682182985554E-4 0.22314355131420976 1.7908792240305758E-4
when 0.0020064205457463883 0.14750613710858965 2.9595934411835804E-4
pupil 4.012841091492777E-4 3.2188758248682006 0.0012916837178443823
loss 0.0016051364365971107 0.9162907318741551 0.00147077164024744
relate 4.012841091492777E-4 0.27443684570176036 1.1012714514516868E-4
review 0.0016051364365971107 0.4734380916943703 7.599327314516377E-4
presence 0.0016051364365971107 0.9751312318970885 0.0015652186707818434
plan 8.025682182985554E-4 1.9459101490553132 0.0015617256412963991
between 0.008025682182985553 0.058840500022933395 4.722351526720176E-4
guide 8.025682182985554E-4 1.5012243277938677 0.001204834934023971
case 4.012841091492777E-4 0.24480504809538922 9.823637564020434E-5
give 4.012841091492777E-4 0.2595111954850846 1.0413771889449623E-4
inability 0.001203852327447833 3.0853444322436783 0.003714299075734765
still 8.025682182985554E-4 0.5300569856938783 4.2540689060503875E-4
method 4.012841091492777E-4 0.0958817717032825 3.8475831341606145E-5
lose 4.012841091492777E-4 1.8689491079191851 7.499795778166874E-4
vas 8.025682182985554E-4 3.7784916128036232 0.003032497281543839
provide 4.012841091492777E-4 0.167573700159399 6.72446629853126E-5
discrepancy 4.012841091492777E-4 2.5257286443082556 0.001013534768984051
rely 8.025682182985554E-4 1.1758019273592397 9.436612579127125E-4
light 8.025682182985554E-4 1.2729656758128876 0.0010216417943923657
exact 0.001203852327447833 1.5271998141971284 0.0018385230507991111
afferent 0.001203852327447833 2.8622008809294686 0.003445667192130179
primary 0.0040128410914927765 0.9306794693262548 0.0037346688175210864
care 0.002407704654895666 1.1758019273592397 0.0028309837737381374
cerebral 8.025682182985554E-4 3.2188758248682006 0.0025833674356887646
damage 8.025682182985554E-4 1.6384254493073527 0.001314948193665612
study 0.008025682182985553 0.07103577311675174 5.701105386577186E-4
north 8.025682182985554E-4 2.6798793241355137 0.002150785974426576
portion 8.025682182985554E-4 2.2744142160273495 0.0018253725650299755
range 4.012841091492777E-4 0.3941013494578493 1.5814660893172122E-4
distribution 8.025682182985554E-4 0.9600933545325481 7.705404129474704E-4
variability 0.001203852327447833 2.2203469947570738 0.0026729698973801046
foreign 0.0016051364365971107 2.120263536200091 0.003403312257143003
out 0.0016051364365971107 0.368995428326773 5.92288006945061E-4
across 8.025682182985554E-4 0.7703368192510752 6.182478485161117E-4
low 4.012841091492777E-4 0.28958865072236245 1.1620732372486455E-4
physician 4.012841091492777E-4 1.906689435902032 7.651241717102858E-4
consult 8.025682182985554E-4 2.8622008809294686 0.0022971114614201192
protect 4.012841091492777E-4 2.392197251683733 9.599507430512571E-4
undergo 0.001203852327447833 1.3581234841531944 0.0016349801173593831
informed 8.025682182985554E-4 1.4035858582299516 0.001126473401468661
include 8.025682182985554E-4 0.0771896386911299 6.194995079544936E-5
initial 0.0040128410914927765 0.6988778552689304 0.0028044857755575056
more 0.004414125200642055 0.05279818556697083 2.3305780145934155E-4
display 0.001203852327447833 0.16083966797805488 1.9362720864131807E-4
csvdisplay 0.0020064205457463883 0.2669461739726028 5.3560628806702E-4
consistent 0.001203852327447833 0.9306794693262548 0.001120400645256326
great 4.012841091492777E-4 0.5398131606392429 2.1661844327417452E-4
lead 4.012841091492777E-4 0.3127557100038969 1.255038964702636E-4
nasal 8.025682182985554E-4 3.373026504695459 0.0027070838721472384
help 0.001203852327447833 0.6874491594453075 8.275872706002899E-4
waive 8.025682182985554E-4 4.471638793363569 0.0035887951792645018
assess 0.0016051364365971107 0.6761496041913742 0.0010853123662782891
january 8.025682182985554E-4 1.3581234841531944 0.0010899867449062554
permanent 8.025682182985554E-4 2.6798793241355137 0.002150785974426576
travel 8.025682182985554E-4 2.7668907011251433 0.002220618540228847
incidence 0.002407704654895666 1.6094379124341003 0.0038750511535331467
facility 0.0020064205457463883 2.2744142160273495 0.004563431412574938
certain 8.025682182985554E-4 0.8209805520698303 6.588928989324481E-4
board 8.025682182985554E-4 1.4271163556401458 0.0011453582308508393
first 0.001203852327447833 0.167573700159399 2.0173398895593781E-4
small 0.001203852327447833 0.45525577261118 5.480607214420304E-4
before 0.0016051364365971107 0.5203950747821414 8.353050959584935E-4
improper 0.001203852327447833 5.1647859739235145 0.006217639615477746
experience 4.012841091492777E-4 1.1043429633770947 4.4315528225405084E-4
pole 8.025682182985554E-4 3.7784916128036232 0.003032497281543839
influence 4.012841091492777E-4 0.6874491594453075 2.7586242353343E-4
zone 0.0036115569823434992 2.169053700369523 0.007833661036647555
percentage 0.002407704654895666 1.2329603411991883 0.002968604352807034
only 0.0016051364365971107 0.10854016857520597 1.742217794144558E-4
should 0.001203852327447833 0.368995428326773 4.4421600520879573E-4
few 8.025682182985554E-4 0.5013468798114469 4.023650720798129E-4
from 0.018057784911717497 0.023122417420854212 4.17539640424735E-4
consider 4.012841091492777E-4 0.17435338714477774 6.996524363755127E-5
group 0.01043338683788122 0.41119578281714936 0.004290164668236711
obtain 0.0020064205457463883 0.3526016185510966 7.074671319243511E-4
development 8.025682182985554E-4 0.5596157879354227 4.4912984585507434E-4
individual 4.012841091492777E-4 0.6214911916535102 2.493945391868018E-4
resource 4.012841091492777E-4 1.1043429633770947 4.4315528225405084E-4
timing 8.025682182985554E-4 2.331572629867298 0.0018712460913862744
both 8.025682182985554E-4 0.13434805253107854 1.0782347715174842E-4
prognostic 8.025682182985554E-4 2.8622008809294686 0.0022971114614201192
important 8.025682182985554E-4 0.2669461739726028 2.14242515226808E-4
most 8.025682182985554E-4 0.0771896386911299 6.194995079544936E-5
transfer 0.02608346709470305 1.5271998141971284 0.03983466610064741
elise 0.0028089887640449437 4.471638793363569 0.012560783127425755
outside 0.004414125200642055 1.4035858582299516 0.006195603708077636
effect 4.012841091492777E-4 0.4919571394616079 1.974145824484783E-4
intervention 0.0032102728731942215 1.5012243277938677 0.004819339736095884
send 4.012841091492777E-4 1.9459101490553132 7.808628206481996E-4
who 0.0028089887640449437 0.44628710262841953 0.0012536154568214032
repair 0.0028089887640449437 2.2203469947570738 0.006236929760553578
note 8.025682182985554E-4 0.5013468798114469 4.023650720798129E-4
limitation 0.001203852327447833 0.6988778552689304 8.413457326672517E-4
kuhn 8.025682182985554E-4 4.471638793363569 0.0035887951792645018
anatomic 8.025682182985554E-4 2.8622008809294686 0.0022971114614201192
purpose 8.025682182985554E-4 0.9021060968821986 7.240016828910101E-4
arrival 0.0016051364365971107 3.0853444322436783 0.004952398767646354
scale 8.025682182985554E-4 1.2135422553420867 9.739504456999091E-4
recovery 8.025682182985554E-4 2.2203469947570738 0.0017819799315867365
vincent 0.0028089887640449437 5.1647859739235145 0.014507825769448073
ocular 0.00882825040128411 1.5538680612792897 0.01371793633553145
can 0.002407704654895666 0.0958817717032825 2.3085498804963683E-4
inclusion 0.0028089887640449437 1.3581234841531944 0.003814953607171894
general 8.025682182985554E-4 0.4734380916943703 3.7996636572581885E-4
september 0.0028089887640449437 2.2203469947570738 0.006236929760553578
ophthalmologic 8.025682182985554E-4 3.7784916128036232 0.003032497281543839
zoi 0.001203852327447833 5.1647859739235145 0.006217639615477746
patient 0.0040128410914927765 0.8743265327751228 0.003508533438102419
spend 4.012841091492777E-4 1.9867321435755685 7.972440383529569E-4
david 0.0028089887640449437 2.2744142160273495 0.006388803977604914
hospital 0.0028089887640449437 1.3805963400052528 0.003878079606756328
value 4.012841091492777E-4 0.34450440831847723 1.3824414459007915E-4
postoperative 8.025682182985554E-4 2.0292917579943643 0.0016286450706214802
process 0.001203852327447833 0.41985384556026406 5.054420291656469E-4
quantity 8.025682182985554E-4 2.2744142160273495 0.0018253725650299755
limited 0.001203852327447833 0.5696661237889241 6.857938889914816E-4
also 8.025682182985554E-4 0.05279818556697083 4.237414571988028E-5
increase 8.025682182985554E-4 0.16083966797805488 1.2908480576087871E-4
follow 0.001203852327447833 0.0958817717032825 1.1542749402481841E-4
instead 8.025682182985554E-4 1.0376515888784226 8.327861869008206E-4
controversy 4.012841091492777E-4 3.2188758248682006 0.0012916837178443823
differ 4.012841091492777E-4 1.0059028905638423 4.036528453305948E-4
third 8.025682182985554E-4 0.990398704027877 7.948625232968515E-4
approve 4.012841091492777E-4 1.3805963400052528 5.540113723937611E-4
variable 4.012841091492777E-4 0.8080771472339223 3.2426851815165424E-4
investigation 0.001203852327447833 1.8325814637483102 0.00220615746037116
further 0.0028089887640449437 0.27443684570176036 7.708900160161808E-4
category 0.0016051364365971107 0.8080771472339223 0.001297074072606617
account 8.025682182985554E-4 0.7459453661269161 5.986720434405426E-4
