half 0.002172338884866039 1.3805963400052528 0.0029991231136971457
bad 7.24112961622013E-4 1.4271163556401458 0.0010333934508618
year 7.24112961622013E-4 0.5203950747821414 3.7682481881400536E-4
iol 0.005792903692976104 4.471638793363569 0.02590377287973103
predispose 7.24112961622013E-4 3.0853444322436783 0.002234137894455958
rupture 0.002172338884866039 2.7668907011251433 0.006010624260228407
setting 0.001448225923244026 1.1394342831883648 0.0016501582667463647
score 0.003620564808110065 1.0059028905638423 0.0036419366059516375
acuity 0.003620564808110065 1.5271998141971284 0.005529325902234353
poor 0.003620564808110065 0.9452782687474074 0.0034224412336980718
record 7.24112961622013E-4 0.8340526336371831 6.039483226916604E-4
vitreous 0.004344677769732078 1.906689435902032 0.008283951205946556
visual 0.013758146270818247 1.157452788691043 0.015924404768377854
calculate 7.24112961622013E-4 0.7221347174331975 5.22907108930628E-4
because 0.001448225923244026 0.34450440831847723 4.989202147986636E-4
trauma 0.004344677769732078 2.2203469947570738 0.009646692229212486
iris 0.002896451846488052 3.2188758248682006 0.00932331882655525
impact 0.001448225923244026 0.6874491594453075 9.9558169362101E-4
posterior 0.003620564808110065 1.8325814637483102 0.006634979955641963
require 7.24112961622013E-4 0.3127557100038969 2.2647046343511723E-4
artery 0.001448225923244026 2.6798793241355137 0.0038810707083787306
analysis 7.24112961622013E-4 0.13434805253107854 9.728316620642906E-5
population 0.003620564808110065 0.9021060968821986 0.003266133587553217
extend 7.24112961622013E-4 1.4512139072192063 0.0010508428003035526
globe 0.001448225923244026 2.2203469947570738 0.003215564076404162
selection 0.001448225923244026 1.0872485300177945 0.0015745815061807306
size 0.00941346850108617 0.12136085700426753 0.0011424266046744954
correlation 0.002172338884866039 1.293584963015623 0.0028101049160368353
left 0.001448225923244026 1.2729656758128876 0.0018435418911120745
dementia 0.001448225923244026 4.0661736852554045 0.005888738139399572
object 7.24112961622013E-4 1.7635885922613586 0.001277037358625169
appropriate 0.001448225923244026 1.0539121097502027 0.0015263028381610464
average 0.001448225923244026 0.7104386776700063 0.00102887570987691
compare 0.001448225923244026 0.17435338714477774 2.5250309506846884E-4
statistical 0.001448225923244026 0.653926467406664 9.470332619937205E-4
deal 7.24112961622013E-4 1.3361445774344192 9.675196071212304E-4
be 7.24112961622013E-4 0.017291497110061043 1.2520997183244781E-5
criterion 7.24112961622013E-4 1.0376515888784226 7.51376965154542E-4
achieve 0.001448225923244026 0.6109090823229731 8.847343697653484E-4
least 0.002172338884866039 0.653926467406664 0.001420549892990581
intraocular 0.002896451846488052 1.6990500711237875 0.0049212167157821505
characteristic 7.24112961622013E-4 0.664976303593249 4.815179606033664E-4
anterior 0.001448225923244026 1.906689435902032 0.0027613170686488515
result 7.24112961622013E-4 0.058840500022933395 4.260716873492642E-5
same 0.001448225923244026 0.2972515234679317 4.3048736201003866E-4
whom 0.002172338884866039 2.2203469947570738 0.004823346114606243
after 0.002896451846488052 0.12136085700426753 3.5151587836138314E-4
hand 0.001448225923244026 1.4512139072192063 0.002101685600607105
address 7.24112961622013E-4 0.7827593392496325 5.668061833813414E-4
committee 0.001448225923244026 2.120263536200091 0.00307062061723402
predictive 0.002172338884866039 1.5012243277938677 0.0032611679821735
procedure 0.001448225923244026 0.8080771472339223 0.001170278272605246
sample 0.001448225923244026 0.6321864807702582 9.155488497758988E-4
enucleation 0.002172338884866039 2.6798793241355137 0.0058216060625680965
the 0.049239681390296886 0.017291497110061043 8.514278084606451E-4
seth 0.005792903692976104 5.1647859739235145 0.02991910774177271
meet 7.24112961622013E-4 1.1394342831883648 8.250791333731823E-4
series 0.002172338884866039 1.1758019273592397 0.0025542402477029104
subconjunctival 0.001448225923244026 3.5553480614894135 0.0051489472288043635
aging 0.001448225923244026 3.5553480614894135 0.0051489472288043635
surgery 0.002172338884866039 1.6094379124341003 0.0034962445599582195
represent 7.24112961622013E-4 0.4285875255290187 3.1034578242506783E-4
discuss 7.24112961622013E-4 0.7827593392496325 5.668061833813414E-4
standard 0.004344677769732078 0.7221347174331975 0.003137442653583769
november 0.005792903692976104 1.1758019273592397 0.00681130732720776
do 7.24112961622013E-4 0.14750613710858965 1.0681110579912356E-4
good 7.24112961622013E-4 0.2160260835453457 1.5642728714362469E-4
incumbent 0.001448225923244026 5.1647859739235145 0.007479776935443177
later 0.001448225923244026 1.3361445774344192 0.0019350392142424607
prior 0.002172338884866039 0.8209805520698303 0.0017834479769800805
serious 0.001448225923244026 2.120263536200091 0.00307062061723402
surgical 0.004344677769732078 1.6384254493073527 0.0071184306269689475
which 0.002172338884866039 0.023122417420854212 5.0229726475425515E-5
detachment 0.002172338884866039 2.2744142160273495 0.004940798441768319
educational 0.001448225923244026 2.5257286443082556 0.0036578256977672055
test 0.002172338884866039 0.44628710262841953 9.694868268539165E-4
commonly 0.002172338884866039 1.0216512475319812 0.002219372731785622
pose 0.001448225923244026 1.8325814637483102 0.002653991982256785
need 7.24112961622013E-4 0.27443684570176036 1.9872327711930508E-4
typically 0.001448225923244026 1.1394342831883648 0.0016501582667463647
often 0.002172338884866039 0.5900749954201312 0.001281842857538301
profound 0.002172338884866039 3.0853444322436783 0.006702413683367874
vision 0.002172338884866039 1.4035858582299516 0.0030490641380809956
month 7.24112961622013E-4 1.1758019273592397 8.5141341590097E-4
bullous 0.001448225923244026 4.0661736852554045 0.005888738139399572
circumstance 7.24112961622013E-4 2.7668907011251433 0.0020035414200761355
final 0.015930485155684286 0.6988778552689304 0.011133463298998168
therefore 0.001448225923244026 1.1394342831883648 0.0016501582667463647
relatively 0.001448225923244026 0.8209805520698303 0.0011889653179867202
united 0.002172338884866039 1.5812670354674039 0.003435047868502688
young 0.001448225923244026 1.5271998141971284 0.002211730360893741
for 0.00941346850108617 0.017291497110061043 1.6277296338218218E-4
lens 0.001448225923244026 1.8689491079191851 0.0027066605473123604
primarily 0.001448225923244026 1.4512139072192063 0.002101685600607105
meskin 0.005792903692976104 5.1647859739235145 0.02991910774177271
traumatic 0.002172338884866039 2.5257286443082556 0.0054867385466508085
previously 0.002172338884866039 0.8340526336371831 0.0018118449680749815
responsible 0.001448225923244026 1.6682784124570338 0.0024160440441086655
human 0.001448225923244026 0.8743265327751228 0.0012662223501450005
class 0.001448225923244026 1.2135422553420867 0.001757483353138431
over 0.001448225923244026 0.3364722366212129 4.872878155267384E-4
six 0.001448225923244026 0.9162907318741551 0.0013269959911283925
identify 7.24112961622013E-4 0.3049735695618419 2.2083531467186233E-4
perform 7.24112961622013E-4 0.2669461739726028 1.9329918462896651E-4
multiple 0.001448225923244026 0.5108256237659907 7.397909105952074E-4
retrospective 0.002172338884866039 1.4271163556401458 0.0031001803525854002
versus 0.005792903692976104 1.6094379124341003 0.00932331882655525
with 0.02172338884866039 0.017291497110061043 3.7562991549734345E-4
material 7.24112961622013E-4 1.0059028905638423 7.283873211903274E-4
approximately 0.002172338884866039 0.9452782687474074 0.002053464740218843
although 0.001448225923244026 0.4285875255290187 6.206915648501357E-4
publish 7.24112961622013E-4 0.03488725900044054 2.526231643768323E-5
there 0.003620564808110065 0.12136085700426753 4.393948479517289E-4
endophthalmitis 0.001448225923244026 2.169053700369523 0.0031412797977835236
hypertension 0.001448225923244026 3.0853444322436783 0.004468275788911916
significantly 0.002172338884866039 0.5900749954201312 0.001281842857538301
age 0.002896451846488052 0.9452782687474074 0.0027379529869584573
phacoemulsification 0.001448225923244026 3.2188758248682006 0.004661659413277625
very 0.001448225923244026 0.5596157879354227 8.104500911447105E-4
tendency 0.001448225923244026 2.169053700369523 0.0031412797977835236
delayed 0.003620564808110065 2.169053700369523 0.007853199494458809
number 0.001448225923244026 0.14750613710858965 2.1362221159824713E-4
four 0.002172338884866039 0.4643056081310978 0.001008629127004557
odds 0.001448225923244026 2.7668907011251433 0.004007082840152271
corneoscleral 0.002172338884866039 3.7784916128036232 0.008208164256633505
majority 0.002896451846488052 0.9452782687474074 0.0027379529869584573
likely 0.002896451846488052 0.5798184952529422 0.0016794163512033082
large 7.24112961622013E-4 0.22314355131420976 1.6158113780898606E-4
likelihood 0.002172338884866039 1.7635885922613586 0.0038311120758755075
limbal 0.001448225923244026 5.1647859739235145 0.007479776935443177
expulsion 0.002172338884866039 4.0661736852554045 0.008833107209099359
retinal 0.001448225923244026 1.730798769438368 0.0025065876458195044
woman 7.24112961622013E-4 2.0292917579943643 0.0014694364648764405
aim 0.001448225923244026 0.6109090823229731 8.847343697653484E-4
respectively 0.001448225923244026 1.9459101490553132 0.002818117522165551
prevalence 0.001448225923244026 1.8689491079191851 0.0027066605473123604
conjunction 0.001448225923244026 2.331572629867298 0.003376643924500069
yield 0.001448225923244026 1.4512139072192063 0.002101685600607105
have 0.002896451846488052 0.017291497110061043 5.0083988732979125E-5
december 0.001448225923244026 1.3361445774344192 0.0019350392142424607
ability 0.001448225923244026 0.8881198549074587 0.0012861981968247049
outcome 7.24112961622013E-4 0.8472978603872037 6.13539363060973E-4
table 0.010861694424330196 0.18117935221517753 0.0019679147597593503
consequence 0.001448225923244026 1.79749014393704 0.002603171823225257
particularly 0.002172338884866039 0.9751312318970885 0.0021183154928973683
within 0.002172338884866039 0.3127557100038969 6.794113903053517E-4
could 0.001448225923244026 0.22314355131420976 3.231622756179721E-4
health 0.001448225923244026 0.990398704027877 0.001434321077520459
sharp 0.001448225923244026 2.7668907011251433 0.004007082840152271
future 0.002172338884866039 0.48265474679929443 0.0010484896744372798
report 0.002172338884866039 0.3364722366212129 7.309317232901077E-4
dislocate 7.24112961622013E-4 3.7784916128036232 0.002736054752211168
entity 7.24112961622013E-4 1.9867321435755685 0.0014386184964341553
hemorrhage 0.002172338884866039 2.2744142160273495 0.004940798441768319
eyelid 0.001448225923244026 3.2188758248682006 0.004661659413277625
use 7.24112961622013E-4 0.03488725900044054 2.526231643768323E-5
sign 7.24112961622013E-4 1.5812670354674039 0.0011450159561675625
while 0.003620564808110065 0.20895891632225325 7.56549298777166E-4
upon 0.001448225923244026 1.5538680612792897 0.002250352007645604
associate 7.24112961622013E-4 0.38566248081198473 2.7926320116725904E-4
perception 0.002896451846488052 1.252762968495368 0.003628567613310262
that 0.002172338884866039 0.017291497110061043 3.7562991549734345E-5
download 0.004344677769732078 0.24480504809538922 0.0010635990503782297
than 0.004344677769732078 0.058840500022933395 2.556430124095586E-4
limit 7.24112961622013E-4 1.3146383722134554 9.519466851654274E-4
demographically 0.001448225923244026 5.1647859739235145 0.007479776935443177
all 0.010137581462708182 0.017291497110061043 1.7529396056542693E-4
comparison 0.001448225923244026 0.6988778552689304 0.0010121330271816516
level 7.24112961622013E-4 0.4373981552111735 3.167256735779677E-4
occur 7.24112961622013E-4 0.6109090823229731 4.423671848826742E-4
author 7.24112961622013E-4 0.017291497110061043 1.2520997183244781E-5
less 0.001448225923244026 0.36076492919025743 5.224691226506262E-4
unpaired 0.001448225923244026 3.373026504695459 0.004884904423889151
osteoporosis 0.001448225923244026 5.1647859739235145 0.007479776935443177
ecce 0.003620564808110065 5.1647859739235145 0.018699442338607944
proliferative 0.001448225923244026 2.6798793241355137 0.0038810707083787306
phakic 0.002172338884866039 3.2188758248682006 0.006992489119916439
present 0.002896451846488052 0.083381608939051 2.4151081517465893E-4
datum 7.24112961622013E-4 0.167573700159399 1.2134228831238161E-4
dislocation 0.001448225923244026 3.5553480614894135 0.0051489472288043635
predominant 0.001448225923244026 2.5998366164619773 0.003765150784159272
elderly 0.002172338884866039 2.6798793241355137 0.0058216060625680965
university 0.001448225923244026 1.1043429633770947 0.0015993381077148365
cause 0.001448225923244026 0.5398131606392429 7.817714129460433E-4
investigate 0.001448225923244026 0.653926467406664 9.470332619937205E-4
ron 0.005792903692976104 5.1647859739235145 0.02991910774177271
wound 0.0166545981173063 2.456735772821304 0.040915946976748725
total 0.002896451846488052 0.5108256237659907 0.0014795818211904147
uncommon 0.001448225923244026 2.9675613965872945 0.0042976993433559655
pkp 0.002896451846488052 4.471638793363569 0.012951886439865515
hour 7.24112961622013E-4 1.5812670354674039 0.0011450159561675625
and 0.06372194062273714 0.017291497110061043 0.0011018477521255407
vitreoretinopathy 0.001448225923244026 3.5553480614894135 0.0051489472288043635
design 0.001448225923244026 0.6004377824556778 8.695695618474696E-4
define 7.24112961622013E-4 0.3526016185510966 2.553234022817499E-4
magnitude 0.001448225923244026 2.0292917579943643 0.002938872929752881
render 0.001448225923244026 2.8622008809294686 0.004145113513293944
facial 0.002172338884866039 4.0661736852554045 0.008833107209099359
haven 0.001448225923244026 5.1647859739235145 0.007479776935443177
chance 0.001448225923244026 2.169053700369523 0.0031412797977835236
determine 0.001448225923244026 0.40261203912575794 5.830731920720607E-4
ot 7.24112961622013E-4 3.2188758248682006 0.0023308297066388125
nature 0.001448225923244026 1.0216512475319812 0.0014795818211904145
blunt 0.003620564808110065 4.471638793363569 0.016189858049831893
accord 7.24112961622013E-4 0.4919571394616079 3.562325412466386E-4
aforementioned 0.001448225923244026 2.0292917579943643 0.002938872929752881
control 0.001448225923244026 0.5398131606392429 7.817714129460433E-4
deviation 0.001448225923244026 1.6682784124570338 0.0024160440441086655
specific 0.001448225923244026 0.40261203912575794 5.830731920720607E-4
despite 0.001448225923244026 0.7221347174331975 0.001045814217861256
due 0.002896451846488052 0.20895891632225325 6.052394390217327E-4
choroidal 0.002172338884866039 2.5998366164619773 0.0056477261762389085
martin 0.005792903692976104 3.2188758248682006 0.0186466376531105
threat 0.001448225923244026 2.5998366164619773 0.003765150784159272
accurate 0.001448225923244026 1.3805963400052528 0.00199941540913143
orbital 0.001448225923244026 2.5998366164619773 0.003765150784159272
discussion 0.002172338884866039 0.23031204079282225 5.003158018671012E-4
outpatient 0.001448225923244026 2.456735772821304 0.0035579084327607585
injure 7.24112961622013E-4 3.0853444322436783 0.002234137894455958
maximize 7.24112961622013E-4 2.331572629867298 0.0016883219622500344
eventual 0.001448225923244026 3.7784916128036232 0.005472109504422336
injury 0.011585807385952208 1.9867321435755685 0.023017895942946485
state 7.24112961622013E-4 0.6761496041913742 4.896086923905678E-4
they 0.001448225923244026 0.05279818556697083 7.646370103833573E-5
old 7.24112961622013E-4 1.5012243277938677 0.0010870559940578332
each 0.001448225923244026 0.13434805253107854 1.945663324128581E-4
eye 0.004344677769732078 1.4035858582299516 0.006098128276161991
prolapse 0.001448225923244026 3.7784916128036232 0.005472109504422336
twelve 0.001448225923244026 2.9675613965872945 0.0042976993433559655
unique 0.001448225923244026 1.157452788691043 0.0016762531335134583
difference 0.001448225923244026 0.36076492919025743 5.224691226506262E-4
motor 0.001448225923244026 3.0853444322436783 0.004468275788911916
functional 0.001448225923244026 1.4759065198095778 0.002137446082273103
corneal 0.001448225923244026 1.9459101490553132 0.002818117522165551
frequently 0.001448225923244026 1.157452788691043 0.0016762531335134583
osteoarthritis 0.001448225923244026 4.471638793363569 0.006475943219932757
association 7.24112961622013E-4 1.0376515888784226 7.51376965154542E-4
two 0.001448225923244026 0.11492996667397702 1.664445570948255E-4
sa 7.24112961622013E-4 3.373026504695459 0.0024424522119445755
mechanism 0.003620564808110065 1.1043429633770947 0.003998345269287091
receive 7.24112961622013E-4 0.653926467406664 4.7351663099686023E-4
cataract 0.005068790731354091 2.5257286443082556 0.01280238994218522
one 0.003620564808110065 0.06491954609931569 2.3504542396566143E-4
cardiovascular 0.001448225923244026 2.9675613965872945 0.0042976993433559655
confirm 0.001448225923244026 0.8209805520698303 0.0011889653179867202
appear 7.24112961622013E-4 0.7459453661269161 5.40148708274378E-4
face 0.001448225923244026 1.5538680612792897 0.002250352007645604
mortality 0.001448225923244026 2.392197251683733 0.0034644420734014957
describe 7.24112961622013E-4 0.28958865072236245 2.0969489552669256E-4
chart 0.001448225923244026 1.6990500711237875 0.0024606083578910753
pseudophakic 0.015930485155684286 3.2188758248682006 0.05127825354605388
ratio 0.002896451846488052 1.0704414117014134 0.0031004820034798357
but 0.002172338884866039 0.083381608939051 1.811331113809942E-4
antibiotic 7.24112961622013E-4 2.169053700369523 0.0015706398988917618
bcva 0.01448225923244026 3.0853444322436783 0.044682757889119164
medical 0.001448225923244026 0.9600933545325481 0.0013904320847683534
predominantly 0.001448225923244026 2.5257286443082556 0.0036578256977672055
glaucoma 0.001448225923244026 2.331572629867298 0.003376643924500069
seven 0.001448225923244026 1.5538680612792897 0.002250352007645604
remains 0.001448225923244026 1.4512139072192063 0.002101685600607105
layering 0.001448225923244026 5.1647859739235145 0.007479776935443177
presentation 0.002172338884866039 1.6094379124341003 0.0034962445599582195
domestic 0.001448225923244026 2.7668907011251433 0.004007082840152271
school 0.001448225923244026 2.120263536200091 0.00307062061723402
anecdotal 0.001448225923244026 4.471638793363569 0.006475943219932757
coronary 0.001448225923244026 3.5553480614894135 0.0051489472288043635
this 0.005068790731354091 0.017291497110061043 8.764698028271346E-5
significant 0.003620564808110065 0.377294231141468 0.0013660182155737436
develop 0.001448225923244026 0.32850406697203605 4.7574810567999423E-4
finding 7.24112961622013E-4 0.7459453661269161 5.40148708274378E-4
decrease 7.24112961622013E-4 0.7827593392496325 5.668061833813414E-4
adelman 0.005792903692976104 5.1647859739235145 0.02991910774177271
involved 0.002172338884866039 1.1043429633770947 0.002399007161572255
yale 0.001448225923244026 5.1647859739235145 0.007479776935443177
demonstrate 0.001448225923244026 0.5108256237659907 7.397909105952074E-4
full 0.002172338884866039 0.14750613710858965 3.204333173973707E-4
absence 0.001448225923244026 1.3581234841531944 0.0019668696367171534
vitrectomy 0.001448225923244026 2.073743520565198 0.0030032491246418506
we 7.24112961622013E-4 0.19497267434751336 1.4118224065714217E-4
not 0.002896451846488052 0.03488725900044054 1.0104926575073292E-4
common 0.003620564808110065 0.3526016185510966 0.0012766170114087495
examination 0.002172338884866039 1.5012243277938677 0.0032611679821735
morbidity 0.001448225923244026 3.0853444322436783 0.004468275788911916
factor 7.24112961622013E-4 0.38566248081198473 2.7926320116725904E-4
nonclearing 0.001448225923244026 4.0661736852554045 0.005888738139399572
registry 0.001448225923244026 2.8622008809294686 0.004145113513293944
figure 0.005068790731354091 0.18805223150293962 9.531974080525541E-4
disease 0.001448225923244026 1.1758019273592397 0.00170282683180194
laceration 0.001448225923244026 3.5553480614894135 0.0051489472288043635
location 0.002172338884866039 1.3805963400052528 0.0029991231136971457
risk 0.002896451846488052 0.758066726659261 0.00219570377019337
time 0.008689355539464157 0.167573700159399 0.0014561074597485794
during 0.002172338884866039 0.28958865072236245 6.290846865800778E-4
three 0.001448225923244026 0.22314355131420976 3.231622756179721E-4
hyphema 0.003620564808110065 3.7784916128036232 0.013680273761055841
loss 0.001448225923244026 0.9162907318741551 0.0013269959911283925
variably 0.001448225923244026 5.1647859739235145 0.007479776935443177
review 0.002172338884866039 0.4734380916943703 0.0010284679761644539
geriatric 0.005792903692976104 4.471638793363569 0.02590377287973103
presence 0.002172338884866039 0.9751312318970885 0.0021183154928973683
between 0.004344677769732078 0.058840500022933395 2.556430124095586E-4
case 0.001448225923244026 0.24480504809538922 3.545330167927432E-4
method 7.24112961622013E-4 0.0958817717032825 6.942923367362962E-5
rendering 0.001448225923244026 4.0661736852554045 0.005888738139399572
extraction 0.001448225923244026 1.3361445774344192 0.0019350392142424607
pvr 0.002172338884866039 4.0661736852554045 0.008833107209099359
susceptible 0.001448225923244026 2.8622008809294686 0.004145113513293944
exist 7.24112961622013E-4 0.664976303593249 4.815179606033664E-4
light 0.002896451846488052 1.2729656758128876 0.003687083782224149
among 0.001448225923244026 0.32850406697203605 4.7574810567999423E-4
exact 0.003620564808110065 1.5271998141971284 0.005529325902234353
expulse 7.24112961622013E-4 5.1647859739235145 0.0037398884677215887
primary 0.001448225923244026 0.9306794693262548 0.0013478341337092754
keratoplasty 0.001448225923244026 4.0661736852554045 0.005888738139399572
damage 0.002172338884866039 1.6384254493073527 0.0035592153134844737
study 0.003620564808110065 0.07103577311675174 2.571896202634024E-4
preterminal 0.001448225923244026 4.471638793363569 0.006475943219932757
periorbital 0.001448225923244026 4.471638793363569 0.006475943219932757
iii 0.001448225923244026 2.9675613965872945 0.0042976993433559655
direct 0.002172338884866039 0.8743265327751228 0.0018993335252175008
extracapsular 0.004344677769732078 4.471638793363569 0.019427829659798272
foreign 0.002172338884866039 2.120263536200091 0.004605930925851031
vehicle 0.001448225923244026 2.7668907011251433 0.004007082840152271
fall 0.005068790731354091 1.6682784124570338 0.00845615415438033
low 7.24112961622013E-4 0.28958865072236245 2.0969489552669256E-4
ophthalmic 0.001448225923244026 2.169053700369523 0.0031412797977835236
adnexal 0.002896451846488052 4.0661736852554045 0.011777476278799144
indoors 0.001448225923244026 5.1647859739235145 0.007479776935443177
include 0.001448225923244026 0.0771896386911299 1.1178803575833438E-4
initial 0.005792903692976104 0.6988778552689304 0.004048532108726606
more 0.003620564808110065 0.05279818556697083 1.9115925259583934E-4
display 0.002172338884866039 0.16083966797805488 3.493982649776717E-4
csvdisplay 0.004344677769732078 0.2669461739726028 0.0011597951077737991
suggest 0.001448225923244026 0.5013468798114469 7.260635478804443E-4
january 0.001448225923244026 1.3581234841531944 0.0019668696367171534
diabetes 0.001448225923244026 2.456735772821304 0.0035579084327607585
incidence 0.001448225923244026 1.6094379124341003 0.0023308297066388125
economic 0.001448225923244026 1.6990500711237875 0.0024606083578910753
shaheen 0.005792903692976104 5.1647859739235145 0.02991910774177271
date 0.002172338884866039 1.6384254493073527 0.0035592153134844737
small 0.001448225923244026 0.45525577261118 6.593132116019985E-4
reveal 7.24112961622013E-4 1.0216512475319812 7.397909105952072E-4
protocol 0.001448225923244026 1.6384254493073527 0.002372810208989649
chamber 0.001448225923244026 2.2203469947570738 0.003215564076404162
zone 0.001448225923244026 2.169053700369523 0.0031412797977835236
few 0.001448225923244026 0.5013468798114469 7.260635478804443E-4
from 0.002172338884866039 0.023122417420854212 5.0229726475425515E-5
consider 7.24112961622013E-4 0.17435338714477774 1.2625154753423442E-4
potential 0.001448225923244026 0.4373981552111735 6.334513471559354E-4
combination 0.001448225923244026 0.6761496041913742 9.792173847811357E-4
obtain 0.001448225923244026 0.3526016185510966 5.106468045634998E-4
dehiscence 0.001448225923244026 5.1647859739235145 0.007479776935443177
phthisis 0.002896451846488052 3.2188758248682006 0.00932331882655525
uveal 0.002172338884866039 3.373026504695459 0.007327356635833727
history 0.005068790731354091 1.2329603411991883 0.0062496179495976235
both 0.001448225923244026 0.13434805253107854 1.945663324128581E-4
most 0.005068790731354091 0.0771896386911299 3.9125812515417035E-4
prognostic 0.002896451846488052 2.8622008809294686 0.008290227026587889
important 0.002172338884866039 0.2669461739726028 5.798975538868996E-4
person 7.24112961622013E-4 0.9021060968821986 6.532267175106434E-4
limbus 0.002172338884866039 3.7784916128036232 0.008208164256633505
intervention 7.24112961622013E-4 1.5012243277938677 0.0010870559940578332
clinically 0.001448225923244026 2.2744142160273495 0.003293865627845546
sustain 7.24112961622013E-4 2.456735772821304 0.0017789542163803792
who 0.002896451846488052 0.44628710262841953 0.0012926491024718885
repair 0.001448225923244026 2.2203469947570738 0.003215564076404162
note 7.24112961622013E-4 0.5013468798114469 3.6303177394022217E-4
limitation 7.24112961622013E-4 0.6988778552689304 5.060665135908258E-4
contribute 0.001448225923244026 0.6874491594453075 9.9558169362101E-4
recovery 0.001448225923244026 2.2203469947570738 0.003215564076404162
penetrate 7.24112961622013E-4 2.5257286443082556 0.0018289128488836028
ocular 0.010137581462708182 1.5538680612792897 0.015752464053519228
inclusion 0.002172338884866039 1.3581234841531944 0.00295030445507573
tend 7.24112961622013E-4 1.1394342831883648 8.250791333731823E-4
database 0.001448225923244026 1.2329603411991883 0.0017856051284564638
intravenous 0.001448225923244026 2.6798793241355137 0.0038810707083787306
public 0.001448225923244026 1.3361445774344192 0.0019350392142424607
patient 0.003620564808110065 0.8743265327751228 0.0031655558753625013
predictor 0.001448225923244026 1.8325814637483102 0.002653991982256785
hospital 0.002172338884866039 1.3805963400052528 0.0029991231136971457
introduction 0.001448225923244026 0.10219094089654716 1.479955697270777E-4
ecchymosis 0.002172338884866039 4.471638793363569 0.009713914829899136
postoperative 0.001448225923244026 2.0292917579943643 0.002938872929752881
inverse 0.001448225923244026 2.6798793241355137 0.0038810707083787306
hospitalization 0.001448225923244026 3.373026504695459 0.004884904423889151
motion 0.001448225923244026 2.073743520565198 0.0030032491246418506
will 0.001448225923244026 0.3526016185510966 5.106468045634998E-4
also 0.004344677769732078 0.05279818556697083 2.2939110311500724E-4
increase 0.001448225923244026 0.16083966797805488 2.3293217665178113E-4
tabulation 0.001448225923244026 4.471638793363569 0.006475943219932757
approve 7.24112961622013E-4 1.3805963400052528 9.99707704565715E-4
mean 0.004344677769732078 0.5398131606392429 0.00234531423883813
neither 0.001448225923244026 1.8325814637483102 0.002653991982256785
variable 7.24112961622013E-4 0.8080771472339223 5.85139136302623E-4
investigation 7.24112961622013E-4 1.8325814637483102 0.0013269959911283925
further 0.001448225923244026 0.27443684570176036 3.9744655423861017E-4
category 7.24112961622013E-4 0.8080771472339223 5.85139136302623E-4
account 0.001448225923244026 0.7459453661269161 0.001080297416548756
