extent 8.976660682226212E-4 1.3805963400052528 0.0012393144883350565
half 0.0013464991023339318 1.3805963400052528 0.0018589717325025847
bad 4.488330341113106E-4 1.4271163556401458 6.405369639318428E-4
year 4.488330341113106E-4 0.5203950747821414 2.335705003510509E-4
numerous 8.976660682226212E-4 1.6384254493073527 0.0014707589311556129
accuracy 8.976660682226212E-4 1.0539121097502027 9.460611398116721E-4
without 8.976660682226212E-4 0.32850406697203605 2.9488695419392825E-4
evaluation 0.0026929982046678637 0.7827593392496325 0.0021079694952862633
score 0.0013464991023339318 1.0059028905638423 0.0013544473391793209
would 8.976660682226212E-4 0.5013468798114469 4.5004208241602057E-4
poor 4.488330341113106E-4 0.9452782687474074 4.2427211344138574E-4
record 8.976660682226212E-4 0.8340526336371831 7.487007483278125E-4
complex 8.976660682226212E-4 0.8472978603872037 7.605905389472205E-4
understanding 0.0013464991023339318 0.990398704027877 0.0013335709659262258
because 0.0013464991023339318 0.34450440831847723 4.638748765509119E-4
diagnostic 8.976660682226212E-4 2.0292917579943643 0.001821626353675372
addition 8.976660682226212E-4 0.7953381214564925 7.139480443954152E-4
impact 0.0013464991023339318 0.6874491594453075 9.256496760933225E-4
documentation 0.0013464991023339318 2.392197251683733 0.003221091451997845
opportunity 8.976660682226212E-4 1.3361445774344192 0.0011994116494025307
require 4.488330341113106E-4 0.3127557100038969 1.4037509425668623E-4
analysis 0.002244165170556553 0.13434805253107854 3.014992202223486E-4
overdispersion 0.0013464991023339318 5.1647859739235145 0.006954379677634894
version 8.976660682226212E-4 1.293584963015623 0.0011612073276621392
whose 8.976660682226212E-4 1.730798769438368 0.001553679326246291
ehr 0.004937163375224416 2.8622008809294686 0.014131153361860032
population 0.0031418312387791743 0.9021060968821986 0.0028342651158776437
selection 8.976660682226212E-4 1.0872485300177945 9.759861131218982E-4
steven 0.0031418312387791743 3.7784916128036232 0.011871382984571528
size 0.0013464991023339318 0.12136085700426753 1.634122850147229E-4
institute 8.976660682226212E-4 2.169053700369523 0.0019470859069744375
adult 4.488330341113106E-4 1.730798769438368 7.768396631231455E-4
drive 8.976660682226212E-4 1.5271998141971284 0.001370915452600654
amedication 0.0013464991023339318 5.1647859739235145 0.006954379677634894
relative 0.0013464991023339318 1.0376515888784226 0.001397196932960174
organ 8.976660682226212E-4 2.7668907011251433 0.002483743896880739
appropriate 8.976660682226212E-4 1.0539121097502027 9.460611398116721E-4
treatment 0.0013464991023339318 0.9162907318741551 0.0012337846479454513
average 8.976660682226212E-4 0.7104386776700063 6.377366944973127E-4
compare 4.488330341113106E-4 0.17435338714477774 7.825555975977457E-5
statistical 0.0017953321364452424 0.653926467406664 0.0011740152018072964
be 4.488330341113106E-4 0.017291497110061043 7.760995112235657E-6
criterion 4.488330341113106E-4 1.0376515888784226 4.657323109867247E-4
nonsteroidal 0.0017953321364452424 4.471638793363569 0.008028076828300843
stepwise 8.976660682226212E-4 3.373026504695459 0.0030278514404806635
least 8.976660682226212E-4 0.653926467406664 5.870076009036482E-4
iqr 0.0013464991023339318 4.471638793363569 0.0060210576212256315
characteristic 4.488330341113106E-4 0.664976303593249 2.98463331953882E-4
example 8.976660682226212E-4 0.6988778552689304 6.273589365071189E-4
result 4.488330341113106E-4 0.058840500022933395 2.6409560153919838E-5
sleep 0.0013464991023339318 3.2188758248682006 0.0043342134087094265
how 0.0017953321364452424 0.5496654570822546 9.868320593936347E-4
coding 0.0013464991023339318 2.169053700369523 0.002920628860461656
search 8.976660682226212E-4 1.0059028905638423 9.029648927862139E-4
vocabulary 8.976660682226212E-4 2.073743520565198 0.0018615291926078977
same 8.976660682226212E-4 0.2972515234679317 2.6683260634464246E-4
integral 8.976660682226212E-4 2.5998366164619773 0.002333785113520626
whom 8.976660682226212E-4 2.2203469947570738 0.001993130156873495
national 8.976660682226212E-4 1.293584963015623 0.0011612073276621392
indicate 4.488330341113106E-4 0.4919571394616079 2.2080661555727465E-4
certified 8.976660682226212E-4 3.5553480614894135 0.00319151531552012
after 0.0013464991023339318 0.12136085700426753 1.634122850147229E-4
faulkner 0.0031418312387791743 5.1647859739235145 0.01622688591448142
boutpatient 0.0013464991023339318 5.1647859739235145 0.006954379677634894
minimize 8.976660682226212E-4 1.79749014393704 0.0016135459101768762
set 8.976660682226212E-4 0.5108256237659907 4.5855082923338487E-4
emergence 8.976660682226212E-4 2.6798793241355137 0.002405636736207822
keeping 8.976660682226212E-4 2.456735772821304 0.0022053283418503626
antidepressant 8.976660682226212E-4 4.0661736852554045 0.003650066144753505
irr 0.0013464991023339318 5.1647859739235145 0.006954379677634894
operational 8.976660682226212E-4 2.7668907011251433 0.002483743896880739
involve 8.976660682226212E-4 0.9452782687474074 8.485442268827715E-4
possible 8.976660682226212E-4 0.38566248081198473 3.4619612281147643E-4
food 8.976660682226212E-4 2.2203469947570738 0.001993130156873495
textual 8.976660682226212E-4 1.9459101490553132 0.0017467775126169779
logical 8.976660682226212E-4 2.331572629867298 0.0020929736354284544
the 0.06463195691202872 0.017291497110061043 0.0011175832961619345
characterize 0.0013464991023339318 1.4512139072192063 0.001954058223365179
component 4.488330341113106E-4 0.9600933545325481 4.3092161334494977E-4
covariate 8.976660682226212E-4 4.0661736852554045 0.003650066144753505
meet 4.488330341113106E-4 1.1394342831883648 5.114157464938801E-4
diagnose 4.488330341113106E-4 1.5538680612792897 6.974273165526435E-4
information 0.0017953321364452424 0.3049735695618419 5.475288502007934E-4
under 8.976660682226212E-4 0.7459453661269161 6.696098439200324E-4
represent 8.976660682226212E-4 0.4285875255290187 3.847284789308965E-4
surgery 8.976660682226212E-4 1.6094379124341003 0.0014447378029031422
evidence 0.0031418312387791743 0.8881198549074587 0.0027903227039282816
emergency 0.0031418312387791743 1.9867321435755685 0.006241977111772433
language 0.0013464991023339318 0.664976303593249 8.953899958616459E-4
do 4.488330341113106E-4 0.14750613710858965 6.620562706848727E-5
good 4.488330341113106E-4 0.2160260835453457 9.695964252484098E-5
observe 4.488330341113106E-4 0.5496654570822546 2.467080148484087E-4
assessment 0.0017953321364452424 1.2729656758128876 0.0022853961863786134
act 8.976660682226212E-4 1.121734706088964 0.001006943183203738
prior 0.0017953321364452424 0.8209805520698303 0.0014739327685275232
exclude 4.488330341113106E-4 0.9021060968821986 4.048950165539491E-4
female 8.976660682226212E-4 2.0292917579943643 0.001821626353675372
impair 4.488330341113106E-4 2.5257286443082556 0.0011336304507667215
which 0.004039497307001795 0.023122417420854212 9.340294290291198E-5
commonly 0.002244165170556553 1.0216512475319812 0.0022927541461669238
test 4.488330341113106E-4 0.44628710262841953 2.003083943574594E-4
attributable 8.976660682226212E-4 3.7784916128036232 0.0033918237098775794
typically 8.976660682226212E-4 1.1394342831883648 0.0010228314929877603
need 8.976660682226212E-4 0.27443684570176036 2.4635264425651736E-4
count 4.488330341113106E-4 1.0376515888784226 4.657323109867247E-4
its 0.0013464991023339318 0.19497267434751336 2.6253053098857274E-4
often 8.976660682226212E-4 0.5900749954201312 5.296903010952704E-4
congestive 8.976660682226212E-4 5.1647859739235145 0.004636253118423262
inconsistently 0.0013464991023339318 5.1647859739235145 0.006954379677634894
lack 0.0013464991023339318 0.5696661237889241 7.670549243118368E-4
take 4.488330341113106E-4 0.368995428326773 1.6561733766910818E-4
month 0.0013464991023339318 1.1758019273592397 0.0015832162397117233
statin 4.488330341113106E-4 5.1647859739235145 0.002318126559211631
guideline 4.488330341113106E-4 1.5538680612792897 6.974273165526435E-4
therefore 8.976660682226212E-4 1.1394342831883648 0.0010228314929877603
longitudinal 8.976660682226212E-4 2.5257286443082556 0.002267260901533443
useful 8.976660682226212E-4 0.9162907318741551 8.225230986303009E-4
some 8.976660682226212E-4 0.2160260835453457 1.9391928504968196E-4
rather 8.976660682226212E-4 0.758066726659261 6.804907779706114E-4
additional 0.0013464991023339318 0.5300569856938783 7.137212554226369E-4
for 0.017055655296229804 0.017291497110061043 2.94917814264955E-4
representation 8.976660682226212E-4 1.2135422553420867 0.0010893557049749432
primarily 0.0013464991023339318 1.4512139072192063 0.001954058223365179
burden 0.0013464991023339318 1.9867321435755685 0.002675133047902471
squamous 8.976660682226212E-4 4.471638793363569 0.004014038414150422
previously 8.976660682226212E-4 0.8340526336371831 7.487007483278125E-4
provider 0.0017953321364452424 1.9459101490553132 0.0034935550252339557
rate 0.0017953321364452424 0.5696661237889241 0.001022739899082449
class 0.0017953321364452424 1.2135422553420867 0.0021787114099498864
just 8.976660682226212E-4 1.3146383722134554 0.0011801062587194393
over 0.0013464991023339318 0.3364722366212129 4.5305956457075344E-4
practical 8.976660682226212E-4 1.5538680612792897 0.001394854633105287
identify 0.0026929982046678637 0.3049735695618419 8.212932753011901E-4
approval 0.0013464991023339318 1.906689435902032 0.002567355613871677
multiple 0.0013464991023339318 0.5108256237659907 6.878262438500773E-4
perform 4.488330341113106E-4 0.2669461739726028 1.1981426120852908E-4
retrospective 8.976660682226212E-4 1.4271163556401458 0.0012810739278636856
statistically 8.976660682226212E-4 1.1758019273592397 0.0010554774931411488
room 8.976660682226212E-4 2.2203469947570738 0.001993130156873495
significance 8.976660682226212E-4 1.2329603411991883 0.001106786661758697
with 0.03231597845601436 0.017291497110061043 5.587916480809673E-4
although 0.0017953321364452424 0.4285875255290187 7.69456957861793E-4
approximately 0.0013464991023339318 0.9452782687474074 0.0012728163403241573
management 0.0013464991023339318 0.9452782687474074 0.0012728163403241573
regression 0.002244165170556553 1.3805963400052528 0.003098286220837641
service 8.976660682226212E-4 1.2329603411991883 0.001106786661758697
there 0.002244165170556553 0.12136085700426753 2.723538083578715E-4
publish 4.488330341113106E-4 0.03488725900044054 1.5658554308994858E-5
well 0.0013464991023339318 0.3127557100038969 4.211252827700587E-4
humedica 0.002244165170556553 5.1647859739235145 0.011590632796058157
cancer 4.488330341113106E-4 2.6798793241355137 0.001202818368103911
significantly 0.0017953321364452424 0.5900749954201312 0.0010593806021905409
hypertension 0.0013464991023339318 3.0853444322436783 0.004154413508407107
age 0.0013464991023339318 0.9452782687474074 0.0012728163403241573
practice 8.976660682226212E-4 1.0376515888784226 9.314646219734494E-4
approach 8.976660682226212E-4 0.40261203912575794 3.6141116618111126E-4
variation 4.488330341113106E-4 1.1944940603713923 5.36128393344431E-4
number 0.004937163375224416 0.14750613710858965 7.282618977533599E-4
implication 4.488330341113106E-4 1.79749014393704 8.067729550884381E-4
model 0.0013464991023339318 0.41985384556026406 5.653328261583448E-4
majority 8.976660682226212E-4 0.9452782687474074 8.485442268827715E-4
text 8.976660682226212E-4 0.8209805520698303 7.369663842637616E-4
per 0.002244165170556553 0.7339691750802005 0.0016471480589771107
order 0.002244165170556553 0.5900749954201312 0.0013242257527381759
reduce 8.976660682226212E-4 0.3941013494578493 3.5377140884905684E-4
similar 8.976660682226212E-4 0.20895891632225325 1.8757532883505678E-4
likely 8.976660682226212E-4 0.5798184952529422 5.204833889164652E-4
period 0.004488330341113106 0.7953381214564925 0.003569740221977076
large 0.0013464991023339318 0.22314355131420976 3.004625915361891E-4
testing 8.976660682226212E-4 1.293584963015623 0.0011612073276621392
understand 8.976660682226212E-4 1.0704414117014134 9.608989333046799E-4
Caucasian 4.488330341113106E-4 3.7784916128036232 0.0016959118549387897
index 8.976660682226212E-4 1.4271163556401458 0.0012810739278636856
forth 8.976660682226212E-4 4.471638793363569 0.004014038414150422
classification 0.0017953321364452424 0.9600933545325481 0.001723686453379799
system 0.0013464991023339318 0.36076492919025743 4.857696533082461E-4
likelihood 0.0017953321364452424 1.7635885922613586 0.0031662272751550426
driver 4.488330341113106E-4 2.7668907011251433 0.0012418719484403695
field 4.488330341113106E-4 0.6988778552689304 3.1367946825355944E-4
analyze 4.488330341113106E-4 0.758066726659261 3.402453889853057E-4
integration 8.976660682226212E-4 2.2203469947570738 0.001993130156873495
indication 8.976660682226212E-4 1.906689435902032 0.0017115704092477847
evaluate 0.0013464991023339318 0.40261203912575794 5.421167492716669E-4
other 0.006732495511669659 0.0408219945202552 2.7483389488502154E-4
woman 4.488330341113106E-4 2.0292917579943643 9.10813176837686E-4
proportion 0.003590664272890485 1.4271163556401458 0.005124295711454742
skin 8.976660682226212E-4 3.373026504695459 0.0030278514404806635
cell 0.0013464991023339318 1.3361445774344192 0.001799117474103796
dysfunction 8.976660682226212E-4 3.2188758248682006 0.0028894756058062843
mention 8.976660682226212E-4 0.8881198549074587 7.972350582652232E-4
portability 8.976660682226212E-4 2.9675613965872945 0.0026638791710837475
prevalence 8.976660682226212E-4 1.8689491079191851 0.0016776921974139903
have 0.0062836624775583485 0.017291497110061043 1.0865393157129919E-4
electronic 0.003590664272890485 1.730798769438368 0.006214717304985164
administer 4.488330341113106E-4 2.0292917579943643 9.10813176837686E-4
december 0.004039497307001795 1.3361445774344192 0.0053973524223113875
transplant 8.976660682226212E-4 4.0661736852554045 0.003650066144753505
generalize 4.488330341113106E-4 1.9459101490553132 8.733887563084889E-4
tricyclic 8.976660682226212E-4 5.1647859739235145 0.004636253118423262
ability 8.976660682226212E-4 0.8881198549074587 7.972350582652232E-4
outcome 4.488330341113106E-4 0.8472978603872037 3.8029526947361026E-4
table 0.004039497307001795 0.18117935221517753 7.318735053575393E-4
continuum 8.976660682226212E-4 3.7784916128036232 0.0033918237098775794
linear 0.0013464991023339318 1.3146383722134554 0.001770159388079159
may 0.0058348294434470375 0.15415067982725836 8.994429253834644E-4
within 0.005385996409335727 0.3127557100038969 0.0016845011310802347
forward 8.976660682226212E-4 1.730798769438368 0.001553679326246291
could 0.0017953321364452424 0.22314355131420976 4.006167887149188E-4
change 4.488330341113106E-4 0.3941013494578493 1.7688570442452842E-4
health 0.02199281867145422 0.990398704027877 0.021781659110128353
positive 8.976660682226212E-4 0.6761496041913742 6.069565567247524E-4
inconsistent 8.976660682226212E-4 2.6798793241355137 0.002405636736207822
demographic 0.0026929982046678637 1.4271163556401458 0.003843221783591057
generally 8.976660682226212E-4 0.9021060968821986 8.097900331078982E-4
comparator 8.976660682226212E-4 4.471638793363569 0.004014038414150422
comorbidity 0.0013464991023339318 2.8622008809294686 0.0038539509168709182
regard 4.488330341113106E-4 0.4919571394616079 2.2080661555727465E-4
report 4.488330341113106E-4 0.3364722366212129 1.5101985485691782E-4
efficiently 8.976660682226212E-4 2.0292917579943643 0.001821626353675372
complete 0.0013464991023339318 0.8080771472339223 0.0010880751533670408
almost 8.976660682226212E-4 1.1043429633770947 9.913312059040347E-4
use 0.006732495511669659 0.03488725900044054 2.3487831463492285E-4
subject 8.976660682226212E-4 0.9021060968821986 8.097900331078982E-4
several 0.0013464991023339318 0.3526016185510966 4.7477776286054303E-4
main 8.976660682226212E-4 0.6004377824556778 5.389926233892978E-4
office 0.003590664272890485 2.331572629867298 0.008371894541713817
stratified 0.0013464991023339318 2.7668907011251433 0.003725615845321109
while 0.003590664272890485 0.20895891632225325 7.503013153402271E-4
associate 4.488330341113106E-4 0.38566248081198473 1.7309806140573822E-4
that 0.011220825852782765 0.017291497110061043 1.9402487780589142E-4
high 0.004039497307001795 0.11492996667397702 4.6425929087333623E-4
download 0.002244165170556553 0.24480504809538922 5.493829625120943E-4
nonopioid 8.976660682226212E-4 5.1647859739235145 0.004636253118423262
geographic 8.976660682226212E-4 2.392197251683733 0.002147394301331897
find 4.488330341113106E-4 0.16083966797805488 7.219015618404618E-5
whether 8.976660682226212E-4 0.5300569856938783 4.758141702817579E-4
than 0.004488330341113106 0.058840500022933395 2.640956015391984E-4
continuous 0.0013464991023339318 1.1758019273592397 0.0015832162397117233
claim 4.488330341113106E-4 1.6682784124570338 7.48778461605491E-4
widespread 0.0013464991023339318 1.9867321435755685 0.002675133047902471
international 0.0017953321364452424 1.5538680612792897 0.002789709266210574
different 8.976660682226212E-4 0.18805223150293962 1.6880810727373395E-4
directly 8.976660682226212E-4 0.7703368192510752 6.915052237442327E-4
chronic 0.0017953321364452424 1.8325814637483102 0.0032900923945212036
regardless 0.0017953321364452424 1.79749014393704 0.0032270918203537525
all 0.0058348294434470375 0.017291497110061043 1.0089293645906353E-4
level 8.976660682226212E-4 0.4373981552111735 3.926374822362419E-4
author 4.488330341113106E-4 0.017291497110061043 7.760995112235657E-6
poisson 0.0017953321364452424 5.1647859739235145 0.009272506236846525
diagnosis 0.0026929982046678637 1.4512139072192063 0.003908116446730358
difficult 8.976660682226212E-4 0.7703368192510752 6.915052237442327E-4
less 8.976660682226212E-4 0.36076492919025743 3.238464355388307E-4
fill 4.488330341113106E-4 1.8689491079191851 8.388460987069951E-4
heart 8.976660682226212E-4 2.8622008809294686 0.002569300611247279
tool 8.976660682226212E-4 0.8743265327751228 7.848532610189613E-4
relevant 8.976660682226212E-4 0.7703368192510752 6.915052237442327E-4
quantify 8.976660682226212E-4 2.0292917579943643 0.001821626353675372
entry 8.976660682226212E-4 1.6682784124570338 0.001497556923210982
clinical 0.003590664272890485 0.9452782687474074 0.003394176907531086
condition 0.0013464991023339318 0.8607208807193443 0.0011589598932486684
unit 4.488330341113106E-4 1.1043429633770947 4.956656029520174E-4
improve 0.0017953321364452424 0.377294231141468 6.773684580636769E-4
individually 8.976660682226212E-4 2.5998366164619773 0.002333785113520626
present 8.976660682226212E-4 0.083381608939051 7.484884105839407E-5
joseph 0.0031418312387791743 4.0661736852554045 0.012775231506637268
since 0.0026929982046678637 0.377294231141468 0.0010160526870955152
datum 4.488330341113106E-4 0.167573700159399 7.521261227980208E-5
code 0.0013464991023339318 1.3361445774344192 0.001799117474103796
effective 8.976660682226212E-4 0.8472978603872037 7.605905389472205E-4
total 0.004039497307001795 0.5108256237659907 0.0020634787315502315
and 0.03904847396768402 0.017291497110061043 6.752065747645022E-4
unstructured 0.0031418312387791743 1.6990500711237875 0.005338128589706693
define 4.488330341113106E-4 0.3526016185510966 1.5825925428684769E-4
physical 0.0017953321364452424 1.3146383722134554 0.0023602125174388786
make 4.488330341113106E-4 0.2521310881874621 1.1316476130496504E-4
determine 8.976660682226212E-4 0.40261203912575794 3.6141116618111126E-4
inpatient 0.0013464991023339318 2.9675613965872945 0.0039958187566256215
opioid 0.0026929982046678637 3.7784916128036232 0.010175471129632739
accord 4.488330341113106E-4 0.4919571394616079 2.2080661555727465E-4
medication 0.006732495511669659 1.906689435902032 0.012836778069358384
deviation 8.976660682226212E-4 1.6682784124570338 0.001497556923210982
specific 0.0017953321364452424 0.40261203912575794 7.228223323622225E-4
despite 0.0013464991023339318 0.7221347174331975 9.723537487879678E-4
any 0.0017953321364452424 0.2669461739726028 4.792570448341163E-4
conduct 8.976660682226212E-4 0.5798184952529422 5.204833889164652E-4
due 8.976660682226212E-4 0.20895891632225325 1.8757532883505678E-4
ninth 0.0017953321364452424 3.373026504695459 0.006055702880961327
compliant 8.976660682226212E-4 3.5553480614894135 0.00319151531552012
descriptive 8.976660682226212E-4 1.9867321435755685 0.0017834220319349807
strategy 4.488330341113106E-4 0.9021060968821986 4.048950165539491E-4
incident 8.976660682226212E-4 2.9675613965872945 0.0026638791710837475
reason 8.976660682226212E-4 0.7221347174331975 6.48235832525312E-4
inform 8.976660682226212E-4 2.392197251683733 0.002147394301331897
hipaa 8.976660682226212E-4 5.1647859739235145 0.004636253118423262
determination 8.976660682226212E-4 2.6798793241355137 0.002405636736207822
discussion 8.976660682226212E-4 0.23031204079282225 2.0674330412282069E-4
outpatient 0.0031418312387791743 2.456735772821304 0.0077186491964762695
nomenclature 0.0013464991023339318 3.373026504695459 0.004541777160720995
reflect 4.488330341113106E-4 0.7827593392496325 3.5132824921437725E-4
serotonin 0.0017953321364452424 4.471638793363569 0.008028076828300843
identification 8.976660682226212E-4 1.3146383722134554 0.0011801062587194393
constellation 8.976660682226212E-4 4.0661736852554045 0.003650066144753505
estimate 4.488330341113106E-4 0.8743265327751228 3.9242663050948064E-4
recent 0.0017953321364452424 0.5596157879354227 0.00100469620814259
they 0.0013464991023339318 0.05279818556697083 7.109270947078658E-5
fully 8.976660682226212E-4 1.2729656758128876 0.0011426980931893067
encompass 4.488330341113106E-4 2.5257286443082556 0.0011336304507667215
jay 0.0031418312387791743 5.1647859739235145 0.01622688591448142
monitoring 8.976660682226212E-4 1.8325814637483102 0.0016450461972606018
substantial 0.0026929982046678637 1.5812670354674039 0.0042583492876141936
each 0.0017953321364452424 0.13434805253107854 2.4119937617787888E-4
quality 8.976660682226212E-4 0.7953381214564925 7.139480443954152E-4
symptom 8.976660682226212E-4 1.730798769438368 0.001553679326246291
dictionary 4.488330341113106E-4 1.9459101490553132 8.733887563084889E-4
unique 0.0017953321364452424 1.157452788691043 0.002078012187955194
processing 0.0013464991023339318 0.7221347174331975 9.723537487879678E-4
consistently 8.976660682226212E-4 2.331572629867298 0.0020929736354284544
except 0.0013464991023339318 1.3805963400052528 0.0018589717325025847
confirmatory 8.976660682226212E-4 4.471638793363569 0.004014038414150422
hyperlipidemia 0.0013464991023339318 5.1647859739235145 0.006954379677634894
nevertheless 8.976660682226212E-4 3.0853444322436783 0.002769609005604738
conservative 8.976660682226212E-4 3.373026504695459 0.0030278514404806635
fact 8.976660682226212E-4 0.9452782687474074 8.485442268827715E-4
activity 8.976660682226212E-4 1.0872485300177945 9.759861131218982E-4
examine 4.488330341113106E-4 0.8881198549074587 3.986175291326116E-4
frequently 0.0017953321364452424 1.157452788691043 0.002078012187955194
document 8.976660682226212E-4 0.8743265327751228 7.848532610189613E-4
another 8.976660682226212E-4 0.40261203912575794 3.6141116618111126E-4
association 0.0013464991023339318 1.0376515888784226 0.001397196932960174
recommend 8.976660682226212E-4 1.3581234841531944 0.0012191413681806053
indicative 8.976660682226212E-4 2.9675613965872945 0.0026638791710837475
availability 8.976660682226212E-4 1.6384254493073527 0.0014707589311556129
two 0.0017953321364452424 0.11492996667397702 2.0633746261037168E-4
sa 4.488330341113106E-4 3.373026504695459 0.0015139257202403317
into 8.976660682226212E-4 0.10854016857520597 9.743282636912565E-5
current 8.976660682226212E-4 0.4919571394616079 4.416132311145493E-4
fibromyalgia 0.003590664272890485 5.1647859739235145 0.01854501247369305
variety 0.0017953321364452424 1.0539121097502027 0.0018921222796233442
identifiable 8.976660682226212E-4 2.9675613965872945 0.0026638791710837475
benign 8.976660682226212E-4 4.0661736852554045 0.003650066144753505
structured 0.002244165170556553 1.3805963400052528 0.003098286220837641
where 8.976660682226212E-4 0.32850406697203605 2.9488695419392825E-4
key 8.976660682226212E-4 0.9751312318970885 8.753422189381405E-4
accountability 8.976660682226212E-4 2.7668907011251433 0.002483743896880739
apart 8.976660682226212E-4 2.169053700369523 0.0019470859069744375
receive 4.488330341113106E-4 0.653926467406664 2.935038004518241E-4
middle 8.976660682226212E-4 2.2744142160273495 0.0020416644668109062
systemized 8.976660682226212E-4 5.1647859739235145 0.004636253118423262
one 8.976660682226212E-4 0.06491954609931569 5.827607369776992E-5
many 0.0017953321364452424 0.20194134366360675 3.62551783956206E-4
confirm 4.488330341113106E-4 0.8209805520698303 3.684831921318808E-4
such 0.005385996409335727 0.10219094089654716 5.504000407354425E-4
appear 4.488330341113106E-4 0.7459453661269161 3.348049219600162E-4
nlp 0.0017953321364452424 0.41119578281714936 7.382330032623867E-4
dataset 4.488330341113106E-4 1.1043429633770947 4.956656029520174E-4
infrequent 8.976660682226212E-4 3.5553480614894135 0.00319151531552012
ratio 0.0017953321364452424 1.0704414117014134 0.0019217978666093598
insurance 8.976660682226212E-4 2.2744142160273495 0.0020416644668109062
transmittal 8.976660682226212E-4 5.1647859739235145 0.004636253118423262
but 0.0026929982046678637 0.083381608939051 2.2454652317518224E-4
medical 0.002244165170556553 0.9600933545325481 0.0021546080667247487
strength 0.0013464991023339318 1.5538680612792897 0.0020922819496579305
smith 0.0031418312387791743 2.9675613965872945 0.009323577098793116
administration 8.976660682226212E-4 2.169053700369523 0.0019470859069744375
available 0.0017953321364452424 0.5696661237889241 0.001022739899082449
remains 8.976660682226212E-4 1.4512139072192063 0.0013027054822434528
source 0.0013464991023339318 0.7703368192510752 0.001037257835616349
challenging 8.976660682226212E-4 1.5538680612792897 0.001394854633105287
frequency 8.976660682226212E-4 1.0216512475319812 9.171016584667695E-4
regularly 8.976660682226212E-4 2.9675613965872945 0.0026638791710837475
interquartile 8.976660682226212E-4 3.7784916128036232 0.0033918237098775794
observational 0.0017953321364452424 2.9675613965872945 0.005327758342167495
usual 0.0013464991023339318 2.456735772821304 0.003307992512775544
this 0.012118491921005385 0.017291497110061043 2.0954686803036272E-4
develop 4.488330341113106E-4 0.32850406697203605 1.4744347709696413E-4
surprising 8.976660682226212E-4 2.6798793241355137 0.002405636736207822
finding 4.488330341113106E-4 0.7459453661269161 3.348049219600162E-4
basal 8.976660682226212E-4 4.0661736852554045 0.003650066144753505
modification 8.976660682226212E-4 2.0292917579943643 0.001821626353675372
gastrointestinal 8.976660682226212E-4 3.2188758248682006 0.0028894756058062843
measure 4.488330341113106E-4 0.48265474679929443 2.166313944341537E-4
institutional 8.976660682226212E-4 1.3361445774344192 0.0011994116494025307
especially 0.0013464991023339318 0.7104386776700063 9.566050417459691E-4
laboratory 0.0013464991023339318 2.2744142160273495 0.0030624967002163593
failure 8.976660682226212E-4 1.9459101490553132 0.0017467775126169779
reuptake 0.0026929982046678637 4.471638793363569 0.012042115242451263
name 4.488330341113106E-4 1.157452788691043 5.195030469887985E-4
overall 0.0013464991023339318 0.7339691750802005 9.882888353862664E-4
know 4.488330341113106E-4 0.6214911916535102 2.78945777223299E-4
region 4.488330341113106E-4 1.5538680612792897 6.974273165526435E-4
full 0.0013464991023339318 0.14750613710858965 1.9861688120546183E-4
allow 4.488330341113106E-4 0.5398131606392429 2.422859787429277E-4
concept 8.976660682226212E-4 1.157452788691043 0.001039006093977597
show 4.488330341113106E-4 0.0771896386911299 3.464525973569564E-5
privacy 8.976660682226212E-4 2.5998366164619773 0.002333785113520626
rule 8.976660682226212E-4 1.1043429633770947 9.913312059040347E-4
we 4.488330341113106E-4 0.19497267434751336 8.751017699619092E-5
nor 8.976660682226212E-4 1.6094379124341003 0.0014447378029031422
conclusion 8.976660682226212E-4 0.28958865072236245 2.5995390549583705E-4
not 0.012567324955116697 0.03488725900044054 4.38439520651856E-4
negative 0.0026929982046678637 0.6321864807702582 0.0017024770577296002
central 8.976660682226212E-4 1.3805963400052528 0.0012393144883350565
common 8.976660682226212E-4 0.3526016185510966 3.1651850857369537E-4
examination 8.976660682226212E-4 1.5012243277938677 0.0013475981398508687
now 8.976660682226212E-4 1.4035858582299516 0.001259951398770154
factor 4.488330341113106E-4 0.38566248081198473 1.7309806140573822E-4
painful 8.976660682226212E-4 3.2188758248682006 0.0028894756058062843
severity 0.0026929982046678637 2.0292917579943643 0.005464879061026116
delivery 8.976660682226212E-4 2.2744142160273495 0.0020416644668109062
elizabeth 0.0031418312387791743 3.5553480614894135 0.01117030360432042
pain 0.012118491921005385 2.120263536200091 0.025694396533843113
harvest 4.488330341113106E-4 3.5553480614894135 0.00159575765776006
figure 0.0026929982046678637 0.18805223150293962 5.064243218212019E-4
disease 8.976660682226212E-4 1.1758019273592397 0.0010554774931411488
wide 4.488330341113106E-4 1.121734706088964 5.03471591601869E-4
previous 8.976660682226212E-4 0.32850406697203605 2.9488695419392825E-4
apply 4.488330341113106E-4 0.41119578281714936 1.8455825081559668E-4
yet 8.976660682226212E-4 1.4271163556401458 0.0012810739278636856
technology 8.976660682226212E-4 1.293584963015623 0.0011612073276621392
manage 8.976660682226212E-4 1.4035858582299516 0.001259951398770154
codeine 0.0013464991023339318 5.1647859739235145 0.006954379677634894
arthropathy 4.488330341113106E-4 5.1647859739235145 0.002318126559211631
what 0.0013464991023339318 0.8209805520698303 0.0011054495763956423
removal 8.976660682226212E-4 1.9459101490553132 0.0017467775126169779
step 0.0013464991023339318 0.8080771472339223 0.0010880751533670408
risk 8.976660682226212E-4 0.758066726659261 6.804907779706114E-4
time 8.976660682226212E-4 0.167573700159399 1.5042522455960416E-4
base 4.488330341113106E-4 0.14090545307723773 6.324302202748551E-5
modeling 8.976660682226212E-4 2.169053700369523 0.0019470859069744375
during 0.00807899461400359 0.28958865072236245 0.002339585149462533
type 8.976660682226212E-4 0.3364722366212129 3.0203970971383565E-4
three 8.976660682226212E-4 0.22314355131420976 2.003083943574594E-4
when 8.976660682226212E-4 0.14750613710858965 1.3241125413697454E-4
consist 4.488330341113106E-4 0.7459453661269161 3.348049219600162E-4
relate 4.488330341113106E-4 0.27443684570176036 1.2317632212825868E-4
review 8.976660682226212E-4 0.4734380916943703 4.249893103181062E-4
pharmacotherapy 0.0017953321364452424 3.373026504695459 0.006055702880961327
enable 4.488330341113106E-4 0.9751312318970885 4.3767110946907025E-4
broad 8.976660682226212E-4 1.2135422553420867 0.0010893557049749432
presence 0.0017953321364452424 0.9751312318970885 0.001750684437876281
between 0.0017953321364452424 0.058840500022933395 1.0563824061567935E-4
case 8.976660682226212E-4 0.24480504809538922 2.1975318500483772E-4
identifier 0.0013464991023339318 3.0853444322436783 0.004154413508407107
give 4.488330341113106E-4 0.2595111954850846 1.1647719725542398E-4
goal 8.976660682226212E-4 1.3146383722134554 0.0011801062587194393
method 4.488330341113106E-4 0.0958817717032825 4.3034906509552293E-5
natural 8.976660682226212E-4 0.6429973968744738 5.771969451296892E-4
tramadol 8.976660682226212E-4 5.1647859739235145 0.004636253118423262
utilization 0.00718132854578097 2.5257286443082556 0.018138087212267544
provide 0.0017953321364452424 0.167573700159399 3.008504491192083E-4
among 0.0058348294434470375 0.32850406697203605 0.0019167652022605334
musculoskeletal 0.002244165170556553 4.471638793363569 0.010035096035376053
substantially 8.976660682226212E-4 2.5257286443082556 0.002267260901533443
disproportionately 8.976660682226212E-4 3.7784916128036232 0.0033918237098775794
care 0.018402154398563735 1.1758019273592397 0.02163728860939355
primary 8.976660682226212E-4 0.9306794693262548 8.354393800056148E-4
study 0.004039497307001795 0.07103577311675174 2.8694881420590916E-4
log 8.976660682226212E-4 1.8325814637483102 0.0016450461972606018
range 0.0017953321364452424 0.3941013494578493 7.075428176981137E-4
distribution 8.976660682226212E-4 0.9600933545325481 8.618432266898995E-4
derive 4.488330341113106E-4 1.2329603411991883 5.533933308793484E-4
weak 0.0017953321364452424 2.073743520565198 0.0037230583852157955
across 0.0013464991023339318 0.7703368192510752 0.001037257835616349
feature 8.976660682226212E-4 0.7221347174331975 6.48235832525312E-4
low 8.976660682226212E-4 0.28958865072236245 2.5995390549583705E-4
physician 0.003590664272890485 1.906689435902032 0.006846281636991139
event 4.488330341113106E-4 1.157452788691043 5.195030469887985E-4
comorbid 0.002244165170556553 3.7784916128036232 0.008479559274693948
include 0.0013464991023339318 0.0771896386911299 1.0393577920708693E-4
means 8.976660682226212E-4 0.6988778552689304 6.273589365071189E-4
explore 0.0013464991023339318 0.9600933545325481 0.0012927648400348493
initial 8.976660682226212E-4 0.6988778552689304 6.273589365071189E-4
more 0.002244165170556553 0.05279818556697083 1.1848784911797762E-4
observation 0.0013464991023339318 1.2135422553420867 0.0016340335574624148
unify 4.488330341113106E-4 2.6798793241355137 0.001202818368103911
display 0.0013464991023339318 0.16083966797805488 2.1657046855213854E-4
csvdisplay 0.002244165170556553 0.2669461739726028 5.990713060426454E-4
consistent 0.0013464991023339318 0.9306794693262548 0.001253159070008422
suggest 0.0013464991023339318 0.5013468798114469 6.750631236240309E-4
great 4.488330341113106E-4 0.5398131606392429 2.422859787429277E-4
expect 4.488330341113106E-4 0.8743265327751228 3.9242663050948064E-4
disorder 8.976660682226212E-4 2.169053700369523 0.0019470859069744375
january 0.0013464991023339318 1.3581234841531944 0.0018287120522709082
prescription 8.976660682226212E-4 3.0853444322436783 0.002769609005604738
economic 8.976660682226212E-4 1.6990500711237875 0.0015251795970590552
first 0.0026929982046678637 0.167573700159399 4.5127567367881245E-4
board 8.976660682226212E-4 1.4271163556401458 0.0012810739278636856
statistics 8.976660682226212E-4 1.5538680612792897 0.001394854633105287
date 8.976660682226212E-4 1.6384254493073527 0.0014707589311556129
disability 8.976660682226212E-4 2.9675613965872945 0.0026638791710837475
section 4.488330341113106E-4 0.6988778552689304 3.1367946825355944E-4
drug 0.0013464991023339318 1.906689435902032 0.002567355613871677
longitudinally 8.976660682226212E-4 4.471638793363569 0.004014038414150422
inhibitor 4.488330341113106E-4 2.8622008809294686 0.0012846503056236395
percentage 4.488330341113106E-4 1.2329603411991883 5.533933308793484E-4
only 0.003590664272890485 0.10854016857520597 3.897313054765026E-4
few 4.488330341113106E-4 0.5013468798114469 2.2502104120801028E-4
from 0.010323159784560144 0.023122417420854212 2.386964096407751E-4
consider 4.488330341113106E-4 0.17435338714477774 7.825555975977457E-5
prescribe 4.488330341113106E-4 2.331572629867298 0.0010464868177142272
potential 0.0013464991023339318 0.4373981552111735 5.889562233543629E-4
day 4.488330341113106E-4 0.8881198549074587 3.986175291326116E-4
group 8.976660682226212E-4 0.41119578281714936 3.6911650163119335E-4
otherwise 8.976660682226212E-4 2.0292917579943643 0.001821626353675372
hallmark 8.976660682226212E-4 4.471638793363569 0.004014038414150422
development 0.0013464991023339318 0.5596157879354227 7.535221561069425E-4
individual 8.976660682226212E-4 0.6214911916535102 5.57891554446598E-4
resource 0.01526032315978456 1.1043429633770947 0.01685263050036859
format 4.488330341113106E-4 1.9867321435755685 8.917110159674904E-4
capture 0.0013464991023339318 0.990398704027877 0.0013335709659262258
binomial 0.0026929982046678637 4.0661736852554045 0.010950198434260514
both 0.0013464991023339318 0.13434805253107854 1.8089953213340916E-4
revision 0.0013464991023339318 2.7668907011251433 0.003725615845321109
most 0.004488330341113106 0.0771896386911299 3.4645259735695646E-4
important 0.0013464991023339318 0.2669461739726028 3.5944278362558724E-4
twice 8.976660682226212E-4 2.5257286443082556 0.002267260901533443
who 0.0026929982046678637 0.44628710262841953 0.0012018503661447564
potentially 0.0013464991023339318 1.1394342831883648 0.0015342472394816403
here 8.976660682226212E-4 1.3361445774344192 0.0011994116494025307
note 4.488330341113106E-4 0.5013468798114469 2.2502104120801028E-4
limitation 0.0013464991023339318 0.6988778552689304 9.410384047606784E-4
purpose 0.0013464991023339318 0.9021060968821986 0.0012146850496618474
link 8.976660682226212E-4 1.0872485300177945 9.759861131218982E-4
frequent 0.0013464991023339318 1.4271163556401458 0.0019216108917955285
contribute 4.488330341113106E-4 0.6874491594453075 3.085498920311075E-4
scale 8.976660682226212E-4 1.2135422553420867 0.0010893557049749432
error 4.488330341113106E-4 1.2329603411991883 5.533933308793484E-4
necessarily 0.0017953321364452424 1.6990500711237875 0.0030503591941181104
point 8.976660682226212E-4 0.5108256237659907 4.5855082923338487E-4
integrated 8.976660682226212E-4 1.6384254493073527 0.0014707589311556129
aggregate 4.488330341113106E-4 2.2203469947570738 9.965650784367476E-4
can 0.0031418312387791743 0.0958817717032825 3.012443455668661E-4
inclusion 0.0017953321364452424 1.3581234841531944 0.0024382827363612107
highlight 4.488330341113106E-4 0.9306794693262548 4.177196900028074E-4
database 0.002244165170556553 1.2329603411991883 0.002766966654396742
patient 0.004488330341113106 0.8743265327751228 0.003924266305094806
david 0.0031418312387791743 2.2744142160273495 0.007145825633838172
introduction 8.976660682226212E-4 0.10219094089654716 9.173334012257375E-5
selective 0.0017953321364452424 2.7668907011251433 0.004967487793761478
satisfy 8.976660682226212E-4 1.7635885922613586 0.0015831136375775213
limited 0.0013464991023339318 0.5696661237889241 7.670549243118368E-4
multivariable 8.976660682226212E-4 3.2188758248682006 0.0028894756058062843
implementation 8.976660682226212E-4 1.3146383722134554 0.0011801062587194393
also 0.0058348294434470375 0.05279818556697083 3.080684077067418E-4
encounter 4.488330341113106E-4 1.9459101490553132 8.733887563084889E-4
increase 0.0031418312387791743 0.16083966797805488 5.053310932883233E-4
follow 4.488330341113106E-4 0.0958817717032825 4.3034906509552293E-5
variance 4.488330341113106E-4 1.8689491079191851 8.388460987069951E-4
mean 0.003590664272890485 0.5398131606392429 0.0019382878299434216
various 8.976660682226212E-4 0.5798184952529422 5.204833889164652E-4
neither 8.976660682226212E-4 1.8325814637483102 0.0016450461972606018
variable 4.488330341113106E-4 0.8080771472339223 3.626917177890136E-4
visit 4.488330341113106E-4 1.906689435902032 8.557852046238923E-4
depression 0.002244165170556553 3.373026504695459 0.007569628601201659
clinic 0.0013464991023339318 2.5257286443082556 0.003400891352300165
further 0.0013464991023339318 0.27443684570176036 3.6952896638477607E-4
category 4.488330341113106E-4 0.8080771472339223 3.626917177890136E-4
user 4.488330341113106E-4 1.293584963015623 5.806036638310696E-4
account 4.488330341113106E-4 0.7459453661269161 3.348049219600162E-4
