year 4.7393364928909954E-4 0.5203950747821414 2.4663273686357417E-4
surgeon 4.7393364928909954E-4 2.331572629867298 0.0011050107250555915
computerized 9.478672985781991E-4 3.5553480614894135 0.003369998162549207
branch 0.005213270142180095 2.2203469947570738 0.011575268693046356
via 9.478672985781991E-4 0.9021060968821986 8.550768690826527E-4
setting 9.478672985781991E-4 1.1394342831883648 0.001080032495913142
pubmed 9.478672985781991E-4 3.373026504695459 0.00319718152103835
preexisting 9.478672985781991E-4 3.5553480614894135 0.003369998162549207
acuity 9.478672985781991E-4 1.5271998141971284 0.0014475827622721597
poor 0.0014218009478672985 0.9452782687474074 0.0013439975385034228
complex 4.7393364928909954E-4 0.8472978603872037 4.015629670081534E-4
rabbit 9.478672985781991E-4 4.471638793363569 0.004238520183283004
absent 9.478672985781991E-4 2.9675613965872945 0.0028128544043481466
visual 0.0018957345971563982 1.157452788691043 0.002194223296096764
because 9.478672985781991E-4 0.34450440831847723 3.2654446286111587E-4
ten 0.0018957345971563982 1.9459101490553132 0.003688929192521921
persistent 9.478672985781991E-4 2.8622008809294686 0.002712986616994757
intravital 9.478672985781991E-4 5.1647859739235145 0.004895531728837455
vein 0.0071090047393364926 3.2188758248682006 0.0228830034943237
hariri 9.478672985781991E-4 5.1647859739235145 0.004895531728837455
unspecified 0.002369668246445498 3.5553480614894135 0.008424995406373018
profile 0.0014218009478672985 1.8325814637483102 0.0026055660622013887
choriocapillaris 0.0014218009478672985 5.1647859739235145 0.0073432975932561815
posterior 9.478672985781991E-4 1.8325814637483102 0.0017370440414675927
artery 0.007582938388625593 2.6798793241355137 0.020321359803871196
analysis 0.0014218009478672985 0.13434805253107854 1.9101618843281307E-4
population 0.0018957345971563982 0.9021060968821986 0.0017101537381653054
panic 9.478672985781991E-4 4.0661736852554045 0.0038541930665928004
mansoura 0.002369668246445498 5.1647859739235145 0.012238829322093638
left 9.478672985781991E-4 1.2729656758128876 0.0012066025363155332
transient 9.478672985781991E-4 2.456735772821304 0.0023286595003045537
occlusion 0.00995260663507109 3.0853444322436783 0.03070721946782808
arteriole 4.7393364928909954E-4 5.1647859739235145 0.0024477658644187273
ameri 9.478672985781991E-4 5.1647859739235145 0.004895531728837455
eleven 9.478672985781991E-4 2.7668907011251433 0.002622645214336629
fenestration 4.7393364928909954E-4 5.1647859739235145 0.0024477658644187273
nonischemic 9.478672985781991E-4 4.471638793363569 0.004238520183283004
drive 4.7393364928909954E-4 1.5271998141971284 7.237913811360798E-4
relative 9.478672985781991E-4 1.0376515888784226 9.835560084155664E-4
treatment 0.004739336492890996 0.9162907318741551 0.004342610103668982
be 4.7393364928909954E-4 0.017291497110061043 8.195022327043148E-6
role 9.478672985781991E-4 0.664976303593249 6.303092925054493E-4
least 9.478672985781991E-4 0.653926467406664 6.198355141295394E-4
anterior 0.0014218009478672985 1.906689435902032 0.002710932847254074
intraocular 0.002843601895734597 1.6990500711237875 0.004831422003195604
ranibizumab 0.0033175355450236967 4.471638793363569 0.014834820641490514
result 4.7393364928909954E-4 0.058840500022933395 2.7886492901864168E-5
venous 0.002843601895734597 3.2188758248682006 0.00915320139772948
search 4.7393364928909954E-4 1.0059028905638423 4.767312277553755E-4
peter 0.0018957345971563982 2.8622008809294686 0.005425973233989514
whom 0.0014218009478672985 2.2203469947570738 0.003156891461739915
subsequent 9.478672985781991E-4 1.3581234841531944 0.0012873208380599
indicate 9.478672985781991E-4 0.4919571394616079 4.6631008479773264E-4
after 0.00900473933649289 0.12136085700426753 0.0010928228829768165
hand 9.478672985781991E-4 1.4512139072192063 0.0013755582058949823
densely 9.478672985781991E-4 4.471638793363569 0.004238520183283004
committee 0.0014218009478672985 2.120263536200091 0.0030145927054977596
density 4.7393364928909954E-4 2.456735772821304 0.0011643297501522769
possible 0.0018957345971563982 0.38566248081198473 7.31113707700445E-4
right 9.478672985781991E-4 1.4271163556401458 0.0013527169247773895
blood 0.0033175355450236967 1.906689435902032 0.006325509976926173
food 9.478672985781991E-4 2.2203469947570738 0.00210459430782661
march 9.478672985781991E-4 2.169053700369523 0.002055975071440306
exacerbation 9.478672985781991E-4 3.7784916128036232 0.003581508637728553
the 0.05971563981042654 0.017291497110061043 0.0010325728132074368
mourad 9.478672985781991E-4 5.1647859739235145 0.004895531728837455
photograph 4.7393364928909954E-4 2.7668907011251433 0.0013113226071683145
vasodilatory 9.478672985781991E-4 5.1647859739235145 0.004895531728837455
meet 9.478672985781991E-4 1.1394342831883648 0.001080032495913142
series 0.0014218009478672985 1.1758019273592397 0.0016717562948235635
spasm 9.478672985781991E-4 4.0661736852554045 0.0038541930665928004
diagnose 4.7393364928909954E-4 1.5538680612792897 7.364303607958719E-4
severe 0.002369668246445498 1.157452788691043 0.002742779120120955
fifth 9.478672985781991E-4 2.7668907011251433 0.002622645214336629
information 9.478672985781991E-4 0.3049735695618419 2.8907447351833354E-4
under 9.478672985781991E-4 0.7459453661269161 7.070572190776456E-4
characterization 9.478672985781991E-4 2.456735772821304 0.0023286595003045537
register 4.7393364928909954E-4 2.331572629867298 0.0011050107250555915
discuss 4.7393364928909954E-4 0.7827593392496325 3.709759901657026E-4
november 0.0018957345971563982 1.1758019273592397 0.0022290083930980847
nine 9.478672985781991E-4 1.9459101490553132 0.0018444645962609604
neovascular 0.0014218009478672985 3.2188758248682006 0.00457660069886474
evidence 9.478672985781991E-4 0.8881198549074587 8.41819767684795E-4
resolve 9.478672985781991E-4 2.0292917579943643 0.0019234992966771227
retinovascular 0.0014218009478672985 5.1647859739235145 0.0073432975932561815
repackage 4.7393364928909954E-4 5.1647859739235145 0.0024477658644187273
do 4.7393364928909954E-4 0.14750613710858965 6.990812185241216E-5
arterial 0.0033175355450236967 3.373026504695459 0.011190135323634224
observe 4.7393364928909954E-4 0.5496654570822546 2.6050495596315385E-4
fundus 0.0018957345971563982 2.9675613965872945 0.005625708808696293
act 4.7393364928909954E-4 1.121734706088964 5.316278227909782E-4
post 9.478672985781991E-4 1.6990500711237875 0.0016104740010652015
prior 0.002843601895734597 0.8209805520698303 0.0023345418542270054
discharge 9.478672985781991E-4 2.331572629867298 0.002210021450111183
exclude 4.7393364928909954E-4 0.9021060968821986 4.2753843454132636E-4
prospective 0.0042654028436018955 2.120263536200091 0.00904377811649328
michel 0.0018957345971563982 4.471638793363569 0.008477040366566008
which 0.002369668246445498 0.023122417420854212 5.479245834325643E-5
area 9.478672985781991E-4 0.664976303593249 6.303092925054493E-4
image 0.0014218009478672985 1.5271998141971284 0.002171374143408239
capillary 0.0042654028436018955 4.0661736852554045 0.0173438687996676
need 9.478672985781991E-4 0.27443684570176036 2.601297115656496E-4
list 4.7393364928909954E-4 0.8472978603872037 4.015629670081534E-4
take 4.7393364928909954E-4 0.368995428326773 1.748793499179019E-4
vision 0.0014218009478672985 1.4035858582299516 0.001995619703644481
accompany 4.7393364928909954E-4 2.331572629867298 0.0011050107250555915
month 0.0018957345971563982 1.1758019273592397 0.0022290083930980847
carry 4.7393364928909954E-4 0.8472978603872037 4.015629670081534E-4
useful 9.478672985781991E-4 0.9162907318741551 8.685220207337963E-4
some 0.002843601895734597 0.2160260835453457 6.142921806976655E-4
additional 9.478672985781991E-4 0.5300569856938783 5.024236831221595E-4
deem 4.7393364928909954E-4 2.456735772821304 0.0011643297501522769
origin 9.478672985781991E-4 2.6798793241355137 0.0025401699754838995
for 0.009478672985781991 0.017291497110061043 1.63900446540863E-4
choose 4.7393364928909954E-4 0.7221347174331975 3.42243941911468E-4
precisely 9.478672985781991E-4 2.5998366164619773 0.0024643001103904997
society 9.478672985781991E-4 2.073743520565198 0.001965633668782178
previously 9.478672985781991E-4 0.8340526336371831 7.905712167177091E-4
laser 9.478672985781991E-4 2.8622008809294686 0.002712986616994757
rate 9.478672985781991E-4 0.5696661237889241 5.399678898473215E-4
molecular 9.478672985781991E-4 2.5257286443082556 0.0023940555870220434
digital 9.478672985781991E-4 1.730798769438368 0.001640567553970017
worsen 4.7393364928909954E-4 2.5998366164619773 0.0012321500551952498
six 0.0018957345971563982 0.9162907318741551 0.0017370440414675927
approval 9.478672985781991E-4 1.906689435902032 0.0018072885648360495
custom 9.478672985781991E-4 2.8622008809294686 0.002712986616994757
terui 9.478672985781991E-4 5.1647859739235145 0.004895531728837455
perform 4.7393364928909954E-4 0.2669461739726028 1.2651477439459848E-4
multiple 9.478672985781991E-4 0.5108256237659907 4.841949040435931E-4
retrospective 0.0018957345971563982 1.4271163556401458 0.002705433849554779
monitor 9.478672985781991E-4 1.9867321435755685 0.0018831584299294488
improvement 0.0014218009478672985 0.9306794693262548 0.0013232409516487035
with 0.02132701421800948 0.017291497110061043 3.687760047169417E-4
schedule 4.7393364928909954E-4 2.5998366164619773 0.0012321500551952498
maurizio 0.0018957345971563982 5.1647859739235145 0.00979106345767491
form 9.478672985781991E-4 0.5013468798114469 4.7521031261748523E-4
management 9.478672985781991E-4 0.9452782687474074 8.95998359002282E-4
publish 4.7393364928909954E-4 0.03488725900044054 1.6534245971772767E-5
there 0.002843601895734597 0.12136085700426753 3.451019630453105E-4
well 0.0014218009478672985 0.3127557100038969 4.446763649344506E-4
platelet 4.7393364928909954E-4 3.373026504695459 0.001598590760519175
suitable 9.478672985781991E-4 1.121734706088964 0.0010632556455819563
ulcer 9.478672985781991E-4 3.373026504695459 0.00319718152103835
injection 0.004739336492890996 2.073743520565198 0.009828168343910891
hypertension 0.002369668246445498 3.0853444322436783 0.007311242730435257
inject 4.7393364928909954E-4 2.5998366164619773 0.0012321500551952498
significantly 0.0018957345971563982 0.5900749954201312 0.0011186255837348459
age 9.478672985781991E-4 0.9452782687474074 8.95998359002282E-4
subset 9.478672985781991E-4 1.5812670354674039 0.0014988313132392455
select 4.7393364928909954E-4 0.5798184952529422 2.747954953805413E-4
advanced 9.478672985781991E-4 1.4512139072192063 0.0013755582058949823
collaborate 4.7393364928909954E-4 2.6798793241355137 0.0012700849877419497
variation 9.478672985781991E-4 1.1944940603713923 0.0011322218581719357
collaborator 4.7393364928909954E-4 3.7784916128036232 0.0017907543188642764
number 0.0018957345971563982 0.14750613710858965 2.7963248740964865E-4
four 0.002369668246445498 0.4643056081310978 0.001100250256234829
vessel 0.005213270142180095 3.2188758248682006 0.016780869229170714
majority 0.0014218009478672985 0.9452782687474074 0.0013439975385034228
block 9.478672985781991E-4 1.906689435902032 0.0018072885648360495
judge 4.7393364928909954E-4 2.2203469947570738 0.001052297153913305
usually 9.478672985781991E-4 0.9600933545325481 9.100410943436475E-4
per 9.478672985781991E-4 0.7339691750802005 6.957053792229389E-4
flow 0.0014218009478672985 1.4035858582299516 0.001995619703644481
reduce 9.478672985781991E-4 0.3941013494578493 3.735557814766344E-4
silicone 9.478672985781991E-4 2.7668907011251433 0.002622645214336629
period 9.478672985781991E-4 0.7953381214564925 7.538749966412251E-4
large 0.0018957345971563982 0.22314355131420976 4.230209503586915E-4
specify 4.7393364928909954E-4 1.5538680612792897 7.364303607958719E-4
schwartz 0.0018957345971563982 4.471638793363569 0.008477040366566008
retinopathy 0.002369668246445498 2.9675613965872945 0.007032136010870367
supplement 4.7393364928909954E-4 2.331572629867298 0.0011050107250555915
analyze 9.478672985781991E-4 0.758066726659261 7.185466603405317E-4
bonnin 9.478672985781991E-4 5.1647859739235145 0.004895531728837455
nonperfusion 0.0014218009478672985 5.1647859739235145 0.0073432975932561815
evaluate 9.478672985781991E-4 0.40261203912575794 3.8162278590119235E-4
retinal 0.02843601895734597 1.730798769438368 0.04921702661910051
other 0.0014218009478672985 0.0408219945202552 5.804075050273251E-5
American 4.7393364928909954E-4 1.9459101490553132 9.222322981304802E-4
tone 9.478672985781991E-4 3.373026504695459 0.00319718152103835
occurrence 0.002369668246445498 1.79749014393704 0.004259455317386351
grader 9.478672985781991E-4 4.471638793363569 0.004238520183283004
matter 9.478672985781991E-4 1.9867321435755685 0.0018831584299294488
cell 9.478672985781991E-4 1.3361445774344192 0.0012664877511226723
eight 0.0018957345971563982 1.7635885922613586 0.003343295909500206
dysfunction 9.478672985781991E-4 3.2188758248682006 0.0030510671325764934
literature 0.002369668246445498 0.9306794693262548 0.002205401586081173
syndrome 9.478672985781991E-4 2.7668907011251433 0.002622645214336629
yield 4.7393364928909954E-4 1.4512139072192063 6.877791029474912E-4
have 9.478672985781991E-4 0.017291497110061043 1.6390044654086297E-5
member 4.7393364928909954E-4 1.6094379124341003 7.627667831441233E-4
administer 4.7393364928909954E-4 2.0292917579943643 9.617496483385614E-4
angle 9.478672985781991E-4 2.2744142160273495 0.002155842858793696
optic 0.0018957345971563982 2.456735772821304 0.004657319000609107
table 0.0037914691943127963 0.18117935221517753 6.869359325693935E-4
side 9.478672985781991E-4 1.6682784124570338 0.0015813065520919752
particularly 9.478672985781991E-4 0.9751312318970885 9.242950065375246E-4
may 0.004739336492890996 0.15415067982725836 7.305719423092813E-4
could 0.0014218009478672985 0.22314355131420976 3.172657127690186E-4
dilator 9.478672985781991E-4 5.1647859739235145 0.004895531728837455
change 9.478672985781991E-4 0.3941013494578493 3.735557814766344E-4
ethical 0.0014218009478672985 1.8325814637483102 0.0026055660622013887
sharp 9.478672985781991E-4 2.7668907011251433 0.002622645214336629
regard 4.7393364928909954E-4 0.4919571394616079 2.3315504239886632E-4
report 9.478672985781991E-4 0.3364722366212129 3.1893102997271366E-4
minor 9.478672985781991E-4 2.0292917579943643 0.0019234992966771227
almost 9.478672985781991E-4 1.1043429633770947 0.0010467705814000898
lumen 9.478672985781991E-4 3.7784916128036232 0.003581508637728553
use 0.0018957345971563982 0.03488725900044054 6.613698388709107E-5
subject 4.7393364928909954E-4 0.9021060968821986 4.2753843454132636E-4
several 0.0014218009478672985 0.3526016185510966 5.013293154754927E-4
screen 4.7393364928909954E-4 1.7635885922613586 8.358239773750515E-4
diffuse 9.478672985781991E-4 3.5553480614894135 0.003369998162549207
while 0.002843601895734597 0.20895891632225325 5.941959705846063E-4
degeneration 0.0018957345971563982 2.8622008809294686 0.005425973233989514
associate 4.7393364928909954E-4 0.38566248081198473 1.8277842692511126E-4
perception 0.0014218009478672985 1.252762968495368 0.001781179576059765
that 0.010900473933649289 0.017291497110061043 1.884855135219924E-4
download 0.0018957345971563982 0.24480504809538922 4.6408539923296536E-4
high 9.478672985781991E-4 0.11492996667397702 1.0893835703694505E-4
find 4.7393364928909954E-4 0.16083966797805488 7.622733079528667E-5
than 0.0014218009478672985 0.058840500022933395 8.36594787055925E-5
closure 9.478672985781991E-4 2.120263536200091 0.00200972847033184
combine 4.7393364928909954E-4 0.6321864807702582 2.996144458626816E-4
all 0.002369668246445498 0.017291497110061043 4.097511163521575E-5
always 9.478672985781991E-4 1.2729656758128876 0.0012066025363155332
peripheral 9.478672985781991E-4 2.2744142160273495 0.002155842858793696
author 4.7393364928909954E-4 0.017291497110061043 8.195022327043148E-6
occur 4.7393364928909954E-4 0.6109090823229731 2.895303707691816E-4
pressure 0.004739336492890996 1.5538680612792897 0.007364303607958719
heart 9.478672985781991E-4 2.8622008809294686 0.002712986616994757
mendrinos 9.478672985781991E-4 5.1647859739235145 0.004895531728837455
clinical 0.0014218009478672985 0.9452782687474074 0.0013439975385034228
condition 4.7393364928909954E-4 0.8607208807193443 4.0792458801864657E-4
proliferative 0.0037914691943127963 2.6798793241355137 0.010160679901935598
specialist 4.7393364928909954E-4 2.5257286443082556 0.0011970277935110217
background 9.478672985781991E-4 1.6094379124341003 0.0015255335662882467
activate 9.478672985781991E-4 2.2203469947570738 0.00210459430782661
survey 0.0014218009478672985 1.3805963400052528 0.0019629331848415917
retrieve 4.7393364928909954E-4 2.0292917579943643 9.617496483385614E-4
try 4.7393364928909954E-4 1.3581234841531944 6.4366041902995E-4
present 4.7393364928909954E-4 0.083381608939051 3.951735020808104E-5
collect 4.7393364928909954E-4 0.6761496041913742 3.2045004937979817E-4
maha 0.0018957345971563982 5.1647859739235145 0.00979106345767491
datum 4.7393364928909954E-4 0.167573700159399 7.941881524142133E-5
facilitate 9.478672985781991E-4 1.2729656758128876 0.0012066025363155332
precipitate 4.7393364928909954E-4 3.0853444322436783 0.0014622485460870514
complication 4.7393364928909954E-4 1.6990500711237875 8.052370005326008E-4
attenuation 9.478672985781991E-4 3.7784916128036232 0.003581508637728553
university 0.002369668246445498 1.1043429633770947 0.0026169264535002247
arteriolar 9.478672985781991E-4 5.1647859739235145 0.004895531728837455
cause 9.478672985781991E-4 0.5398131606392429 5.116712423120786E-4
around 9.478672985781991E-4 1.0216512475319812 9.68389808087186E-4
constriction 0.002843601895734597 4.0661736852554045 0.0115625791997784
total 0.0042654028436018955 0.5108256237659907 0.002178877068196169
investigator 9.478672985781991E-4 2.6798793241355137 0.0025401699754838995
oil 9.478672985781991E-4 2.456735772821304 0.0023286595003045537
considerable 9.478672985781991E-4 1.7635885922613586 0.001671647954750103
and 0.045023696682464455 0.017291497110061043 7.785271210690991E-4
repeat 4.7393364928909954E-4 1.5012243277938677 7.114807240729232E-4
rarefaction 9.478672985781991E-4 5.1647859739235145 0.004895531728837455
possibility 9.478672985781991E-4 1.0704414117014134 0.0010146364091956526
nitric 9.478672985781991E-4 3.5553480614894135 0.003369998162549207
immune 9.478672985781991E-4 2.392197251683733 0.002267485546619652
nature 9.478672985781991E-4 1.0216512475319812 9.68389808087186E-4
medication 4.7393364928909954E-4 1.906689435902032 9.036442824180247E-4
control 9.478672985781991E-4 0.5398131606392429 5.116712423120786E-4
deviation 0.0014218009478672985 1.6682784124570338 0.0023719598281379626
requirement 4.7393364928909954E-4 1.6990500711237875 8.052370005326008E-4
specific 9.478672985781991E-4 0.40261203912575794 3.8162278590119235E-4
consecutive 9.478672985781991E-4 1.9867321435755685 0.0018831584299294488
underlie 4.7393364928909954E-4 1.293584963015623 6.130734421874991E-4
contralateral 9.478672985781991E-4 3.373026504695459 0.00319718152103835
due 0.0014218009478672985 0.20895891632225325 2.9709798529230317E-4
choroidal 0.002369668246445498 2.5998366164619773 0.00616075027597625
hemicentral 9.478672985781991E-4 5.1647859739235145 0.004895531728837455
dendritic 9.478672985781991E-4 3.7784916128036232 0.003581508637728553
edema 0.0014218009478672985 2.5998366164619773 0.0036964501655857495
mellitus 9.478672985781991E-4 3.2188758248682006 0.0030510671325764934
maintain 4.7393364928909954E-4 1.2329603411991883 5.843413939332646E-4
shift 9.478672985781991E-4 1.5538680612792897 0.0014728607215917437
determination 9.478672985781991E-4 2.6798793241355137 0.0025401699754838995
discussion 9.478672985781991E-4 0.23031204079282225 2.1830525193632441E-4
particulate 9.478672985781991E-4 4.471638793363569 0.004238520183283004
lee 9.478672985781991E-4 2.392197251683733 0.002267485546619652
concern 9.478672985781991E-4 1.0539121097502027 9.989688244077752E-4
bevacizumab 0.010900473933649289 3.5553480614894135 0.03875497886931588
ipsilateral 9.478672985781991E-4 3.373026504695459 0.00319718152103835
recent 9.478672985781991E-4 0.5596157879354227 5.304415051520594E-4
temporal 0.0014218009478672985 2.169053700369523 0.0030839626071604595
they 9.478672985781991E-4 0.05279818556697083 5.00456735231951E-5
august 9.478672985781991E-4 2.2203469947570738 0.00210459430782661
neovascularization 9.478672985781991E-4 3.5553480614894135 0.003369998162549207
nonproliferative 9.478672985781991E-4 5.1647859739235145 0.004895531728837455
then 9.478672985781991E-4 0.4285875255290187 4.0624410002750586E-4
pack 4.7393364928909954E-4 3.7784916128036232 0.0017907543188642764
each 0.002369668246445498 0.13434805253107854 3.183603140546885E-4
quality 9.478672985781991E-4 0.7953381214564925 7.538749966412251E-4
eye 0.0037914691943127963 1.4035858582299516 0.005321652543051949
induce 4.7393364928909954E-4 1.79749014393704 8.518910634772702E-4
twelve 0.0018957345971563982 2.9675613965872945 0.005625708808696293
randomized 9.478672985781991E-4 1.9459101490553132 0.0018444645962609604
photography 0.0014218009478672985 4.471638793363569 0.006357780274924505
male 4.7393364928909954E-4 1.5812670354674039 7.494156566196227E-4
systemic 0.005213270142180095 1.5271998141971284 0.007961705192496877
prominent 9.478672985781991E-4 2.2744142160273495 0.002155842858793696
corneal 9.478672985781991E-4 1.9459101490553132 0.0018444645962609604
document 4.7393364928909954E-4 0.8743265327751228 4.1437276434839944E-4
two 0.0042654028436018955 0.11492996667397702 4.902226066662527E-4
ahmad 0.0018957345971563982 4.0661736852554045 0.007708386133185601
angiography 9.478672985781991E-4 3.373026504695459 0.00319718152103835
into 0.002369668246445498 0.10854016857520597 2.572041909365071E-4
current 0.004739336492890996 0.4919571394616079 0.002331550423988663
endothelial 0.0018957345971563982 2.7668907011251433 0.005245290428673258
attack 9.478672985781991E-4 2.392197251683733 0.002267485546619652
relationship 9.478672985781991E-4 0.758066726659261 7.185466603405317E-4
caution 9.478672985781991E-4 3.373026504695459 0.00319718152103835
receive 4.7393364928909954E-4 0.653926467406664 3.099177570647697E-4
detection 9.478672985781991E-4 1.5271998141971284 0.0014475827622721597
scaling 9.478672985781991E-4 3.373026504695459 0.00319718152103835
perfusion 0.0033175355450236967 4.0661736852554045 0.013489675733074802
ophthalmologist 4.7393364928909954E-4 3.0853444322436783 0.0014622485460870514
one 0.005213270142180095 0.06491954609931569 3.384431313234467E-4
autoregulation 9.478672985781991E-4 5.1647859739235145 0.004895531728837455
cardiovascular 9.478672985781991E-4 2.9675613965872945 0.0028128544043481466
many 0.0014218009478672985 0.20194134366360675 2.8712039383451196E-4
single 9.478672985781991E-4 0.6429973968744738 6.094762055682216E-4
such 0.0033175355450236967 0.10219094089654716 3.39022078803711E-4
oxide 9.478672985781991E-4 3.373026504695459 0.00319718152103835
calibrate 4.7393364928909954E-4 3.7784916128036232 0.0017907543188642764
vasoconstriction 0.005213270142180095 4.471638793363569 0.02331186100805652
invite 4.7393364928909954E-4 3.2188758248682006 0.0015255335662882467
describe 4.7393364928909954E-4 0.28958865072236245 1.3724580602955566E-4
adverse 0.0037914691943127963 2.073743520565198 0.007862534675128712
but 0.0014218009478672985 0.083381608939051 1.1855205062424312E-4
treat 0.0018957345971563982 0.7827593392496325 0.0014839039606628103
antagonism 9.478672985781991E-4 5.1647859739235145 0.004895531728837455
administration 0.0018957345971563982 2.169053700369523 0.004111950142880612
glaucoma 9.478672985781991E-4 2.331572629867298 0.002210021450111183
available 0.0014218009478672985 0.5696661237889241 8.099518347709821E-4
seven 0.0018957345971563982 1.5538680612792897 0.0029457214431834874
antagonist 0.0033175355450236967 5.1647859739235145 0.01713436105093109
regionally 9.478672985781991E-4 5.1647859739235145 0.004895531728837455
research 0.0014218009478672985 0.40261203912575794 5.724341788517886E-4
frequency 9.478672985781991E-4 1.0216512475319812 9.68389808087186E-4
diameter 0.0033175355450236967 3.2188758248682006 0.010678734964017727
segment 4.7393364928909954E-4 1.730798769438368 8.202837769850086E-4
carotid 9.478672985781991E-4 3.5553480614894135 0.003369998162549207
five 0.0018957345971563982 0.9021060968821986 0.0017101537381653054
fluorescein 0.0018957345971563982 3.373026504695459 0.0063943630420767
constrictive 9.478672985781991E-4 5.1647859739235145 0.004895531728837455
pronounced 9.478672985781991E-4 2.9675613965872945 0.0028128544043481466
coronary 0.0014218009478672985 3.5553480614894135 0.00505499724382381
last 0.0014218009478672985 0.7459453661269161 0.0010605858286164684
this 0.006161137440758294 0.017291497110061043 1.0653529025156093E-4
weight 9.478672985781991E-4 1.0059028905638423 9.53462455510751E-4
develop 9.478672985781991E-4 0.32850406697203605 3.113782625327356E-4
significant 0.002843601895734597 0.377294231141468 0.0010728745909236055
finding 4.7393364928909954E-4 0.7459453661269161 3.535286095388228E-4
imaging 9.478672985781991E-4 2.331572629867298 0.002210021450111183
decrease 4.7393364928909954E-4 0.7827593392496325 3.709759901657026E-4
measure 9.478672985781991E-4 0.48265474679929443 4.574926509945919E-4
systolic 0.0018957345971563982 3.7784916128036232 0.007163017275457106
institutional 9.478672985781991E-4 1.3361445774344192 0.0012664877511226723
median 0.0033175355450236967 1.7635885922613586 0.00585076784162536
involved 0.0014218009478672985 1.1043429633770947 0.0015701558721001347
especially 9.478672985781991E-4 0.7104386776700063 6.734015902085369E-4
neubauer 9.478672985781991E-4 5.1647859739235145 0.004895531728837455
overall 9.478672985781991E-4 0.7339691750802005 6.957053792229389E-4
know 4.7393364928909954E-4 0.6214911916535102 2.9454558846137924E-4
demonstrate 4.7393364928909954E-4 0.5108256237659907 2.4209745202179655E-4
drop 4.7393364928909954E-4 2.0292917579943643 9.617496483385614E-4
blind 9.478672985781991E-4 3.373026504695459 0.00319718152103835
submit 4.7393364928909954E-4 2.9675613965872945 0.0014064272021740733
absence 0.0018957345971563982 1.3581234841531944 0.0025746416761198
show 9.478672985781991E-4 0.0771896386911299 7.316553430438853E-5
detect 4.7393364928909954E-4 0.8881198549074587 4.209098838423975E-4
video 9.478672985781991E-4 2.5257286443082556 0.0023940555870220434
cynomolgus 9.478672985781991E-4 5.1647859739235145 0.004895531728837455
not 0.0018957345971563982 0.03488725900044054 6.613698388709107E-5
minimal 9.478672985781991E-4 1.906689435902032 0.0018072885648360495
central 0.006635071090047393 1.3805963400052528 0.009160354862594094
thrombosis 9.478672985781991E-4 3.7784916128036232 0.003581508637728553
retrobulbar 9.478672985781991E-4 3.7784916128036232 0.003581508637728553
now 9.478672985781991E-4 1.4035858582299516 0.0013304131357629873
examination 4.7393364928909954E-4 1.5012243277938677 7.114807240729232E-4
hence 9.478672985781991E-4 2.0292917579943643 0.0019234992966771227
surrogate 9.478672985781991E-4 3.7784916128036232 0.003581508637728553
factor 9.478672985781991E-4 0.38566248081198473 3.655568538502225E-4
emphasize 4.7393364928909954E-4 1.906689435902032 9.036442824180247E-4
disease 0.0014218009478672985 1.1758019273592397 0.0016717562948235635
center 9.478672985781991E-4 1.5812670354674039 0.0014988313132392455
pair 4.7393364928909954E-4 1.293584963015623 6.130734421874991E-4
ischemia 0.002843601895734597 3.0853444322436783 0.008773491276522308
equal 9.478672985781991E-4 1.293584963015623 0.0012261468843749982
ischemic 0.004739336492890996 2.9675613965872945 0.014064272021740733
dilation 9.478672985781991E-4 4.0661736852554045 0.0038541930665928004
detailed 0.0018957345971563982 1.1394342831883648 0.002160064991826284
schraermeyer 9.478672985781991E-4 5.1647859739235145 0.004895531728837455
risk 0.0018957345971563982 0.758066726659261 0.0014370933206810635
time 0.0018957345971563982 0.167573700159399 3.176752609656853E-4
rise 0.002369668246445498 1.7635885922613586 0.0041791198868752575
base 4.7393364928909954E-4 0.14090545307723773 6.677983558162926E-5
vasoconstrictor 9.478672985781991E-4 5.1647859739235145 0.004895531728837455
play 9.478672985781991E-4 0.9600933545325481 9.100410943436475E-4
leader 9.478672985781991E-4 3.373026504695459 0.00319718152103835
peters 9.478672985781991E-4 3.7784916128036232 0.003581508637728553
whole 9.478672985781991E-4 1.252762968495368 0.00118745305070651
experimental 9.478672985781991E-4 1.4512139072192063 0.0013755582058949823
during 0.004739336492890996 0.28958865072236245 0.0013724580602955568
type 9.478672985781991E-4 0.3364722366212129 3.1893102997271366E-4
april 9.478672985781991E-4 1.906689435902032 0.0018072885648360495
when 9.478672985781991E-4 0.14750613710858965 1.3981624370482432E-4
three 0.002369668246445498 0.22314355131420976 5.287761879483645E-4
diabetic 0.006635071090047393 2.5257286443082556 0.016758389109154302
loss 0.0014218009478672985 0.9162907318741551 0.0013027830311006944
primate 9.478672985781991E-4 5.1647859739235145 0.004895531728837455
relate 9.478672985781991E-4 0.27443684570176036 2.601297115656496E-4
review 0.0014218009478672985 0.4734380916943703 6.731347275275406E-4
safety 9.478672985781991E-4 1.8325814637483102 0.0017370440414675927
soliman 9.478672985781991E-4 4.471638793363569 0.004238520183283004
preliminary 9.478672985781991E-4 2.073743520565198 0.001965633668782178
presence 0.0014218009478672985 0.9751312318970885 0.001386442509806287
case 0.002369668246445498 0.24480504809538922 5.801067490412067E-4
between 0.0018957345971563982 0.058840500022933395 1.1154597160745667E-4
still 9.478672985781991E-4 0.5300569856938783 5.024236831221595E-4
researcher 4.7393364928909954E-4 1.0539121097502027 4.994844122038876E-4
method 4.7393364928909954E-4 0.0958817717032825 4.5441597963641E-5
natural 0.0018957345971563982 0.6429973968744738 0.0012189524111364432
collaborative 0.0033175355450236967 2.392197251683733 0.007936199413168782
double 9.478672985781991E-4 2.392197251683733 0.002267485546619652
lose 4.7393364928909954E-4 1.8689491079191851 8.857578710517465E-4
baseline 9.478672985781991E-4 1.5538680612792897 0.0014728607215917437
trunk 9.478672985781991E-4 4.471638793363569 0.004238520183283004
vascular 0.018957345971563982 2.9675613965872945 0.056257088086962934
thrombocyte 4.7393364928909954E-4 5.1647859739235145 0.0024477658644187273
occlude 4.7393364928909954E-4 4.471638793363569 0.002119260091641502
insight 0.0018957345971563982 1.0539121097502027 0.0019979376488155503
provide 4.7393364928909954E-4 0.167573700159399 7.941881524142133E-5
light 0.0014218009478672985 1.2729656758128876 0.0018099038044732997
among 0.002843601895734597 0.32850406697203605 9.341347875982067E-4
leukocyte 4.7393364928909954E-4 4.471638793363569 0.002119260091641502
intravitreal 0.017535545023696683 2.331572629867298 0.040885396827056886
intracameral 9.478672985781991E-4 4.0661736852554045 0.0038541930665928004
damage 4.7393364928909954E-4 1.6384254493073527 7.765049522783662E-4
study 0.005213270142180095 0.07103577311675174 3.703286750162413E-4
gender 9.478672985781991E-4 2.2744142160273495 0.002155842858793696
aflibercept 0.0014218009478672985 5.1647859739235145 0.0073432975932561815
range 0.0014218009478672985 0.3941013494578493 5.603336722149516E-4
exercise 4.7393364928909954E-4 2.5257286443082556 0.0011970277935110217
straightness 9.478672985781991E-4 5.1647859739235145 0.004895531728837455
gain 4.7393364928909954E-4 0.9751312318970885 4.621475032687623E-4
out 0.0014218009478672985 0.368995428326773 5.246380497537057E-4
unknown 9.478672985781991E-4 1.79749014393704 0.0017037821269545405
across 9.478672985781991E-4 0.7703368192510752 7.301770798588391E-4
computer 9.478672985781991E-4 1.5012243277938677 0.0014229614481458463
dorsum 9.478672985781991E-4 5.1647859739235145 0.004895531728837455
preferentially 9.478672985781991E-4 3.5553480614894135 0.003369998162549207
low 0.0018957345971563982 0.28958865072236245 5.489832241182226E-4
ophthalmic 0.002369668246445498 2.169053700369523 0.0051399376786007665
bilateral 9.478672985781991E-4 2.5998366164619773 0.0024643001103904997
get 9.478672985781991E-4 1.121734706088964 0.0010632556455819563
event 4.7393364928909954E-4 1.157452788691043 5.48555824024191E-4
europe 9.478672985781991E-4 2.8622008809294686 0.002712986616994757
finger 4.7393364928909954E-4 2.5998366164619773 0.0012321500551952498
include 9.478672985781991E-4 0.0771896386911299 7.316553430438853E-5
stress 0.0014218009478672985 1.8689491079191851 0.002657273613155239
fda 9.478672985781991E-4 3.5553480614894135 0.003369998162549207
initial 9.478672985781991E-4 0.6988778552689304 6.624434647098866E-4
more 0.0014218009478672985 0.05279818556697083 7.506851028479265E-5
wet 0.002369668246445498 4.0661736852554045 0.009635482666482002
csvdisplay 0.0018957345971563982 0.2669461739726028 5.060590975783939E-4
rocc 9.478672985781991E-4 5.1647859739235145 0.004895531728837455
suggest 0.0014218009478672985 0.5013468798114469 7.128154689262277E-4
scopus 9.478672985781991E-4 4.0661736852554045 0.0038541930665928004
reverse 9.478672985781991E-4 2.7668907011251433 0.002622645214336629
great 4.7393364928909954E-4 0.5398131606392429 2.558356211560393E-4
disorder 4.7393364928909954E-4 2.169053700369523 0.001027987535720153
assess 9.478672985781991E-4 0.6761496041913742 6.409000987595963E-4
sacu 0.0014218009478672985 5.1647859739235145 0.0073432975932561815
diabetes 0.002369668246445498 2.456735772821304 0.005821648750761384
incidence 9.478672985781991E-4 1.6094379124341003 0.0015255335662882467
board 9.478672985781991E-4 1.4271163556401458 0.0013527169247773895
ophthalmoscopy 9.478672985781991E-4 4.471638793363569 0.004238520183283004
quick 9.478672985781991E-4 2.456735772821304 0.0023286595003045537
monkey 4.7393364928909954E-4 5.1647859739235145 0.0024477658644187273
before 0.0014218009478672985 0.5203950747821414 7.398982105907224E-4
koh 9.478672985781991E-4 5.1647859739235145 0.004895531728837455
hypoperfusion 9.478672985781991E-4 5.1647859739235145 0.004895531728837455
drug 9.478672985781991E-4 1.906689435902032 0.0018072885648360495
influence 4.7393364928909954E-4 0.6874491594453075 3.258052888366386E-4
protocol 9.478672985781991E-4 1.6384254493073527 0.0015530099045567324
costa 9.478672985781991E-4 4.0661736852554045 0.0038541930665928004
major 9.478672985781991E-4 0.7104386776700063 6.734015902085369E-4
inhibitor 4.7393364928909954E-4 2.8622008809294686 0.0013564933084973785
only 0.0014218009478672985 0.10854016857520597 1.543225145619042E-4
should 9.478672985781991E-4 0.368995428326773 3.497586998358038E-4
few 9.478672985781991E-4 0.5013468798114469 4.7521031261748523E-4
from 0.006161137440758294 0.023122417420854212 1.4246039169246673E-4
consider 4.7393364928909954E-4 0.17435338714477774 8.26319370354397E-5
day 0.0018957345971563982 0.8881198549074587 0.00168363953536959
group 0.002843601895734597 0.41119578281714936 0.0011692771075369176
marked 0.0014218009478672985 1.79749014393704 0.0025556731904318106
indirect 9.478672985781991E-4 1.9459101490553132 0.0018444645962609604
history 0.002369668246445498 1.2329603411991883 0.0029217069696663234
stimulate 4.7393364928909954E-4 2.392197251683733 0.001133742773309826
both 9.478672985781991E-4 0.13434805253107854 1.273441256218754E-4
most 0.0014218009478672985 0.0771896386911299 1.0974830145658278E-4
outside 0.0014218009478672985 1.4035858582299516 0.001995619703644481
effect 0.0014218009478672985 0.4919571394616079 6.994651271965989E-4
neuropathy 0.0018957345971563982 2.7668907011251433 0.005245290428673258
send 4.7393364928909954E-4 1.9459101490553132 9.222322981304802E-4
who 0.0014218009478672985 0.44628710262841953 6.345314255380372E-4
note 4.7393364928909954E-4 0.5013468798114469 2.3760515630874261E-4
acute 0.0018957345971563982 2.169053700369523 0.004111950142880612
week 0.0018957345971563982 1.4035858582299516 0.0026608262715259747
pathology 9.478672985781991E-4 2.5257286443082556 0.0023940555870220434
line 4.7393364928909954E-4 0.9021060968821986 4.2753843454132636E-4
part 0.0018957345971563982 0.4285875255290187 8.124882000550117E-4
link 9.478672985781991E-4 1.0872485300177945 0.001030567327031085
contribute 9.478672985781991E-4 0.6874491594453075 6.516105776732772E-4
chung 9.478672985781991E-4 4.471638793363569 0.004238520183283004
dermal 9.478672985781991E-4 5.1647859739235145 0.004895531728837455
ocular 0.016587677725118485 1.5538680612792897 0.02577506262785552
aggregate 4.7393364928909954E-4 2.2203469947570738 0.001052297153913305
general 9.478672985781991E-4 0.4734380916943703 4.4875648501836046E-4
can 0.0014218009478672985 0.0958817717032825 1.3632479389092298E-4
paracentesis 9.478672985781991E-4 3.5553480614894135 0.003369998162549207
retina 9.478672985781991E-4 2.7668907011251433 0.002622645214336629
patient 4.7393364928909954E-4 0.8743265327751228 4.1437276434839944E-4
doppler 9.478672985781991E-4 5.1647859739235145 0.004895531728837455
value 4.7393364928909954E-4 0.34450440831847723 1.6327223143055794E-4
introduction 9.478672985781991E-4 0.10219094089654716 9.686345108677457E-5
macular 0.0071090047393364926 2.7668907011251433 0.019669839107524716
angiographic 0.0014218009478672985 5.1647859739235145 0.0073432975932561815
motion 9.478672985781991E-4 2.073743520565198 0.001965633668782178
selective 9.478672985781991E-4 2.7668907011251433 0.002622645214336629
therapy 0.0037914691943127963 1.9867321435755685 0.007532633719717795
stephen 0.0018957345971563982 3.2188758248682006 0.006102134265152987
also 0.002843601895734597 0.05279818556697083 1.501370205695853E-4
velocity 9.478672985781991E-4 2.8622008809294686 0.002712986616994757
follow 4.7393364928909954E-4 0.0958817717032825 4.5441597963641E-5
hyperopic 9.478672985781991E-4 5.1647859739235145 0.004895531728837455
ultrasound 9.478672985781991E-4 3.7784916128036232 0.003581508637728553
various 0.0014218009478672985 0.5798184952529422 8.243864861416239E-4
approve 4.7393364928909954E-4 1.3805963400052528 6.543110616138639E-4
mean 0.0037914691943127963 0.5398131606392429 0.0020466849692483144
response 9.478672985781991E-4 1.0539121097502027 9.989688244077752E-4
variable 4.7393364928909954E-4 0.8080771472339223 3.8297495129569777E-4
vegf 0.00995260663507109 3.7784916128036232 0.037605840696149806
growth 9.478672985781991E-4 1.4512139072192063 0.0013755582058949823
microscopy 9.478672985781991E-4 3.373026504695459 0.00319718152103835
further 0.0014218009478672985 0.27443684570176036 3.901945673484744E-4
affiliate 9.478672985781991E-4 2.8622008809294686 0.002712986616994757
pegaptanib 9.478672985781991E-4 4.471638793363569 0.004238520183283004
reduction 0.0014218009478672985 1.4271163556401458 0.002029075387166084
maculopathy 9.478672985781991E-4 4.471638793363569 0.004238520183283004
