extent 0.0011634671320535194 1.3805963400052528 0.0016062784642294971
equivalent 0.0017452006980802793 1.6384254493073527 0.002859381237883687
onnisa 0.004072134962187318 5.1647859739235145 0.02103170553662862
half 0.0011634671320535194 1.3805963400052528 0.0016062784642294971
plana 0.0011634671320535194 2.2744142160273495 0.002646206185023094
bad 5.817335660267597E-4 1.4271163556401458 8.302014867016555E-4
numerous 0.0011634671320535194 1.6384254493073527 0.0019062541585891247
year 5.817335660267597E-4 0.5203950747821414 3.0273128259577744E-4
causative 0.0011634671320535194 2.8622008809294686 0.0033300766502960657
accuracy 0.0011634671320535194 1.0539121097502027 0.0012261920997675424
resolution 0.0011634671320535194 2.331572629867298 0.002712708120846187
rupture 0.0011634671320535194 2.7668907011251433 0.003219186388743622
setting 5.817335660267597E-4 1.1394342831883648 6.628471688123123E-4
score 0.005235602094240838 1.0059028905638423 0.005266507280438966
would 0.0011634671320535194 0.5013468798114469 5.833006164182046E-4
acuity 0.0011634671320535194 1.5271998141971284 0.0017768467878966007
poor 0.0011634671320535194 0.9452782687474074 0.001099800196332062
vitreous 0.0011634671320535194 1.906689435902032 0.00221837048970568
visual 0.010471204188481676 1.157452788691043 0.012119924488911447
calculate 5.817335660267597E-4 0.7221347174331975 4.2009000432414046E-4
addition 0.0011634671320535194 0.7953381214564925 9.253497631838191E-4
trauma 0.006399069226294357 2.2203469947570738 0.014208154125845147
successfully 0.0011634671320535194 1.5538680612792897 0.0018078744168461775
carefully 0.0011634671320535194 2.5257286443082556 0.0029386022621387497
impact 0.0017452006980802793 0.6874491594453075 0.0011997367529586519
hazardous 0.0011634671320535194 3.7784916128036232 0.004396150800236909
posterior 0.0011634671320535194 1.8325814637483102 0.002132148299881687
require 5.817335660267597E-4 0.3127557100038969 1.8194049447579807E-4
analysis 0.004072134962187318 0.13434805253107854 5.470834018135833E-4
population 0.0017452006980802793 0.9021060968821986 0.001574356190021289
globe 0.009307737056428156 2.2203469947570738 0.020666406001229307
size 0.0017452006980802793 0.12136085700426753 2.1179905236346866E-4
correlation 0.0011634671320535194 1.293584963015623 0.001505043586987345
multicenter 0.0011634671320535194 2.7668907011251433 0.003219186388743622
detail 5.817335660267597E-4 1.0216512475319812 5.943288234624672E-4
adult 5.817335660267597E-4 1.730798769438368 0.0010068637402201094
relative 0.0011634671320535194 1.0376515888784226 0.001207273518183156
object 0.0011634671320535194 1.7635885922613586 0.0020518773615606266
janejit 0.004072134962187318 5.1647859739235145 0.02103170553662862
direk 0.004072134962187318 5.1647859739235145 0.02103170553662862
statistical 0.0017452006980802793 0.653926467406664 0.001141232927411281
compare 5.817335660267597E-4 0.17435338714477774 1.0142721765257576E-4
geographical 0.0011634671320535194 2.5998366164619773 0.0030248244519627426
be 5.817335660267597E-4 0.017291497110061043 1.0059044275777221E-5
independent 0.0011634671320535194 1.0059028905638423 0.0011703349512086588
achieve 5.817335660267597E-4 0.6109090823229731 3.5538631897787847E-4
affect 0.0011634671320535194 0.5596157879354227 6.510945758410968E-4
intraocular 0.0011634671320535194 1.6990500711237875 0.001976788913465721
characteristic 5.817335660267597E-4 0.664976303593249 3.8683903641259396E-4
anterior 0.0017452006980802793 1.906689435902032 0.00332755573455852
result 5.817335660267597E-4 0.058840500022933395 3.422949390513868E-5
iofb 0.0017452006980802793 3.2188758248682006 0.005617584336593718
involvement 0.0011634671320535194 2.2744142160273495 0.002646206185023094
rapd 0.0011634671320535194 4.0661736852554045 0.004730859436015596
aspect 5.817335660267597E-4 0.9452782687474074 5.49900098166031E-4
national 0.0011634671320535194 1.293584963015623 0.001505043586987345
subsequent 0.0011634671320535194 1.3581234841531944 0.0015801320350822506
after 0.0011634671320535194 0.12136085700426753 1.4119936824231243E-4
close 5.817335660267597E-4 0.6988778552689304 4.065607069627286E-4
hand 0.0017452006980802793 1.4512139072192063 0.0025326595239427686
scoring 0.0011634671320535194 2.6798793241355137 0.00311795151150147
signify 5.817335660267597E-4 3.0853444322436783 0.0017948484189899232
predictive 0.0029086678301337987 1.5012243277938677 0.0043665629080682595
procedure 5.817335660267597E-4 0.8080771472339223 4.700856004851206E-4
involve 5.817335660267597E-4 0.9452782687474074 5.49900098166031E-4
partly 0.0011634671320535194 2.331572629867298 0.002712708120846187
chiang 0.0011634671320535194 4.471638793363569 0.005202604762493972
sample 0.0011634671320535194 0.6321864807702582 7.355281917047797E-4
the 0.0477021524141943 0.017291497110061043 8.248416306137322E-4
fly 5.817335660267597E-4 3.0853444322436783 0.0017948484189899232
severe 0.004072134962187318 1.157452788691043 0.004713303967910007
information 0.0034904013961605585 0.3049735695618419 0.0010644801729907223
represent 0.0011634671320535194 0.4285875255290187 4.986474991611619E-4
essential 0.0011634671320535194 1.252762968495368 0.0014575485380981595
clarify 0.0011634671320535194 1.9867321435755685 0.002311497549244408
correct 0.0011634671320535194 1.4759065198095778 0.0017171687257819402
evidence 0.0017452006980802793 0.8881198549074587 0.0015499473907634534
rural 0.0011634671320535194 2.7668907011251433 0.003219186388743622
do 5.817335660267597E-4 0.14750613710858965 8.580927115101201E-5
observe 5.817335660267597E-4 0.5496654570822546 3.197588464701888E-4
faculty 0.0011634671320535194 2.9675613965872945 0.003452660147280156
paradee 0.004072134962187318 5.1647859739235145 0.02103170553662862
exploratory 0.002326934264107039 2.5257286443082556 0.0058772045242774995
agricultural 0.002326934264107039 3.5553480614894135 0.008273061225106255
surgical 0.0017452006980802793 1.6384254493073527 0.002859381237883687
exclude 5.817335660267597E-4 0.9021060968821986 5.24785396673763E-4
predicted 0.0011634671320535194 1.5271998141971284 0.0017768467878966007
prospective 0.0017452006980802793 2.120263536200091 0.00370028540349056
detachment 0.0011634671320535194 2.2744142160273495 0.002646206185023094
par 5.817335660267597E-4 2.2203469947570738 0.0012916503750768317
which 0.0017452006980802793 0.023122417420854212 4.035325902417838E-5
educational 0.0017452006980802793 2.5257286443082556 0.004407903393208125
commonly 0.0011634671320535194 1.0216512475319812 0.0011886576469249345
need 0.0011634671320535194 0.27443684570176036 3.1929824979844135E-4
its 0.0011634671320535194 0.19497267434751336 2.2684429825190616E-4
gather 5.817335660267597E-4 1.6682784124570338 9.704935500040918E-4
consent 0.0011634671320535194 1.4035858582299516 0.0016330260130656795
vision 0.028504944735311226 1.4035858582299516 0.04000913732010915
month 0.002326934264107039 1.1758019273592397 0.0027360137925753103
circumstance 5.817335660267597E-4 2.7668907011251433 0.001609593194371811
final 0.008144269924374637 0.6988778552689304 0.0056918498974782
carry 5.817335660267597E-4 0.8472978603872037 4.929016058098916E-4
concordance 0.0017452006980802793 3.5553480614894135 0.006204795918829692
some 0.002326934264107039 0.2160260835453457 5.026784957425146E-4
young 0.0017452006980802793 1.5271998141971284 0.002665270181844901
importance 0.0011634671320535194 0.9600933545325481 0.0011170370617016266
for 0.02210587550901687 0.017291497110061043 3.822436824795344E-4
cohort 0.0011634671320535194 1.8325814637483102 0.002132148299881687
back 0.0011634671320535194 1.6094379124341003 0.001872528112197906
training 0.0011634671320535194 1.0059028905638423 0.0011703349512086588
instrument 5.817335660267597E-4 2.456735772821304 0.0014291656619088446
perforation 0.0017452006980802793 3.2188758248682006 0.005617584336593718
lens 0.0011634671320535194 1.8689491079191851 0.002174460858544718
india 0.0011634671320535194 3.0853444322436783 0.0035896968379798464
duration 0.0011634671320535194 1.730798769438368 0.0020137274804402187
prevent 5.817335660267597E-4 1.1944940603713923 6.948772893376336E-4
over 0.0011634671320535194 0.3364722366212129 3.9147438815731575E-4
worsen 5.817335660267597E-4 2.5998366164619773 0.0015124122259813713
six 0.0011634671320535194 0.9162907318741551 0.0010660741499408436
practical 0.0011634671320535194 1.5538680612792897 0.0018078744168461775
identify 5.817335660267597E-4 0.3049735695618419 1.7741336216512037E-4
perform 5.817335660267597E-4 0.2669461739726028 1.5529154972228202E-4
retrospective 0.0029086678301337987 1.4271163556401458 0.004151007433508278
expose 5.817335660267597E-4 2.169053700369523 0.0012618113440195015
etiology 0.0011634671320535194 3.0853444322436783 0.0035896968379798464
with 0.013961605584642234 0.017291497110061043 2.414170626186533E-4
modify 5.817335660267597E-4 1.5812670354674039 9.198761113830156E-4
material 5.817335660267597E-4 1.0059028905638423 5.851674756043294E-4
approximately 0.0011634671320535194 0.9452782687474074 0.001099800196332062
management 0.0029086678301337987 0.9452782687474074 0.0027495004908301554
regression 0.0011634671320535194 1.3805963400052528 0.0016062784642294971
there 0.0017452006980802793 0.12136085700426753 2.1179905236346866E-4
publish 5.817335660267597E-4 0.03488725900044054 2.0295089587225443E-5
mowing 0.0011634671320535194 5.1647859739235145 0.006009058724751035
well 0.0011634671320535194 0.3127557100038969 3.6388098895159614E-4
age 0.0011634671320535194 0.9452782687474074 0.001099800196332062
logmar 0.0017452006980802793 2.331572629867298 0.004069062181269281
cornea 0.0017452006980802793 2.6798793241355137 0.004676927267252206
mechanical 0.0011634671320535194 2.120263536200091 0.0024668569356603733
convert 5.817335660267597E-4 1.121734706088964 6.525507307091123E-4
schmidt 0.0011634671320535194 5.1647859739235145 0.006009058724751035
pupillary 0.0011634671320535194 2.8622008809294686 0.0033300766502960657
beshay 0.0011634671320535194 5.1647859739235145 0.006009058724751035
number 0.002326934264107039 0.14750613710858965 3.4323708460404803E-4
defect 0.0011634671320535194 2.331572629867298 0.002712708120846187
model 5.817335660267597E-4 0.41985384556026406 2.4424307478782085E-4
majority 0.0017452006980802793 0.9452782687474074 0.0016497002944980933
whereas 0.0017452006980802793 1.0872485300177945 0.0018974668935738124
per 0.0034904013961605585 0.7339691750802005 0.0025618470334387456
similar 0.0029086678301337987 0.20895891632225325 6.077920777261583E-4
period 0.0011634671320535194 0.7953381214564925 9.253497631838191E-4
issue 5.817335660267597E-4 0.7953381214564925 4.6267488159190955E-4
large 5.817335660267597E-4 0.22314355131420976 1.2981009384189048E-4
testing 0.0011634671320535194 1.293584963015623 0.001505043586987345
classification 0.0017452006980802793 0.9600933545325481 0.0016755555925524399
propose 5.817335660267597E-4 0.6214911916535102 3.615422871748169E-4
system 0.0017452006980802793 0.36076492919025743 6.296072062657198E-4
likelihood 0.0017452006980802793 1.7635885922613586 0.00307781604234094
interval 0.0011634671320535194 1.5538680612792897 0.0018078744168461775
indication 0.0011634671320535194 1.906689435902032 0.00221837048970568
evaluate 5.817335660267597E-4 0.40261203912575794 2.3421293724593248E-4
status 0.0029086678301337987 1.3805963400052528 0.004015696160573743
other 0.002326934264107039 0.0408219945202552 9.49900977783716E-5
retinal 0.0011634671320535194 1.730798769438368 0.0020137274804402187
hundred 0.002326934264107039 2.073743520565198 0.004825464852973119
aim 5.817335660267597E-4 0.6109090823229731 3.5538631897787847E-4
proportion 0.004072134962187318 1.4271163556401458 0.005811410406911589
retain 5.817335660267597E-4 2.331572629867298 0.0013563540604230935
protection 0.002326934264107039 2.073743520565198 0.004825464852973119
krittai 0.004072134962187318 5.1647859739235145 0.02103170553662862
occurrence 0.0011634671320535194 1.79749014393704 0.002091320702660896
prevalence 0.0011634671320535194 1.8689491079191851 0.002174460858544718
mai 0.0011634671320535194 5.1647859739235145 0.006009058724751035
have 0.0029086678301337987 0.017291497110061043 5.029522137888611E-5
december 0.0011634671320535194 1.3361445774344192 0.0015545602995164854
generalize 5.817335660267597E-4 1.9459101490553132 0.001132001250177611
angle 0.0011634671320535194 2.2744142160273495 0.002646206185023094
outcome 5.817335660267597E-4 0.8472978603872037 4.929016058098916E-4
table 0.006980802792321117 0.18117935221517753 0.0012647773278546424
anonymize 5.817335660267597E-4 3.5553480614894135 0.0020682653062765637
particularly 0.0017452006980802793 0.9751312318970885 0.0017017997066266816
may 0.0017452006980802793 0.15415067982725836 2.690238740440809E-4
within 0.0017452006980802793 0.3127557100038969 5.458214834273943E-4
could 0.002326934264107039 0.22314355131420976 5.192403753675619E-4
change 5.817335660267597E-4 0.3941013494578493 2.2926198339607288E-4
strike 5.817335660267597E-4 2.9675613965872945 0.001726330073640078
health 0.0011634671320535194 0.990398704027877 0.0011522963397648364
demographic 5.817335660267597E-4 1.4271163556401458 8.302014867016555E-4
wooden 0.0011634671320535194 4.0661736852554045 0.004730859436015596
regard 5.817335660267597E-4 0.4919571394616079 2.861879810713251E-4
report 5.817335660267597E-4 0.3364722366212129 1.9573719407865788E-4
workplace 0.0011634671320535194 2.9675613965872945 0.003452660147280156
ciliary 0.0011634671320535194 3.5553480614894135 0.004136530612553127
return 0.0011634671320535194 1.5271998141971284 0.0017768467878966007
hemorrhage 0.0011634671320535194 2.2744142160273495 0.002646206185023094
eyelid 0.0017452006980802793 3.2188758248682006 0.005617584336593718
use 0.002326934264107039 0.03488725900044054 8.118035834890177E-5
several 0.0017452006980802793 0.3526016185510966 6.153605908396102E-4
main 0.0017452006980802793 0.6004377824556778 0.0010478844370954237
body 0.0017452006980802793 1.4035858582299516 0.0024495390195985196
northern 0.004072134962187318 3.373026504695459 0.013735419158154866
while 0.0011634671320535194 0.20895891632225325 2.4311683109046333E-4
associate 5.817335660267597E-4 0.38566248081198473 2.2435281024548267E-4
perception 0.0029086678301337987 1.252762968495368 0.0036438713452453986
ogi 0.012798138452588714 3.5553480614894135 0.0455018367380844
that 0.009307737056428156 0.017291497110061043 1.6094470841243553E-4
download 0.0029086678301337987 0.24480504809538922 7.12056568049416E-4
geographic 0.0011634671320535194 2.392197251683733 0.002783242875722784
find 5.817335660267597E-4 0.16083966797805488 9.35658336114339E-5
than 0.0029086678301337987 0.058840500022933395 1.711474695256934E-4
continuous 0.0011634671320535194 1.1758019273592397 0.0013680068962876552
publication 5.817335660267597E-4 1.6990500711237875 9.883944567328606E-4
west 0.0011634671320535194 2.6798793241355137 0.00311795151150147
claim 5.817335660267597E-4 1.6682784124570338 9.704935500040918E-4
different 0.0011634671320535194 0.18805223150293962 2.1879259046298966E-4
closure 0.0011634671320535194 2.120263536200091 0.0024668569356603733
combine 5.817335660267597E-4 0.6321864807702582 3.6776409585238985E-4
traffic 0.0011634671320535194 2.9675613965872945 0.003452660147280156
all 0.005817335660267597 0.017291497110061043 1.0059044275777222E-4
author 5.817335660267597E-4 0.017291497110061043 1.0059044275777221E-5
illustrate 5.817335660267597E-4 1.252762968495368 7.287742690490797E-4
occur 5.817335660267597E-4 0.6109090823229731 3.5538631897787847E-4
tertiary 0.005817335660267597 2.6798793241355137 0.01558975755750735
less 0.0017452006980802793 0.36076492919025743 6.296072062657198E-4
establish 0.0011634671320535194 0.9600933545325481 0.0011170370617016266
relevant 0.0011634671320535194 0.7703368192510752 8.962615698092788E-4
task 5.817335660267597E-4 1.0216512475319812 5.943288234624672E-4
ethic 5.817335660267597E-4 1.9867321435755685 0.001155748774622204
improve 0.0011634671320535194 0.377294231141468 4.389694370465014E-4
prediction 0.0011634671320535194 1.5012243277938677 0.0017466251632273038
retrieve 5.817335660267597E-4 2.0292917579943643 0.0011805071308867738
present 5.817335660267597E-4 0.083381608939051 4.850588070916288E-5
collect 0.0011634671320535194 0.6761496041913742 7.866778408276604E-4
datum 5.817335660267597E-4 0.167573700159399 9.748324616602618E-5
locate 5.817335660267597E-4 1.5812670354674039 9.198761113830156E-4
predominant 0.0011634671320535194 2.5998366164619773 0.0030248244519627426
university 0.0011634671320535194 1.1043429633770947 0.0012848667404038333
careful 0.0011634671320535194 2.6798793241355137 0.00311795151150147
cause 0.0011634671320535194 0.5398131606392429 6.280548698536857E-4
technique 5.817335660267597E-4 0.7953381214564925 4.6267488159190955E-4
mental 0.0011634671320535194 2.169053700369523 0.002523622688039003
effective 0.0011634671320535194 0.8472978603872037 9.858032116197833E-4
wound 0.006980802792321117 2.456735772821304 0.017149987942906137
choovuthayakorn 0.004072134962187318 5.1647859739235145 0.02103170553662862
similarly 0.0011634671320535194 2.0292917579943643 0.0023610142617735475
and 0.054682955206515414 0.017291497110061043 9.455501619230587E-4
design 0.0017452006980802793 0.6004377824556778 0.0010478844370954237
define 5.817335660267597E-4 0.3526016185510966 2.051201969465367E-4
predict 5.817335660267597E-4 1.1043429633770947 6.424333702019166E-4
magnitude 0.0011634671320535194 2.0292917579943643 0.0023610142617735475
phichayut 0.004072134962187318 5.1647859739235145 0.02103170553662862
categorize 5.817335660267597E-4 1.730798769438368 0.0010068637402201094
clinician 5.817335660267597E-4 2.2203469947570738 0.0012916503750768317
determine 0.0017452006980802793 0.40261203912575794 7.026388117377974E-4
ot 5.817335660267597E-4 3.2188758248682006 0.001872528112197906
nature 0.0011634671320535194 1.0216512475319812 0.0011886576469249345
accord 5.817335660267597E-4 0.4919571394616079 2.861879810713251E-4
equation 5.817335660267597E-4 1.6384254493073527 9.531270792945624E-4
specific 0.0011634671320535194 0.40261203912575794 4.6842587449186495E-4
despite 0.0011634671320535194 0.7221347174331975 8.401800086482809E-4
consecutive 0.0011634671320535194 1.9867321435755685 0.002311497549244408
industrial 0.0011634671320535194 2.2744142160273495 0.002646206185023094
conduct 5.817335660267597E-4 0.5798184952529422 3.372998808917639E-4
due 0.0029086678301337987 0.20895891632225325 6.077920777261583E-4
choroidal 0.0011634671320535194 2.5998366164619773 0.0030248244519627426
descriptive 0.0011634671320535194 1.9867321435755685 0.002311497549244408
phinyo 0.004072134962187318 5.1647859739235145 0.02103170553662862
strategy 5.817335660267597E-4 0.9021060968821986 5.24785396673763E-4
wall 0.0011634671320535194 3.0853444322436783 0.0035896968379798464
psychological 0.0011634671320535194 2.392197251683733 0.002783242875722784
vary 5.817335660267597E-4 0.9751312318970885 5.672665688755605E-4
stata 0.0011634671320535194 3.2188758248682006 0.003745056224395812
orbital 0.0011634671320535194 2.5998366164619773 0.0030248244519627426
discussion 0.0011634671320535194 0.23031204079282225 2.6796048957861807E-4
injure 5.817335660267597E-4 3.0853444322436783 0.0017948484189899232
fracture 0.0011634671320535194 3.373026504695459 0.003924405473758533
annual 0.0017452006980802793 2.2203469947570738 0.0038749511252304954
estimate 0.0017452006980802793 0.8743265327751228 0.0015258752753492546
stick 5.817335660267597E-4 4.471638793363569 0.002601302381246986
injury 0.011634671320535195 1.9867321435755685 0.023114975492444078
worker 5.817335660267597E-4 2.7668907011251433 0.001609593194371811
recent 0.0034904013961605585 0.5596157879354227 0.0019532837275232904
microsurgical 0.0011634671320535194 4.0661736852554045 0.004730859436015596
they 5.817335660267597E-4 0.05279818556697083 3.0714476769616534E-5
alcohol 0.0011634671320535194 3.5553480614894135 0.004136530612553127
remain 0.0011634671320535194 0.7104386776700063 8.26572050808617E-4
each 0.0029086678301337987 0.13434805253107854 3.9077385843827383E-4
quality 0.0011634671320535194 0.7953381214564925 9.253497631838191E-4
eye 0.008726003490401396 1.4035858582299516 0.012247695097992598
difference 5.817335660267597E-4 0.36076492919025743 2.0986906875523992E-4
except 0.0011634671320535194 1.3805963400052528 0.0016062784642294971
male 0.0011634671320535194 1.5812670354674039 0.0018397522227660312
access 5.817335660267597E-4 1.1394342831883648 6.628471688123123E-4
activity 5.817335660267597E-4 1.0872485300177945 6.324889645246041E-4
another 0.0017452006980802793 0.40261203912575794 7.026388117377974E-4
overcome 0.0011634671320535194 1.8689491079191851 0.002174460858544718
association 5.817335660267597E-4 1.0376515888784226 6.03636759091578E-4
acquire 5.817335660267597E-4 1.79749014393704 0.001045660351330448
two 0.002326934264107039 0.11492996667397702 2.674344774263572E-4
long 0.0011634671320535194 0.44628710262841953 5.192403753675619E-4
into 0.0011634671320535194 0.10854016857520597 1.2628291864480042E-4
diversity 5.817335660267597E-4 2.331572629867298 0.0013563540604230935
sclera 0.002326934264107039 3.2188758248682006 0.007490112448791624
attribute 5.817335660267597E-4 1.293584963015623 7.525217934936725E-4
mechanism 0.002326934264107039 1.1043429633770947 0.0025697334808076665
equality 0.0011634671320535194 2.7668907011251433 0.003219186388743622
accordance 0.0011634671320535194 1.6384254493073527 0.0019062541585891247
one 0.0017452006980802793 0.06491954609931569 1.1329763717158062E-4
watanachai 0.004072134962187318 5.1647859739235145 0.02103170553662862
nawat 0.004072134962187318 5.1647859739235145 0.02103170553662862
many 0.0011634671320535194 0.20194134366360675 2.349521159553307E-4
declaration 0.0011634671320535194 1.7635885922613586 0.0020518773615606266
snellen 0.0017452006980802793 2.5257286443082556 0.004407903393208125
such 0.0011634671320535194 0.10219094089654716 1.1889580092675644E-4
nlp 0.004072134962187318 0.41119578281714936 0.0016744447235136973
describe 5.817335660267597E-4 0.28958865072236245 1.684634384655977E-4
chart 0.0011634671320535194 1.6990500711237875 0.001976788913465721
operation 0.0011634671320535194 1.5271998141971284 0.0017768467878966007
dataset 5.817335660267597E-4 1.1043429633770947 6.424333702019166E-4
open 0.009307737056428156 0.8881198549074587 0.00826638608407175
insurance 0.0011634671320535194 2.2744142160273495 0.002646206185023094
but 0.0011634671320535194 0.083381608939051 9.701176141832577E-5
medical 0.0011634671320535194 0.9600933545325481 0.0011170370617016266
remains 0.0011634671320535194 1.4512139072192063 0.0016884396826285122
express 5.817335660267597E-4 0.8743265327751228 5.086250917830848E-4
microsoft 0.0011634671320535194 3.2188758248682006 0.003745056224395812
confine 5.817335660267597E-4 3.5553480614894135 0.0020682653062765637
presentation 5.817335660267597E-4 1.6094379124341003 9.36264056098953E-4
voraporn 0.004072134962187318 5.1647859739235145 0.02103170553662862
awareness 0.0011634671320535194 2.0292917579943643 0.0023610142617735475
han 0.0011634671320535194 3.7784916128036232 0.004396150800236909
thailand 0.0011634671320535194 3.7784916128036232 0.004396150800236909
bias 0.0011634671320535194 1.4512139072192063 0.0016884396826285122
actual 0.0011634671320535194 1.293584963015623 0.001505043586987345
might 0.0029086678301337987 0.7339691750802005 0.002134872527865621
this 0.011634671320535195 0.017291497110061043 2.0118088551554443E-4
develop 5.817335660267597E-4 0.32850406697203605 1.9110184233393603E-4
significant 0.002326934264107039 0.377294231141468 8.779388740930028E-4
collection 0.0011634671320535194 0.9600933545325481 0.0011170370617016266
opt 0.0011634671320535194 2.5998366164619773 0.0030248244519627426
extract 5.817335660267597E-4 0.8080771472339223 4.700856004851206E-4
median 0.0017452006980802793 1.7635885922613586 0.00307781604234094
demonstrate 5.817335660267597E-4 0.5108256237659907 2.971644117312337E-4
support 5.817335660267597E-4 0.5300569856938783 3.0835194048509497E-4
full 0.0017452006980802793 0.14750613710858965 2.5742781345303606E-4
show 5.817335660267597E-4 0.0771896386911299 4.490380377610814E-5
privacy 0.0011634671320535194 2.5998366164619773 0.0030248244519627426
vitrectomy 0.0011634671320535194 2.073743520565198 0.0024127324264865595
life 0.0011634671320535194 1.3581234841531944 0.0015801320350822506
we 5.817335660267597E-4 0.19497267434751336 1.1342214912595308E-4
conclusion 0.0011634671320535194 0.28958865072236245 3.369268769311954E-4
not 0.004072134962187318 0.03488725900044054 1.4206562711057812E-4
central 0.0011634671320535194 1.3805963400052528 0.0016062784642294971
factor 5.817335660267597E-4 0.38566248081198473 2.2435281024548267E-4
chaikitmongkol 0.004072134962187318 5.1647859739235145 0.02103170553662862
every 0.0011634671320535194 1.0539121097502027 0.0012261920997675424
registry 0.0011634671320535194 2.8622008809294686 0.0033300766502960657
figure 0.004072134962187318 0.18805223150293962 7.657740666204639E-4
pain 0.0011634671320535194 2.120263536200091 0.0024668569356603733
disease 5.817335660267597E-4 1.1758019273592397 6.840034481438276E-4
preclude 5.817335660267597E-4 3.373026504695459 0.0019622027368792665
wide 0.0011634671320535194 1.121734706088964 0.0013051014614182245
previous 0.0011634671320535194 0.32850406697203605 3.8220368466787205E-4
center 0.0017452006980802793 1.5812670354674039 0.002759628334149047
patikulsila 0.004072134962187318 5.1647859739235145 0.02103170553662862
manage 5.817335660267597E-4 1.4035858582299516 8.165130065328397E-4
stone 5.817335660267597E-4 4.471638793363569 0.002601302381246986
logistic 0.0011634671320535194 1.8689491079191851 0.002174460858544718
impairment 0.0017452006980802793 2.7668907011251433 0.004828779583115434
removal 0.0017452006980802793 1.9459101490553132 0.003396003750532833
location 0.002326934264107039 1.3805963400052528 0.0032125569284589942
risk 5.817335660267597E-4 0.758066726659261 4.409928601857248E-4
time 0.002326934264107039 0.167573700159399 3.899329846641047E-4
base 5.817335660267597E-4 0.14090545307723773 8.196943169123777E-5
trend 0.0011634671320535194 1.1394342831883648 0.0013256943376246245
during 0.0029086678301337987 0.28958865072236245 8.423171923279885E-4
program 0.0011634671320535194 1.6094379124341003 0.001872528112197906
none 0.0011634671320535194 1.6384254493073527 0.0019062541585891247
beyond 0.0011634671320535194 1.5538680612792897 0.0018078744168461775
three 0.0029086678301337987 0.22314355131420976 6.490504692094525E-4
relate 5.817335660267597E-4 0.27443684570176036 1.5964912489922067E-4
review 0.0011634671320535194 0.4734380916943703 5.508296587485402E-4
safety 0.0011634671320535194 1.8325814637483102 0.002132148299881687
attain 0.0011634671320535194 2.6798793241355137 0.00311795151150147
presence 0.004072134962187318 0.9751312318970885 0.003970865982128924
severely 0.0011634671320535194 2.7668907011251433 0.003219186388743622
tuangprot 0.004072134962187318 5.1647859739235145 0.02103170553662862
tenet 5.817335660267597E-4 2.7668907011251433 0.001609593194371811
between 0.004072134962187318 0.058840500022933395 2.3960645733597078E-4
case 5.817335660267597E-4 0.24480504809538922 1.4241131360988318E-4
give 5.817335660267597E-4 0.2595111954850846 1.5096637317340582E-4
method 5.817335660267597E-4 0.0958817717032825 5.57776449699142E-5
work 0.0017452006980802793 0.4285875255290187 7.47971248741743E-4
probability 0.0011634671320535194 1.4035858582299516 0.0016330260130656795
extraction 0.0011634671320535194 1.3361445774344192 0.0015545602995164854
metallic 0.002326934264107039 3.373026504695459 0.007848810947517066
preventive 0.0011634671320535194 3.7784916128036232 0.004396150800236909
provide 5.817335660267597E-4 0.167573700159399 9.748324616602618E-5
light 0.005235602094240838 1.2729656758128876 0.006664741758182657
among 0.0011634671320535194 0.32850406697203605 3.8220368466787205E-4
afferent 0.0011634671320535194 2.8622008809294686 0.0033300766502960657
valuable 0.0017452006980802793 1.730798769438368 0.003020591220660328
lawn 0.0017452006980802793 4.471638793363569 0.007803907143740958
primary 0.002326934264107039 0.9306794693262548 0.0021656299460762183
study 0.012216404886561954 0.07103577311675174 8.678017658241923E-4
logarithm 0.0011634671320535194 3.0853444322436783 0.0035896968379798464
sympathetic 0.0011634671320535194 3.5553480614894135 0.004136530612553127
range 0.0011634671320535194 0.3941013494578493 4.5852396679214576E-4
distribution 0.005235602094240838 0.9600933545325481 0.00502666677765732
foreign 0.0011634671320535194 2.120263536200091 0.0024668569356603733
across 0.0011634671320535194 0.7703368192510752 8.962615698092788E-4
low 5.817335660267597E-4 0.28958865072236245 1.684634384655977E-4
ophthalmic 0.0034904013961605585 2.169053700369523 0.007570868064117009
bilateral 0.0017452006980802793 2.5998366164619773 0.004537236677944114
physician 5.817335660267597E-4 1.906689435902032 0.00110918524485284
undergo 5.817335660267597E-4 1.3581234841531944 7.900660175411253E-4
informed 0.0011634671320535194 1.4035858582299516 0.0016330260130656795
include 5.817335660267597E-4 0.0771896386911299 4.490380377610814E-5
explore 0.0011634671320535194 0.9600933545325481 0.0011170370617016266
more 0.0034904013961605585 0.05279818556697083 1.8428686061769923E-4
display 0.0017452006980802793 0.16083966797805488 2.806975008343017E-4
csvdisplay 0.0029086678301337987 0.2669461739726028 7.764577486114101E-4
Korean 5.817335660267597E-4 3.0853444322436783 0.0017948484189899232
consistent 0.0011634671320535194 0.9306794693262548 0.0010828149730381092
incompleteness 0.0011634671320535194 5.1647859739235145 0.006009058724751035
lead 0.0017452006980802793 0.3127557100038969 5.458214834273943E-4
excel 0.0011634671320535194 3.2188758248682006 0.003745056224395812
help 0.0011634671320535194 0.6874491594453075 7.998245019724345E-4
referral 0.0011634671320535194 2.5998366164619773 0.0030248244519627426
assess 0.0011634671320535194 0.6761496041913742 7.866778408276604E-4
january 0.004653868528214078 1.3581234841531944 0.0063205281403290025
summarize 5.817335660267597E-4 1.121734706088964 6.525507307091123E-4
prevalent 0.0017452006980802793 2.5998366164619773 0.004537236677944114
incidence 0.0011634671320535194 1.6094379124341003 0.001872528112197906
minimum 0.0011634671320535194 1.3361445774344192 0.0015545602995164854
projectile 0.0011634671320535194 4.0661736852554045 0.004730859436015596
small 0.0011634671320535194 0.45525577261118 5.296751281107388E-4
categorical 0.0011634671320535194 2.0292917579943643 0.0023610142617735475
reveal 5.817335660267597E-4 1.0216512475319812 5.943288234624672E-4
blasting 0.0011634671320535194 5.1647859739235145 0.006009058724751035
influence 5.817335660267597E-4 0.6874491594453075 3.9991225098621726E-4
drug 0.0011634671320535194 1.906689435902032 0.00221837048970568
protocol 0.0011634671320535194 1.6384254493073527 0.0019062541585891247
major 0.0017452006980802793 0.7104386776700063 0.0012398580762129257
zone 0.002326934264107039 2.169053700369523 0.005047245376078006
percentage 0.0011634671320535194 1.2329603411991883 0.0014345088321107483
only 0.0011634671320535194 0.10854016857520597 1.2628291864480042E-4
should 0.0017452006980802793 0.368995428326773 6.439710791043159E-4
from 0.0075625363583478765 0.023122417420854212 1.748641224381063E-4
consider 5.817335660267597E-4 0.17435338714477774 1.0142721765257576E-4
potential 0.0017452006980802793 0.4373981552111735 7.633475658135663E-4
development 0.0011634671320535194 0.5596157879354227 6.510945758410968E-4
exploration 0.0017452006980802793 2.073743520565198 0.0036190986397298393
survival 0.016288539848749273 2.392197251683733 0.03896540026011898
tree 0.0011634671320535194 1.730798769438368 0.0020137274804402187
most 0.005235602094240838 0.0771896386911299 4.041342339849733E-4
estimation 0.0017452006980802793 2.392197251683733 0.004174864313584176
important 0.0017452006980802793 0.2669461739726028 4.6587464916684606E-4
person 5.817335660267597E-4 0.9021060968821986 5.24785396673763E-4
daily 0.0011634671320535194 1.6384254493073527 0.0019062541585891247
unfavorable 0.0011634671320535194 3.7784916128036232 0.004396150800236909
intervention 5.817335660267597E-4 1.5012243277938677 8.733125816136519E-4
sustain 5.817335660267597E-4 2.456735772821304 0.0014291656619088446
send 5.817335660267597E-4 1.9459101490553132 0.001132001250177611
who 0.004072134962187318 0.44628710262841953 0.001817341313786467
limitation 5.817335660267597E-4 0.6988778552689304 4.065607069627286E-4
classify 5.817335660267597E-4 0.9162907318741551 5.330370749704218E-4
repair 5.817335660267597E-4 2.2203469947570738 0.0012916503750768317
note 5.817335660267597E-4 0.5013468798114469 2.916503082091023E-4
part 0.0011634671320535194 0.4285875255290187 4.986474991611619E-4
frequent 0.0011634671320535194 1.4271163556401458 0.001660402973403311
distinct 0.0011634671320535194 1.6990500711237875 0.001976788913465721
point 5.817335660267597E-4 0.5108256237659907 2.971644117312337E-4
ocular 0.0075625363583478765 1.5538680612792897 0.011751183709500155
structural 0.0011634671320535194 1.9459101490553132 0.002264002500355222
patient 5.817335660267597E-4 0.8743265327751228 5.086250917830848E-4
predictor 5.817335660267597E-4 1.8325814637483102 0.0010660741499408436
hospital 0.005817335660267597 1.3805963400052528 0.008031392321147485
value 0.0011634671320535194 0.34450440831847723 4.008195559260933E-4
introduction 0.0011634671320535194 0.10219094089654716 1.1889580092675644E-4
comply 5.817335660267597E-4 3.0853444322436783 0.0017948484189899232
multivariable 0.002326934264107039 3.2188758248682006 0.007490112448791624
also 0.0017452006980802793 0.05279818556697083 9.214343030884962E-5
standardize 5.817335660267597E-4 1.9867321435755685 0.001155748774622204
follow 0.0011634671320535194 0.0958817717032825 1.115552899398284E-4
increase 0.0011634671320535194 0.16083966797805488 1.871316672228678E-4
approve 5.817335660267597E-4 1.3805963400052528 8.031392321147486E-4
mean 0.0034904013961605585 0.5398131606392429 0.0018841646095610572
compliance 0.0011634671320535194 2.9675613965872945 0.003452660147280156
visit 0.0011634671320535194 1.906689435902032 0.00221837048970568
further 0.004072134962187318 0.27443684570176036 0.0011175438742945449
category 0.002326934264107039 0.8080771472339223 0.0018803424019404823
reduction 0.002326934264107039 1.4271163556401458 0.003320805946806622
