allowed 2.8951939779965256E-4 1.4512139072192063 4.2015457649658544E-4
leading 2.8951939779965256E-4 1.0704414117014134 3.0991355289560315E-4
owners 8.685581933989577E-4 3.7784916128036232 0.003281839848989829
building 2.8951939779965256E-4 1.4759065198095778 4.273035668238499E-4
via 2.8951939779965256E-4 0.9021060968821986 2.6117721392072914E-4
guards 2.8951939779965256E-4 5.1647859739235145 0.001495305724934428
these 0.0028951939779965257 0.03488725900044054 1.0100538216688054E-4
score 0.0011580775911986102 1.121734706088964 0.0012990558263913884
introduced 2.8951939779965256E-4 1.0059028905638423 2.9122839912097345E-4
would 0.0026056745801968733 0.5013468798114469 0.001306346820585704
poor 5.790387955993051E-4 1.0539121097502027 6.1025599869728E-4
customs 5.790387955993051E-4 4.471638793363569 0.002589252341264371
understanding 0.0014475969889982628 0.990398704027877 0.0014336981818585364
because 5.790387955993051E-4 0.34450440831847723 1.9948141767138229E-4
audience 2.8951939779965256E-4 3.2188758248682006 9.319269904077013E-4
thus 2.8951939779965256E-4 0.8881198549074587 2.5712792556672223E-4
devices 2.8951939779965256E-4 2.7668907011251433 8.010685295672099E-4
google 2.8951939779965256E-4 1.9867321435755685 5.751974937972114E-4
community 2.8951939779965256E-4 1.730798769438368 5.01099817440176E-4
analysis 0.004921829762594094 0.15415067982725836 7.587034038979132E-4
airport 2.8951939779965256E-4 4.471638793363569 0.0012946261706321856
terrasse 2.8951939779965256E-4 5.1647859739235145 0.001495305724934428
planning 5.790387955993051E-4 2.331572629867298 0.0013500710074506646
hutto 2.8951939779965256E-4 5.1647859739235145 0.001495305724934428
moore 2.8951939779965256E-4 4.0661736852554045 0.0011772361567039386
size 8.685581933989577E-4 0.127833371509885 1.110307222147235E-4
nationality 5.790387955993051E-4 4.471638793363569 0.002589252341264371
correlation 2.8951939779965256E-4 1.3805963400052528 3.9970942096272517E-4
restaurants 0.003474232773595831 4.0661736852554045 0.014126833880447266
guest 8.685581933989577E-4 4.471638793363569 0.0038838785118965567
much 5.790387955993051E-4 0.7827593392496325 4.5324802504321507E-4
helpfulness 2.8951939779965256E-4 4.471638793363569 0.0012946261706321856
statistical 0.0011580775911986102 0.653926467406664 7.57297588195326E-4
role 5.790387955993051E-4 0.6761496041913742 3.9151685245592015E-4
criterion 2.8951939779965256E-4 2.5257286443082556 7.31247436105459E-4
independent 2.8951939779965256E-4 1.0059028905638423 2.9122839912097345E-4
datasets 2.8951939779965256E-4 1.4512139072192063 4.2015457649658544E-4
subsequently 2.8951939779965256E-4 1.79749014393704 5.204082640234627E-4
sentimental 0.0011580775911986102 5.1647859739235145 0.005981222899737712
result 8.685581933989577E-4 0.4285875255290187 3.722532068868141E-4
dnth 0.0023161551823972205 5.1647859739235145 0.011962445799475424
arrived 2.8951939779965256E-4 3.2188758248682006 9.319269904077013E-4
characters 2.8951939779965256E-4 2.392197251683733 6.925875077254582E-4
same 5.790387955993051E-4 0.2972515234679317 1.7212016413892977E-4
departments 2.8951939779965256E-4 3.373026504695459 9.765566024016963E-4
after 0.0017371163867979154 0.12136085700426753 2.108179334179517E-4
behavior 0.0011580775911986102 2.456735772821304 0.002845090646000352
yuanzheng 0.0023161551823972205 5.1647859739235145 0.011962445799475424
hand 2.8951939779965256E-4 1.5271998141971284 4.421539705260939E-4
preferences 0.002026635784597568 3.0853444322436783 0.006252869434193905
learn 5.790387955993051E-4 1.4512139072192063 8.403091529931709E-4
union 5.790387955993051E-4 2.7668907011251433 0.0016021370591344198
ruined 2.8951939779965256E-4 5.1647859739235145 0.001495305724934428
soviet 2.8951939779965256E-4 4.471638793363569 0.0012946261706321856
the 0.08888245512449335 0.017291497110061043 0.001536910715920307
halt 2.8951939779965256E-4 4.0661736852554045 0.0011772361567039386
component 0.002026635784597568 1.3361445774344192 0.00270787841402459
fieldwork 2.8951939779965256E-4 4.471638793363569 0.0012946261706321856
indices 5.790387955993051E-4 2.7668907011251433 0.0016021370591344198
fast 2.8951939779965256E-4 2.0292917579943643 5.875193277343267E-4
unprecedented 2.8951939779965256E-4 3.7784916128036232 0.001093946616329943
information 0.011001737116386797 0.3049735695618419 0.003355239039765487
emerge 2.8951939779965256E-4 2.6798793241355137 7.758770480994538E-4
tourists 0.0023161551823972205 4.471638793363569 0.010357009365057485
adopted 2.8951939779965256E-4 1.5538680612792897 4.4987494536169356E-4
novel 2.8951939779965256E-4 1.3805963400052528 3.9970942096272517E-4
tripadvisor 0.004053271569195136 4.471638793363569 0.018124766388850598
standard 2.8951939779965256E-4 0.7827593392496325 2.2662401252160753E-4
reports 5.790387955993051E-4 1.0539121097502027 6.1025599869728E-4
generates 2.8951939779965256E-4 2.2203469947570738 6.428335248283363E-4
republic 2.8951939779965256E-4 4.0661736852554045 0.0011772361567039386
landlocked 2.8951939779965256E-4 5.1647859739235145 0.001495305724934428
official 5.790387955993051E-4 2.392197251683733 0.0013851750154509164
good 8.685581933989577E-4 0.8080771472339223 7.018620271284792E-4
got 5.790387955993051E-4 2.9675613965872945 0.0017183331769468988
analytics 8.685581933989577E-4 2.8622008809294686 0.0024859880262850047
amounts 2.8951939779965256E-4 1.9459101490553132 5.633787345267265E-4
generated 5.790387955993051E-4 1.1758019273592397 6.808349318814358E-4
implement 2.8951939779965256E-4 1.8325814637483102 5.305678818032166E-4
others 2.8951939779965256E-4 1.1758019273592397 3.404174659407179E-4
contributed 2.8951939779965256E-4 1.5812670354674039 4.578074798689646E-4
polarity 2.8951939779965256E-4 2.7668907011251433 8.010685295672099E-4
area 5.790387955993051E-4 0.9600933545325481 5.559312996714233E-4
sheldon 2.8951939779965256E-4 5.1647859739235145 0.001495305724934428
making 2.8951939779965256E-4 1.0704414117014134 3.0991355289560315E-4
need 2.8951939779965256E-4 0.5013468798114469 1.451496467317449E-4
european 2.8951939779965256E-4 2.456735772821304 7.11272661500088E-4
wrote 5.790387955993051E-4 3.2188758248682006 0.0018638539808154026
its 8.685581933989577E-4 0.19497267434751336 1.6934511379343951E-4
pay 2.8951939779965256E-4 2.456735772821304 7.11272661500088E-4
enormous 2.8951939779965256E-4 2.7668907011251433 8.010685295672099E-4
users 0.002026635784597568 1.4759065198095778 0.00299112496776695
lack 5.790387955993051E-4 0.6988778552689304 4.046773915859469E-4
gone 2.8951939779965256E-4 3.5553480614894135 0.0010293422297305772
washington 5.790387955993051E-4 3.5553480614894135 0.0020586844594611543
requisitioned 2.8951939779965256E-4 5.1647859739235145 0.001495305724934428
useful 5.790387955993051E-4 0.9162907318741551 5.305678818032166E-4
scanners 2.8951939779965256E-4 5.1647859739235145 0.001495305724934428
private 2.8951939779965256E-4 2.331572629867298 6.750355037253323E-4
applied 0.0017371163867979154 0.6109090823229731 0.0010612201777469134
inbound 2.8951939779965256E-4 4.471638793363569 0.0012946261706321856
united 2.8951939779965256E-4 1.5812670354674039 4.578074798689646E-4
searching 2.8951939779965256E-4 1.9459101490553132 5.633787345267265E-4
provided 2.8951939779965256E-4 0.7104386776700063 2.056857781326017E-4
choose 5.790387955993051E-4 1.8689491079191851 0.0010821940404859207
representation 2.8951939779965256E-4 1.2729656758128876 3.6854825588097495E-4
lenient 2.8951939779965256E-4 4.471638793363569 0.0012946261706321856
pca 0.0014475969889982628 4.0661736852554045 0.005886180783519694
overnight 5.790387955993051E-4 3.7784916128036232 0.002187893232659886
mayzlin 5.790387955993051E-4 4.471638793363569 0.002589252341264371
producing 2.8951939779965256E-4 2.6798793241355137 7.758770480994538E-4
previously 2.8951939779965256E-4 0.8340526336371831 2.4147441622385149E-4
provider 2.8951939779965256E-4 2.7668907011251433 8.010685295672099E-4
ratings 2.8951939779965256E-4 2.7668907011251433 8.010685295672099E-4
provides 2.8951939779965256E-4 0.6214911916535102 1.7993375554531272E-4
hard 5.790387955993051E-4 1.8689491079191851 0.0010821940404859207
identify 5.790387955993051E-4 0.6214911916535102 3.5986751109062543E-4
rich 2.8951939779965256E-4 1.9867321435755685 5.751974937972114E-4
recorded 2.8951939779965256E-4 1.5012243277938677 4.346335633450688E-4
appaloosa 2.8951939779965256E-4 5.1647859739235145 0.001495305724934428
room 0.0011580775911986102 2.2203469947570738 0.002571334099313345
better 0.0011580775911986102 0.4285875255290187 4.963376091824188E-4
significance 5.790387955993051E-4 1.2329603411991883 7.139318709896863E-4
with 0.004921829762594094 0.017291497110061043 8.51058051161082E-5
service 0.0023161551823972205 1.6990500711237875 0.003935263627385726
there 8.685581933989577E-4 0.12136085700426753 1.0540896670897585E-4
well 5.790387955993051E-4 0.3127557100038969 1.81097689637462E-4
age 2.8951939779965256E-4 0.9751312318970885 2.823194070344784E-4
islamist 2.8951939779965256E-4 5.1647859739235145 0.001495305724934428
smaller 2.8951939779965256E-4 1.121734706088964 3.247639565978471E-4
illustrates 2.8951939779965256E-4 2.073743520565198 6.003889752649675E-4
considered 2.8951939779965256E-4 0.32059888746492277 9.281959683408302E-5
american 2.8951939779965256E-4 2.169053700369523 6.279831211260924E-4
zyl 2.8951939779965256E-4 5.1647859739235145 0.001495305724934428
entire 2.8951939779965256E-4 1.1944940603713923 3.4582920103398733E-4
number 0.0017371163867979154 0.167573700159399 2.910950205432525E-4
russia 2.8951939779965256E-4 5.1647859739235145 0.001495305724934428
decline 2.8951939779965256E-4 2.2203469947570738 6.428335248283363E-4
order 2.8951939779965256E-4 0.6214911916535102 1.7993375554531272E-4
algorithm 2.8951939779965256E-4 1.0059028905638423 2.9122839912097345E-4
mapping 2.8951939779965256E-4 2.073743520565198 6.003889752649675E-4
africa 2.8951939779965256E-4 3.7784916128036232 0.001093946616329943
passengers 5.790387955993051E-4 4.471638793363569 0.002589252341264371
understand 0.0031847133757961785 1.121734706088964 0.0035724035225763186
traveling 5.790387955993051E-4 4.0661736852554045 0.002354472313407877
underlying 2.8951939779965256E-4 1.293584963015623 3.74517939494969E-4
thousands 2.8951939779965256E-4 2.6798793241355137 7.758770480994538E-4
propose 2.8951939779965256E-4 1.5812670354674039 4.578074798689646E-4
intelligence 5.790387955993051E-4 1.9459101490553132 0.001126757469053453
illustrated 2.8951939779965256E-4 1.8325814637483102 5.305678818032166E-4
vlachopoulou 2.8951939779965256E-4 5.1647859739235145 0.001495305724934428
system 2.8951939779965256E-4 0.44628710262841953 1.2920877319873175E-4
million 2.8951939779965256E-4 1.5012243277938677 4.346335633450688E-4
even 2.8951939779965256E-4 0.377294231141468 1.0923399859336073E-4
analyze 0.0017371163867979154 1.5271998141971284 0.0026529238231565635
spot 2.8951939779965256E-4 3.373026504695459 9.765566024016963E-4
distributes 2.8951939779965256E-4 4.0661736852554045 0.0011772361567039386
presenting 2.8951939779965256E-4 1.4759065198095778 4.273035668238499E-4
authors 0.003474232773595831 0.023122417420854212 8.033266040829489E-5
other 0.002026635784597568 0.0408219945202552 8.273131489339503E-5
aim 2.8951939779965256E-4 1.0376515888784226 3.0042026313793356E-4
indicated 8.685581933989577E-4 1.3361445774344192 0.001160519320296253
city 5.790387955993051E-4 2.5257286443082556 0.001462494872210918
kinds 2.8951939779965256E-4 2.6798793241355137 7.758770480994538E-4
categorized 2.8951939779965256E-4 1.8325814637483102 5.305678818032166E-4
holiday 2.8951939779965256E-4 5.1647859739235145 0.001495305724934428
conjunction 2.8951939779965256E-4 2.392197251683733 6.925875077254582E-4
indicates 2.8951939779965256E-4 1.0376515888784226 3.0042026313793356E-4
have 0.008106543138390272 0.028987536873252187 2.3498871813869754E-4
firstly 2.8951939779965256E-4 4.471638793363569 0.0012946261706321856
share 5.790387955993051E-4 1.4035858582299516 8.127306648696882E-4
decisions 2.8951939779965256E-4 1.6094379124341003 4.6596349520385065E-4
speak 2.8951939779965256E-4 3.2188758248682006 9.319269904077013E-4
tourisme 2.8951939779965256E-4 5.1647859739235145 0.001495305724934428
gilbert 5.790387955993051E-4 4.0661736852554045 0.002354472313407877
product 5.790387955993051E-4 1.5538680612792897 8.997498907233871E-4
particularly 2.8951939779965256E-4 0.9751312318970885 2.823194070344784E-4
implications 2.8951939779965256E-4 2.120263536200091 6.138574221772121E-4
reorganized 2.8951939779965256E-4 5.1647859739235145 0.001495305724934428
discussed 2.8951939779965256E-4 1.0216512475319812 2.9578785394672295E-4
satisfaction 0.0017371163867979154 2.392197251683733 0.00415552504635275
cumulative 5.790387955993051E-4 2.7668907011251433 0.0016021370591344198
opportunities 5.790387955993051E-4 1.8325814637483102 0.0010611357636064332
picture 2.8951939779965256E-4 2.5257286443082556 7.31247436105459E-4
shao 0.0023161551823972205 4.471638793363569 0.010357009365057485
future 2.8951939779965256E-4 0.48265474679929443 1.397379116384755E-4
industries 2.8951939779965256E-4 2.5998366164619773 7.527031315755579E-4
strongest 2.8951939779965256E-4 3.5553480614894135 0.0010293422297305772
measuring 2.8951939779965256E-4 1.8689491079191851 5.410970202429603E-4
capital 2.8951939779965256E-4 2.6798793241355137 7.758770480994538E-4
traveler 2.8951939779965256E-4 5.1647859739235145 0.001495305724934428
untrained 2.8951939779965256E-4 4.0661736852554045 0.0011772361567039386
findings 8.685581933989577E-4 0.7459453661269161 6.478969595775183E-4
rating 0.0014475969889982628 2.5998366164619773 0.00376351565787779
detectors 5.790387955993051E-4 5.1647859739235145 0.002990611449868856
translated 2.8951939779965256E-4 2.456735772821304 7.11272661500088E-4
platforms 5.790387955993051E-4 2.0292917579943643 0.0011750386554686533
points 2.8951939779965256E-4 0.9751312318970885 2.823194070344784E-4
biggest 2.8951939779965256E-4 2.7668907011251433 8.010685295672099E-4
charity 2.8951939779965256E-4 5.1647859739235145 0.001495305724934428
academic 2.8951939779965256E-4 1.7635885922613586 5.105931071978455E-4
whether 5.790387955993051E-4 0.5300569856938783 3.0692355859518136E-4
members 2.8951939779965256E-4 1.8689491079191851 5.410970202429603E-4
west 2.8951939779965256E-4 2.6798793241355137 7.758770480994538E-4
all 0.006079907353792704 0.017291497110061043 1.0513070043754543E-4
new 5.790387955993051E-4 0.38566248081198473 2.2331353839721176E-4
took 2.8951939779965256E-4 1.7635885922613586 5.105931071978455E-4
including 8.685581933989577E-4 0.2669461739726028 2.3185828660040776E-4
law 2.8951939779965256E-4 2.9675613965872945 8.591665884734494E-4
read 2.8951939779965256E-4 1.7635885922613586 5.105931071978455E-4
conducted 2.8951939779965256E-4 0.664976303593249 1.925235389673564E-4
plenty 2.8951939779965256E-4 3.5553480614894135 0.0010293422297305772
real 2.8951939779965256E-4 1.3361445774344192 3.8683977343208426E-4
less 2.8951939779965256E-4 0.368995428326773 1.0683133419999218E-4
dogon 2.8951939779965256E-4 5.1647859739235145 0.001495305724934428
tool 2.8951939779965256E-4 1.1758019273592397 3.404174659407179E-4
condition 0.0011580775911986102 1.5271998141971284 0.0017686158821043755
improve 2.8951939779965256E-4 0.7104386776700063 2.056857781326017E-4
were 0.003474232773595831 0.0958817717032825 3.331155936419774E-4
try 2.8951939779965256E-4 2.169053700369523 6.279831211260924E-4
basic 2.8951939779965256E-4 1.1944940603713923 3.4582920103398733E-4
collect 8.685581933989577E-4 1.6682784124570338 0.0014489968840101625
detector 5.790387955993051E-4 4.0661736852554045 0.002354472313407877
initiated 2.8951939779965256E-4 3.5553480614894135 0.0010293422297305772
locate 2.8951939779965256E-4 3.373026504695459 9.765566024016963E-4
equipped 8.685581933989577E-4 3.0853444322436783 0.002679801186083102
financial 2.8951939779965256E-4 1.8689491079191851 5.410970202429603E-4
unclear 2.8951939779965256E-4 2.5257286443082556 7.31247436105459E-4
media 0.012159814707585408 1.5812670354674039 0.019227914154496515
effective 5.790387955993051E-4 0.8472978603872037 4.906183325924746E-4
and 0.07064273306311523 0.017291497110061043 0.0012215186146076707
chose 2.8951939779965256E-4 1.906689435902032 5.520235772733155E-4
predict 2.8951939779965256E-4 1.2729656758128876 3.6854825588097495E-4
land 2.8951939779965256E-4 3.0853444322436783 8.932670620277007E-4
department 8.685581933989577E-4 1.79749014393704 0.001561224792070388
republics 2.8951939779965256E-4 5.1647859739235145 0.001495305724934428
comments 0.004342790966994789 2.5257286443082556 0.010968711541581886
italian 2.8951939779965256E-4 3.0853444322436783 8.932670620277007E-4
specific 2.8951939779965256E-4 0.40261203912575794 1.165639951145796E-4
followed 0.0014475969889982628 0.758066726659261 0.0010973751109717154
chooses 5.790387955993051E-4 3.7784916128036232 0.002187893232659886
despite 2.8951939779965256E-4 0.7221347174331975 2.090720085214816E-4
suggested 2.8951939779965256E-4 1.121734706088964 3.247639565978471E-4
sahara 2.8951939779965256E-4 5.1647859739235145 0.001495305724934428
activities 2.8951939779965256E-4 1.6384254493073527 4.7435594942308993E-4
adopts 2.8951939779965256E-4 2.9675613965872945 8.591665884734494E-4
traveled 2.8951939779965256E-4 4.471638793363569 0.0012946261706321856
respond 5.790387955993051E-4 2.2203469947570738 0.0012856670496566725
thought 2.8951939779965256E-4 1.9459101490553132 5.633787345267265E-4
accessibility 2.8951939779965256E-4 2.8622008809294686 8.286626754283348E-4
discussion 5.790387955993051E-4 0.2595111954850846 1.5026705007821923E-4
lee 2.8951939779965256E-4 2.392197251683733 6.925875077254582E-4
companies 5.790387955993051E-4 2.073743520565198 0.001200777950529935
annual 5.790387955993051E-4 2.2203469947570738 0.0012856670496566725
english 2.8951939779965256E-4 1.4512139072192063 4.2015457649658544E-4
hired 2.8951939779965256E-4 4.0661736852554045 0.0011772361567039386
attractions 5.790387955993051E-4 4.0661736852554045 0.002354472313407877
defined 2.8951939779965256E-4 0.5300569856938783 1.5346177929759068E-4
fully 2.8951939779965256E-4 1.2729656758128876 3.6854825588097495E-4
models 2.8951939779965256E-4 0.7953381214564925 2.3026581397119064E-4
using 0.0014475969889982628 0.083381608939051 1.2070296603800087E-4
abundant 5.790387955993051E-4 2.7668907011251433 0.0016021370591344198
dining 2.8951939779965256E-4 5.1647859739235145 0.001495305724934428
remain 2.8951939779965256E-4 1.5538680612792897 4.4987494536169356E-4
sampling 2.8951939779965256E-4 1.8689491079191851 5.410970202429603E-4
participators 2.8951939779965256E-4 5.1647859739235145 0.001495305724934428
each 0.002026635784597568 0.13434805253107854 2.7227457085047765E-4
input 2.8951939779965256E-4 1.0216512475319812 2.9578785394672295E-4
toolkit 5.790387955993051E-4 2.9675613965872945 0.0017183331769468988
creating 2.8951939779965256E-4 1.79749014393704 5.204082640234627E-4
difference 2.8951939779965256E-4 0.6004377824556778 1.7383838519272662E-4
must 8.685581933989577E-4 1.0376515888784226 9.012607894138007E-4
demonstration 2.8951939779965256E-4 3.5553480614894135 0.0010293422297305772
militants 2.8951939779965256E-4 5.1647859739235145 0.001495305724934428
choices 0.002026635784597568 2.456735772821304 0.004978908630500616
increased 8.685581933989577E-4 0.4919571394616079 4.272934042804933E-4
probably 2.8951939779965256E-4 1.79749014393704 5.204082640234627E-4
another 2.8951939779965256E-4 0.40261203912575794 1.165639951145796E-4
guarantee 2.8951939779965256E-4 2.169053700369523 6.279831211260924E-4
networks 2.8951939779965256E-4 1.4759065198095778 4.273035668238499E-4
two 8.685581933989577E-4 0.11492996667397702 9.98233642217519E-5
increases 2.8951939779965256E-4 1.1394342831883648 3.2988832750097417E-4
promote 2.8951939779965256E-4 2.073743520565198 6.003889752649675E-4
diversity 2.8951939779965256E-4 2.392197251683733 6.925875077254582E-4
found 0.0014475969889982628 0.27443684570176036 3.972739515080491E-4
are 0.0037637521713954833 0.028987536873252187 1.0910190485010955E-4
does 5.790387955993051E-4 0.5696661237889241 3.298587862124633E-4
where 0.0014475969889982628 0.32850406697203605 4.7554149822240306E-4
attribute 8.685581933989577E-4 2.6798793241355137 0.0023276311442983616
takes 5.790387955993051E-4 1.3805963400052528 7.994188419254503E-4
popular 5.790387955993051E-4 1.252762968495368 7.253983604489681E-4
emerging 2.8951939779965256E-4 2.0292917579943643 5.875193277343267E-4
situation 2.8951939779965256E-4 1.7635885922613586 5.105931071978455E-4
broken 2.8951939779965256E-4 2.8622008809294686 8.286626754283348E-4
receive 2.8951939779965256E-4 1.8325814637483102 5.305678818032166E-4
languages 0.0011580775911986102 1.6990500711237875 0.001967631813692863
thoughtful 2.8951939779965256E-4 5.1647859739235145 0.001495305724934428
deteriorated 2.8951939779965256E-4 4.471638793363569 0.0012946261706321856
noticed 2.8951939779965256E-4 2.7668907011251433 8.010685295672099E-4
dellarocas 2.8951939779965256E-4 4.471638793363569 0.0012946261706321856
structures 2.8951939779965256E-4 1.6682784124570338 4.829989613367208E-4
empower 2.8951939779965256E-4 4.0661736852554045 0.0011772361567039386
lacking 2.8951939779965256E-4 2.331572629867298 6.750355037253323E-4
services 0.0014475969889982628 1.6682784124570338 0.002414994806683604
team 2.8951939779965256E-4 2.073743520565198 6.003889752649675E-4
politicians 2.8951939779965256E-4 3.373026504695459 9.765566024016963E-4
such 0.002026635784597568 0.10219094089654716 2.0710381768263757E-4
marketing 5.790387955993051E-4 3.2188758248682006 0.0018638539808154026
nlp 5.790387955993051E-4 0.41119578281714936 2.3809831083795562E-4
dataset 5.790387955993051E-4 1.2729656758128876 7.370965117619499E-4
gunman 2.8951939779965256E-4 5.1647859739235145 0.001495305724934428
through 0.0011580775911986102 0.2595111954850846 3.0053410015643846E-4
administration 0.0011580775911986102 2.2744142160273495 0.0026339481366848285
had 8.685581933989577E-4 0.32059888746492277 2.784587905022491E-4
source 0.0011580775911986102 0.9452782687474074 0.0010947055804833902
accounting 2.8951939779965256E-4 2.5257286443082556 7.31247436105459E-4
individuals 2.8951939779965256E-4 1.4759065198095778 4.273035668238499E-4
guided 2.8951939779965256E-4 2.392197251683733 6.925875077254582E-4
challenging 2.8951939779965256E-4 1.5538680612792897 4.4987494536169356E-4
research 0.003474232773595831 0.41119578281714936 0.0014285898650277338
sciences 2.8951939779965256E-4 2.456735772821304 7.11272661500088E-4
features 0.0011580775911986102 0.8340526336371831 9.658976648954059E-4
thailand 2.8951939779965256E-4 3.7784916128036232 0.001093946616329943
attracts 2.8951939779965256E-4 4.0661736852554045 0.0011772361567039386
huge 2.8951939779965256E-4 1.9459101490553132 5.633787345267265E-4
immense 2.8951939779965256E-4 3.7784916128036232 0.001093946616329943
has 0.0037637521713954833 0.05279818556697083 1.987192855734281E-4
results 0.0017371163867979154 0.08961215868968714 1.5566674931619074E-4
inherent 2.8951939779965256E-4 2.2203469947570738 6.428335248283363E-4
those 2.8951939779965256E-4 0.3364722366212129 9.741523932287575E-5
offers 2.8951939779965256E-4 1.6682784124570338 4.829989613367208E-4
statistic 2.8951939779965256E-4 2.9675613965872945 8.591665884734494E-4
boosting 2.8951939779965256E-4 3.2188758248682006 9.319269904077013E-4
widely 8.685581933989577E-4 1.0059028905638423 8.736851973629203E-4
develop 5.790387955993051E-4 1.157452788691043 6.702100687267186E-4
sharing 2.8951939779965256E-4 2.169053700369523 6.279831211260924E-4
technologies 2.8951939779965256E-4 1.8689491079191851 5.410970202429603E-4
measure 5.790387955993051E-4 1.0216512475319812 5.915757078934459E-4
leads 2.8951939779965256E-4 1.1758019273592397 3.404174659407179E-4
district 2.8951939779965256E-4 3.7784916128036232 0.001093946616329943
name 5.790387955993051E-4 1.8325814637483102 0.0010611357636064332
overall 2.8951939779965256E-4 0.7339691750802005 2.1249831357272742E-4
full 0.0014475969889982628 0.14750613710858965 2.135294399371593E-4
mood 2.8951939779965256E-4 2.8622008809294686 8.286626754283348E-4
import 2.8951939779965256E-4 4.471638793363569 0.0012946261706321856
attract 2.8951939779965256E-4 3.5553480614894135 0.0010293422297305772
book 2.8951939779965256E-4 2.456735772821304 7.11272661500088E-4
aspects 2.8951939779965256E-4 1.0872485300177945 3.1477953966930935E-4
description 2.8951939779965256E-4 1.4512139072192063 4.2015457649658544E-4
not 0.0017371163867979154 0.03488725900044054 6.0603229300128326E-5
negative 0.0014475969889982628 0.6429973968744738 9.308010956492092E-4
indexes 2.8951939779965256E-4 3.5553480614894135 0.0010293422297305772
now 8.685581933989577E-4 1.4035858582299516 0.0012190959973045325
perceptual 2.8951939779965256E-4 4.471638793363569 0.0012946261706321856
factor 5.790387955993051E-4 0.7703368192510752 4.460549040249422E-4
incorporating 2.8951939779965256E-4 2.392197251683733 6.925875077254582E-4
was 0.004053271569195136 0.058840500022933395 2.384965258601817E-4
war 2.8951939779965256E-4 3.5553480614894135 0.0010293422297305772
way 8.685581933989577E-4 0.9306794693262548 8.083492785115126E-4
bypass 2.8951939779965256E-4 3.7784916128036232 0.001093946616329943
equal 2.8951939779965256E-4 1.3805963400052528 3.9970942096272517E-4
awad 2.8951939779965256E-4 5.1647859739235145 0.001495305724934428
hotels 0.009843659525188187 5.1647859739235145 0.05084039464777055
dirichlet 2.8951939779965256E-4 2.456735772821304 7.11272661500088E-4
time 5.790387955993051E-4 0.20194134366360675 1.1693187241668022E-4
applications 2.8951939779965256E-4 1.2135422553420867 3.5134402297107314E-4
badaloge 2.8951939779965256E-4 5.1647859739235145 0.001495305724934428
ipeirotis 2.8951939779965256E-4 5.1647859739235145 0.001495305724934428
criteria 2.8951939779965256E-4 1.121734706088964 3.247639565978471E-4
attitudes 2.8951939779965256E-4 2.9675613965872945 8.591665884734494E-4
collected 8.685581933989577E-4 0.8340526336371831 7.244232486715545E-4
extant 2.8951939779965256E-4 3.7784916128036232 0.001093946616329943
when 0.0023161551823972205 0.14750613710858965 3.4164710389945484E-4
three 8.685581933989577E-4 0.22314355131420976 1.9381315979809764E-4
soukhothai 2.8951939779965256E-4 5.1647859739235145 0.001495305724934428
put 5.790387955993051E-4 1.906689435902032 0.001104047154546631
required 2.8951939779965256E-4 0.5900749954201312 1.7083815733066912E-4
largely 5.790387955993051E-4 1.79749014393704 0.0010408165280469254
radisson 8.685581933989577E-4 5.1647859739235145 0.004485917174803284
plan 5.790387955993051E-4 2.120263536200091 0.0012277148443544242
case 0.0028951939779965257 0.38566248081198473 0.001116567691986059
give 5.790387955993051E-4 1.157452788691043 6.702100687267186E-4
sessions 2.8951939779965256E-4 3.0853444322436783 8.932670620277007E-4
italians 2.8951939779965256E-4 5.1647859739235145 0.001495305724934428
conclusions 2.8951939779965256E-4 1.0872485300177945 3.1477953966930935E-4
heritage 2.8951939779965256E-4 4.471638793363569 0.0012946261706321856
extraction 5.790387955993051E-4 1.3361445774344192 7.736795468641685E-4
provide 8.685581933989577E-4 0.44628710262841953 3.876263195961953E-4
latent 2.8951939779965256E-4 2.0292917579943643 5.875193277343267E-4
rely 5.790387955993051E-4 1.6094379124341003 9.319269904077013E-4
determined 2.8951939779965256E-4 1.0376515888784226 3.0042026313793356E-4
variances 2.8951939779965256E-4 4.0661736852554045 0.0011772361567039386
style 5.790387955993051E-4 2.9675613965872945 0.0017183331769468988
care 5.790387955993051E-4 1.1758019273592397 6.808349318814358E-4
study 0.004053271569195136 0.15415067982725836 6.248145679159285E-4
methods 5.790387955993051E-4 0.20194134366360675 1.1693187241668022E-4
sentences 2.8951939779965256E-4 1.5812670354674039 4.578074798689646E-4
guard 5.790387955993051E-4 5.1647859739235145 0.002990611449868856
differences 5.790387955993051E-4 0.7953381214564925 4.605316279423813E-4
direct 5.790387955993051E-4 0.990398704027877 5.734792727434146E-4
pattern 2.8951939779965256E-4 1.6682784124570338 4.829989613367208E-4
tourism 0.01795020266357846 4.471638793363569 0.08026682257919551
confirmed 2.8951939779965256E-4 1.252762968495368 3.6269918022448406E-4
gain 8.685581933989577E-4 1.5812670354674039 0.0013734224396068939
tourist 0.002026635784597568 4.0661736852554045 0.00824065309692757
advisor 2.8951939779965256E-4 4.471638793363569 0.0012946261706321856
web 2.8951939779965256E-4 1.6384254493073527 4.7435594942308993E-4
low 2.8951939779965256E-4 0.6761496041913742 1.9575842622796008E-4
seminars 2.8951939779965256E-4 4.471638793363569 0.0012946261706321856
lexicon 2.8951939779965256E-4 2.9675613965872945 8.591665884734494E-4
means 8.685581933989577E-4 0.6988778552689304 6.070160873789204E-4
explore 8.685581933989577E-4 1.2329603411991883 0.0010708978064845295
more 0.0023161551823972205 0.05279818556697083 1.222887911221096E-4
display 8.685581933989577E-4 0.167573700159399 1.4554751027162624E-4
csvdisplay 0.0014475969889982628 0.2669461739726028 3.864304776673462E-4
gillespie 2.8951939779965256E-4 5.1647859739235145 0.001495305724934428
great 0.0011580775911986102 1.3361445774344192 0.001547359093728337
inaccurate 2.8951939779965256E-4 2.9675613965872945 8.591665884734494E-4
january 2.8951939779965256E-4 1.3581234841531944 3.932030932695988E-4
chau 2.8951939779965256E-4 5.1647859739235145 0.001495305724934428
organization 2.8951939779965256E-4 1.7635885922613586 5.105931071978455E-4
organized 2.8951939779965256E-4 1.6990500711237875 4.919079534232158E-4
nationale 2.8951939779965256E-4 5.1647859739235145 0.001495305724934428
buted 2.8951939779965256E-4 5.1647859739235145 0.001495305724934428
travel 0.006369426751592357 3.0853444322436783 0.019651875364609418
choice 5.790387955993051E-4 1.6682784124570338 9.659979226734416E-4
chao 0.0023161551823972205 4.471638793363569 0.010357009365057485
certain 2.8951939779965256E-4 0.8209805520698303 2.3768979504048358E-4
economic 8.685581933989577E-4 1.6990500711237875 0.0014757238602696476
levels 2.8951939779965256E-4 0.9452782687474074 2.7367639512084754E-4
statistics 5.790387955993051E-4 1.5538680612792897 8.997498907233871E-4
indicator 2.8951939779965256E-4 2.120263536200091 6.138574221772121E-4
door 2.8951939779965256E-4 4.471638793363569 0.0012946261706321856
booking 0.0011580775911986102 4.471638793363569 0.005178504682528742
tell 2.8951939779965256E-4 2.8622008809294686 8.286626754283348E-4
recognizing 2.8951939779965256E-4 3.0853444322436783 8.932670620277007E-4
used 0.0031847133757961785 0.07103577311675174 2.2622857680494187E-4
experience 2.8951939779965256E-4 1.2135422553420867 3.5134402297107314E-4
influence 2.8951939779965256E-4 0.9306794693262548 2.694497595038375E-4
earned 2.8951939779965256E-4 5.1647859739235145 0.001495305724934428
his 2.8951939779965256E-4 1.6384254493073527 4.7435594942308993E-4
shows 5.790387955993051E-4 0.5596157879354227 3.240392518444833E-4
major 2.8951939779965256E-4 0.7104386776700063 2.056857781326017E-4
nlkt 5.790387955993051E-4 5.1647859739235145 0.002990611449868856
shown 0.0014475969889982628 0.3364722366212129 4.8707619661437883E-4
presented 5.790387955993051E-4 0.4373981552111735 2.5327050099083583E-4
percentage 2.8951939779965256E-4 1.3146383722134554 3.806133098475551E-4
few 2.8951939779965256E-4 0.6988778552689304 2.0233869579297346E-4
potential 2.8951939779965256E-4 0.44628710262841953 1.2920877319873175E-4
described 5.790387955993051E-4 0.44628710262841953 2.584175463974635E-4
obtain 5.790387955993051E-4 1.0872485300177945 6.295590793386187E-4
crisis 8.685581933989577E-4 2.6798793241355137 0.0023276311442983616
kind 5.790387955993051E-4 1.6990500711237875 9.838159068464316E-4
traces 2.8951939779965256E-4 4.0661736852554045 0.0011772361567039386
opened 2.8951939779965256E-4 2.9675613965872945 8.591665884734494E-4
done 5.790387955993051E-4 0.9452782687474074 5.473527902416951E-4
both 5.790387955993051E-4 0.13434805253107854 7.77927345287079E-5
important 0.0028951939779965257 0.2669461739726028 7.728609553346924E-4
most 0.002026635784597568 0.0771896386911299 1.5643528397160083E-4
market 2.8951939779965256E-4 2.073743520565198 6.003889752649675E-4
effects 2.8951939779965256E-4 1.0216512475319812 2.9578785394672295E-4
perceived 2.8951939779965256E-4 1.730798769438368 5.01099817440176E-4
keep 2.8951939779965256E-4 1.906689435902032 5.520235772733155E-4
produces 2.8951939779965256E-4 2.073743520565198 6.003889752649675E-4
who 5.790387955993051E-4 0.44628710262841953 2.584175463974635E-4
critical 2.8951939779965256E-4 1.2135422553420867 3.5134402297107314E-4
part 5.790387955993051E-4 0.5496654570822546 3.1827762425145023E-4
values 2.8951939779965256E-4 0.5900749954201312 1.7083815733066912E-4
determines 2.8951939779965256E-4 2.169053700369523 6.279831211260924E-4
contribute 8.685581933989577E-4 1.0704414117014134 9.297406586868095E-4
their 0.006948465547191662 0.12136085700426753 8.432717336718068E-4
affecting 2.8951939779965256E-4 2.169053700369523 6.279831211260924E-4
investigations 5.790387955993051E-4 2.456735772821304 0.001422545323000176
integrated 2.8951939779965256E-4 1.6384254493073527 4.7435594942308993E-4
principal 2.8951939779965256E-4 2.392197251683733 6.925875077254582E-4
tend 2.8951939779965256E-4 1.4759065198095778 4.273035668238499E-4
hospitality 0.004632310364794441 5.1647859739235145 0.023924891598950847
designed 2.8951939779965256E-4 1.0872485300177945 3.1477953966930935E-4
introduction 2.8951939779965256E-4 0.10219094089654716 2.958625966894822E-5
amount 2.8951939779965256E-4 1.121734706088964 3.247639565978471E-4
process 2.8951939779965256E-4 0.5013468798114469 1.451496467317449E-4
clear 2.8951939779965256E-4 1.0704414117014134 3.0991355289560315E-4
crowded 2.8951939779965256E-4 4.471638793363569 0.0012946261706321856
also 0.0011580775911986102 0.05279818556697083 6.11443955610548E-5
increase 2.8951939779965256E-4 0.5013468798114469 1.451496467317449E-4
spread 5.790387955993051E-4 2.120263536200091 0.0012277148443544242
listed 2.8951939779965256E-4 1.8689491079191851 5.410970202429603E-4
third 2.8951939779965256E-4 1.0059028905638423 2.9122839912097345E-4
someone 2.8951939779965256E-4 2.6798793241355137 7.758770480994538E-4
various 8.685581933989577E-4 0.5798184952529422 5.036061047361976E-4
administrative 5.790387955993051E-4 2.6798793241355137 0.0015517540961989076
mean 5.790387955993051E-4 0.6214911916535102 3.5986751109062543E-4
guests 2.8951939779965256E-4 5.1647859739235145 0.001495305724934428
investigation 5.790387955993051E-4 2.169053700369523 0.0012559662422521847
attention 2.8951939779965256E-4 1.157452788691043 3.351050343633593E-4
suggestions 2.8951939779965256E-4 2.6798793241355137 7.758770480994538E-4
visit 5.790387955993051E-4 2.6798793241355137 0.0015517540961989076
user 0.0023161551823972205 1.6990500711237875 0.003935263627385726
multidimensional 2.8951939779965256E-4 3.5553480614894135 0.0010293422297305772
demands 2.8951939779965256E-4 2.456735772821304 7.11272661500088E-4
customer 0.0026056745801968733 2.5257286443082556 0.006581226924949132
extent 2.8951939779965256E-4 1.3805963400052528 3.9970942096272517E-4
been 0.0026056745801968733 0.05279818556697083 1.3757489001237332E-4
dmos 2.8951939779965256E-4 5.1647859739235145 0.001495305724934428
projects 2.8951939779965256E-4 2.331572629867298 6.750355037253323E-4
coherence 2.8951939779965256E-4 2.456735772821304 7.11272661500088E-4
bad 2.8951939779965256E-4 3.5553480614894135 0.0010293422297305772
browning 2.8951939779965256E-4 5.1647859739235145 0.001495305724934428
areas 2.8951939779965256E-4 1.1758019273592397 3.404174659407179E-4
extracted 5.790387955993051E-4 1.0704414117014134 6.198271057912063E-4
conducting 2.8951939779965256E-4 2.169053700369523 6.279831211260924E-4
analyzing 0.003474232773595831 1.6094379124341003 0.005591561942446208
ugc 5.790387955993051E-4 5.1647859739235145 0.002990611449868856
offer 0.0011580775911986102 1.5271998141971284 0.0017686158821043755
evaluation 5.790387955993051E-4 0.7953381214564925 4.605316279423813E-4
trip 5.790387955993051E-4 4.0661736852554045 0.002354472313407877
qualitative 2.8951939779965256E-4 1.6990500711237875 4.919079534232158E-4
zheng 2.8951939779965256E-4 3.7784916128036232 0.001093946616329943
rank 2.8951939779965256E-4 2.7668907011251433 8.010685295672099E-4
examining 2.8951939779965256E-4 2.5257286443082556 7.31247436105459E-4
reflects 2.8951939779965256E-4 1.9867321435755685 5.751974937972114E-4
knowledge 5.790387955993051E-4 0.8080771472339223 4.679080180856527E-4
limitations 2.8951939779965256E-4 0.9162907318741551 2.652839409016083E-4
pass 2.8951939779965256E-4 2.9675613965872945 8.591665884734494E-4
unspecified 2.8951939779965256E-4 3.5553480614894135 0.0010293422297305772
past 2.8951939779965256E-4 1.293584963015623 3.74517939494969E-4
preference 5.790387955993051E-4 2.169053700369523 0.0012559662422521847
impact 0.002026635784597568 0.7827593392496325 0.001586368087651253
profile 2.8951939779965256E-4 2.120263536200091 6.138574221772121E-4
active 2.8951939779965256E-4 1.1944940603713923 3.4582920103398733E-4
whose 8.685581933989577E-4 1.730798769438368 0.001503299452320528
former 2.8951939779965256E-4 2.073743520565198 6.003889752649675E-4
population 2.8951939779965256E-4 0.9751312318970885 2.823194070344784E-4
domain 2.8951939779965256E-4 1.1944940603713923 3.4582920103398733E-4
evaluating 2.8951939779965256E-4 1.4512139072192063 4.2015457649658544E-4
average 2.8951939779965256E-4 0.7459453661269161 2.159656531925061E-4
mirror 5.790387955993051E-4 4.471638793363569 0.002589252341264371
strong 0.0011580775911986102 1.2135422553420867 0.0014053760918842926
affect 0.0014475969889982628 0.990398704027877 0.0014336981818585364
comes 2.8951939779965256E-4 1.730798769438368 5.01099817440176E-4
dead 2.8951939779965256E-4 3.7784916128036232 0.001093946616329943
choosing 8.685581933989577E-4 2.169053700369523 0.0018839493633782771
how 8.685581933989577E-4 0.5496654570822546 4.7741643637717537E-4
proved 2.8951939779965256E-4 1.9459101490553132 5.633787345267265E-4
search 2.8951939779965256E-4 1.1043429633770947 3.1972870972122024E-4
civil 2.8951939779965256E-4 3.7784916128036232 0.001093946616329943
popularity 5.790387955993051E-4 2.392197251683733 0.0013851750154509164
national 2.8951939779965256E-4 1.293584963015623 3.74517939494969E-4
hotel 0.007237984944991315 4.0661736852554045 0.02943090391759847
indicate 2.8951939779965256E-4 1.0704414117014134 3.0991355289560315E-4
customers 0.0014475969889982628 2.7668907011251433 0.00400534264783605
set 8.685581933989577E-4 0.5596157879354227 4.8605887776672496E-4
business 0.0031847133757961785 2.073743520565198 0.006604278727914643
jobs 2.8951939779965256E-4 4.0661736852554045 0.0011772361567039386
emotional 2.8951939779965256E-4 2.5257286443082556 7.31247436105459E-4
words 2.8951939779965256E-4 0.9751312318970885 2.823194070344784E-4
staff 5.790387955993051E-4 2.2744142160273495 0.0013169740683424142
entered 2.8951939779965256E-4 2.2744142160273495 6.584870341712071E-4
possible 2.8951939779965256E-4 0.38566248081198473 1.1165676919860588E-4
sample 2.8951939779965256E-4 0.7221347174331975 2.090720085214816E-4
march 2.8951939779965256E-4 2.169053700369523 6.279831211260924E-4
sanogo 0.0023161551823972205 5.1647859739235145 0.011962445799475424
advantages 2.8951939779965256E-4 1.6094379124341003 4.6596349520385065E-4
regarded 2.8951939779965256E-4 2.0292917579943643 5.875193277343267E-4
series 2.8951939779965256E-4 1.1758019273592397 3.404174659407179E-4
infrastructures 2.8951939779965256E-4 5.1647859739235145 0.001495305724934428
under 2.8951939779965256E-4 0.7459453661269161 2.159656531925061E-4
desert 2.8951939779965256E-4 5.1647859739235145 0.001495305724934428
did 2.8951939779965256E-4 0.5108256237659907 1.4789392697336153E-4
added 2.8951939779965256E-4 1.1758019273592397 3.404174659407179E-4
fesenmaier 2.8951939779965256E-4 5.1647859739235145 0.001495305724934428
questions 2.8951939779965256E-4 1.1944940603713923 3.4582920103398733E-4
inclined 2.8951939779965256E-4 4.0661736852554045 0.0011772361567039386
sites 0.0011580775911986102 2.120263536200091 0.0024554296887088485
language 0.0023161551823972205 0.6988778552689304 0.0016187095663437877
developed 5.790387955993051E-4 0.48265474679929443 2.79475823276951E-4
down 8.685581933989577E-4 1.6384254493073527 0.0014230678482692698
correctly 2.8951939779965256E-4 2.0292917579943643 5.875193277343267E-4
attacks 2.8951939779965256E-4 3.2188758248682006 9.319269904077013E-4
underdevelopment 2.8951939779965256E-4 5.1647859739235145 0.001495305724934428
which 0.004342790966994789 0.023122417420854212 1.0041582551036862E-4
needs 2.8951939779965256E-4 1.1394342831883648 3.2988832750097417E-4
test 8.685581933989577E-4 0.7104386776700063 6.170573343978052E-4
regarding 2.8951939779965256E-4 0.758066726659261 2.1947502219434308E-4
take 2.8951939779965256E-4 0.8743265327751228 2.5313449124931176E-4
varies 2.8951939779965256E-4 2.456735772821304 7.11272661500088E-4
relatively 5.790387955993051E-4 0.8209805520698303 4.7537959008096717E-4
helps 5.790387955993051E-4 1.6682784124570338 9.659979226734416E-4
some 0.0011580775911986102 0.2160260835453457 2.501749664682637E-4
deep 2.8951939779965256E-4 1.4271163556401458 4.1317786787496984E-4
visiting 2.8951939779965256E-4 4.0661736852554045 0.0011772361567039386
importance 5.790387955993051E-4 0.9600933545325481 5.559312996714233E-4
for 0.013896931094383324 0.017291497110061043 2.402987438572467E-4
training 5.790387955993051E-4 1.0059028905638423 5.824567982419469E-4
expectation 2.8951939779965256E-4 3.2188758248682006 9.319269904077013E-4
india 5.790387955993051E-4 3.0853444322436783 0.0017865341240554014
content 5.790387955993051E-4 1.293584963015623 7.49035878989938E-4
symposium 2.8951939779965256E-4 5.1647859739235145 0.001495305724934428
wenwen 0.0023161551823972205 5.1647859739235145 0.011962445799475424
related 2.8951939779965256E-4 0.27443684570176036 7.945479030160983E-5
sourced 2.8951939779965256E-4 3.7784916128036232 0.001093946616329943
unfair 2.8951939779965256E-4 3.5553480614894135 0.0010293422297305772
over 0.0014475969889982628 0.3364722366212129 4.8707619661437883E-4
digital 2.8951939779965256E-4 1.730798769438368 5.01099817440176E-4
owner 2.8951939779965256E-4 3.373026504695459 9.765566024016963E-4
billions 2.8951939779965256E-4 4.471638793363569 0.0012946261706321856
checkpoints 2.8951939779965256E-4 5.1647859739235145 0.001495305724934428
kept 5.790387955993051E-4 2.2203469947570738 0.0012856670496566725
concerns 2.8951939779965256E-4 1.906689435902032 5.520235772733155E-4
killed 2.8951939779965256E-4 4.471638793363569 0.0012946261706321856
travels 2.8951939779965256E-4 4.471638793363569 0.0012946261706321856
existing 2.8951939779965256E-4 0.9452782687474074 2.7367639512084754E-4
although 2.8951939779965256E-4 0.4285875255290187 1.240844022956047E-4
form 2.8951939779965256E-4 0.664976303593249 1.925235389673564E-4
management 5.790387955993051E-4 0.9452782687474074 5.473527902416951E-4
sphericity 5.790387955993051E-4 5.1647859739235145 0.002990611449868856
very 0.0017371163867979154 0.5596157879354227 9.721177555334499E-4
big 2.8951939779965256E-4 1.6682784124570338 4.829989613367208E-4
qualified 2.8951939779965256E-4 3.5553480614894135 0.0010293422297305772
practice 2.8951939779965256E-4 1.2729656758128876 3.6854825588097495E-4
synergy 2.8951939779965256E-4 4.471638793363569 0.0012946261706321856
nations 2.8951939779965256E-4 3.0853444322436783 8.932670620277007E-4
djenne 2.8951939779965256E-4 5.1647859739235145 0.001495305724934428
division 5.790387955993051E-4 3.0853444322436783 0.0017865341240554014
bulbs 2.8951939779965256E-4 5.1647859739235145 0.001495305724934428
revealed 2.8951939779965256E-4 1.3581234841531944 3.932030932695988E-4
beside 2.8951939779965256E-4 4.471638793363569 0.0012946261706321856
text 0.0011580775911986102 0.8607208807193443 9.967815642378045E-4
usually 5.790387955993051E-4 0.9600933545325481 5.559312996714233E-4
python 2.8951939779965256E-4 2.120263536200091 6.138574221772121E-4
large 2.8951939779965256E-4 0.34450440831847723 9.974070883569114E-5
researchers 5.790387955993051E-4 1.1043429633770947 6.394574194424405E-4
inferences 2.8951939779965256E-4 3.373026504695459 9.765566024016963E-4
made 2.8951939779965256E-4 0.6109090823229731 1.7687002962448554E-4
satisfied 2.8951939779965256E-4 2.7668907011251433 8.010685295672099E-4
azalai 2.8951939779965256E-4 5.1647859739235145 0.001495305724934428
lower 2.8951939779965256E-4 0.5300569856938783 1.5346177929759068E-4
metal 0.0011580775911986102 3.2188758248682006 0.003727707961630805
advisors 2.8951939779965256E-4 5.1647859739235145 0.001495305724934428
index 5.790387955993051E-4 1.5538680612792897 8.997498907233871E-4
loading 5.790387955993051E-4 3.2188758248682006 0.0018638539808154026
field 8.685581933989577E-4 0.8472978603872037 7.35927498888712E-4
contents 0.0028951939779965257 2.331572629867298 0.006750355037253323
explored 8.685581933989577E-4 1.5538680612792897 0.0013496248360850807
attracted 8.685581933989577E-4 2.8622008809294686 0.0024859880262850047
impression 2.8951939779965256E-4 3.2188758248682006 9.319269904077013E-4
rossides 2.8951939779965256E-4 5.1647859739235145 0.001495305724934428
evaluate 2.8951939779965256E-4 0.758066726659261 2.1947502219434308E-4
become 2.8951939779965256E-4 0.8607208807193443 2.491953910594511E-4
recovering 2.8951939779965256E-4 4.0661736852554045 0.0011772361567039386
works 2.8951939779965256E-4 1.3805963400052528 3.9970942096272517E-4
eventually 2.8951939779965256E-4 2.073743520565198 6.003889752649675E-4
phenomenon 2.8951939779965256E-4 1.9867321435755685 5.751974937972114E-4
products 2.8951939779965256E-4 1.9867321435755685 5.751974937972114E-4
literature 2.8951939779965256E-4 0.9306794693262548 2.694497595038375E-4
world 0.0011580775911986102 1.4035858582299516 0.0016254613297393763
government 5.790387955993051E-4 2.331572629867298 0.0013500710074506646
library 2.8951939779965256E-4 1.79749014393704 5.204082640234627E-4
stream 2.8951939779965256E-4 3.0853444322436783 8.932670620277007E-4
leisure 0.0028951939779965257 4.0661736852554045 0.011772361567039388
table 0.004342790966994789 0.18805223150293962 8.16671532294179E-4
klein 2.8951939779965256E-4 4.0661736852554045 0.0011772361567039386
may 5.790387955993051E-4 0.15415067982725836 8.925922398798978E-5
could 2.8951939779965256E-4 0.22314355131420976 6.460438659936588E-5
restaurant 0.0055008685581933985 3.373026504695459 0.01855457544563223
gathered 2.8951939779965256E-4 2.120263536200091 6.138574221772121E-4
blu 8.685581933989577E-4 5.1647859739235145 0.004485917174803284
positive 0.004053271569195136 0.6988778552689304 0.002832741741101629
agents 8.685581933989577E-4 2.2744142160273495 0.0019754611025136213
generally 5.790387955993051E-4 0.9021060968821986 5.223544278414583E-4
exploring 0.0023161551823972205 2.169053700369523 0.005023864969008739
gretzel 5.790387955993051E-4 5.1647859739235145 0.002990611449868856
report 2.8951939779965256E-4 1.0059028905638423 2.9122839912097345E-4
websites 2.8951939779965256E-4 2.8622008809294686 8.286626754283348E-4
trustworthy 5.790387955993051E-4 4.0661736852554045 0.002354472313407877
facilities 5.790387955993051E-4 2.8622008809294686 0.0016573253508566695
concerned 2.8951939779965256E-4 2.2744142160273495 6.584870341712071E-4
use 0.0011580775911986102 0.20895891632225325 2.41990638473947E-4
main 8.685581933989577E-4 0.6004377824556778 5.2151515557818E-4
serve 2.8951939779965256E-4 1.730798769438368 5.01099817440176E-4
northern 8.685581933989577E-4 3.373026504695459 0.002929669807205089
while 0.0011580775911986102 0.20895891632225325 2.41990638473947E-4
enterprises 2.8951939779965256E-4 3.7784916128036232 0.001093946616329943
second 2.8951939779965256E-4 0.4643056081310978 1.344254800611169E-4
that 0.00897510133178923 0.017291497110061043 1.551929387411385E-4
high 5.790387955993051E-4 0.2521310881874621 1.4599368163721024E-4
download 0.0014475969889982628 0.2595111954850846 3.7566762519554805E-4
geographic 2.8951939779965256E-4 2.392197251683733 6.925875077254582E-4
reviews 0.008685581933989578 1.8689491079191851 0.016232910607288813
solution 2.8951939779965256E-4 1.293584963015623 3.74517939494969E-4
find 2.8951939779965256E-4 0.9306794693262548 2.694497595038375E-4
than 0.0014475969889982628 0.058840500022933395 8.51773306643506E-5
adequacy 2.8951939779965256E-4 4.471638793363569 0.0012946261706321856
directly 5.790387955993051E-4 0.7703368192510752 4.460549040249422E-4
international 2.8951939779965256E-4 1.5538680612792897 4.4987494536169356E-4
different 0.002026635784597568 0.18805223150293962 3.8111338173728353E-4
calculated 8.685581933989577E-4 0.9021060968821986 7.835316417621875E-4
combine 2.8951939779965256E-4 1.8689491079191851 5.410970202429603E-4
loft 5.790387955993051E-4 5.1647859739235145 0.002990611449868856
cities 2.8951939779965256E-4 2.9675613965872945 8.591665884734494E-4
level 0.002026635784597568 0.5798184952529422 0.0011750809110511278
difficult 2.8951939779965256E-4 0.7703368192510752 2.230274520124711E-4
equipment 5.790387955993051E-4 3.0853444322436783 0.0017865341240554014
includes 8.685581933989577E-4 0.8472978603872037 7.35927498888712E-4
thai 8.685581933989577E-4 3.5553480614894135 0.0030880266891917313
fill 2.8951939779965256E-4 2.7668907011251433 8.010685295672099E-4
experiences 0.0017371163867979154 1.79749014393704 0.003122449584140776
headquarters 2.8951939779965256E-4 4.471638793363569 0.0012946261706321856
expand 2.8951939779965256E-4 2.169053700369523 6.279831211260924E-4
kaiser 2.8951939779965256E-4 4.0661736852554045 0.0011772361567039386
possesses 2.8951939779965256E-4 2.8622008809294686 8.286626754283348E-4
lists 2.8951939779965256E-4 2.120263536200091 6.138574221772121E-4
focused 2.8951939779965256E-4 1.0704414117014134 3.0991355289560315E-4
raided 2.8951939779965256E-4 5.1647859739235145 0.001495305724934428
present 5.790387955993051E-4 0.38566248081198473 2.2331353839721176E-4
since 8.685581933989577E-4 0.377294231141468 3.277019957800822E-4
ubiquitous 2.8951939779965256E-4 3.2188758248682006 9.319269904077013E-4
sentiment 0.0031847133757961785 1.906689435902032 0.006072259350006472
boo 5.790387955993051E-4 5.1647859739235145 0.002990611449868856
scores 0.0014475969889982628 1.6094379124341003 0.002329817476019253
surveys 2.8951939779965256E-4 2.5998366164619773 7.527031315755579E-4
investigate 2.8951939779965256E-4 0.9600933545325481 2.7796564983571163E-4
total 2.8951939779965256E-4 0.5108256237659907 1.4789392697336153E-4
unstructured 2.8951939779965256E-4 1.6990500711237875 4.919079534232158E-4
ranked 2.8951939779965256E-4 2.392197251683733 6.925875077254582E-4
consumers 8.685581933989577E-4 2.7668907011251433 0.00240320558870163
physical 2.8951939779965256E-4 1.3146383722134554 3.806133098475551E-4
make 0.0011580775911986102 0.664976303593249 7.700941558694256E-4
consumer 0.0037637521713954833 2.6798793241355137 0.010086401625292899
plays 2.8951939779965256E-4 1.79749014393704 5.204082640234627E-4
determine 2.8951939779965256E-4 0.7221347174331975 2.090720085214816E-4
social 0.016502605674580197 1.0704414117014134 0.017665072515049382
nature 2.8951939779965256E-4 1.0216512475319812 2.9578785394672295E-4
control 2.8951939779965256E-4 0.7459453661269161 2.159656531925061E-4
processed 2.8951939779965256E-4 1.6990500711237875 4.919079534232158E-4
malien 2.8951939779965256E-4 5.1647859739235145 0.001495305724934428
declined 2.8951939779965256E-4 3.2188758248682006 9.319269904077013E-4
due 0.0014475969889982628 0.20895891632225325 3.024882980924338E-4
accommodation 5.790387955993051E-4 4.471638793363569 0.002589252341264371
online 0.009554140127388535 1.3581234841531944 0.01297570207789676
luxury 2.8951939779965256E-4 4.471638793363569 0.0012946261706321856
opinions 0.002026635784597568 2.2744142160273495 0.00460940923919845
essentially 2.8951939779965256E-4 2.456735772821304 7.11272661500088E-4
about 0.006658946149392009 0.377294231141468 0.0025123819676472967
registered 2.8951939779965256E-4 2.8622008809294686 8.286626754283348E-4
convenience 2.8951939779965256E-4 4.0661736852554045 0.0011772361567039386
facilitated 2.8951939779965256E-4 2.7668907011251433 8.010685295672099E-4
reflect 2.8951939779965256E-4 1.252762968495368 3.6269918022448406E-4
contribution 2.8951939779965256E-4 1.5538680612792897 4.4987494536169356E-4
speaking 2.8951939779965256E-4 3.2188758248682006 9.319269904077013E-4
fire 2.8951939779965256E-4 4.0661736852554045 0.0011772361567039386
magnetic 2.8951939779965256E-4 2.9675613965872945 8.591665884734494E-4
hundreds 2.8951939779965256E-4 2.6798793241355137 7.758770480994538E-4
zeng 2.8951939779965256E-4 4.0661736852554045 0.0011772361567039386
brand 2.8951939779965256E-4 3.5553480614894135 0.0010293422297305772
they 0.0014475969889982628 0.167573700159399 2.4257918378604374E-4
trends 2.8951939779965256E-4 1.7635885922613586 5.105931071978455E-4
moderate 2.8951939779965256E-4 2.073743520565198 6.003889752649675E-4
based 0.0014475969889982628 0.18805223150293962 2.7222384409805966E-4
mali 0.00781702374059062 4.471638793363569 0.03495490660706901
grouped 2.8951939779965256E-4 1.9459101490553132 5.633787345267265E-4
august 0.0023161551823972205 2.2203469947570738 0.00514266819862669
australia 2.8951939779965256E-4 3.0853444322436783 8.932670620277007E-4
them 5.790387955993051E-4 0.5696661237889241 3.298587862124633E-4
received 2.8951939779965256E-4 0.9452782687474074 2.7367639512084754E-4
then 2.8951939779965256E-4 0.4285875255290187 1.240844022956047E-4
ancient 2.8951939779965256E-4 4.471638793363569 0.0012946261706321856
quality 8.685581933989577E-4 0.8080771472339223 7.018620271284792E-4
pointed 5.790387955993051E-4 2.120263536200091 0.0012277148443544242
mission 5.790387955993051E-4 4.471638793363569 0.002589252341264371
thereby 2.8951939779965256E-4 1.730798769438368 5.01099817440176E-4
unique 5.790387955993051E-4 1.157452788691043 6.702100687267186E-4
itineraries 2.8951939779965256E-4 5.1647859739235145 0.001495305724934428
processing 0.0011580775911986102 0.7221347174331975 8.362880340859264E-4
except 2.8951939779965256E-4 1.3805963400052528 3.9970942096272517E-4
obtained 2.8951939779965256E-4 0.6004377824556778 1.7383838519272662E-4
interpreted 2.8951939779965256E-4 1.7635885922613586 5.105931071978455E-4
conditions 0.0014475969889982628 1.0376515888784226 0.0015021013156896678
commentary 2.8951939779965256E-4 3.5553480614894135 0.0010293422297305772
shower 2.8951939779965256E-4 5.1647859739235145 0.001495305724934428
discovered 2.8951939779965256E-4 2.5998366164619773 7.527031315755579E-4
access 2.8951939779965256E-4 1.252762968495368 3.6269918022448406E-4
sud 2.8951939779965256E-4 5.1647859739235145 0.001495305724934428
examine 2.8951939779965256E-4 1.4512139072192063 4.2015457649658544E-4
scan 2.8951939779965256E-4 2.8622008809294686 8.286626754283348E-4
industry 0.007237984944991315 1.9459101490553132 0.014084468363168162
believe 2.8951939779965256E-4 1.5538680612792897 4.4987494536169356E-4
collecting 2.8951939779965256E-4 2.169053700369523 6.279831211260924E-4
long 2.8951939779965256E-4 0.7827593392496325 2.2662401252160753E-4
seem 2.8951939779965256E-4 1.6094379124341003 4.6596349520385065E-4
pieces 2.8951939779965256E-4 2.8622008809294686 8.286626754283348E-4
into 0.0014475969889982628 0.10854016857520597 1.5712242121483205E-4
headquarter 2.8951939779965256E-4 5.1647859739235145 0.001495305724934428
examined 2.8951939779965256E-4 1.3805963400052528 3.9970942096272517E-4
relationship 2.8951939779965256E-4 0.9162907318741551 2.652839409016083E-4
free 2.8951939779965256E-4 1.6990500711237875 4.919079534232158E-4
equality 2.8951939779965256E-4 2.7668907011251433 8.010685295672099E-4
key 5.790387955993051E-4 1.0216512475319812 5.915757078934459E-4
variables 5.790387955993051E-4 0.9452782687474074 5.473527902416951E-4
expression 2.8951939779965256E-4 1.6682784124570338 4.829989613367208E-4
necessary 2.8951939779965256E-4 0.8607208807193443 2.491953910594511E-4
star 8.685581933989577E-4 3.0853444322436783 0.002679801186083102
one 5.790387955993051E-4 0.06491954609931569 3.7590935784201326E-5
analyzed 2.8951939779965256E-4 1.0872485300177945 3.1477953966930935E-4
reviewer 2.8951939779965256E-4 3.7784916128036232 0.001093946616329943
many 0.0014475969889982628 0.20194134366360675 2.9232968104170055E-4
people 0.0011580775911986102 1.0539121097502027 0.00122051199739456
exploiting 2.8951939779965256E-4 2.6798793241355137 7.758770480994538E-4
reviewers 0.0011580775911986102 4.0661736852554045 0.004708944626815754
stay 2.8951939779965256E-4 2.8622008809294686 8.286626754283348E-4
single 2.8951939779965256E-4 0.6429973968744738 1.8616021912984184E-4
extensive 2.8951939779965256E-4 1.5271998141971284 4.421539705260939E-4
bamako 0.0031847133757961785 5.1647859739235145 0.01644836297427871
trips 2.8951939779965256E-4 4.471638793363569 0.0012946261706321856
increasing 2.8951939779965256E-4 0.9021060968821986 2.6117721392072914E-4
showed 2.8951939779965256E-4 0.5398131606392429 1.562863811926007E-4
malian 2.8951939779965256E-4 5.1647859739235145 0.001495305724934428
closed 2.8951939779965256E-4 2.073743520565198 6.003889752649675E-4
ranking 2.8951939779965256E-4 2.8622008809294686 8.286626754283348E-4
operation 2.8951939779965256E-4 2.0292917579943643 5.875193277343267E-4
open 5.790387955993051E-4 1.0872485300177945 6.295590793386187E-4
but 5.790387955993051E-4 0.083381608939051 4.828118641520034E-5
country 8.685581933989577E-4 2.456735772821304 0.002133817984500264
suppliers 2.8951939779965256E-4 3.5553480614894135 0.0010293422297305772
stabilization 2.8951939779965256E-4 3.0853444322436783 8.932670620277007E-4
available 5.790387955993051E-4 0.5696661237889241 3.298587862124633E-4
numbers 2.8951939779965256E-4 1.121734706088964 3.247639565978471E-4
reputation 2.8951939779965256E-4 3.7784916128036232 0.001093946616329943
seven 5.790387955993051E-4 1.5538680612792897 8.997498907233871E-4
descriptions 2.8951939779965256E-4 1.8325814637483102 5.305678818032166E-4
frequency 5.790387955993051E-4 1.121734706088964 6.495279131956942E-4
presentation 2.8951939779965256E-4 1.6990500711237875 4.919079534232158E-4
zhong 0.0023161551823972205 4.471638793363569 0.010357009365057485
luggage 2.8951939779965256E-4 5.1647859739235145 0.001495305724934428
dynamic 2.8951939779965256E-4 1.7635885922613586 5.105931071978455E-4
sector 2.8951939779965256E-4 2.2203469947570738 6.428335248283363E-4
treated 2.8951939779965256E-4 1.0216512475319812 2.9578785394672295E-4
emotions 2.8951939779965256E-4 2.456735772821304 7.11272661500088E-4
studying 5.790387955993051E-4 1.9459101490553132 0.001126757469053453
solutions 2.8951939779965256E-4 1.4271163556401458 4.1317786787496984E-4
this 0.0052113491603937466 0.017291497110061043 9.011202894646752E-5
complaints 2.8951939779965256E-4 3.2188758248682006 9.319269904077013E-4
flavor 2.8951939779965256E-4 4.471638793363569 0.0012946261706321856
extract 8.685581933989577E-4 1.3805963400052528 0.0011991282628881755
especially 8.685581933989577E-4 0.7104386776700063 6.170573343978052E-4
internet 0.0014475969889982628 2.2744142160273495 0.0032924351708560357
changed 8.685581933989577E-4 1.79749014393704 0.001561224792070388
higher 2.8951939779965256E-4 0.41985384556026406 1.2155583253047598E-4
conflict 2.8951939779965256E-4 3.5553480614894135 0.0010293422297305772
allow 2.8951939779965256E-4 1.252762968495368 3.6269918022448406E-4
changes 2.8951939779965256E-4 0.9021060968821986 2.6117721392072914E-4
destination 2.8951939779965256E-4 5.1647859739235145 0.001495305724934428
pure 2.8951939779965256E-4 2.9675613965872945 8.591665884734494E-4
discrepancies 2.8951939779965256E-4 3.373026504695459 9.765566024016963E-4
verma 2.8951939779965256E-4 5.1647859739235145 0.001495305724934428
every 2.8951939779965256E-4 1.0539121097502027 3.0512799934864E-4
summary 2.8951939779965256E-4 1.4271163556401458 4.1317786787496984E-4
types 5.790387955993051E-4 0.7459453661269161 4.319313063850122E-4
allocation 2.8951939779965256E-4 2.120263536200091 6.138574221772121E-4
figure 0.0031847133757961785 0.20194134366360675 6.431252982917413E-4
characteristics 0.0023161551823972205 0.7703368192510752 0.0017842196160997687
previous 5.790387955993051E-4 0.32850406697203605 1.9021659928896123E-4
guido 2.8951939779965256E-4 5.1647859739235145 0.001495305724934428
indians 2.8951939779965256E-4 5.1647859739235145 0.001495305724934428
artificial 2.8951939779965256E-4 1.5012243277938677 4.346335633450688E-4
nights 2.8951939779965256E-4 5.1647859739235145 0.001495305724934428
catering 2.8951939779965256E-4 5.1647859739235145 0.001495305724934428
comment 5.790387955993051E-4 3.0853444322436783 0.0017865341240554014
location 5.790387955993051E-4 1.4512139072192063 8.403091529931709E-4
trend 5.790387955993051E-4 1.5271998141971284 8.843079410521878E-4
reach 2.8951939779965256E-4 1.730798769438368 5.01099817440176E-4
masked 2.8951939779965256E-4 3.2188758248682006 9.319269904077013E-4
entrepreneurs 2.8951939779965256E-4 5.1647859739235145 0.001495305724934428
type 8.685581933989577E-4 0.5203950747821414 4.5199340600649224E-4
april 2.8951939779965256E-4 1.906689435902032 5.520235772733155E-4
feedback 8.685581933989577E-4 1.79749014393704 0.001561224792070388
relate 2.8951939779965256E-4 2.0292917579943643 5.875193277343267E-4
problem 5.790387955993051E-4 0.9162907318741551 5.305678818032166E-4
disadvantages 2.8951939779965256E-4 2.5998366164619773 7.527031315755579E-4
review 0.006079907353792704 0.5696661237889241 0.003463517255230865
price 8.685581933989577E-4 2.331572629867298 0.002025106511175997
safety 0.002026635784597568 1.8325814637483102 0.0037139751726225165
deeply 2.8951939779965256E-4 3.2188758248682006 9.319269904077013E-4
connection 2.8951939779965256E-4 2.456735772821304 7.11272661500088E-4
presence 2.8951939779965256E-4 0.9751312318970885 2.823194070344784E-4
between 0.002026635784597568 0.058840500022933395 1.1924826293009085E-4
guide 2.8951939779965256E-4 2.073743520565198 6.003889752649675E-4
researches 2.8951939779965256E-4 3.0853444322436783 8.932670620277007E-4
still 5.790387955993051E-4 0.5300569856938783 3.0692355859518136E-4
method 0.002026635784597568 0.4734380916943703 9.594865784193955E-4
natural 0.0011580775911986102 0.6429973968744738 7.446408765193674E-4
work 2.8951939779965256E-4 0.5696661237889241 1.6492939310623164E-4
come 5.790387955993051E-4 1.8689491079191851 0.0010821940404859207
vader 2.8951939779965256E-4 3.7784916128036232 0.001093946616329943
focusing 2.8951939779965256E-4 1.6682784124570338 4.829989613367208E-4
exist 2.8951939779965256E-4 1.5271998141971284 4.421539705260939E-4
insight 5.790387955993051E-4 1.5271998141971284 8.843079410521878E-4
among 8.685581933989577E-4 0.32850406697203605 2.8532489893344184E-4
following 5.790387955993051E-4 0.2160260835453457 1.2508748323413184E-4
registration 5.790387955993051E-4 3.7784916128036232 0.002187893232659886
theory 2.8951939779965256E-4 1.5271998141971284 4.421539705260939E-4
regions 2.8951939779965256E-4 2.0292917579943643 5.875193277343267E-4
gender 2.8951939779965256E-4 2.2744142160273495 6.584870341712071E-4
north 2.8951939779965256E-4 2.6798793241355137 7.758770480994538E-4
distribution 8.685581933989577E-4 0.9751312318970885 8.469582211034353E-4
kmo 0.0014475969889982628 5.1647859739235145 0.00747652862467214
variability 2.8951939779965256E-4 2.2203469947570738 6.428335248283363E-4
our 0.0011580775911986102 0.19497267434751336 2.2579348505791935E-4
tools 5.790387955993051E-4 1.252762968495368 7.253983604489681E-4
out 0.002026635784597568 0.368995428326773 7.478193393999454E-4
foreign 5.790387955993051E-4 2.120263536200091 0.0012277148443544242
across 2.8951939779965256E-4 0.7703368192510752 2.230274520124711E-4
feature 8.685581933989577E-4 1.4035858582299516 0.0012190959973045325
get 2.8951939779965256E-4 1.3805963400052528 3.9970942096272517E-4
continues 2.8951939779965256E-4 2.2203469947570738 6.428335248283363E-4
copy 2.8951939779965256E-4 2.9675613965872945 8.591665884734494E-4
power 2.8951939779965256E-4 1.4759065198095778 4.273035668238499E-4
place 5.790387955993051E-4 1.3805963400052528 7.994188419254503E-4
misirlis 2.8951939779965256E-4 5.1647859739235145 0.001495305724934428
include 5.790387955993051E-4 0.5013468798114469 2.902992934634898E-4
facebook 0.0023161551823972205 2.8622008809294686 0.006629301403426678
revisit 2.8951939779965256E-4 4.471638793363569 0.0012946261706321856
suggest 2.8951939779965256E-4 1.0059028905638423 2.9122839912097345E-4
gathering 2.8951939779965256E-4 3.0853444322436783 8.932670620277007E-4
opinion 0.0017371163867979154 2.2203469947570738 0.0038570011489700183
hitt 5.790387955993051E-4 4.471638793363569 0.002589252341264371
help 0.002026635784597568 0.8743265327751228 0.0017719414387451823
massive 2.8951939779965256E-4 2.120263536200091 6.138574221772121E-4
emotion 8.685581933989577E-4 2.8622008809294686 0.0024859880262850047
totalized 2.8951939779965256E-4 5.1647859739235145 0.001495305724934428
responses 2.8951939779965256E-4 1.6384254493073527 4.7435594942308993E-4
located 2.8951939779965256E-4 1.730798769438368 5.01099817440176E-4
exists 2.8951939779965256E-4 2.073743520565198 6.003889752649675E-4
first 5.790387955993051E-4 0.167573700159399 9.703167351441748E-5
indian 2.8951939779965256E-4 3.7784916128036232 0.001093946616329943
nord 2.8951939779965256E-4 5.1647859739235145 0.001495305724934428
checkpoint 2.8951939779965256E-4 5.1647859739235145 0.001495305724934428
data 0.008685581933989578 0.167573700159399 0.0014554751027162625
existence 5.790387955993051E-4 1.6990500711237875 9.838159068464316E-4
tremendous 2.8951939779965256E-4 3.7784916128036232 0.001093946616329943
hosted 2.8951939779965256E-4 4.0661736852554045 0.0011772361567039386
sales 2.8951939779965256E-4 3.0853444322436783 8.932670620277007E-4
reference 8.685581933989577E-4 1.4759065198095778 0.00128191070047155
growing 2.8951939779965256E-4 1.5012243277938677 4.346335633450688E-4
xie 0.0023161551823972205 4.0661736852554045 0.009417889253631509
surprisingly 2.8951939779965256E-4 3.373026504695459 9.765566024016963E-4
only 0.0011580775911986102 0.10854016857520597 1.2569793697186563E-4
should 5.790387955993051E-4 0.368995428326773 2.1366266839998436E-4
create 2.8951939779965256E-4 1.0704414117014134 3.0991355289560315E-4
from 0.016502605674580197 0.023122417420854212 3.8158013693940075E-4
individual 2.8951939779965256E-4 0.7221347174331975 2.090720085214816E-4
like 2.8951939779965256E-4 0.7827593392496325 2.2662401252160753E-4
resource 5.790387955993051E-4 1.5812670354674039 9.156149597379292E-4
behaviors 2.8951939779965256E-4 3.0853444322436783 8.932670620277007E-4
mining 0.0014475969889982628 1.8325814637483102 0.002652839409016083
published 0.0023161551823972205 0.03488725900044054 8.080430573350443E-5
travelers 0.0017371163867979154 5.1647859739235145 0.008971834349606567
purposes 5.790387955993051E-4 1.906689435902032 0.001104047154546631
safe 2.8951939779965256E-4 2.9675613965872945 8.591665884734494E-4
visitor 2.8951939779965256E-4 5.1647859739235145 0.001495305724934428
purpose 0.0014475969889982628 1.0539121097502027 0.0015256399967432002
arrival 2.8951939779965256E-4 3.0853444322436783 8.932670620277007E-4
according 5.790387955993051E-4 0.4919571394616079 2.8486226952032884E-4
network 2.8951939779965256E-4 1.0704414117014134 3.0991355289560315E-4
terrorist 2.8951939779965256E-4 3.5553480614894135 0.0010293422297305772
can 0.006948465547191662 0.0958817717032825 6.662311872839548E-4
security 0.00897510133178923 2.073743520565198 0.018612058233213997
paper 2.8951939779965256E-4 0.9306794693262548 2.694497595038375E-4
car 2.8951939779965256E-4 3.5553480614894135 0.0010293422297305772
spend 5.790387955993051E-4 2.8622008809294686 0.0016573253508566695
studies 0.0017371163867979154 0.24480504809538922 4.252548606173524E-4
said 2.8951939779965256E-4 2.169053700369523 6.279831211260924E-4
value 5.790387955993051E-4 0.6214911916535102 3.5986751109062543E-4
carried 2.8951939779965256E-4 1.121734706088964 3.247639565978471E-4
orientation 2.8951939779965256E-4 2.6798793241355137 7.758770480994538E-4
will 0.0014475969889982628 0.3526016185510966 5.104250413304815E-4
studied 8.685581933989577E-4 1.0539121097502027 9.153839980459201E-4
groups 2.8951939779965256E-4 0.8472978603872037 2.453091662962373E-4
cuisine 8.685581933989577E-4 4.471638793363569 0.0038838785118965567
factors 5.790387955993051E-4 0.6321864807702582 3.6606049841937357E-4
performance 2.8951939779965256E-4 0.7703368192510752 2.230274520124711E-4
corresponding 5.790387955993051E-4 1.0872485300177945 6.295590793386187E-4
york 2.8951939779965256E-4 3.5553480614894135 0.0010293422297305772
providers 5.790387955993051E-4 2.169053700369523 0.0012559662422521847
