sufficiently 4.7214353163361664E-4 2.120263536200091 0.0010010687139754915
leading 2.3607176581680832E-4 1.0704414117014134 2.5270099426378975E-4
interacting 2.3607176581680832E-4 2.7668907011251433 6.531847736367194E-4
analyse 4.7214353163361664E-4 2.0292917579943643 9.581169773344497E-4
annotate 7.08215297450425E-4 2.9675613965872945 0.0021016723771864693
ignoring 0.0016525023607176581 3.373026504695459 0.005573934261772477
branch 2.3607176581680832E-4 2.5257286443082556 5.962532210359433E-4
building 4.7214353163361664E-4 1.4759065198095778 6.968397166239744E-4
without 0.0011803588290840415 0.32850406697203605 3.8775267584045803E-4
setting 2.3607176581680832E-4 1.3581234841531944 3.206146091013207E-4
these 0.0028328611898017 0.03488725900044054 9.883076204090805E-5
score 9.442870632672333E-4 1.121734706088964 0.0010592395713776809
introduced 4.7214353163361664E-4 1.0059028905638423 4.749305432312759E-4
would 0.0028328611898017 0.5013468798114469 0.0014202461184460251
poor 4.7214353163361664E-4 1.0539121097502027 4.975977855288965E-4
mayhew 2.3607176581680832E-4 5.1647859739235145 0.001219260144930008
because 9.442870632672333E-4 0.34450440831847723 3.253110560136707E-4
calculate 4.7214353163361664E-4 1.6682784124570338 7.876668614055873E-4
utilise 0.0011803588290840415 3.5553480614894135 0.004196586474845861
matric 2.3607176581680832E-4 5.1647859739235145 0.001219260144930008
thus 4.7214353163361664E-4 0.8881198549074587 4.1932004480994275E-4
fairly 2.3607176581680832E-4 2.5998366164619773 6.137480208833752E-4
raw 2.3607176581680832E-4 2.2744142160273495 5.369249801764281E-4
analysis 7.08215297450425E-4 0.15415067982725836 1.09171869566047E-4
contains 2.3607176581680832E-4 1.2135422553420867 2.864830631119185E-4
size 9.442870632672333E-4 0.127833371509885 1.2071139897061851E-4
advancement 2.3607176581680832E-4 3.373026504695459 7.96276323110354E-4
left 2.3607176581680832E-4 1.2729656758128876 3.005112549133351E-4
polysemous 2.3607176581680832E-4 4.471638793363569 0.0010556276660442798
handcrafted 2.3607176581680832E-4 4.471638793363569 0.0010556276660442798
role 2.3607176581680832E-4 0.6761496041913742 1.5961983101779373E-4
annotating 2.3607176581680832E-4 3.2188758248682006 7.598856999216716E-4
achieve 4.7214353163361664E-4 1.0376515888784226 4.899204857782921E-4
datasets 0.006137865911237016 1.4512139072192063 0.008907356371033844
turn 2.3607176581680832E-4 1.730798769438368 4.085927217748744E-4
manual 0.0028328611898017 1.4512139072192063 0.004111087555861774
subsequently 2.3607176581680832E-4 1.79749014393704 4.24336672317526E-4
example 4.7214353163361664E-4 0.9162907318741551 4.326207421502149E-4
result 2.3607176581680832E-4 0.4285875255290187 1.0117741395869185E-4
same 4.7214353163361664E-4 0.2972515234679317 1.4034538407362216E-4
vocabulary 2.3607176581680832E-4 2.120263536200091 5.005343569877457E-4
feeding 2.3607176581680832E-4 3.0853444322436783 7.283627082728231E-4
wikipedia 2.3607176581680832E-4 2.6798793241355137 6.326438442246255E-4
after 0.0011803588290840415 0.12136085700426753 1.43249359070193E-4
close 2.3607176581680832E-4 1.1394342831883648 2.689882632644865E-4
annotation 0.0011803588290840415 2.169053700369523 0.002560261685988578
audition 2.3607176581680832E-4 4.471638793363569 0.0010556276660442798
address 2.3607176581680832E-4 1.0872485300177945 2.566686803630299E-4
sets 2.3607176581680832E-4 1.3146383722134554 3.103490019389649E-4
highlighted 2.3607176581680832E-4 1.6990500711237875 4.010977505013663E-4
faced 2.3607176581680832E-4 2.456735772821304 5.799659520352464E-4
leveraged 2.3607176581680832E-4 3.0853444322436783 7.283627082728231E-4
predictions 2.3607176581680832E-4 2.5257286443082556 5.962532210359433E-4
the 0.0965533522190746 0.017291497110061043 0.0016695520108628344
consisting 4.7214353163361664E-4 1.906689435902032 9.002310839952937E-4
component 2.3607176581680832E-4 1.3361445774344192 3.154260097814965E-4
information 0.002124645892351275 0.3049735695618419 6.479608418452732E-4
exploit 2.3607176581680832E-4 2.456735772821304 5.799659520352464E-4
novel 2.3607176581680832E-4 1.3805963400052528 3.259198158652627E-4
discuss 2.3607176581680832E-4 1.4759065198095778 3.484198583119872E-4
standard 4.7214353163361664E-4 0.7827593392496325 3.695747588525177E-4
reports 2.3607176581680832E-4 1.0539121097502027 2.4879889276444825E-4
correct 2.3607176581680832E-4 1.7635885922613586 4.163334731495181E-4
achieves 0.0011803588290840415 2.5257286443082556 0.0029812661051797163
official 2.3607176581680832E-4 2.392197251683733 5.647302293870947E-4
predefined 2.3607176581680832E-4 2.2203469947570738 5.24161235778346E-4
analyses 2.3607176581680832E-4 0.9021060968821986 2.129617792450894E-4
red 4.7214353163361664E-4 1.9459101490553132 9.187488900166729E-4
syntactic 2.3607176581680832E-4 2.2203469947570738 5.24161235778346E-4
transmission 2.3607176581680832E-4 2.8622008809294686 6.75684816083444E-4
speakers 4.7214353163361664E-4 2.9675613965872945 0.0014011149181243129
layers 2.3607176581680832E-4 1.730798769438368 4.085927217748744E-4
weighted 2.3607176581680832E-4 1.9459101490553132 4.5937444500833646E-4
predicted 4.7214353163361664E-4 1.5271998141971284 7.210575137852354E-4
add 4.7214353163361664E-4 1.7635885922613586 8.326669462990362E-4
making 2.3607176581680832E-4 1.0704414117014134 2.5270099426378975E-4
need 2.3607176581680832E-4 0.5013468798114469 1.1835384320383543E-4
its 9.442870632672333E-4 0.19497267434751336 1.8411017407697202E-4
often 2.3607176581680832E-4 0.5900749954201312 1.3930004613317546E-4
enormous 2.3607176581680832E-4 2.7668907011251433 6.531847736367194E-4
obtaining 9.442870632672333E-4 2.0292917579943643 0.0019162339546688993
contributes 2.3607176581680832E-4 1.906689435902032 4.5011554199764686E-4
lack 2.3607176581680832E-4 0.6988778552689304 1.649853293836002E-4
bakar 2.3607176581680832E-4 5.1647859739235145 0.001219260144930008
external 4.7214353163361664E-4 1.4759065198095778 6.968397166239744E-4
revise 0.0016525023607176581 3.7784916128036232 0.006243966310109859
salleh 2.3607176581680832E-4 5.1647859739235145 0.001219260144930008
guideline 2.3607176581680832E-4 3.5553480614894135 8.393172949691723E-4
therefore 4.7214353163361664E-4 1.1394342831883648 5.37976526528973E-4
alignment 2.3607176581680832E-4 2.9675613965872945 7.005574590621564E-4
projecting 2.3607176581680832E-4 4.471638793363569 0.0010556276660442798
neural 0.00424929178470255 1.5271998141971284 0.0064895176240671185
applied 7.08215297450425E-4 0.6109090823229731 4.3265515745253056E-4
divided 7.08215297450425E-4 1.1758019273592397 8.327209117275069E-4
universally 2.3607176581680832E-4 3.373026504695459 7.96276323110354E-4
choose 4.7214353163361664E-4 1.8689491079191851 8.824122322564614E-4
representation 0.00141643059490085 1.2729656758128876 0.0018030675294800108
remove 0.0011803588290840415 1.8689491079191851 0.002206030580641153
prevent 2.3607176581680832E-4 1.4512139072192063 3.425906296551479E-4
engine 2.3607176581680832E-4 3.2188758248682006 7.598856999216716E-4
provides 7.08215297450425E-4 0.6214911916535102 4.401495691597098E-4
end 0.0011803588290840415 1.1758019273592397 0.0013878681862125113
projection 2.3607176581680832E-4 2.456735772821304 5.799659520352464E-4
effectiveness 9.442870632672333E-4 1.5271998141971284 0.0014421150275704708
conducive 2.3607176581680832E-4 4.0661736852554045 9.599088019960823E-4
identify 7.08215297450425E-4 0.6214911916535102 4.401495691597098E-4
multiple 0.003068932955618508 0.5108256237659907 0.0015676895913498297
perform 2.3607176581680832E-4 0.9600933545325481 2.2665093355348162E-4
label 0.0040132200188857416 2.120263536200091 0.008509084068791679
gru 2.3607176581680832E-4 5.1647859739235145 0.001219260144930008
improvement 4.7214353163361664E-4 1.157452788691043 5.464838473517673E-4
forum 2.3607176581680832E-4 3.2188758248682006 7.598856999216716E-4
noted 2.3607176581680832E-4 1.157452788691043 2.7324192367588363E-4
better 7.08215297450425E-4 0.4285875255290187 3.0353224187607556E-4
ranging 2.3607176581680832E-4 1.6094379124341003 3.799428499608358E-4
with 0.010859301227573183 0.017291497110061043 1.8777357579386402E-4
modify 4.7214353163361664E-4 2.9675613965872945 0.0014011149181243129
supervised 7.08215297450425E-4 1.9867321435755685 0.0014070340960166917
brunei 2.3607176581680832E-4 5.1647859739235145 0.001219260144930008
there 0.002124645892351275 0.12136085700426753 2.5784884632634747E-4
translation 2.3607176581680832E-4 1.9867321435755685 4.6901136533889724E-4
well 9.442870632672333E-4 0.3127557100038969 2.953311709196383E-4
detected 7.08215297450425E-4 1.5271998141971284 0.001081586270677853
suitable 2.3607176581680832E-4 1.121734706088964 2.648098928444202E-4
family 2.3607176581680832E-4 1.9867321435755685 4.6901136533889724E-4
taking 7.08215297450425E-4 1.3581234841531944 9.618438273039621E-4
slightly 4.7214353163361664E-4 1.5271998141971284 7.210575137852354E-4
named 0.0040132200188857416 1.9867321435755685 0.007973193210761252
illustrates 4.7214353163361664E-4 2.073743520565198 9.791045895019821E-4
called 2.3607176581680832E-4 1.2729656758128876 3.005112549133351E-4
considered 2.3607176581680832E-4 0.32059888746492277 7.568434548274853E-5
averaging 2.3607176581680832E-4 3.0853444322436783 7.283627082728231E-4
changing 2.3607176581680832E-4 1.6682784124570338 3.9383343070279364E-4
recognising 4.7214353163361664E-4 3.7784916128036232 0.0017839903743171025
approach 4.7214353163361664E-4 0.5398131606392429 2.5486929208651694E-4
gains 4.7214353163361664E-4 2.6798793241355137 0.001265287688449251
number 7.08215297450425E-4 0.167573700159399 1.1867825790325709E-4
experiment 4.7214353163361664E-4 1.730798769438368 8.171854435497488E-4
per 2.3607176581680832E-4 0.7339691750802005 1.7326939921628908E-4
flow 9.442870632672333E-4 1.5012243277938677 0.0014175867117977978
order 7.08215297450425E-4 0.6214911916535102 4.401495691597098E-4
gated 0.0018885741265344666 3.7784916128036232 0.00713596149726841
similar 4.7214353163361664E-4 0.20895891632225325 9.865860071872203E-5
lexical 2.3607176581680832E-4 2.120263536200091 5.005343569877457E-4
distant 0.0011803588290840415 2.9675613965872945 0.0035027872953107817
testing 4.7214353163361664E-4 1.293584963015623 6.107577729063376E-4
propose 0.0025967894239848914 1.5812670354674039 0.004106217514197696
jointly 7.08215297450425E-4 2.8622008809294686 0.0020270544482503317
system 7.08215297450425E-4 0.44628710262841953 3.1606735313627446E-4
mislabelling 2.3607176581680832E-4 5.1647859739235145 0.001219260144930008
million 2.3607176581680832E-4 1.5012243277938677 3.5439667794944944E-4
authors 0.003068932955618508 0.023122417420854212 7.096114883642699E-5
other 9.442870632672333E-4 0.0408219945202552 3.8547681322242875E-5
annotators 2.3607176581680832E-4 3.0853444322436783 7.283627082728231E-4
kinds 2.3607176581680832E-4 2.6798793241355137 6.326438442246255E-4
functionality 2.3607176581680832E-4 3.0853444322436783 7.283627082728231E-4
representations 0.00141643059490085 2.120263536200091 0.0030032061419264745
optimise 4.7214353163361664E-4 3.5553480614894135 0.0016786345899383445
tagsets 2.3607176581680832E-4 5.1647859739235145 0.001219260144930008
indicating 2.3607176581680832E-4 1.5271998141971284 3.605287568926177E-4
native 4.7214353163361664E-4 2.7668907011251433 0.0013063695472734387
indicates 4.7214353163361664E-4 1.0376515888784226 4.899204857782921E-4
have 0.0033050047214353163 0.028987536873252187 9.58039462288788E-5
share 2.3607176581680832E-4 1.4035858582299516 3.3134699202784507E-4
costly 2.3607176581680832E-4 2.6798793241355137 6.326438442246255E-4
cnn 9.442870632672333E-4 2.5998366164619773 0.002454992083533501
particularly 2.3607176581680832E-4 0.9751312318970885 2.3020095181706528E-4
thoroughly 2.3607176581680832E-4 2.5257286443082556 5.962532210359433E-4
question 2.3607176581680832E-4 1.2329603411991883 2.9106712492898686E-4
discussed 4.7214353163361664E-4 1.0216512475319812 4.823660281076399E-4
workload 4.7214353163361664E-4 4.0661736852554045 0.0019198176039921645
noisy 2.3607176581680832E-4 3.2188758248682006 7.598856999216716E-4
produce 2.3607176581680832E-4 1.157452788691043 2.7324192367588363E-4
wartawan 4.7214353163361664E-4 5.1647859739235145 0.002438520289860016
framework 0.008262511803588292 1.4271163556401458 0.011791565733570611
names 2.3607176581680832E-4 1.8689491079191851 4.412061161282307E-4
future 2.3607176581680832E-4 0.48265474679929443 1.1394115835677395E-4
urgently 2.3607176581680832E-4 4.0661736852554045 9.599088019960823E-4
entity 0.010859301227573183 2.331572629867298 0.02531924952169398
outputs 7.08215297450425E-4 2.169053700369523 0.0015361570115931468
almost 2.3607176581680832E-4 1.1043429633770947 2.6070419343179765E-4
glove 2.3607176581680832E-4 2.6798793241355137 6.326438442246255E-4
implicitly 4.7214353163361664E-4 2.9675613965872945 0.0014011149181243129
losses 4.7214353163361664E-4 3.0853444322436783 0.0014567254165456461
crawl 2.3607176581680832E-4 4.0661736852554045 9.599088019960823E-4
earlier 2.3607176581680832E-4 1.5012243277938677 3.5439667794944944E-4
stimulates 2.3607176581680832E-4 3.7784916128036232 8.919951871585513E-4
whether 7.08215297450425E-4 0.5300569856938783 3.753944657888656E-4
function 2.3607176581680832E-4 0.6321864807702582 1.492413788409486E-4
quite 4.7214353163361664E-4 1.5012243277938677 7.087933558988989E-4
modified 2.3607176581680832E-4 1.8325814637483102 4.326207421502149E-4
ner 0.028328611898016998 3.5553480614894135 0.10071807539630066
links 2.3607176581680832E-4 2.392197251683733 5.647302293870947E-4
mbert 2.3607176581680832E-4 4.471638793363569 0.0010556276660442798
representative 9.442870632672333E-4 1.730798769438368 0.0016343708870994976
verification 2.3607176581680832E-4 2.7668907011251433 6.531847736367194E-4
all 0.005193578847969783 0.017291497110061043 8.980475364054366E-5
new 0.0011803588290840415 0.38566248081198473 4.552201142728809E-4
including 9.442870632672333E-4 0.2669461739726028 2.5207381867101304E-4
constructing 2.3607176581680832E-4 2.456735772821304 5.799659520352464E-4
anea 2.3607176581680832E-4 5.1647859739235145 0.001219260144930008
swap 2.3607176581680832E-4 5.1647859739235145 0.001219260144930008
introducing 2.3607176581680832E-4 2.120263536200091 5.005343569877457E-4
conducted 2.3607176581680832E-4 0.664976303593249 1.569821302155923E-4
positions 2.3607176581680832E-4 2.120263536200091 5.005343569877457E-4
expense 2.3607176581680832E-4 3.0853444322436783 7.283627082728231E-4
tool 2.3607176581680832E-4 1.1758019273592397 2.775736372425023E-4
luthfi 2.3607176581680832E-4 5.1647859739235145 0.001219260144930008
hybrid 2.3607176581680832E-4 2.073743520565198 4.895522947509911E-4
improve 0.0011803588290840415 0.7104386776700063 8.385725657105835E-4
collect 2.3607176581680832E-4 1.6682784124570338 3.9383343070279364E-4
boundary 0.0028328611898017 2.456735772821304 0.006959591424422958
leverage 4.7214353163361664E-4 2.5998366164619773 0.0012274960417667504
facilitate 2.3607176581680832E-4 1.6384254493073527 3.8678598897718433E-4
locate 2.3607176581680832E-4 3.373026504695459 7.96276323110354E-4
technique 9.442870632672333E-4 1.1758019273592397 0.0011102945489700092
cause 4.7214353163361664E-4 1.1394342831883648 5.37976526528973E-4
ulanganathan 4.7214353163361664E-4 5.1647859739235145 0.002438520289860016
represents 4.7214353163361664E-4 0.9751312318970885 4.6040190363413056E-4
effective 0.0011803588290840415 0.8472978603872037 0.0010001155103720534
summarised 2.3607176581680832E-4 2.7668907011251433 6.531847736367194E-4
and 0.04320113314447592 0.017291497110061043 7.470122689190677E-4
intended 2.3607176581680832E-4 1.8325814637483102 4.326207421502149E-4
negatively 2.3607176581680832E-4 1.8689491079191851 4.412061161282307E-4
crf 0.0018885741265344666 3.5553480614894135 0.006714538359753378
design 4.7214353163361664E-4 1.0376515888784226 4.899204857782921E-4
define 2.3607176581680832E-4 1.3146383722134554 3.103490019389649E-4
construction 0.005429650613786591 1.730798769438368 0.009397632600822112
predict 7.08215297450425E-4 1.2729656758128876 9.015337647400054E-4
tokens 0.0016525023607176581 2.120263536200091 0.0035037404989142202
universal 2.3607176581680832E-4 2.5257286443082556 5.962532210359433E-4
ratios 2.3607176581680832E-4 2.169053700369523 5.120523371977156E-4
relieve 2.3607176581680832E-4 4.471638793363569 0.0010556276660442798
automatic 7.08215297450425E-4 1.5812670354674039 0.001119877503872099
specific 7.08215297450425E-4 0.40261203912575794 2.851360050465708E-4
followed 2.3607176581680832E-4 0.758066726659261 1.7895815076941952E-4
formulated 2.3607176581680832E-4 1.7635885922613586 4.163334731495181E-4
consecutive 2.3607176581680832E-4 1.9867321435755685 4.6901136533889724E-4
obtains 4.7214353163361664E-4 3.7784916128036232 0.0017839903743171025
application 2.3607176581680832E-4 1.0376515888784226 2.4496024288914604E-4
conduct 2.3607176581680832E-4 1.6990500711237875 4.010977505013663E-4
thwarts 2.3607176581680832E-4 5.1647859739235145 0.001219260144930008
consists 0.0016525023607176581 1.2135422553420867 0.0020053814417834294
spoken 2.3607176581680832E-4 2.6798793241355137 6.326438442246255E-4
borrowing 4.7214353163361664E-4 4.471638793363569 0.0021112553320885596
until 2.3607176581680832E-4 1.0376515888784226 2.4496024288914604E-4
strategy 4.7214353163361664E-4 1.2135422553420867 5.72966126223837E-4
credited 4.7214353163361664E-4 3.5553480614894135 0.0016786345899383445
unlabelled 2.3607176581680832E-4 3.373026504695459 7.96276323110354E-4
concern 2.3607176581680832E-4 1.6384254493073527 3.8678598897718433E-4
lessen 2.3607176581680832E-4 5.1647859739235145 0.001219260144930008
identification 2.3607176581680832E-4 1.3146383722134554 3.103490019389649E-4
english 0.002124645892351275 1.4512139072192063 0.003083315666896331
hired 2.3607176581680832E-4 4.0661736852554045 9.599088019960823E-4
represented 4.7214353163361664E-4 0.8881198549074587 4.1932004480994275E-4
let 2.3607176581680832E-4 1.9459101490553132 4.5937444500833646E-4
fully 0.0025967894239848914 1.2729656758128876 0.003305623804046686
displayed 2.3607176581680832E-4 2.2744142160273495 5.369249801764281E-4
models 0.005901794145420208 0.7953381214564925 0.004693921868841434
using 0.003068932955618508 0.083381608939051 2.558925675655484E-4
verifying 2.3607176581680832E-4 3.7784916128036232 8.919951871585513E-4
austronesian 2.3607176581680832E-4 5.1647859739235145 0.001219260144930008
abundant 2.3607176581680832E-4 2.7668907011251433 6.531847736367194E-4
investigating 2.3607176581680832E-4 2.0292917579943643 4.7905848866722483E-4
mohd 2.3607176581680832E-4 4.471638793363569 0.0010556276660442798
each 0.002124645892351275 0.13434805253107854 2.854420379555493E-4
labels 0.0016525023607176581 1.8689491079191851 0.0030884428128976145
bilstm 2.3607176581680832E-4 3.5553480614894135 8.393172949691723E-4
stanford 2.3607176581680832E-4 2.5257286443082556 5.962532210359433E-4
difference 2.3607176581680832E-4 0.6004377824556778 1.4174640756744046E-4
sophisticated 2.3607176581680832E-4 2.073743520565198 4.895522947509911E-4
automatically 9.442870632672333E-4 1.4759065198095778 0.001393679433247949
another 0.0011803588290840415 0.40261203912575794 4.752266750776179E-4
guarantee 2.3607176581680832E-4 2.169053700369523 5.120523371977156E-4
availability 2.3607176581680832E-4 1.6384254493073527 3.8678598897718433E-4
networks 4.7214353163361664E-4 1.4759065198095778 6.968397166239744E-4
two 0.005901794145420208 0.11492996667397702 6.782930044498172E-4
found 4.7214353163361664E-4 0.27443684570176036 1.2957358154001906E-4
tamil 0.0016525023607176581 5.1647859739235145 0.008534821014510056
are 0.013220018885741265 0.028987536873252187 3.832157849155152E-4
pos 7.08215297450425E-4 2.9675613965872945 0.0021016723771864693
structured 2.3607176581680832E-4 1.3805963400052528 3.259198158652627E-4
where 9.442870632672333E-4 0.32850406697203605 3.102021406723664E-4
mechanism 0.0035410764872521247 1.4512139072192063 0.0051388594448272176
takes 2.3607176581680832E-4 1.3805963400052528 3.259198158652627E-4
popular 2.3607176581680832E-4 1.252762968495368 2.9574196612260816E-4
gives 2.3607176581680832E-4 1.3146383722134554 3.103490019389649E-4
detection 7.08215297450425E-4 1.5271998141971284 0.001081586270677853
languages 0.0035410764872521247 1.6990500711237875 0.006016466257520494
menezes 2.3607176581680832E-4 5.1647859739235145 0.001219260144930008
gazetteer 2.3607176581680832E-4 4.0661736852554045 9.599088019960823E-4
structures 2.3607176581680832E-4 1.6682784124570338 3.9383343070279364E-4
black 4.7214353163361664E-4 2.392197251683733 0.0011294604587741893
combining 2.3607176581680832E-4 1.6682784124570338 3.9383343070279364E-4
such 0.0025967894239848914 0.10219094089654716 2.6536835454721877E-4
automated 9.442870632672333E-4 1.5538680612792897 0.0014672975082901697
similarities 4.7214353163361664E-4 2.120263536200091 0.0010010687139754915
nlp 9.442870632672333E-4 0.41119578281714936 3.88286858184277E-4
classic 2.3607176581680832E-4 3.0853444322436783 7.283627082728231E-4
rtx 2.3607176581680832E-4 4.471638793363569 0.0010556276660442798
ask 2.3607176581680832E-4 2.5998366164619773 6.137480208833752E-4
dataset 0.016525023607176583 1.2729656758128876 0.02103578784393346
through 0.00141643059490085 0.2595111954850846 3.6757959700436916E-4
documents 2.3607176581680832E-4 1.6682784124570338 3.9383343070279364E-4
developing 2.3607176581680832E-4 1.157452788691043 2.7324192367588363E-4
organisation 2.3607176581680832E-4 2.9675613965872945 7.005574590621564E-4
source 4.7214353163361664E-4 0.9452782687474074 4.4630702018291194E-4
align 2.3607176581680832E-4 3.373026504695459 7.96276323110354E-4
research 9.442870632672333E-4 0.41119578281714936 3.88286858184277E-4
seregar 2.3607176581680832E-4 5.1647859739235145 0.001219260144930008
lin 0.003068932955618508 3.373026504695459 0.0103515922004346
features 0.0028328611898017 0.8340526336371831 0.002362755336082672
bias 9.442870632672333E-4 1.5271998141971284 0.0014421150275704708
attracts 2.3607176581680832E-4 4.0661736852554045 9.599088019960823E-4
huge 2.3607176581680832E-4 1.9459101490553132 4.5937444500833646E-4
has 0.0018885741265344666 0.05279818556697083 9.971328718974662E-5
results 0.002124645892351275 0.08961215868968714 1.903941048647744E-4
those 2.3607176581680832E-4 0.3364722366212129 7.943159504750069E-5
given 2.3607176581680832E-4 0.3526016185510966 8.323928672122206E-5
actual 2.3607176581680832E-4 1.293584963015623 3.053788864531688E-4
correctness 2.3607176581680832E-4 3.2188758248682006 7.598856999216716E-4
boosting 4.7214353163361664E-4 3.2188758248682006 0.0015197713998433432
widely 0.0018885741265344666 1.0059028905638423 0.0018997221729251037
gunawan 2.3607176581680832E-4 5.1647859739235145 0.001219260144930008
insufficient 9.442870632672333E-4 2.073743520565198 0.0019582091790039642
significant 0.00141643059490085 0.377294231141468 5.344110922683682E-4
develop 4.7214353163361664E-4 1.157452788691043 5.464838473517673E-4
technologies 2.3607176581680832E-4 1.8689491079191851 4.412061161282307E-4
improving 9.442870632672333E-4 1.3361445774344192 0.001261704039125986
leads 2.3607176581680832E-4 1.1758019273592397 2.775736372425023E-4
detecting 2.3607176581680832E-4 2.392197251683733 5.647302293870947E-4
overall 2.3607176581680832E-4 0.7339691750802005 1.7326939921628908E-4
fields 2.3607176581680832E-4 1.4759065198095778 3.484198583119872E-4
assume 2.3607176581680832E-4 1.730798769438368 4.085927217748744E-4
full 9.442870632672333E-4 0.14750613710858965 1.39288137024164E-4
migrate 2.3607176581680832E-4 4.471638793363569 0.0010556276660442798
next 2.3607176581680832E-4 0.8080771472339223 1.9076419906372105E-4
benefits 2.3607176581680832E-4 1.6384254493073527 3.8678598897718433E-4
memory 2.3607176581680832E-4 2.073743520565198 4.895522947509911E-4
hidden 4.7214353163361664E-4 1.730798769438368 8.171854435497488E-4
show 9.442870632672333E-4 0.6321864807702582 5.969655153637944E-4
effort 4.7214353163361664E-4 1.8689491079191851 8.824122322564614E-4
conclusion 2.3607176581680832E-4 0.653926467406664 1.5437357587503873E-4
not 0.00141643059490085 0.03488725900044054 4.9415381020454025E-5
negative 2.3607176581680832E-4 0.6429973968744738 1.5179353089576813E-4
hence 2.3607176581680832E-4 2.0292917579943643 4.7905848866722483E-4
pennington 2.3607176581680832E-4 5.1647859739235145 0.001219260144930008
incorporating 2.3607176581680832E-4 2.392197251683733 5.647302293870947E-4
enhance 4.7214353163361664E-4 1.6990500711237875 8.021955010027326E-4
news 0.0011803588290840415 2.0292917579943643 0.002395292443336124
overview 4.7214353163361664E-4 1.4271163556401458 6.738037562040349E-4
effectively 0.0018885741265344666 1.6384254493073527 0.0030942879118174746
introduce 0.00141643059490085 1.7635885922613586 0.0024980008388971087
was 4.7214353163361664E-4 0.058840500022933395 2.7781161483915673E-5
start 0.0011803588290840415 1.5271998141971284 0.001802643784463088
way 2.3607176581680832E-4 0.9306794693262548 2.1970714573329907E-4
pair 2.3607176581680832E-4 1.9867321435755685 4.6901136533889724E-4
target 0.0018885741265344666 1.0704414117014134 0.002021607954110318
detailed 2.3607176581680832E-4 1.1394342831883648 2.689882632644865E-4
assuming 2.3607176581680832E-4 1.9459101490553132 4.5937444500833646E-4
markov 2.3607176581680832E-4 3.7784916128036232 8.919951871585513E-4
yang 0.003068932955618508 2.7668907011251433 0.008491402057277352
time 7.08215297450425E-4 0.20194134366360675 1.4301794877025973E-4
applications 7.08215297450425E-4 1.2135422553420867 8.594491893357555E-4
contextual 0.0011803588290840415 1.906689435902032 0.002250577709988234
discard 2.3607176581680832E-4 3.5553480614894135 8.393172949691723E-4
categorised 2.3607176581680832E-4 3.5553480614894135 8.393172949691723E-4
experimental 7.08215297450425E-4 1.4512139072192063 0.0010277718889654436
issues 2.3607176581680832E-4 1.121734706088964 2.648098928444202E-4
when 2.3607176581680832E-4 0.14750613710858965 3.4822034256041E-5
three 4.7214353163361664E-4 0.22314355131420976 1.0535578437875816E-4
trains 2.3607176581680832E-4 3.5553480614894135 8.393172949691723E-4
required 4.7214353163361664E-4 0.5900749954201312 2.786000922663509E-4
put 2.3607176581680832E-4 1.906689435902032 4.5011554199764686E-4
far 2.3607176581680832E-4 1.3361445774344192 3.154260097814965E-4
auditors 2.3607176581680832E-4 5.1647859739235145 0.001219260144930008
probabilities 0.0018885741265344666 2.392197251683733 0.004517841835096757
case 4.7214353163361664E-4 0.38566248081198473 1.8208804570915237E-4
generation 2.3607176581680832E-4 1.6990500711237875 4.010977505013663E-4
identifies 9.442870632672333E-4 2.0292917579943643 0.0019162339546688993
having 2.3607176581680832E-4 0.8340526336371831 1.968962780068893E-4
probability 0.0033050047214353163 1.4271163556401458 0.004716626293428244
encoders 2.3607176581680832E-4 5.1647859739235145 0.001219260144930008
creative 2.3607176581680832E-4 3.2188758248682006 7.598856999216716E-4
explicit 7.08215297450425E-4 2.120263536200091 0.0015016030709632372
rely 2.3607176581680832E-4 1.6094379124341003 3.799428499608358E-4
completely 2.3607176581680832E-4 1.3805963400052528 3.259198158652627E-4
minimise 4.7214353163361664E-4 2.9675613965872945 0.0014011149181243129
explicitly 0.0011803588290840415 1.5812670354674039 0.0018664625064534984
study 7.08215297450425E-4 0.15415067982725836 1.09171869566047E-4
methods 0.00141643059490085 0.20194134366360675 2.8603589754051947E-4
sentences 0.0025967894239848914 1.5812670354674039 0.004106217514197696
differences 2.3607176581680832E-4 0.7953381214564925 1.8775687475365736E-4
formulate 2.3607176581680832E-4 2.456735772821304 5.799659520352464E-4
pattern 2.3607176581680832E-4 1.6682784124570338 3.9383343070279364E-4
layer 0.002360717658168083 1.6990500711237875 0.004010977505013663
lot 2.3607176581680832E-4 2.073743520565198 4.895522947509911E-4
fuse 2.3607176581680832E-4 4.0661736852554045 9.599088019960823E-4
ways 2.3607176581680832E-4 1.4035858582299516 3.3134699202784507E-4
modern 2.3607176581680832E-4 2.0292917579943643 4.7905848866722483E-4
categories 2.3607176581680832E-4 1.0216512475319812 2.4118301405381994E-4
embedding 2.3607176581680832E-4 1.9867321435755685 4.6901136533889724E-4
phases 2.3607176581680832E-4 2.392197251683733 5.647302293870947E-4
nvidia 2.3607176581680832E-4 3.7784916128036232 8.919951871585513E-4
indonesian 0.003777148253068933 2.9675613965872945 0.011208919344994503
wealth 2.3607176581680832E-4 3.5553480614894135 8.393172949691723E-4
meant 2.3607176581680832E-4 2.331572629867298 5.504184678629127E-4
means 2.3607176581680832E-4 0.6988778552689304 1.649853293836002E-4
explore 9.442870632672333E-4 1.2329603411991883 0.0011642684997159474
suffers 2.3607176581680832E-4 2.6798793241355137 6.326438442246255E-4
efficient 2.3607176581680832E-4 1.3581234841531944 3.206146091013207E-4
more 0.0018885741265344666 0.05279818556697083 9.971328718974662E-5
display 7.08215297450425E-4 0.167573700159399 1.1867825790325709E-4
csvdisplay 0.002360717658168083 0.2669461739726028 6.301845466775326E-4
centre 2.3607176581680832E-4 2.2203469947570738 5.24161235778346E-4
conceptual 2.3607176581680832E-4 2.120263536200091 5.005343569877457E-4
randomly 2.3607176581680832E-4 1.6384254493073527 3.8678598897718433E-4
certain 0.0016525023607176581 0.8209805520698303 0.001356672300398681
small 4.7214353163361664E-4 0.6214911916535102 2.934330461064732E-4
fed 4.7214353163361664E-4 1.9867321435755685 9.380227306777945E-4
before 2.3607176581680832E-4 0.5203950747821414 1.2285058422619014E-4
dice 2.3607176581680832E-4 4.471638793363569 0.0010556276660442798
section 0.0016525023607176581 0.7953381214564925 0.0013142981232756013
used 0.0028328611898017 0.07103577311675174 2.0123448475000495E-4
alleviate 9.442870632672333E-4 3.2188758248682006 0.0030395427996866863
shows 4.7214353163361664E-4 0.5596157879354227 2.6421897447375954E-4
shown 9.442870632672333E-4 0.3364722366212129 3.1772638019000274E-4
answering 2.3607176581680832E-4 2.169053700369523 5.120523371977156E-4
presented 9.442870632672333E-4 0.4373981552111735 4.130294194628645E-4
employs 2.3607176581680832E-4 2.9675613965872945 7.005574590621564E-4
few 2.3607176581680832E-4 0.6988778552689304 1.649853293836002E-4
consider 2.3607176581680832E-4 0.8080771472339223 1.9076419906372105E-4
potential 0.0016525023607176581 0.44628710262841953 7.374904906513071E-4
described 2.3607176581680832E-4 0.44628710262841953 1.0535578437875816E-4
obtain 4.7214353163361664E-4 1.0872485300177945 5.133373607260598E-4
otherwise 7.08215297450425E-4 2.0292917579943643 0.0014371754660016745
manually 7.08215297450425E-4 1.4512139072192063 0.0010277718889654436
package 2.3607176581680832E-4 2.2203469947570738 5.24161235778346E-4
both 0.0011803588290840415 0.13434805253107854 1.5857890997530516E-4
produced 2.3607176581680832E-4 1.3581234841531944 3.206146091013207E-4
most 0.002124645892351275 0.0771896386911299 1.6400064877718817E-4
transfer 0.0018885741265344666 1.906689435902032 0.003600924335981175
refers 2.3607176581680832E-4 1.5271998141971284 3.605287568926177E-4
outside 2.3607176581680832E-4 1.4035858582299516 3.3134699202784507E-4
correction 2.3607176581680832E-4 3.373026504695459 7.96276323110354E-4
option 2.3607176581680832E-4 2.331572629867298 5.504184678629127E-4
classify 4.7214353163361664E-4 1.5271998141971284 7.210575137852354E-4
largest 2.3607176581680832E-4 1.6094379124341003 3.799428499608358E-4
values 2.3607176581680832E-4 0.5900749954201312 1.3930004613317546E-4
determines 2.3607176581680832E-4 2.169053700369523 5.120523371977156E-4
part 7.08215297450425E-4 0.5496654570822546 3.892814851857327E-4
their 0.002124645892351275 0.12136085700426753 2.5784884632634747E-4
yingwen 0.003068932955618508 5.1647859739235145 0.015850381884090103
generative 2.3607176581680832E-4 2.7668907011251433 6.531847736367194E-4
general 7.08215297450425E-4 0.4734380916943703 3.3529609893369E-4
along 2.3607176581680832E-4 1.2135422553420867 2.864830631119185E-4
parallel 2.3607176581680832E-4 1.6990500711237875 4.010977505013663E-4
reject 2.3607176581680832E-4 3.373026504695459 7.96276323110354E-4
mentioned 2.3607176581680832E-4 1.0376515888784226 2.4496024288914604E-4
designed 2.3607176581680832E-4 1.0872485300177945 2.566686803630299E-4
introduction 2.3607176581680832E-4 0.10219094089654716 2.412439586792898E-5
fuzzy 2.3607176581680832E-4 2.6798793241355137 6.326438442246255E-4
amount 4.7214353163361664E-4 1.121734706088964 5.296197856888404E-4
process 4.7214353163361664E-4 0.5013468798114469 2.3670768640767086E-4
nankai 0.003068932955618508 5.1647859739235145 0.015850381884090103
also 0.003068932955618508 0.05279818556697083 1.6203409168333822E-4
approaches 9.442870632672333E-4 0.9021060968821986 8.518471169803576E-4
enough 9.442870632672333E-4 1.4512139072192063 0.0013703625186205915
heavily 2.3607176581680832E-4 2.0292917579943643 4.7905848866722483E-4
increase 4.7214353163361664E-4 0.5013468798114469 2.3670768640767086E-4
outperforms 2.3607176581680832E-4 2.5257286443082556 5.962532210359433E-4
third 2.3607176581680832E-4 1.0059028905638423 2.3746527161563796E-4
build 0.0011803588290840415 1.5271998141971284 0.001802643784463088
various 2.3607176581680832E-4 0.5798184952529422 1.3687877602760676E-4
interaction 4.7214353163361664E-4 1.4271163556401458 6.738037562040349E-4
uses 0.0011803588290840415 1.1394342831883648 0.0013449413163224325
further 0.00141643059490085 0.27443684570176036 3.887207446200572E-4
asing 2.3607176581680832E-4 5.1647859739235145 0.001219260144930008
methodology 2.3607176581680832E-4 1.3361445774344192 3.154260097814965E-4
simply 2.3607176581680832E-4 1.4512139072192063 3.425906296551479E-4
account 2.3607176581680832E-4 1.0539121097502027 2.4879889276444825E-4
been 9.442870632672333E-4 0.05279818556697083 4.985664359487331E-5
mtbr 0.005193578847969783 5.1647859739235145 0.02682372318846018
bring 2.3607176581680832E-4 1.9867321435755685 4.6901136533889724E-4
extracted 2.3607176581680832E-4 1.0704414117014134 2.5270099426378975E-4
louvan 2.3607176581680832E-4 5.1647859739235145 0.001219260144930008
evaluation 7.08215297450425E-4 0.7953381214564925 5.632706242609721E-4
retrieval 4.7214353163361664E-4 2.331572629867298 0.0011008369357258254
transmitting 2.3607176581680832E-4 4.471638793363569 0.0010556276660442798
diverse 2.3607176581680832E-4 1.7635885922613586 4.163334731495181E-4
evaluated 4.7214353163361664E-4 0.9600933545325481 4.5330186710696325E-4
pseudo 7.08215297450425E-4 4.0661736852554045 0.002879726405988247
knowledge 0.0016525023607176581 0.8080771472339223 0.0013353493934460472
addition 7.08215297450425E-4 0.8080771472339223 5.722925971911631E-4
preventing 2.3607176581680832E-4 2.5998366164619773 6.137480208833752E-4
pass 2.3607176581680832E-4 2.9675613965872945 7.005574590621564E-4
impact 4.7214353163361664E-4 0.7827593392496325 3.695747588525177E-4
whose 4.7214353163361664E-4 1.730798769438368 8.171854435497488E-4
extend 2.3607176581680832E-4 2.392197251683733 5.647302293870947E-4
domain 4.7214353163361664E-4 1.1944940603713923 5.639726441791276E-4
looking 2.3607176581680832E-4 1.6990500711237875 4.010977505013663E-4
competitive 4.7214353163361664E-4 2.5257286443082556 0.0011925064420718866
assigned 4.7214353163361664E-4 1.3805963400052528 6.518396317305254E-4
simultaneously 4.7214353163361664E-4 2.169053700369523 0.0010241046743954313
greatly 2.3607176581680832E-4 2.2203469947570738 5.24161235778346E-4
compare 7.08215297450425E-4 0.9306794693262548 6.591214371998972E-4
affect 4.7214353163361664E-4 0.990398704027877 4.6761034184507886E-4
comes 2.3607176581680832E-4 1.730798769438368 4.085927217748744E-4
facing 2.3607176581680832E-4 3.0853444322436783 7.283627082728231E-4
how 4.7214353163361664E-4 0.5496654570822546 2.595209901238218E-4
search 2.3607176581680832E-4 1.1043429633770947 2.6070419343179765E-4
see 0.0011803588290840415 1.0376515888784226 0.00122480121444573
systems 2.3607176581680832E-4 0.8743265327751228 2.064038084927108E-4
subsequent 2.3607176581680832E-4 1.3581234841531944 3.206146091013207E-4
compared 0.00141643059490085 0.2669461739726028 3.7811072800651957E-4
scoring 2.3607176581680832E-4 2.6798793241355137 6.326438442246255E-4
set 4.7214353163361664E-4 0.5596157879354227 2.6421897447375954E-4
incorrect 2.3607176581680832E-4 2.5998366164619773 6.137480208833752E-4
words 2.3607176581680832E-4 0.9751312318970885 2.3020095181706528E-4
bahagian 2.3607176581680832E-4 5.1647859739235145 0.001219260144930008
procedure 2.3607176581680832E-4 1.1394342831883648 2.689882632644865E-4
compares 2.3607176581680832E-4 2.2744142160273495 5.369249801764281E-4
advantages 2.3607176581680832E-4 1.6094379124341003 3.799428499608358E-4
regarded 2.3607176581680832E-4 2.0292917579943643 4.7905848866722483E-4
series 2.3607176581680832E-4 1.1758019273592397 2.775736372425023E-4
sharum 2.3607176581680832E-4 5.1647859739235145 0.001219260144930008
corresponds 4.7214353163361664E-4 1.7635885922613586 8.326669462990362E-4
naive 2.3607176581680832E-4 2.6798793241355137 6.326438442246255E-4
essential 2.3607176581680832E-4 1.252762968495368 2.9574196612260816E-4
encode 2.3607176581680832E-4 2.6798793241355137 6.326438442246255E-4
lample 2.3607176581680832E-4 4.471638793363569 0.0010556276660442798
corpus 7.08215297450425E-4 1.6094379124341003 0.0011398285498825074
language 0.009206798866855524 0.6988778552689304 0.006434427845960407
nearest 2.3607176581680832E-4 3.2188758248682006 7.598856999216716E-4
hold 2.3607176581680832E-4 2.073743520565198 4.895522947509911E-4
correctly 4.7214353163361664E-4 2.0292917579943643 9.581169773344497E-4
plms 4.7214353163361664E-4 5.1647859739235145 0.002438520289860016
adding 4.7214353163361664E-4 1.6682784124570338 7.876668614055873E-4
boundaries 0.00141643059490085 2.7668907011251433 0.003919108641820317
train 0.00141643059490085 1.9867321435755685 0.0028140681920333834
which 0.0040132200188857416 0.023122417420854212 9.279534847840453E-5
needs 4.7214353163361664E-4 1.1394342831883648 5.37976526528973E-4
typically 4.7214353163361664E-4 1.1394342831883648 5.37976526528973E-4
elmo 0.00141643059490085 3.7784916128036232 0.005351971122951308
learns 2.3607176581680832E-4 3.0853444322436783 7.283627082728231E-4
anbukkarasi 2.3607176581680832E-4 5.1647859739235145 0.001219260144930008
publicly 7.08215297450425E-4 2.6798793241355137 0.0018979315326738766
graph 2.3607176581680832E-4 2.169053700369523 5.120523371977156E-4
homogeneous 2.3607176581680832E-4 2.9675613965872945 7.005574590621564E-4
take 4.7214353163361664E-4 0.8743265327751228 4.128076169854216E-4
propagation 9.442870632672333E-4 3.7784916128036232 0.003567980748634205
final 0.00141643059490085 0.6988778552689304 9.899119763016012E-4
relatively 2.3607176581680832E-4 0.8209805520698303 1.9381032862838299E-4
tackle 7.08215297450425E-4 2.6798793241355137 0.0018979315326738766
little 7.08215297450425E-4 1.252762968495368 8.872258983678244E-4
some 0.005429650613786591 0.2160260835453457 0.0011729461571158997
identifying 2.3607176581680832E-4 1.0216512475319812 2.4118301405381994E-4
deep 2.3607176581680832E-4 1.4271163556401458 3.3690187810201744E-4
trained 7.08215297450425E-4 1.3805963400052528 9.77759447595788E-4
sources 2.3607176581680832E-4 1.293584963015623 3.053788864531688E-4
rather 2.3607176581680832E-4 0.758066726659261 1.7895815076941952E-4
kosasih 2.3607176581680832E-4 5.1647859739235145 0.001219260144930008
for 0.024315391879131256 0.017291497110061043 4.2044952840799985E-4
training 0.002124645892351275 1.0059028905638423 0.0021371874445407415
augmentation 4.7214353163361664E-4 4.0661736852554045 0.0019198176039921645
random 0.0016525023607176581 1.2329603411991883 0.002037469874502908
perhaps 2.3607176581680832E-4 1.9459101490553132 4.5937444500833646E-4
related 9.442870632672333E-4 0.27443684570176036 2.591471630800381E-4
load 2.3607176581680832E-4 2.456735772821304 5.799659520352464E-4
rate 2.3607176581680832E-4 0.7221347174331975 1.7047561790207685E-4
supervision 9.442870632672333E-4 2.9675613965872945 0.0028022298362486257
passed 2.3607176581680832E-4 2.7668907011251433 6.531847736367194E-4
over 0.00141643059490085 0.3364722366212129 4.7658957028500414E-4
overfitting 2.3607176581680832E-4 3.7784916128036232 8.919951871585513E-4
spans 0.0011803588290840415 3.0853444322436783 0.003641813541364115
outperform 7.08215297450425E-4 2.5998366164619773 0.0018412440626501257
six 2.3607176581680832E-4 0.9162907318741551 2.1631037107510746E-4
irwan 2.3607176581680832E-4 5.1647859739235145 0.001219260144930008
parse 2.3607176581680832E-4 3.7784916128036232 8.919951871585513E-4
existing 0.0011803588290840415 0.9452782687474074 0.0011157675504572797
setup 2.3607176581680832E-4 2.392197251683733 5.647302293870947E-4
gate 7.08215297450425E-4 3.5553480614894135 0.0025179518849075167
articles 7.08215297450425E-4 1.6682784124570338 0.001181500292108381
prompt 2.3607176581680832E-4 2.331572629867298 5.504184678629127E-4
significantly 7.08215297450425E-4 0.5900749954201312 4.1790013839952634E-4
assign 4.7214353163361664E-4 1.9459101490553132 9.187488900166729E-4
presents 2.3607176581680832E-4 1.1394342831883648 2.689882632644865E-4
expert 4.7214353163361664E-4 1.9459101490553132 9.187488900166729E-4
practice 2.3607176581680832E-4 1.2729656758128876 3.005112549133351E-4
advanced 9.442870632672333E-4 1.4512139072192063 0.0013703625186205915
bio 2.3607176581680832E-4 3.7784916128036232 8.919951871585513E-4
construct 0.002124645892351275 1.79749014393704 0.0038190300508577344
paragraphs 2.3607176581680832E-4 3.5553480614894135 8.393172949691723E-4
improved 2.3607176581680832E-4 0.8607208807193443 2.0319189818681404E-4
output 0.0018885741265344666 1.1944940603713923 0.0022558905767165105
relationships 2.3607176581680832E-4 1.5271998141971284 3.605287568926177E-4
distillation 4.7214353163361664E-4 4.471638793363569 0.0021112553320885596
four 4.7214353163361664E-4 0.4643056081310978 2.1921888958031057E-4
recognise 7.08215297450425E-4 2.8622008809294686 0.0020270544482503317
context 2.3607176581680832E-4 0.9162907318741551 2.1631037107510746E-4
classifier 0.0018885741265344666 2.169053700369523 0.004096418697581725
majority 2.3607176581680832E-4 0.9452782687474074 2.2315351009145597E-4
model 0.009206798866855524 0.48265474679929443 0.0044437051759141834
sulaiman 2.3607176581680832E-4 5.1647859739235145 0.001219260144930008
text 4.7214353163361664E-4 0.8607208807193443 4.063837963736281E-4
classifies 4.7214353163361664E-4 2.7668907011251433 0.0013063695472734387
whereas 2.3607176581680832E-4 1.0872485300177945 2.566686803630299E-4
influencing 2.3607176581680832E-4 2.8622008809294686 6.75684816083444E-4
tasks 0.0018885741265344666 1.293584963015623 0.0024430310916253506
reduce 0.002124645892351275 0.8340526336371831 0.0017720665020620038
sentence 0.0016525023607176581 1.6094379124341003 0.0026595999497258504
likely 2.3607176581680832E-4 0.5798184952529422 1.3687877602760676E-4
large 0.0016525023607176581 0.34450440831847723 5.692943480239236E-4
issue 2.3607176581680832E-4 1.3805963400052528 3.259198158652627E-4
khodra 2.3607176581680832E-4 5.1647859739235145 0.001219260144930008
made 4.7214353163361664E-4 0.6109090823229731 2.884367716350204E-4
lower 2.3607176581680832E-4 0.5300569856938783 1.2513148859628854E-4
sense 2.3607176581680832E-4 1.5271998141971284 3.605287568926177E-4
being 4.7214353163361664E-4 0.48265474679929443 2.278823167135479E-4
audited 4.7214353163361664E-4 5.1647859739235145 0.002438520289860016
classification 0.00141643059490085 0.9751312318970885 0.0013812057109023918
encoder 0.0028328611898017 2.6798793241355137 0.0075917261306955065
resulting 4.7214353163361664E-4 1.0059028905638423 4.749305432312759E-4
removing 2.3607176581680832E-4 1.79749014393704 4.24336672317526E-4
traditional 2.3607176581680832E-4 1.1758019273592397 2.775736372425023E-4
evaluate 7.08215297450425E-4 0.758066726659261 5.368744523082586E-4
semantic 4.7214353163361664E-4 1.4512139072192063 6.851812593102958E-4
brought 4.7214353163361664E-4 2.456735772821304 0.0011599319040704928
works 0.00141643059490085 1.3805963400052528 0.001955518895191576
inference 2.3607176581680832E-4 2.5257286443082556 5.962532210359433E-4
chunks 2.3607176581680832E-4 3.7784916128036232 8.919951871585513E-4
focuses 7.08215297450425E-4 1.5538680612792897 0.0011004731312176273
phenomenon 2.3607176581680832E-4 1.9867321435755685 4.6901136533889724E-4
mention 2.3607176581680832E-4 2.2744142160273495 5.369249801764281E-4
literature 2.3607176581680832E-4 0.9306794693262548 2.1970714573329907E-4
composed 4.7214353163361664E-4 1.9459101490553132 9.187488900166729E-4
degenerates 4.7214353163361664E-4 5.1647859739235145 0.002438520289860016
dependence 2.3607176581680832E-4 2.5998366164619773 6.137480208833752E-4
december 0.003068932955618508 1.3361445774344192 0.004100538127159454
crime 2.3607176581680832E-4 4.0661736852554045 9.599088019960823E-4
table 0.007318224740321058 0.18805223150293962 0.0013762084930573958
convolutional 2.3607176581680832E-4 2.5998366164619773 6.137480208833752E-4
may 9.442870632672333E-4 0.15415067982725836 1.4556249275472934E-4
within 9.442870632672333E-4 0.3127557100038969 2.953311709196383E-4
could 0.0018885741265344666 0.22314355131420976 4.2142313751503265E-4
generally 2.3607176581680832E-4 0.9021060968821986 2.129617792450894E-4
singapore 2.3607176581680832E-4 3.7784916128036232 8.919951871585513E-4
sabrina 2.3607176581680832E-4 5.1647859739235145 0.001219260144930008
entities 0.0016525023607176581 2.392197251683733 0.003953111605709663
machine 7.08215297450425E-4 1.0872485300177945 7.700060410890897E-4
report 2.3607176581680832E-4 1.0059028905638423 2.3746527161563796E-4
websites 4.7214353163361664E-4 2.8622008809294686 0.001351369632166888
improvements 4.7214353163361664E-4 1.6990500711237875 8.021955010027326E-4
bidirectional 9.442870632672333E-4 2.2744142160273495 0.0021476999207057125
subject 2.3607176581680832E-4 1.2135422553420867 2.864830631119185E-4
use 0.0028328611898017 0.20895891632225325 5.919516043123321E-4
recognition 7.08215297450425E-4 1.6384254493073527 0.001160357966931553
main 0.0011803588290840415 0.6004377824556778 7.087320378372022E-4
while 0.0011803588290840415 0.20895891632225325 2.4664650179680506E-4
second 7.08215297450425E-4 0.4643056081310978 3.2882833437046586E-4
that 0.009915014164305949 0.017291497110061043 1.7144543876831063E-4
suggests 2.3607176581680832E-4 1.157452788691043 2.7324192367588363E-4
reuters 2.3607176581680832E-4 4.471638793363569 0.0010556276660442798
high 9.442870632672333E-4 0.2521310881874621 2.380841248229104E-4
download 0.002360717658168083 0.2595111954850846 6.126326616739485E-4
solution 4.7214353163361664E-4 1.293584963015623 6.107577729063376E-4
find 2.3607176581680832E-4 0.9306794693262548 2.1970714573329907E-4
than 0.0011803588290840415 0.058840500022933395 6.945290370978918E-5
classifiers 4.7214353163361664E-4 2.5257286443082556 0.0011925064420718866
widespread 4.7214353163361664E-4 1.9867321435755685 9.380227306777945E-4
directly 4.7214353163361664E-4 0.7703368192510752 3.6370954638860963E-4
different 0.003068932955618508 0.18805223150293962 5.771196906369724E-4
intensive 2.3607176581680832E-4 2.6798793241355137 6.326438442246255E-4
shengyi 0.003068932955618508 5.1647859739235145 0.015850381884090103
combine 2.3607176581680832E-4 1.8689491079191851 4.412061161282307E-4
ideal 2.3607176581680832E-4 2.2203469947570738 5.24161235778346E-4
adjusted 2.3607176581680832E-4 1.8325814637483102 4.326207421502149E-4
difficult 9.442870632672333E-4 0.7703368192510752 7.274190927772193E-4
includes 2.3607176581680832E-4 0.8472978603872037 2.0002310207441068E-4
steps 4.7214353163361664E-4 1.3146383722134554 6.206980038779298E-4
labelled 0.0066100094428706326 2.120263536200091 0.014014961995656881
relevant 2.3607176581680832E-4 0.7703368192510752 1.8185477319430482E-4
expand 4.7214353163361664E-4 2.169053700369523 0.0010241046743954313
task 0.005193578847969783 1.2329603411991883 0.006403476748437711
belongs 2.3607176581680832E-4 2.5257286443082556 5.962532210359433E-4
possesses 2.3607176581680832E-4 2.8622008809294686 6.75684816083444E-4
prediction 0.0011803588290840415 1.6384254493073527 0.0019339299448859215
comprised 2.3607176581680832E-4 2.331572629867298 5.504184678629127E-4
present 4.7214353163361664E-4 0.38566248081198473 1.8208804570915237E-4
malay 0.015816808309726156 5.1647859739235145 0.08169042971031054
errors 2.3607176581680832E-4 1.6990500711237875 4.010977505013663E-4
since 7.08215297450425E-4 0.377294231141468 2.672055461341841E-4
scores 2.3607176581680832E-4 1.6094379124341003 3.799428499608358E-4
utilised 7.08215297450425E-4 3.0853444322436783 0.0021850881248184693
abundance 2.3607176581680832E-4 3.2188758248682006 7.598856999216716E-4
best 0.0016525023607176581 0.6988778552689304 0.0011548973056852013
investigate 2.3607176581680832E-4 0.9600933545325481 2.2665093355348162E-4
total 7.08215297450425E-4 0.5108256237659907 3.6177452108073E-4
transform 2.3607176581680832E-4 2.5257286443082556 5.962532210359433E-4
auxiliary 0.0016525023607176581 2.6798793241355137 0.004428506909572379
unstructured 4.7214353163361664E-4 1.6990500711237875 8.021955010027326E-4
repeat 2.3607176581680832E-4 2.9675613965872945 7.005574590621564E-4
viable 2.3607176581680832E-4 2.7668907011251433 6.531847736367194E-4
make 7.08215297450425E-4 0.664976303593249 4.7094639064677694E-4
highly 2.3607176581680832E-4 0.9162907318741551 2.1631037107510746E-4
plays 2.3607176581680832E-4 1.79749014393704 4.24336672317526E-4
determine 2.3607176581680832E-4 0.7221347174331975 1.7047561790207685E-4
interesting 2.3607176581680832E-4 1.6682784124570338 3.9383343070279364E-4
equation 4.7214353163361664E-4 1.7635885922613586 8.326669462990362E-4
control 9.442870632672333E-4 0.7459453661269161 7.043865591377867E-4
bert 9.442870632672333E-4 2.392197251683733 0.0022589209175483786
sri 2.3607176581680832E-4 5.1647859739235145 0.001219260144930008
structure 2.3607176581680832E-4 1.0216512475319812 2.4118301405381994E-4
due 0.00141643059490085 0.20895891632225325 2.9597580215616606E-4
neuralner 2.3607176581680832E-4 5.1647859739235145 0.001219260144930008
worthwhile 2.3607176581680832E-4 3.7784916128036232 8.919951871585513E-4
about 2.3607176581680832E-4 0.377294231141468 8.906851537806138E-5
ontonotes 7.08215297450425E-4 3.7784916128036232 0.002675985561475654
cover 2.3607176581680832E-4 1.79749014393704 4.24336672317526E-4
character 4.7214353163361664E-4 2.331572629867298 0.0011008369357258254
bre 0.0016525023607176581 5.1647859739235145 0.008534821014510056
sizes 2.3607176581680832E-4 2.331572629867298 5.504184678629127E-4
clever 2.3607176581680832E-4 4.0661736852554045 9.599088019960823E-4
above 9.442870632672333E-4 0.9021060968821986 8.518471169803576E-4
draws 2.3607176581680832E-4 2.9675613965872945 7.005574590621564E-4
fire 2.3607176581680832E-4 4.0661736852554045 9.599088019960823E-4
corpora 2.3607176581680832E-4 2.2744142160273495 5.369249801764281E-4
drawn 2.3607176581680832E-4 1.906689435902032 4.5011554199764686E-4
recent 4.7214353163361664E-4 0.5596157879354227 2.6421897447375954E-4
they 0.00141643059490085 0.167573700159399 2.3735651580651418E-4
released 2.3607176581680832E-4 2.2203469947570738 5.24161235778346E-4
ikhwantri 2.3607176581680832E-4 5.1647859739235145 0.001219260144930008
based 0.004957507082152974 0.18805223150293962 9.322702694904938E-4
pointer 2.3607176581680832E-4 5.1647859739235145 0.001219260144930008
module 0.004721435316336166 2.456735772821304 0.01159931904070493
them 0.0011803588290840415 0.5696661237889241 6.724104388443391E-4
then 0.00141643059490085 0.4285875255290187 6.070644837521511E-4
bigram 2.3607176581680832E-4 3.5553480614894135 8.393172949691723E-4
quality 9.442870632672333E-4 0.8080771472339223 7.630567962548842E-4
regularisation 2.3607176581680832E-4 4.471638793363569 0.0010556276660442798
thereby 2.3607176581680832E-4 1.730798769438368 4.085927217748744E-4
consistently 2.3607176581680832E-4 2.331572629867298 5.504184678629127E-4
hovy 2.3607176581680832E-4 4.471638793363569 0.0010556276660442798
except 2.3607176581680832E-4 1.3805963400052528 3.259198158652627E-4
boost 2.3607176581680832E-4 3.0853444322436783 7.283627082728231E-4
receives 2.3607176581680832E-4 2.5998366164619773 6.137480208833752E-4
jiang 0.003068932955618508 3.5553480614894135 0.010911124834599238
shared 7.08215297450425E-4 1.730798769438368 0.0012257781653246232
components 4.7214353163361664E-4 1.3361445774344192 6.30852019562993E-4
seed 0.0011803588290840415 3.2188758248682006 0.0037994284996083574
experiments 2.3607176581680832E-4 1.5812670354674039 3.732925012906997E-4
illinois 2.3607176581680832E-4 5.1647859739235145 0.001219260144930008
sum 2.3607176581680832E-4 1.8689491079191851 4.412061161282307E-4
long 7.08215297450425E-4 0.7827593392496325 5.543621382787765E-4
extended 4.7214353163361664E-4 1.6682784124570338 7.876668614055873E-4
softmax 0.0016525023607176581 2.6798793241355137 0.004428506909572379
pieces 2.3607176581680832E-4 2.8622008809294686 6.75684816083444E-4
into 0.0025967894239848914 0.10854016857520597 2.818559618336321E-4
current 0.0016525023607176581 0.4919571394616079 8.129603343322132E-4
variety 2.3607176581680832E-4 1.0872485300177945 2.566686803630299E-4
audit 0.0011803588290840415 4.471638793363569 0.005278138330221399
examined 2.3607176581680832E-4 1.3805963400052528 3.259198158652627E-4
necessary 2.3607176581680832E-4 0.8607208807193443 2.0319189818681404E-4
though 2.3607176581680832E-4 1.1043429633770947 2.6070419343179765E-4
strategies 7.08215297450425E-4 1.4271163556401458 0.0010107056343060523
accordance 2.3607176581680832E-4 1.6384254493073527 3.8678598897718433E-4
one 0.002124645892351275 0.06491954609931569 1.3793104695322033E-4
auditor 2.3607176581680832E-4 5.1647859739235145 0.001219260144930008
neighbours 2.3607176581680832E-4 2.9675613965872945 7.005574590621564E-4
thorough 2.3607176581680832E-4 2.7668907011251433 6.531847736367194E-4
many 4.7214353163361664E-4 0.20194134366360675 9.534529918017316E-5
designing 2.3607176581680832E-4 2.2744142160273495 5.369249801764281E-4
asmai 2.3607176581680832E-4 5.1647859739235145 0.001219260144930008
umno 2.3607176581680832E-4 5.1647859739235145 0.001219260144930008
closer 2.3607176581680832E-4 1.6990500711237875 4.010977505013663E-4
connected 0.0011803588290840415 1.4512139072192063 0.0017129531482757393
single 2.3607176581680832E-4 0.6429973968744738 1.5179353089576813E-4
controlled 2.3607176581680832E-4 1.5271998141971284 3.605287568926177E-4
lstm 4.7214353163361664E-4 2.456735772821304 0.0011599319040704928
texts 4.7214353163361664E-4 1.4512139072192063 6.851812593102958E-4
associated 2.3607176581680832E-4 0.4373981552111735 1.0325735486571612E-4
iteratively 7.08215297450425E-4 2.9675613965872945 0.0021016723771864693
seeks 2.3607176581680832E-4 2.8622008809294686 6.75684816083444E-4
embeddings 4.7214353163361664E-4 2.2203469947570738 0.001048322471556692
but 9.442870632672333E-4 0.083381608939051 7.873617463555336E-5
treat 4.7214353163361664E-4 1.79749014393704 8.48673344635052E-4
conditional 2.3607176581680832E-4 2.120263536200091 5.005343569877457E-4
separate 7.08215297450425E-4 1.3146383722134554 9.310470058168948E-4
available 7.08215297450425E-4 0.5696661237889241 4.034462633066035E-4
project 2.3607176581680832E-4 1.79749014393704 4.24336672317526E-4
rules 0.0016525023607176581 1.79749014393704 0.002970356706222682
mainly 2.3607176581680832E-4 1.0059028905638423 2.3746527161563796E-4
pairs 4.7214353163361664E-4 2.120263536200091 0.0010010687139754915
ambiguity 2.3607176581680832E-4 2.9675613965872945 7.005574590621564E-4
roughly 2.3607176581680832E-4 1.9459101490553132 4.5937444500833646E-4
satisfactory 4.7214353163361664E-4 2.7668907011251433 0.0013063695472734387
noises 2.3607176581680832E-4 4.471638793363569 0.0010556276660442798
vanilla 0.0011803588290840415 4.471638793363569 0.005278138330221399
ensure 7.08215297450425E-4 1.4035858582299516 9.940409760835352E-4
baselines 7.08215297450425E-4 3.7784916128036232 0.002675985561475654
authoritative 2.3607176581680832E-4 3.7784916128036232 8.919951871585513E-4
this 0.008026440037771483 0.017291497110061043 1.3878916471720385E-4
degree 0.0011803588290840415 1.2729656758128876 0.0015025562745666755
iterative 0.0016525023607176581 2.169053700369523 0.003584366360384009
look 2.3607176581680832E-4 1.6682784124570338 3.9383343070279364E-4
modules 2.3607176581680832E-4 3.0853444322436783 7.283627082728231E-4
mlp 7.08215297450425E-4 4.0661736852554045 0.002879726405988247
incorrectly 4.7214353163361664E-4 3.2188758248682006 0.0015197713998433432
extract 7.08215297450425E-4 1.3805963400052528 9.77759447595788E-4
especially 4.7214353163361664E-4 0.7104386776700063 3.354290262842334E-4
quadro 2.3607176581680832E-4 5.1647859739235145 0.001219260144930008
coefficient 2.3607176581680832E-4 1.9867321435755685 4.6901136533889724E-4
systematically 4.7214353163361664E-4 2.392197251683733 0.0011294604587741893
demonstrate 2.3607176581680832E-4 1.293584963015623 3.053788864531688E-4
support 2.3607176581680832E-4 0.7104386776700063 1.677145131421167E-4
alfred 4.7214353163361664E-4 4.471638793363569 0.0021112553320885596
drop 4.7214353163361664E-4 2.8622008809294686 0.001351369632166888
idea 4.7214353163361664E-4 1.3805963400052528 6.518396317305254E-4
detect 2.3607176581680832E-4 1.3146383722134554 3.103490019389649E-4
update 2.3607176581680832E-4 2.5257286443082556 5.962532210359433E-4
learning 0.00141643059490085 0.9306794693262548 0.0013182428743997944
speed 2.3607176581680832E-4 1.8689491079191851 4.412061161282307E-4
similarity 4.7214353163361664E-4 1.6094379124341003 7.598856999216716E-4
performances 2.3607176581680832E-4 3.0853444322436783 7.283627082728231E-4
every 2.3607176581680832E-4 1.0539121097502027 2.4879889276444825E-4
successful 2.3607176581680832E-4 1.3361445774344192 3.154260097814965E-4
types 2.3607176581680832E-4 0.7459453661269161 1.7609663978444668E-4
figure 0.0025967894239848914 0.20194134366360675 5.243991454909523E-4
cases 4.7214353163361664E-4 0.6004377824556778 2.834928151348809E-4
previous 7.08215297450425E-4 0.32850406697203605 2.3265160550427482E-4
apply 9.442870632672333E-4 1.3146383722134554 0.0012413960077558596
recently 7.08215297450425E-4 1.5271998141971284 0.001081586270677853
reading 2.3607176581680832E-4 1.9459101490553132 4.5937444500833646E-4
technology 7.08215297450425E-4 1.5271998141971284 0.001081586270677853
step 2.3607176581680832E-4 1.0872485300177945 2.566686803630299E-4
location 2.3607176581680832E-4 1.4512139072192063 3.425906296551479E-4
employ 2.3607176581680832E-4 2.073743520565198 4.895522947509911E-4
tagging 4.7214353163361664E-4 2.392197251683733 0.0011294604587741893
whole 2.3607176581680832E-4 1.252762968495368 2.9574196612260816E-4
none 4.7214353163361664E-4 1.6384254493073527 7.735719779543687E-4
during 4.7214353163361664E-4 0.28958865072236245 1.367274082730701E-4
type 2.3607176581680832E-4 0.5203950747821414 1.2285058422619014E-4
loss 0.0011803588290840415 0.9162907318741551 0.0010815518553755372
problem 2.3607176581680832E-4 0.9162907318741551 2.1631037107510746E-4
terms 2.3607176581680832E-4 0.5696661237889241 1.3448208776886783E-4
review 0.0011803588290840415 0.5696661237889241 6.724104388443391E-4
aligned 2.3607176581680832E-4 2.2744142160273495 5.369249801764281E-4
preliminary 0.002124645892351275 2.120263536200091 0.004504809212889712
between 0.0016525023607176581 0.058840500022933395 9.723406519370486E-5
guide 2.3607176581680832E-4 2.073743520565198 4.895522947509911E-4
attempts 2.3607176581680832E-4 1.8325814637483102 4.326207421502149E-4
still 2.3607176581680832E-4 0.5300569856938783 1.2513148859628854E-4
method 0.003068932955618508 0.4734380916943703 0.00145294976204599
briefly 2.3607176581680832E-4 2.331572629867298 5.504184678629127E-4
overhead 2.3607176581680832E-4 3.7784916128036232 8.919951871585513E-4
work 0.0018885741265344666 0.5696661237889241 0.0010758567021509427
ablation 4.7214353163361664E-4 3.373026504695459 0.001592552646220708
dbpedia 4.7214353163361664E-4 4.0661736852554045 0.0019198176039921645
come 2.3607176581680832E-4 1.8689491079191851 4.412061161282307E-4
baseline 0.00141643059490085 1.5538680612792897 0.0022009462624352546
comprehension 2.3607176581680832E-4 3.0853444322436783 7.283627082728231E-4
benchmark 0.00141643059490085 2.6798793241355137 0.0037958630653477533
samples 2.3607176581680832E-4 1.6682784124570338 3.9383343070279364E-4
zamin 2.3607176581680832E-4 5.1647859739235145 0.001219260144930008
exist 4.7214353163361664E-4 1.5271998141971284 7.210575137852354E-4
itself 2.3607176581680832E-4 1.7635885922613586 4.163334731495181E-4
examples 2.3607176581680832E-4 1.1394342831883648 2.689882632644865E-4
among 4.7214353163361664E-4 0.32850406697203605 1.551010703361832E-4
following 9.442870632672333E-4 0.2160260835453457 2.0399063602015647E-4
labelling 4.7214353163361664E-4 2.392197251683733 0.0011294604587741893
word 0.0016525023607176581 1.1394342831883648 0.0018829178428514054
stated 2.3607176581680832E-4 1.9459101490553132 4.5937444500833646E-4
range 2.3607176581680832E-4 0.6988778552689304 1.649853293836002E-4
foundation 2.3607176581680832E-4 2.2744142160273495 5.369249801764281E-4
our 0.0025967894239848914 0.19497267434751336 5.06302978711673E-4
out 4.7214353163361664E-4 0.368995428326773 1.7421880468686168E-4
idner 2.3607176581680832E-4 5.1647859739235145 0.001219260144930008
causes 2.3607176581680832E-4 1.5538680612792897 3.6682437707254243E-4
verify 4.7214353163361664E-4 2.5257286443082556 0.0011925064420718866
multilingual 2.3607176581680832E-4 3.0853444322436783 7.283627082728231E-4
mrc 2.3607176581680832E-4 4.471638793363569 0.0010556276660442798
include 2.3607176581680832E-4 0.5013468798114469 1.1835384320383543E-4
caused 4.7214353163361664E-4 1.121734706088964 5.296197856888404E-4
downstream 4.7214353163361664E-4 2.5998366164619773 0.0012274960417667504
fusing 2.3607176581680832E-4 3.7784916128036232 8.919951871585513E-4
lead 4.7214353163361664E-4 0.7703368192510752 3.6370954638860963E-4
token 0.00141643059490085 2.456735772821304 0.003479795712211479
massive 7.08215297450425E-4 2.120263536200091 0.0015016030709632372
assess 2.3607176581680832E-4 0.9751312318970885 2.3020095181706528E-4
elements 2.3607176581680832E-4 1.5012243277938677 3.5439667794944944E-4
unified 2.3607176581680832E-4 2.9675613965872945 7.005574590621564E-4
scarce 2.3607176581680832E-4 3.373026504695459 7.96276323110354E-4
first 0.0025967894239848914 0.167573700159399 4.3515361231194266E-4
indian 4.7214353163361664E-4 3.7784916128036232 0.0017839903743171025
homologous 0.0018885741265344666 4.0661736852554045 0.007679270415968658
specifics 2.3607176581680832E-4 4.471638793363569 0.0010556276660442798
span 0.002360717658168083 2.9675613965872945 0.0070055745906215635
data 0.0033050047214353163 0.167573700159399 5.538318702151998E-4
existence 2.3607176581680832E-4 1.6990500711237875 4.010977505013663E-4
threshold 4.7214353163361664E-4 2.120263536200091 0.0010010687139754915
specialised 2.3607176581680832E-4 3.373026504695459 7.96276323110354E-4
space 4.7214353163361664E-4 1.3146383722134554 6.206980038779298E-4
optimisation 7.08215297450425E-4 3.0853444322436783 0.0021850881248184693
setups 4.7214353163361664E-4 4.471638793363569 0.0021112553320885596
only 9.442870632672333E-4 0.10854016857520597 1.024930770304117E-4
should 4.7214353163361664E-4 0.368995428326773 1.7421880468686168E-4
create 2.3607176581680832E-4 1.0704414117014134 2.5270099426378975E-4
from 0.0056657223796034 0.023122417420854212 1.3100519785186522E-4
homogenous 7.08215297450425E-4 3.7784916128036232 0.002675985561475654
development 7.08215297450425E-4 0.6004377824556778 4.252392227023214E-4
demonstrates 4.7214353163361664E-4 2.120263536200091 0.0010010687139754915
individual 4.7214353163361664E-4 0.7221347174331975 3.409512358041537E-4
resource 4.7214353163361664E-4 1.5812670354674039 7.465850025813994E-4
elaborates 2.3607176581680832E-4 5.1647859739235145 0.001219260144930008
proposes 2.3607176581680832E-4 2.456735772821304 5.799659520352464E-4
towards 0.0040132200188857416 1.5012243277938677 0.00602474352514064
published 0.003068932955618508 0.03488725900044054 1.0706665887765038E-4
sent 7.08215297450425E-4 2.331572629867298 0.0016512554035887379
revision 0.0018885741265344666 2.7668907011251433 0.005225478189093755
sequence 2.3607176581680832E-4 1.4271163556401458 3.3690187810201744E-4
efforts 2.3607176581680832E-4 1.7635885922613586 4.163334731495181E-4
proposed 0.003068932955618508 0.7459453661269161 0.0022892563171978066
techniques 7.08215297450425E-4 0.9751312318970885 6.906028554511959E-4
person 4.7214353163361664E-4 2.169053700369523 0.0010241046743954313
replacement 4.7214353163361664E-4 2.456735772821304 0.0011599319040704928
seems 9.442870632672333E-4 1.4271163556401458 0.0013476075124080698
potentially 7.08215297450425E-4 1.1394342831883648 8.069647897934595E-4
here 2.3607176581680832E-4 1.3361445774344192 3.154260097814965E-4
note 2.3607176581680832E-4 1.0872485300177945 2.566686803630299E-4
challenges 2.3607176581680832E-4 1.3581234841531944 3.206146091013207E-4
purpose 2.3607176581680832E-4 1.0539121097502027 2.4879889276444825E-4
alfina 2.3607176581680832E-4 5.1647859739235145 0.001219260144930008
according 7.08215297450425E-4 0.4919571394616079 3.4841157185666285E-4
error 0.002360717658168083 1.5538680612792897 0.003668243770725424
network 4.7214353163361664E-4 1.0704414117014134 5.054019885275795E-4
zhihe 0.003068932955618508 5.1647859739235145 0.015850381884090103
can 0.006846081208687441 0.0958817717032825 6.564143955135015E-4
mlps 2.3607176581680832E-4 5.1647859739235145 0.001219260144930008
kurniawan 2.3607176581680832E-4 5.1647859739235145 0.001219260144930008
paper 9.442870632672333E-4 0.9306794693262548 8.788285829331963E-4
public 2.3607176581680832E-4 1.3361445774344192 3.154260097814965E-4
observations 2.3607176581680832E-4 2.0292917579943643 4.7905848866722483E-4
studies 9.442870632672333E-4 0.24480504809538922 2.3116623993898889E-4
iteration 2.3607176581680832E-4 2.8622008809294686 6.75684816083444E-4
bayes 2.3607176581680832E-4 2.7668907011251433 6.531847736367194E-4
value 2.3607176581680832E-4 0.6214911916535102 1.467165230532366E-4
carried 2.3607176581680832E-4 1.121734706088964 2.648098928444202E-4
cost 7.08215297450425E-4 1.3581234841531944 9.618438273039621E-4
aims 7.08215297450425E-4 1.4271163556401458 0.0010107056343060523
constructed 0.00141643059490085 1.8325814637483102 0.002595724452901289
limited 4.7214353163361664E-4 0.5696661237889241 2.6896417553773567E-4
advantage 2.3607176581680832E-4 1.4271163556401458 3.3690187810201744E-4
resources 7.08215297450425E-4 1.3805963400052528 9.77759447595788E-4
allowing 2.3607176581680832E-4 1.5538680612792897 3.6682437707254243E-4
instead 4.7214353163361664E-4 1.0376515888784226 4.899204857782921E-4
performance 0.005193578847969783 0.7703368192510752 0.004000805010274706
currently 2.3607176581680832E-4 1.4035858582299516 3.3134699202784507E-4
corresponding 7.08215297450425E-4 1.0872485300177945 7.700060410890897E-4
conversational 2.3607176581680832E-4 3.0853444322436783 7.283627082728231E-4
revised 9.442870632672333E-4 2.7668907011251433 0.0026127390945468775
tends 0.0011803588290840415 2.2744142160273495 0.0026846249008821406
