prepare 4.082465809348847E-4 3.373026504695459 0.001377026537944666
year 8.164931618697694E-4 1.3146383722134554 0.001073393241243891
allowed 2.0412329046744235E-4 1.4512139072192063 2.9622655791369795E-4
your 2.0412329046744235E-4 3.0853444322436783 6.297906577349823E-4
salary 6.12369871402327E-4 5.1647859739235145 0.003162759322672085
without 4.082465809348847E-4 0.32850406697203605 1.341106621645381E-4
setting 4.082465809348847E-4 1.3581234841531944 5.544492688929147E-4
these 0.0016329863237395388 0.03488725900044054 5.6970416820478535E-5
themes 0.0022453561951418658 2.5998366164619773 0.005837559253129568
quote 2.0412329046744235E-4 5.1647859739235145 0.0010542531075573617
would 0.002449479485609308 0.5013468798114469 0.0012280388972723745
poor 2.0412329046744235E-4 1.0539121097502027 2.151280077056956E-4
understanding 2.0412329046744235E-4 0.990398704027877 2.021634423408608E-4
because 0.002449479485609308 0.34450440831847723 8.438564808780826E-4
silence 2.0412329046744235E-4 4.471638793363569 9.127656242832352E-4
daring 2.0412329046744235E-4 5.1647859739235145 0.0010542531075573617
energy 2.0412329046744235E-4 1.8689491079191851 3.8149604162465505E-4
organizational 0.001837109614206981 2.8622008809294686 0.005258176756147218
valuing 2.0412329046744235E-4 5.1647859739235145 0.0010542531075573617
thus 4.082465809348847E-4 0.8881198549074587 3.625718942263559E-4
fairly 2.0412329046744235E-4 2.5998366164619773 5.306872048299607E-4
neutral 2.0412329046744235E-4 2.392197251683733 4.883031744608559E-4
analysis 0.0020412329046744235 0.15415067982725836 3.1465743994133166E-4
left 4.082465809348847E-4 1.2729656758128876 5.196838847980762E-4
much 2.0412329046744235E-4 0.7827593392496325 1.5977941197175597E-4
spence 8.164931618697694E-4 5.1647859739235145 0.004217012430229447
usefulness 2.0412329046744235E-4 2.5998366164619773 5.306872048299607E-4
poorly 2.0412329046744235E-4 2.8622008809294686 5.842418617941353E-4
providing 2.0412329046744235E-4 1.252762968495368 2.557180993050353E-4
role 2.0412329046744235E-4 0.6761496041913742 1.3801788205580203E-4
achieve 4.082465809348847E-4 1.0376515888784226 4.2361771336126664E-4
essence 4.082465809348847E-4 3.5553480614894135 0.0014514586901365233
utility 2.0412329046744235E-4 2.2744142160273495 4.6426091366143083E-4
talking 2.0412329046744235E-4 3.2188758248682006 6.570475249781998E-4
example 2.0412329046744235E-4 0.9162907318741551 1.870362792149735E-4
result 2.0412329046744235E-4 0.4285875255290187 8.748469596428225E-5
same 0.0016329863237395388 0.2972515234679317 4.8540767253387504E-4
aspect 0.0010206164523372118 1.6682784124570338 0.0017026723948326535
after 0.0010206164523372118 0.12136085700426753 1.238628873282992E-4
close 2.0412329046744235E-4 1.1394342831883648 2.3258507515582056E-4
agreed 6.12369871402327E-4 2.2744142160273495 0.0013927827409842923
connect 2.0412329046744235E-4 2.5998366164619773 5.306872048299607E-4
hand 2.0412329046744235E-4 1.5271998141971284 3.1173705127518443E-4
minimize 2.0412329046744235E-4 2.2203469947570738 4.5322453454931086E-4
address 4.082465809348847E-4 1.0872485300177945 4.4386549500624394E-4
learn 2.0412329046744235E-4 1.4512139072192063 2.9622655791369795E-4
highlighted 4.082465809348847E-4 1.6990500711237875 6.936313823734589E-4
namely 2.0412329046744235E-4 2.073743520565198 4.232993510033064E-4
holistic 2.0412329046744235E-4 3.0853444322436783 6.297906577349823E-4
blood 2.0412329046744235E-4 1.906689435902032 3.891997215558343E-4
the 0.10287813839559094 0.017291497110061043 0.001778917032755821
information 8.164931618697694E-4 0.3049735695618419 2.4900883409825834E-4
routines 2.0412329046744235E-4 3.373026504695459 6.88513268972333E-4
combined 2.0412329046744235E-4 0.9600933545325481 1.9597741468310842E-4
appraisals 2.0412329046744235E-4 5.1647859739235145 0.0010542531075573617
discuss 0.0020412329046744235 1.4759065198095778 0.003012668952458824
acceptable 2.0412329046744235E-4 2.120263536200091 4.3279516966729766E-4
good 0.002449479485609308 0.8080771472339223 0.001979368394939185
wish 2.0412329046744235E-4 3.373026504695459 6.88513268972333E-4
assessment 4.082465809348847E-4 1.3146383722134554 5.366966206219455E-4
act 2.0412329046744235E-4 1.4271163556401458 2.9130768639317123E-4
post 2.0412329046744235E-4 1.9867321435755685 4.0553830242408013E-4
generated 2.0412329046744235E-4 1.1758019273592397 2.4000855835052862E-4
leave 6.12369871402327E-4 2.2744142160273495 0.0013927827409842923
implement 0.0016329863237395388 1.8325814637483102 0.002992580467439576
helped 2.0412329046744235E-4 2.5998366164619773 5.306872048299607E-4
female 4.082465809348847E-4 2.392197251683733 9.766063489217117E-4
others 0.0020412329046744235 1.1758019273592397 0.0024000855835052863
conversation 4.082465809348847E-4 2.5998366164619773 0.0010613744096599213
contributed 6.12369871402327E-4 1.5812670354674039 9.68320291161913E-4
area 6.12369871402327E-4 0.9600933545325481 5.879322440493252E-4
making 2.0412329046744235E-4 1.0704414117014134 2.1850202320910665E-4
pas 4.082465809348847E-4 5.1647859739235145 0.0021085062151147234
need 8.164931618697694E-4 0.5013468798114469 4.093462990907915E-4
its 6.12369871402327E-4 0.19497267434751336 1.1939539151715454E-4
often 0.001224739742804654 0.5900749954201312 7.226882981263089E-4
gather 2.0412329046744235E-4 2.6798793241355137 5.470257856982065E-4
clearer 2.0412329046744235E-4 3.373026504695459 6.88513268972333E-4
consent 4.082465809348847E-4 1.4271163556401458 5.826153727863425E-4
contributes 6.12369871402327E-4 1.906689435902032 0.0011675991646675028
lack 4.082465809348847E-4 0.6988778552689304 2.85314494904646E-4
gone 2.0412329046744235E-4 3.5553480614894135 7.257293450682617E-4
external 2.0412329046744235E-4 1.4759065198095778 3.012668952458824E-4
mutual 4.082465809348847E-4 2.7668907011251433 0.0011295736685548656
success 2.0412329046744235E-4 1.6384254493073527 3.344407938982145E-4
therefore 0.0010206164523372118 1.1394342831883648 0.0011629253757791027
longitudinal 2.0412329046744235E-4 2.5257286443082556 5.155600417040734E-4
useful 2.0412329046744235E-4 0.9162907318741551 1.870362792149735E-4
private 0.0010206164523372118 2.331572629867298 0.0023796413858617046
divided 4.082465809348847E-4 1.1758019273592397 4.8001711670105725E-4
searching 2.0412329046744235E-4 1.9459101490553132 3.9720558257916175E-4
provided 4.082465809348847E-4 0.7104386776700063 2.9003416112268073E-4
breakdown 2.0412329046744235E-4 2.8622008809294686 5.842418617941353E-4
fatal 2.0412329046744235E-4 3.7784916128036232 7.712781410091087E-4
prevent 2.0412329046744235E-4 1.4512139072192063 2.9622655791369795E-4
previously 2.0412329046744235E-4 0.8340526336371831 1.70249568001058E-4
provides 2.0412329046744235E-4 0.6214911916535102 1.2686082703684633E-4
end 4.082465809348847E-4 1.1758019273592397 4.8001711670105725E-4
effectiveness 4.082465809348847E-4 1.5271998141971284 6.234741025503689E-4
approval 2.0412329046744235E-4 1.9459101490553132 3.9720558257916175E-4
multiple 2.0412329046744235E-4 0.5108256237659907 1.0427140717819774E-4
realized 2.0412329046744235E-4 2.7668907011251433 5.647868342774328E-4
improvement 6.12369871402327E-4 1.157452788691043 7.087892153649989E-4
recorded 2.0412329046744235E-4 1.5012243277938677 3.064348495190585E-4
room 6.12369871402327E-4 2.2203469947570738 0.0013596736036479325
versus 2.0412329046744235E-4 1.6094379124341003 3.285237624890999E-4
forum 2.0412329046744235E-4 3.2188758248682006 6.570475249781998E-4
better 6.12369871402327E-4 0.4285875255290187 2.624540878928467E-4
significance 2.0412329046744235E-4 1.2329603411991883 2.516759218614387E-4
with 0.013268013880383752 0.017291497110061043 2.2942382366890546E-4
environment 0.001224739742804654 1.4035858582299516 0.0017190273830128004
there 0.00612369871402327 0.12136085700426753 7.43177323969795E-4
well 0.0028577260665441926 0.3127557100038969 8.937701449386725E-4
handling 2.0412329046744235E-4 2.456735772821304 5.014769897573595E-4
collectively 2.0412329046744235E-4 3.0853444322436783 6.297906577349823E-4
age 2.0412329046744235E-4 0.9751312318970885 1.9904699569240426E-4
atmosphere 4.082465809348847E-4 3.7784916128036232 0.0015425562820182174
education 4.082465809348847E-4 1.730798769438368 7.065926799095196E-4
called 4.082465809348847E-4 1.2729656758128876 5.196838847980762E-4
considered 6.12369871402327E-4 0.32059888746492277 1.9632509948862387E-4
focus 0.003061849357011635 0.6874491594453075 0.0021048657668258034
entire 8.164931618697694E-4 1.1944940603713923 9.752962321872972E-4
approach 0.002449479485609308 0.5398131606392429 0.0013222612630477474
years 6.12369871402327E-4 0.7104386776700063 4.3505124168402104E-4
number 0.0010206164523372118 0.167573700159399 1.7102847536170547E-4
gradually 2.0412329046744235E-4 2.2744142160273495 4.6426091366143083E-4
tried 4.082465809348847E-4 2.2744142160273495 9.285218273228617E-4
implication 6.12369871402327E-4 2.8622008809294686 0.0017527255853824056
per 8.164931618697694E-4 0.7339691750802005 5.992808124761793E-4
order 0.001837109614206981 0.6214911916535102 0.001141747443331617
cooperation 6.12369871402327E-4 2.6798793241355137 0.0016410773570946196
similar 2.0412329046744235E-4 0.20895891632225325 4.265338157220928E-5
went 2.0412329046744235E-4 2.392197251683733 4.883031744608559E-4
considering 2.0412329046744235E-4 0.9162907318741551 1.870362792149735E-4
loyalty 2.0412329046744235E-4 3.7784916128036232 7.712781410091087E-4
understand 4.082465809348847E-4 1.121734706088964 4.579443584768173E-4
handle 2.0412329046744235E-4 1.8689491079191851 3.8149604162465505E-4
underlying 2.0412329046744235E-4 1.293584963015623 2.640508191499537E-4
system 0.0014288630332720963 0.44628710262841953 6.376831431718589E-4
illustrated 4.082465809348847E-4 1.8325814637483102 7.48145116859894E-4
even 6.12369871402327E-4 0.377294231141468 2.3104361980494058E-4
meetings 0.003061849357011635 3.2188758248682006 0.009855712874672996
presenting 2.0412329046744235E-4 1.4759065198095778 3.012668952458824E-4
assumed 4.082465809348847E-4 1.6094379124341003 6.570475249781998E-4
managers 0.007960808328230252 2.5257286443082556 0.020106841626458864
women 2.0412329046744235E-4 2.169053700369523 4.4275437852000886E-4
authors 2.0412329046744235E-4 0.023122417420854212 4.719823927506473E-6
other 0.003061849357011635 0.0408219945202552 1.2499079767377586E-4
wait 2.0412329046744235E-4 3.373026504695459 6.88513268972333E-4
aim 8.164931618697694E-4 1.0376515888784226 8.472354267225333E-4
indicated 2.0412329046744235E-4 1.3361445774344192 2.7273822768614394E-4
healthcare 4.082465809348847E-4 1.9867321435755685 8.110766048481603E-4
encourage 6.12369871402327E-4 2.392197251683733 0.0014649095233825677
asked 4.082465809348847E-4 2.073743520565198 8.465987020066128E-4
too 6.12369871402327E-4 1.3361445774344192 8.182146830584318E-4
have 0.008164931618697694 0.028987536873252187 2.3668125636458208E-4
speak 2.0412329046744235E-4 3.2188758248682006 6.570475249781998E-4
authoritarian 2.0412329046744235E-4 5.1647859739235145 0.0010542531075573617
question 2.0412329046744235E-4 1.2329603411991883 2.516759218614387E-4
attributed 2.0412329046744235E-4 1.79749014393704 3.669096027632252E-4
discussed 0.001224739742804654 1.0216512475319812 0.0012512568861383726
worrying 2.0412329046744235E-4 5.1647859739235145 0.0010542531075573617
satisfaction 2.0412329046744235E-4 2.392197251683733 4.883031744608559E-4
opportunities 2.0412329046744235E-4 1.8325814637483102 3.74072558429947E-4
picture 2.0412329046744235E-4 2.5257286443082556 5.155600417040734E-4
names 4.082465809348847E-4 1.8689491079191851 7.629920832493101E-4
regard 6.12369871402327E-4 2.120263536200091 0.001298385509001893
signing 2.0412329046744235E-4 4.0661736852554045 8.300007522464594E-4
shed 2.0412329046744235E-4 3.5553480614894135 7.257293450682617E-4
possibilities 2.0412329046744235E-4 2.2203469947570738 4.5322453454931086E-4
minor 2.0412329046744235E-4 2.0292917579943643 4.1422571096027036E-4
almost 4.082465809348847E-4 1.1043429633770947 4.5084423897819747E-4
equally 2.0412329046744235E-4 2.073743520565198 4.232993510033064E-4
findings 0.001224739742804654 0.7459453661269161 9.135889358566027E-4
employee 8.164931618697694E-4 3.373026504695459 0.002754053075889332
professionally 2.0412329046744235E-4 4.471638793363569 9.127656242832352E-4
points 2.0412329046744235E-4 0.9751312318970885 1.9904699569240426E-4
nilsson 2.0412329046744235E-4 3.7784916128036232 7.712781410091087E-4
earlier 2.0412329046744235E-4 1.5012243277938677 3.064348495190585E-4
stewart 2.0412329046744235E-4 3.7784916128036232 7.712781410091087E-4
whether 6.12369871402327E-4 0.5300569856938783 3.2459092816526533E-4
implemented 6.12369871402327E-4 1.293584963015623 7.92152457449861E-4
raise 2.0412329046744235E-4 2.9675613965872945 6.057483969355572E-4
jenny 4.082465809348847E-4 5.1647859739235145 0.0021085062151147234
overestimated 2.0412329046744235E-4 4.471638793363569 9.127656242832352E-4
all 0.005919575423555827 0.017291497110061043 1.0235832132920397E-4
border 2.0412329046744235E-4 4.0661736852554045 8.300007522464594E-4
always 0.0010206164523372118 1.2729656758128876 0.0012992097119951904
new 0.001837109614206981 0.38566248081198473 7.085042513386125E-4
took 6.12369871402327E-4 1.7635885922613586 0.0010799685194496991
settings 2.0412329046744235E-4 2.0292917579943643 4.1422571096027036E-4
law 2.0412329046744235E-4 2.9675613965872945 6.057483969355572E-4
read 2.0412329046744235E-4 1.7635885922613586 3.59989506483233E-4
executives 2.0412329046744235E-4 4.471638793363569 9.127656242832352E-4
already 4.082465809348847E-4 1.157452788691043 4.725261435766659E-4
everyone 4.082465809348847E-4 3.5553480614894135 0.0014514586901365233
differs 4.082465809348847E-4 1.8689491079191851 7.629920832493101E-4
less 2.0412329046744235E-4 0.368995428326773 7.532056099750419E-5
basis 2.0412329046744235E-4 1.3146383722134554 2.6834831031097273E-4
affected 2.0412329046744235E-4 1.3805963400052528 2.8181186772918E-4
tool 4.082465809348847E-4 1.1758019273592397 4.8001711670105725E-4
differed 2.0412329046744235E-4 2.9675613965872945 6.057483969355572E-4
unit 0.001224739742804654 1.5538680612792897 0.0019030839697235637
underestimated 2.0412329046744235E-4 4.0661736852554045 8.300007522464594E-4
improve 0.0016329863237395388 0.7104386776700063 0.001160136644490723
were 0.009389671361502348 0.0958817717032825 9.00298325852418E-4
obligation 2.0412329046744235E-4 5.1647859739235145 0.0010542531075573617
naming 2.0412329046744235E-4 4.0661736852554045 8.300007522464594E-4
individually 2.0412329046744235E-4 2.5998366164619773 5.306872048299607E-4
kuvaas 2.0412329046744235E-4 5.1647859739235145 0.0010542531075573617
try 4.082465809348847E-4 2.169053700369523 8.855087570400177E-4
rarely 4.082465809348847E-4 2.392197251683733 9.766063489217117E-4
basic 4.082465809348847E-4 1.1944940603713923 4.876481160936486E-4
specialized 2.0412329046744235E-4 2.456735772821304 5.014769897573595E-4
became 4.082465809348847E-4 1.8689491079191851 7.629920832493101E-4
facilitate 2.0412329046744235E-4 1.6384254493073527 3.344407938982145E-4
supportive 4.082465809348847E-4 3.0853444322436783 0.0012595813154699647
financial 2.0412329046744235E-4 1.8689491079191851 3.8149604162465505E-4
cause 2.0412329046744235E-4 1.1394342831883648 2.3258507515582056E-4
respective 2.0412329046744235E-4 1.9459101490553132 3.9720558257916175E-4
around 2.0412329046744235E-4 1.0216512475319812 2.0854281435639545E-4
torp 2.0412329046744235E-4 5.1647859739235145 0.0010542531075573617
prerequisites 0.0014288630332720963 3.373026504695459 0.00481959288280633
and 0.0694019187589304 0.017291497110061043 0.0012000630776527364
intended 2.0412329046744235E-4 1.8325814637483102 3.74072558429947E-4
extra 2.0412329046744235E-4 2.073743520565198 4.232993510033064E-4
chose 4.082465809348847E-4 1.906689435902032 7.783994431116686E-4
commented 2.0412329046744235E-4 3.7784916128036232 7.712781410091087E-4
performing 2.0412329046744235E-4 1.5812670354674039 3.2277343038730435E-4
employment 2.0412329046744235E-4 2.8622008809294686 5.842418617941353E-4
followed 0.0016329863237395388 0.758066726659261 0.0012379125971165724
any 8.164931618697694E-4 0.2669461739726028 2.17959725635928E-4
conduct 4.082465809348847E-4 1.6990500711237875 6.936313823734589E-4
activities 0.001224739742804654 1.6384254493073527 0.002006644763389287
until 4.082465809348847E-4 1.0376515888784226 4.2361771336126664E-4
strategy 6.12369871402327E-4 1.2135422553420867 7.431367148451236E-4
reason 2.0412329046744235E-4 1.0059028905638423 2.0532820791260305E-4
inductive 2.0412329046744235E-4 3.373026504695459 6.88513268972333E-4
achievements 2.0412329046744235E-4 3.2188758248682006 6.570475249781998E-4
thought 8.164931618697694E-4 1.9459101490553132 0.001588822330316647
led 2.0412329046744235E-4 1.3581234841531944 2.7722463444645735E-4
discussion 0.001224739742804654 0.2595111954850846 3.178336748133308E-4
worked 2.0412329046744235E-4 2.331572629867298 4.759282771723409E-4
differently 2.0412329046744235E-4 2.2744142160273495 4.6426091366143083E-4
nir 2.0412329046744235E-4 5.1647859739235145 0.0010542531075573617
annual 0.001837109614206981 2.2203469947570738 0.004079020810943797
coaching 2.0412329046744235E-4 4.471638793363569 9.127656242832352E-4
represented 2.0412329046744235E-4 0.8881198549074587 1.8128594711317795E-4
thinks 2.0412329046744235E-4 3.2188758248682006 6.570475249781998E-4
meeting 0.0022453561951418658 2.2744142160273495 0.005106870050275739
fully 4.082465809348847E-4 1.2729656758128876 5.196838847980762E-4
models 6.12369871402327E-4 0.7953381214564925 4.8704110315768065E-4
expected 6.12369871402327E-4 0.9600933545325481 5.879322440493252E-4
want 0.0014288630332720963 1.9867321435755685 0.002838768116968561
noting 2.0412329046744235E-4 2.331572629867298 4.759282771723409E-4
uncover 2.0412329046744235E-4 3.0853444322436783 6.297906577349823E-4
completed 2.0412329046744235E-4 2.169053700369523 4.4275437852000886E-4
demand 2.0412329046744235E-4 1.730798769438368 3.532963399547598E-4
participatory 4.082465809348847E-4 3.7784916128036232 0.0015425562820182174
each 0.004694835680751174 0.13434805253107854 6.307420306623406E-4
wanted 8.164931618697694E-4 2.5257286443082556 0.0020622401668162938
letter 2.0412329046744235E-4 3.5553480614894135 7.257293450682617E-4
difference 4.082465809348847E-4 0.6004377824556778 2.4512667175165454E-4
must 4.082465809348847E-4 1.0376515888784226 4.2361771336126664E-4
actions 2.0412329046744235E-4 2.2203469947570738 4.5322453454931086E-4
feels 2.0412329046744235E-4 4.0661736852554045 8.300007522464594E-4
increased 8.164931618697694E-4 0.4919571394616079 4.016796403034153E-4
maybe 2.0412329046744235E-4 3.5553480614894135 7.257293450682617E-4
another 0.0010206164523372118 0.40261203912575794 4.109124710407818E-4
document 2.0412329046744235E-4 1.4035858582299516 2.865045638354668E-4
two 8.164931618697694E-4 0.11492996667397702 9.383953188322272E-5
worth 2.0412329046744235E-4 1.8325814637483102 3.74072558429947E-4
increases 2.0412329046744235E-4 1.1394342831883648 2.3258507515582056E-4
found 2.0412329046744235E-4 0.27443684570176036 5.6018951970149084E-5
routine 2.0412329046744235E-4 2.2744142160273495 4.6426091366143083E-4
desired 4.082465809348847E-4 1.79749014393704 7.338192055264504E-4
are 0.0044907123902837316 0.028987536873252187 1.3017469100052014E-4
does 0.0014288630332720963 0.5696661237889241 8.139748655893996E-4
openness 2.0412329046744235E-4 4.0661736852554045 8.300007522464594E-4
taken 8.164931618697694E-4 0.990398704027877 8.086537693634432E-4
came 0.0014288630332720963 2.120263536200091 0.003029566187671083
reported 2.0412329046744235E-4 0.5300569856938783 1.0819697605508844E-4
structured 2.0412329046744235E-4 1.3805963400052528 2.8181186772918E-4
visions 2.0412329046744235E-4 5.1647859739235145 0.0010542531075573617
where 0.0016329863237395388 0.32850406697203605 5.364426486581524E-4
expectations 4.082465809348847E-4 2.120263536200091 8.655903393345953E-4
gives 6.12369871402327E-4 1.3146383722134554 8.050449309329182E-4
interrelated 2.0412329046744235E-4 4.0661736852554045 8.300007522464594E-4
think 0.003061849357011635 2.0292917579943643 0.006213385664404054
receive 2.0412329046744235E-4 1.8325814637483102 3.74072558429947E-4
participate 4.082465809348847E-4 2.169053700369523 8.855087570400177E-4
salutogenic 6.12369871402327E-4 3.7784916128036232 0.002313834423027326
empower 2.0412329046744235E-4 4.0661736852554045 8.300007522464594E-4
summarized 2.0412329046744235E-4 1.4271163556401458 2.9130768639317123E-4
combining 2.0412329046744235E-4 1.6682784124570338 3.405344789665307E-4
declaration 2.0412329046744235E-4 1.79749014393704 3.669096027632252E-4
entirely 2.0412329046744235E-4 2.456735772821304 5.014769897573595E-4
consensus 4.082465809348847E-4 2.073743520565198 8.465987020066128E-4
such 0.001837109614206981 0.10219094089654716 1.8773596000590416E-4
cwd 0.013268013880383752 5.1647859739235145 0.0685264519912285
ask 8.164931618697694E-4 2.5998366164619773 0.0021227488193198427
understood 2.0412329046744235E-4 2.120263536200091 4.3279516966729766E-4
through 4.082465809348847E-4 0.2595111954850846 1.0594455827111028E-4
medical 2.0412329046744235E-4 0.9600933545325481 1.9597741468310842E-4
developing 2.0412329046744235E-4 1.157452788691043 2.3626307178833294E-4
husman 2.0412329046744235E-4 5.1647859739235145 0.0010542531075573617
had 0.005307205552153501 0.32059888746492277 0.0017014841955680735
guided 2.0412329046744235E-4 2.392197251683733 4.883031744608559E-4
research 4.082465809348847E-4 0.41119578281714936 1.6786927242994464E-4
school 2.0412329046744235E-4 2.169053700369523 4.4275437852000886E-4
things 0.0014288630332720963 2.2744142160273495 0.0032498263956300157
basically 2.0412329046744235E-4 3.0853444322436783 6.297906577349823E-4
has 0.0026536027760767503 0.05279818556697083 1.401054117923292E-4
results 2.0412329046744235E-4 0.08961215868968714 1.8291928697629546E-5
those 6.12369871402327E-4 0.3364722366212129 2.060454602701855E-4
given 8.164931618697694E-4 0.3526016185510966 2.878968104111832E-4
actual 6.12369871402327E-4 1.293584963015623 7.92152457449861E-4
reflection 2.0412329046744235E-4 3.0853444322436783 6.297906577349823E-4
involves 2.0412329046744235E-4 1.6094379124341003 3.285237624890999E-4
adapt 2.0412329046744235E-4 2.392197251683733 4.883031744608559E-4
uncomfortable 2.0412329046744235E-4 3.5553480614894135 7.257293450682617E-4
develop 0.001224739742804654 1.157452788691043 0.0014175784307299977
significant 2.0412329046744235E-4 0.377294231141468 7.70145399349802E-5
mentally 2.0412329046744235E-4 4.471638793363569 9.127656242832352E-4
intrinsic 4.082465809348847E-4 2.7668907011251433 0.0011295736685548656
surprising 2.0412329046744235E-4 2.6798793241355137 5.470257856982065E-4
improving 2.0412329046744235E-4 1.3361445774344192 2.7273822768614394E-4
involved 0.0010206164523372118 1.1043429633770947 0.0011271105974454939
colleagues 2.0412329046744235E-4 2.6798793241355137 5.470257856982065E-4
parties 4.082465809348847E-4 3.5553480614894135 0.0014514586901365233
overall 0.001224739742804654 0.7339691750802005 8.989212187142689E-4
employees 2.0412329046744235E-4 2.9675613965872945 6.057483969355572E-4
thematic 4.082465809348847E-4 2.6798793241355137 0.001094051571396413
benefits 2.0412329046744235E-4 1.6384254493073527 3.344407938982145E-4
next 8.164931618697694E-4 0.8080771472339223 6.597894649797284E-4
distance 2.0412329046744235E-4 1.4271163556401458 2.9130768639317123E-4
concept 2.0412329046744235E-4 1.3581234841531944 2.7722463444645735E-4
book 4.082465809348847E-4 2.456735772821304 0.001002953979514719
motivation 8.164931618697694E-4 2.120263536200091 0.0017311806786691906
aspects 0.001224739742804654 1.0872485300177945 0.0013315964850187318
show 8.164931618697694E-4 0.6321864807702582 5.161759385754303E-4
impossible 2.0412329046744235E-4 2.2203469947570738 4.5322453454931086E-4
effort 4.082465809348847E-4 1.8689491079191851 7.629920832493101E-4
anything 2.0412329046744235E-4 2.9675613965872945 6.057483969355572E-4
nor 2.0412329046744235E-4 1.6094379124341003 3.285237624890999E-4
negative 4.082465809348847E-4 0.6429973968744738 2.62501488824035E-4
not 0.008981424780567463 0.03488725900044054 3.133372925126319E-4
stronger 4.082465809348847E-4 2.2203469947570738 9.064490690986217E-4
transcribed 2.0412329046744235E-4 2.6798793241355137 5.470257856982065E-4
assembled 2.0412329046744235E-4 3.5553480614894135 7.257293450682617E-4
enhance 2.0412329046744235E-4 1.6990500711237875 3.468156911867294E-4
hours 2.0412329046744235E-4 1.6682784124570338 3.405344789665307E-4
green 2.0412329046744235E-4 2.169053700369523 4.4275437852000886E-4
breaks 2.0412329046744235E-4 2.6798793241355137 5.470257856982065E-4
effectively 2.0412329046744235E-4 1.6384254493073527 3.344407938982145E-4
was 0.014696876913655848 0.058840500022933395 8.647715863750162E-4
start 2.0412329046744235E-4 1.5271998141971284 3.1173705127518443E-4
yet 4.082465809348847E-4 1.4271163556401458 5.826153727863425E-4
way 6.12369871402327E-4 0.9306794693262548 5.699200669481046E-4
manage 4.082465809348847E-4 2.0292917579943643 8.284514219205407E-4
borderline 2.0412329046744235E-4 4.0661736852554045 8.300007522464594E-4
what 0.006531945294958155 0.8209805520698303 0.005362600054344677
clarity 2.0412329046744235E-4 3.0853444322436783 6.297906577349823E-4
detailed 4.082465809348847E-4 1.1394342831883648 4.651701503116411E-4
short 2.0412329046744235E-4 1.157452788691043 2.3626307178833294E-4
risk 6.12369871402327E-4 0.8209805520698303 5.027437550948134E-4
time 0.0022453561951418658 0.20194134366360675 4.5343024705035196E-4
conducts 2.0412329046744235E-4 3.5553480614894135 7.257293450682617E-4
assignments 4.082465809348847E-4 3.2188758248682006 0.0013140950499563996
criteria 0.0010206164523372118 1.121734706088964 0.0011448608961920433
regulate 2.0412329046744235E-4 2.8622008809294686 5.842418617941353E-4
experimental 2.0412329046744235E-4 1.4512139072192063 2.9622655791369795E-4
collected 2.0412329046744235E-4 0.8340526336371831 1.70249568001058E-4
complementary 2.0412329046744235E-4 2.073743520565198 4.232993510033064E-4
three 0.00347009593794652 0.22314355131420976 7.743295309944001E-4
when 0.0014288630332720963 0.14750613710858965 2.1076606649522912E-4
issues 8.164931618697694E-4 1.121734706088964 9.158887169536346E-4
continually 2.0412329046744235E-4 3.5553480614894135 7.257293450682617E-4
required 4.082465809348847E-4 0.5900749954201312 2.408960993754363E-4
put 4.082465809348847E-4 1.906689435902032 7.783994431116686E-4
tips 2.0412329046744235E-4 4.0661736852554045 8.300007522464594E-4
identified 4.082465809348847E-4 0.6321864807702582 2.5808796928771514E-4
sweden 4.082465809348847E-4 3.7784916128036232 0.0015425562820182174
largely 2.0412329046744235E-4 1.79749014393704 3.669096027632252E-4
broad 2.0412329046744235E-4 1.4759065198095778 3.012668952458824E-4
participating 4.082465809348847E-4 2.331572629867298 9.518565543446818E-4
catch 2.0412329046744235E-4 3.0853444322436783 6.297906577349823E-4
plan 8.164931618697694E-4 2.120263536200091 0.0017311806786691906
greater 2.0412329046744235E-4 0.8743265327751228 1.7847040881304816E-4
give 2.0412329046744235E-4 1.157452788691043 2.3626307178833294E-4
having 8.164931618697694E-4 0.8340526336371831 6.80998272004232E-4
depends 2.0412329046744235E-4 1.6682784124570338 3.405344789665307E-4
comprising 2.0412329046744235E-4 2.8622008809294686 5.842418617941353E-4
priority 2.0412329046744235E-4 2.7668907011251433 5.647868342774328E-4
regenerate 2.0412329046744235E-4 5.1647859739235145 0.0010542531075573617
provide 4.082465809348847E-4 0.44628710262841953 1.8219518376338825E-4
light 2.0412329046744235E-4 1.2729656758128876 2.598419423990381E-4
phone 2.0412329046744235E-4 3.2188758248682006 6.570475249781998E-4
comfortable 2.0412329046744235E-4 3.2188758248682006 6.570475249781998E-4
refined 2.0412329046744235E-4 2.5257286443082556 5.155600417040734E-4
completely 6.12369871402327E-4 1.3805963400052528 8.4543560318754E-4
suit 2.0412329046744235E-4 4.471638793363569 9.127656242832352E-4
valuable 2.0412329046744235E-4 1.730798769438368 3.532963399547598E-4
care 6.12369871402327E-4 1.1758019273592397 7.200256750515859E-4
requires 2.0412329046744235E-4 0.8881198549074587 1.8128594711317795E-4
primary 2.0412329046744235E-4 0.9306794693262548 1.899733556493682E-4
participation 2.0412329046744235E-4 2.2744142160273495 4.6426091366143083E-4
study 0.0028577260665441926 0.15415067982725836 4.4052041591786424E-4
clarified 4.082465809348847E-4 3.0853444322436783 0.0012595813154699647
collegial 6.12369871402327E-4 4.0661736852554045 0.0024900022567393783
emphasizes 4.082465809348847E-4 3.7784916128036232 0.0015425562820182174
pattern 2.0412329046744235E-4 1.6682784124570338 3.405344789665307E-4
planned 4.082465809348847E-4 2.392197251683733 9.766063489217117E-4
gain 2.0412329046744235E-4 1.5812670354674039 3.2277343038730435E-4
undefined 2.0412329046744235E-4 4.471638793363569 9.127656242832352E-4
lot 4.082465809348847E-4 2.073743520565198 8.465987020066128E-4
hazards 2.0412329046744235E-4 3.373026504695459 6.88513268972333E-4
ways 8.164931618697694E-4 1.4035858582299516 0.0011460182553418672
freedom 2.0412329046744235E-4 2.8622008809294686 5.842418617941353E-4
low 2.0412329046744235E-4 0.6761496041913742 1.3801788205580203E-4
emphasized 6.12369871402327E-4 2.5257286443082556 0.0015466801251122202
theme 0.0010206164523372118 2.392197251683733 0.0024415158723042796
phases 4.082465809348847E-4 2.392197251683733 9.766063489217117E-4
meant 2.0412329046744235E-4 2.331572629867298 4.759282771723409E-4
means 6.12369871402327E-4 0.6988778552689304 4.2797174235696905E-4
explore 0.0010206164523372118 1.2329603411991883 0.0012583796093071937
initial 2.0412329046744235E-4 0.6988778552689304 1.42657247452323E-4
more 0.00612369871402327 0.05279818556697083 3.233201810592212E-4
csvdisplay 2.0412329046744235E-4 0.2669461739726028 5.4489931408982E-5
continuously 2.0412329046744235E-4 2.2203469947570738 4.5322453454931086E-4
performed 4.082465809348847E-4 0.4643056081310978 1.8955117702841308E-4
great 2.0412329046744235E-4 1.3361445774344192 2.7273822768614394E-4
happened 2.0412329046744235E-4 2.9675613965872945 6.057483969355572E-4
organization 0.0038783425188814043 1.7635885922613586 0.0068398006231814275
foster 0.0010206164523372118 3.0853444322436783 0.0031489532886749116
summarize 2.0412329046744235E-4 2.6798793241355137 5.470257856982065E-4
levels 8.164931618697694E-4 0.9452782687474074 7.718132424963523E-4
small 2.0412329046744235E-4 0.6214911916535102 1.2686082703684633E-4
before 0.001224739742804654 0.5203950747821414 6.373485300454885E-4
tell 4.082465809348847E-4 2.8622008809294686 0.0011684837235882706
section 2.0412329046744235E-4 0.7953381214564925 1.6234703438589357E-4
used 0.0010206164523372118 0.07103577311675174 7.250027874745024E-5
experience 0.0016329863237395388 1.2135422553420867 0.001981697906253663
launched 2.0412329046744235E-4 3.5553480614894135 7.257293450682617E-4
shows 4.082465809348847E-4 0.5596157879354227 2.284612320618178E-4
outlined 2.0412329046744235E-4 2.5257286443082556 5.155600417040734E-4
major 2.0412329046744235E-4 0.7104386776700063 1.4501708056134037E-4
presented 4.082465809348847E-4 0.4373981552111735 1.7856630137218758E-4
few 0.0010206164523372118 0.6988778552689304 7.132862372616151E-4
consider 4.082465809348847E-4 0.8080771472339223 3.298947324898642E-4
potential 4.082465809348847E-4 0.44628710262841953 1.8219518376338825E-4
described 0.002449479485609308 0.44628710262841953 0.0010931711025803296
group 8.164931618697694E-4 0.6321864807702582 5.161759385754303E-4
combination 2.0412329046744235E-4 0.758066726659261 1.5473907463957155E-4
stresses 2.0412329046744235E-4 5.1647859739235145 0.0010542531075573617
kind 2.0412329046744235E-4 1.6990500711237875 3.468156911867294E-4
recurring 2.0412329046744235E-4 3.373026504695459 6.88513268972333E-4
created 2.0412329046744235E-4 1.0704414117014134 2.1850202320910665E-4
helsinki 2.0412329046744235E-4 2.8622008809294686 5.842418617941353E-4
done 0.0010206164523372118 0.9452782687474074 9.647665531204403E-4
both 0.004286589099816289 0.13434805253107854 5.758948975612675E-4
most 0.0014288630332720963 0.0771896386911299 1.1029342127738503E-4
important 0.0032659726474790775 0.2669461739726028 8.71838902543712E-4
effects 2.0412329046744235E-4 1.0216512475319812 2.0854281435639545E-4
transfer 2.0412329046744235E-4 1.906689435902032 3.891997215558343E-4
personally 4.082465809348847E-4 4.0661736852554045 0.0016600015044929187
perceived 2.0412329046744235E-4 1.730798769438368 3.532963399547598E-4
keep 4.082465809348847E-4 1.906689435902032 7.783994431116686E-4
creates 4.082465809348847E-4 2.456735772821304 0.001002953979514719
managing 4.082465809348847E-4 2.5257286443082556 0.0010311200834081469
job 2.0412329046744235E-4 3.2188758248682006 6.570475249781998E-4
appraisers 2.0412329046744235E-4 5.1647859739235145 0.0010542531075573617
perceive 2.0412329046744235E-4 2.456735772821304 5.014769897573595E-4
whp 0.0014288630332720963 4.471638793363569 0.006389359369982646
who 0.003061849357011635 0.44628710262841953 0.0013664638782254117
request 2.0412329046744235E-4 2.6798793241355137 5.470257856982065E-4
part 0.0022453561951418658 0.5496654570822546 0.0012341947393151257
values 2.0412329046744235E-4 0.5900749954201312 1.2044804968771816E-4
contribute 0.0010206164523372118 1.0704414117014134 0.0010925101160455333
their 0.00694019187589304 0.12136085700426753 8.422676338324344E-4
collaborated 2.0412329046744235E-4 4.0661736852554045 8.300007522464594E-4
point 4.082465809348847E-4 0.7703368192510752 3.1448737262750574E-4
relaxed 4.082465809348847E-4 3.7784916128036232 0.0015425562820182174
general 2.0412329046744235E-4 0.4734380916943703 9.663974110928155E-5
highlight 4.082465809348847E-4 1.6094379124341003 6.570475249781998E-4
candidate 4.082465809348847E-4 2.331572629867298 9.518565543446818E-4
alone 2.0412329046744235E-4 1.730798769438368 3.532963399547598E-4
along 2.0412329046744235E-4 1.2135422553420867 2.4771223828170787E-4
patient 4.082465809348847E-4 0.9751312318970885 3.9809399138480853E-4
dialogue 0.006327822004490713 2.8622008809294686 0.018111497715618194
hospital 0.003061849357011635 1.4512139072192063 0.004443398368705469
mentioned 2.0412329046744235E-4 1.0376515888784226 2.1180885668063332E-4
profit 2.0412329046744235E-4 3.373026504695459 6.88513268972333E-4
introduction 2.0412329046744235E-4 0.10219094089654716 2.085955111176713E-5
fuzzy 2.0412329046744235E-4 2.6798793241355137 5.470257856982065E-4
interviewer 8.164931618697694E-4 3.7784916128036232 0.003085112564036435
process 2.0412329046744235E-4 0.5013468798114469 1.0233657477269788E-4
move 2.0412329046744235E-4 1.906689435902032 3.891997215558343E-4
amount 2.0412329046744235E-4 1.121734706088964 2.2897217923840865E-4
assignment 2.0412329046744235E-4 2.9675613965872945 6.057483969355572E-4
clear 0.0022453561951418658 1.0704414117014134 0.002403522255300173
also 0.005715452133088385 0.05279818556697083 3.017655023219398E-4
say 8.164931618697694E-4 2.2744142160273495 0.0018570436546457233
approaches 2.0412329046744235E-4 0.9021060968821986 1.841408648463357E-4
increase 6.12369871402327E-4 0.5013468798114469 3.0700972431809364E-4
recommended 2.0412329046744235E-4 1.6384254493073527 3.344407938982145E-4
contained 4.082465809348847E-4 1.730798769438368 7.065926799095196E-4
third 6.12369871402327E-4 1.0059028905638423 6.159846237378091E-4
various 0.001837109614206981 0.5798184952529422 0.0010651901321242047
neither 2.0412329046744235E-4 1.8325814637483102 3.74072558429947E-4
organizations 8.164931618697694E-4 2.5998366164619773 0.0021227488193198427
suggestions 8.164931618697694E-4 2.6798793241355137 0.002188103142792826
further 6.12369871402327E-4 0.27443684570176036 1.6805685591044726E-4
clinic 2.0412329046744235E-4 2.5998366164619773 5.306872048299607E-4
front 2.0412329046744235E-4 3.373026504695459 6.88513268972333E-4
account 4.082465809348847E-4 1.0539121097502027 4.302560154113912E-4
been 0.0014288630332720963 0.05279818556697083 7.544137558048495E-5
mostly 2.0412329046744235E-4 1.1758019273592397 2.4000855835052862E-4
coherence 2.0412329046744235E-4 2.456735772821304 5.014769897573595E-4
bae 2.0412329046744235E-4 4.0661736852554045 8.300007522464594E-4
areas 8.164931618697694E-4 1.1758019273592397 9.600342334021145E-4
conducting 2.0412329046744235E-4 2.169053700369523 4.4275437852000886E-4
offer 2.0412329046744235E-4 1.5271998141971284 3.1173705127518443E-4
evaluation 2.0412329046744235E-4 0.7953381214564925 1.6234703438589357E-4
analyzing 2.0412329046744235E-4 1.6094379124341003 3.285237624890999E-4
depending 0.0010206164523372118 1.2729656758128876 0.0012992097119951904
qualitative 4.082465809348847E-4 1.6990500711237875 6.936313823734589E-4
draft 2.0412329046744235E-4 3.2188758248682006 6.570475249781998E-4
honest 6.12369871402327E-4 4.471638793363569 0.0027382968728497056
promotes 2.0412329046744235E-4 2.9675613965872945 6.057483969355572E-4
prevention 2.0412329046744235E-4 2.331572629867298 4.759282771723409E-4
you 0.0020412329046744235 2.2744142160273495 0.004642609136614308
knowledge 4.082465809348847E-4 0.8080771472339223 3.298947324898642E-4
gaining 2.0412329046744235E-4 2.456735772821304 5.014769897573595E-4
promoting 8.164931618697694E-4 2.169053700369523 0.0017710175140800354
employers 6.12369871402327E-4 5.1647859739235145 0.003162759322672085
happen 2.0412329046744235E-4 3.5553480614894135 7.257293450682617E-4
going 4.082465809348847E-4 2.2203469947570738 9.064490690986217E-4
past 2.0412329046744235E-4 1.293584963015623 2.640508191499537E-4
documentation 0.0010206164523372118 2.392197251683733 0.0024415158723042796
impact 2.0412329046744235E-4 0.7827593392496325 1.5977941197175597E-4
active 6.12369871402327E-4 1.1944940603713923 7.314721741404729E-4
opportunity 8.164931618697694E-4 1.6384254493073527 0.001337763175592858
personal 0.005511328842620943 1.8325814637483102 0.010099959077608568
empowering 0.001224739742804654 4.0661736852554045 0.004980004513478757
cwds 2.0412329046744235E-4 5.1647859739235145 0.0010542531075573617
easy 2.0412329046744235E-4 1.5538680612792897 3.1718066162059395E-4
astonishing 2.0412329046744235E-4 5.1647859739235145 0.0010542531075573617
disregarded 2.0412329046744235E-4 4.0661736852554045 8.300007522464594E-4
trying 2.0412329046744235E-4 2.5998366164619773 5.306872048299607E-4
switched 2.0412329046744235E-4 3.373026504695459 6.88513268972333E-4
evaluating 4.082465809348847E-4 1.4512139072192063 5.924531158273959E-4
formed 2.0412329046744235E-4 1.9867321435755685 4.0553830242408013E-4
attitude 2.0412329046744235E-4 2.8622008809294686 5.842418617941353E-4
kira 2.0412329046744235E-4 4.471638793363569 9.127656242832352E-4
deal 2.0412329046744235E-4 1.8689491079191851 3.8149604162465505E-4
sustainable 6.12369871402327E-4 3.2188758248682006 0.0019711425749345994
affect 4.082465809348847E-4 0.990398704027877 4.043268846817216E-4
existed 2.0412329046744235E-4 3.2188758248682006 6.570475249781998E-4
characteristic 2.0412329046744235E-4 1.9459101490553132 3.9720558257916175E-4
how 0.007756685037762809 0.5496654570822546 0.004263581826724979
see 0.001224739742804654 1.0376515888784226 0.0012708531400837998
involvement 2.0412329046744235E-4 2.2744142160273495 4.6426091366143083E-4
responsibility 4.082465809348847E-4 2.7668907011251433 0.0011295736685548656
offered 2.0412329046744235E-4 2.120263536200091 4.3279516966729766E-4
systems 2.0412329046744235E-4 0.8743265327751228 1.7847040881304816E-4
handing 2.0412329046744235E-4 4.471638793363569 9.127656242832352E-4
term 2.0412329046744235E-4 1.1944940603713923 2.438240580468243E-4
indicate 2.0412329046744235E-4 1.0704414117014134 2.1850202320910665E-4
compared 2.0412329046744235E-4 0.2669461739726028 5.4489931408982E-5
set 2.0412329046744235E-4 0.5596157879354227 1.142306160309089E-4
emotional 2.0412329046744235E-4 2.5257286443082556 5.155600417040734E-4
motivator 2.0412329046744235E-4 5.1647859739235145 0.0010542531075573617
staff 8.164931618697694E-4 2.2744142160273495 0.0018570436546457233
procedure 2.0412329046744235E-4 1.1394342831883648 2.3258507515582056E-4
familiar 4.082465809348847E-4 2.392197251683733 9.766063489217117E-4
partly 2.0412329046744235E-4 2.331572629867298 4.759282771723409E-4
lasted 2.0412329046744235E-4 3.5553480614894135 7.257293450682617E-4
partner 2.0412329046744235E-4 3.0853444322436783 6.297906577349823E-4
meet 4.082465809348847E-4 1.8325814637483102 7.48145116859894E-4
interview 0.001837109614206981 2.7668907011251433 0.005083081508496895
phenomena 2.0412329046744235E-4 2.169053700369523 4.4275437852000886E-4
did 0.0022453561951418658 0.5108256237659907 0.0011469854789601752
sfs 2.0412329046744235E-4 4.0661736852554045 8.300007522464594E-4
clarify 4.082465809348847E-4 2.2203469947570738 9.064490690986217E-4
rooms 2.0412329046744235E-4 3.7784916128036232 7.712781410091087E-4
sometimes 0.0010206164523372118 1.9459101490553132 0.001986027912895809
questions 0.0022453561951418658 1.1944940603713923 0.0026820646385150673
inconvenient 2.0412329046744235E-4 4.471638793363569 9.127656242832352E-4
developed 2.0412329046744235E-4 0.48265474679929443 9.852107507640222E-5
down 2.0412329046744235E-4 1.6384254493073527 3.344407938982145E-4
meaningful 2.0412329046744235E-4 1.730798769438368 3.532963399547598E-4
later 2.0412329046744235E-4 1.3361445774344192 2.7273822768614394E-4
prior 4.082465809348847E-4 0.8209805520698303 3.351625033965423E-4
contact 4.082465809348847E-4 2.2744142160273495 9.285218273228617E-4
useless 2.0412329046744235E-4 4.471638793363569 9.127656242832352E-4
talk 0.001224739742804654 2.456735772821304 0.0030088619385441567
criticism 2.0412329046744235E-4 3.5553480614894135 7.257293450682617E-4
which 0.00347009593794652 0.023122417420854212 8.023700676761004E-5
needs 6.12369871402327E-4 1.1394342831883648 6.977552254674616E-4
image 2.0412329046744235E-4 1.906689435902032 3.891997215558343E-4
commonly 4.082465809348847E-4 1.0216512475319812 4.170856287127909E-4
transcripts 2.0412329046744235E-4 2.9675613965872945 6.057483969355572E-4
finally 2.0412329046744235E-4 2.073743520565198 4.232993510033064E-4
prerequisite 2.0412329046744235E-4 2.9675613965872945 6.057483969355572E-4
varied 4.082465809348847E-4 1.7635885922613586 7.19979012966466E-4
regarding 2.0412329046744235E-4 0.758066726659261 1.5473907463957155E-4
take 0.0010206164523372118 0.8743265327751228 8.923520440652407E-4
adjust 2.0412329046744235E-4 2.2203469947570738 4.5322453454931086E-4
parts 6.12369871402327E-4 1.4035858582299516 8.595136915064002E-4
final 2.0412329046744235E-4 0.6988778552689304 1.42657247452323E-4
western 2.0412329046744235E-4 2.5998366164619773 5.306872048299607E-4
carry 2.0412329046744235E-4 2.392197251683733 4.883031744608559E-4
methodological 2.0412329046744235E-4 2.2203469947570738 4.5322453454931086E-4
little 2.0412329046744235E-4 1.252762968495368 2.557180993050353E-4
duties 2.0412329046744235E-4 4.0661736852554045 8.300007522464594E-4
some 0.005919575423555827 0.2160260835453457 0.0012787826950020464
identifying 2.0412329046744235E-4 1.0216512475319812 2.0854281435639545E-4
booked 4.082465809348847E-4 5.1647859739235145 0.0021085062151147234
blank 2.0412329046744235E-4 3.7784916128036232 7.712781410091087E-4
trained 2.0412329046744235E-4 1.3805963400052528 2.8181186772918E-4
relates 2.0412329046744235E-4 2.0292917579943643 4.1422571096027036E-4
rather 2.0412329046744235E-4 0.758066726659261 1.5473907463957155E-4
importance 0.001224739742804654 0.9600933545325481 0.0011758644880986505
additional 2.0412329046744235E-4 0.5300569856938783 1.0819697605508844E-4
for 0.017962849561134926 0.017291497110061043 3.1060456127482585E-4
training 0.001224739742804654 1.0059028905638423 0.0012319692474756182
primarily 4.082465809348847E-4 1.4512139072192063 5.924531158273959E-4
content 0.0026536027760767503 1.293584963015623 0.003432660648949398
getting 4.082465809348847E-4 2.5257286443082556 0.0010311200834081469
incentives 2.0412329046744235E-4 3.5553480614894135 7.257293450682617E-4
related 6.12369871402327E-4 0.27443684570176036 1.6805685591044726E-4
just 0.0010206164523372118 1.3146383722134554 0.0013417415515548637
reporting 2.0412329046744235E-4 1.6384254493073527 3.344407938982145E-4
notice 0.0014288630332720963 2.6798793241355137 0.0038291804998874454
sit 4.082465809348847E-4 3.7784916128036232 0.0015425562820182174
over 6.12369871402327E-4 0.3364722366212129 2.060454602701855E-4
digital 2.0412329046744235E-4 1.730798769438368 3.532963399547598E-4
practical 0.001224739742804654 1.5538680612792897 0.0019030839697235637
six 4.082465809348847E-4 0.9162907318741551 3.74072558429947E-4
eriksson 2.0412329046744235E-4 5.1647859739235145 0.0010542531075573617
considerations 4.082465809348847E-4 2.392197251683733 9.766063489217117E-4
approximately 2.0412329046744235E-4 0.9452782687474074 1.9295331062408808E-4
although 4.082465809348847E-4 0.4285875255290187 1.749693919285645E-4
management 0.0014288630332720963 0.9452782687474074 0.0013506731743686163
comprehensive 6.12369871402327E-4 1.3805963400052528 8.4543560318754E-4
promotion 4.082465809348847E-4 2.9675613965872945 0.0012114967938711143
withdraw 2.0412329046744235E-4 4.471638793363569 9.127656242832352E-4
big 2.0412329046744235E-4 1.6682784124570338 3.405344789665307E-4
very 4.082465809348847E-4 0.5596157879354227 2.284612320618178E-4
answers 8.164931618697694E-4 2.2744142160273495 0.0018570436546457233
recommendation 2.0412329046744235E-4 2.5998366164619773 5.306872048299607E-4
sick 6.12369871402327E-4 4.471638793363569 0.0027382968728497056
bit 2.0412329046744235E-4 3.2188758248682006 6.570475249781998E-4
collaborate 2.0412329046744235E-4 3.2188758248682006 6.570475249781998E-4
improved 4.082465809348847E-4 0.8607208807193443 3.5138635669293504E-4
executive 2.0412329046744235E-4 5.1647859739235145 0.0010542531075573617
balance 4.082465809348847E-4 2.2744142160273495 9.285218273228617E-4
context 2.0412329046744235E-4 0.9162907318741551 1.870362792149735E-4
guidelines 2.0412329046744235E-4 1.5812670354674039 3.2277343038730435E-4
action 8.164931618697694E-4 1.6990500711237875 0.0013872627647469177
model 4.082465809348847E-4 0.48265474679929443 1.9704215015280444E-4
usually 2.0412329046744235E-4 0.9600933545325481 1.9597741468310842E-4
anticipated 2.0412329046744235E-4 2.7668907011251433 5.647868342774328E-4
tasks 4.082465809348847E-4 1.293584963015623 5.281016382999074E-4
encouraging 4.082465809348847E-4 3.0853444322436783 0.0012595813154699647
large 2.0412329046744235E-4 0.34450440831847723 7.03213734065069E-5
issue 2.0412329046744235E-4 1.3805963400052528 2.8181186772918E-4
researchers 6.12369871402327E-4 1.1043429633770947 6.762663584672962E-4
made 8.164931618697694E-4 0.6109090823229731 4.988030882408436E-4
templates 0.0014288630332720963 3.7784916128036232 0.0053989469870637605
signed 2.0412329046744235E-4 3.0853444322436783 6.297906577349823E-4
being 8.164931618697694E-4 0.48265474679929443 3.940843003056089E-4
sensitive 2.0412329046744235E-4 1.906689435902032 3.891997215558343E-4
brackets 2.0412329046744235E-4 4.0661736852554045 8.300007522464594E-4
traditional 8.164931618697694E-4 1.1758019273592397 9.600342334021145E-4
contents 2.0412329046744235E-4 2.331572629867298 4.759282771723409E-4
reached 2.0412329046744235E-4 1.9459101490553132 3.9720558257916175E-4
contrast 2.0412329046744235E-4 1.5538680612792897 3.1718066162059395E-4
gave 4.082465809348847E-4 2.073743520565198 8.465987020066128E-4
evaluate 4.082465809348847E-4 0.758066726659261 3.094781492791431E-4
transferability 2.0412329046744235E-4 3.7784916128036232 7.712781410091087E-4
become 4.082465809348847E-4 0.8607208807193443 3.5138635669293504E-4
machinery 2.0412329046744235E-4 3.373026504695459 6.88513268972333E-4
template 0.001837109614206981 4.471638793363569 0.008214890618549117
works 8.164931618697694E-4 1.3805963400052528 0.00112724747091672
brought 2.0412329046744235E-4 2.456735772821304 5.014769897573595E-4
turned 2.0412329046744235E-4 2.5998366164619773 5.306872048299607E-4
focuses 6.12369871402327E-4 1.5538680612792897 9.515419848617818E-4
deliver 2.0412329046744235E-4 2.8622008809294686 5.842418617941353E-4
phenomenon 2.0412329046744235E-4 1.9867321435755685 4.0553830242408013E-4
emerged 2.0412329046744235E-4 1.79749014393704 3.669096027632252E-4
sandlund 2.0412329046744235E-4 5.1647859739235145 0.0010542531075573617
member 2.0412329046744235E-4 2.5998366164619773 5.306872048299607E-4
ability 8.164931618697694E-4 0.8881198549074587 7.251437884527118E-4
everything 4.082465809348847E-4 3.2188758248682006 0.0013140950499563996
stand 2.0412329046744235E-4 2.5998366164619773 5.306872048299607E-4
together 8.164931618697694E-4 1.1394342831883648 9.303403006232822E-4
table 6.12369871402327E-4 0.18805223150293962 1.1515752082237577E-4
characterized 2.0412329046744235E-4 1.7635885922613586 3.59989506483233E-4
may 0.0014288630332720963 0.15415067982725836 2.2026020795893212E-4
within 6.12369871402327E-4 0.3127557100038969 1.9152217391542981E-4
could 0.004898958971218616 0.22314355131420976 0.0010931711025803296
implementing 8.164931618697694E-4 2.0292917579943643 0.0016569028438410815
knew 6.12369871402327E-4 3.373026504695459 0.002065539806916999
change 4.082465809348847E-4 0.7104386776700063 2.9003416112268073E-4
health 0.00694019187589304 0.990398704027877 0.006873557039589267
willingness 2.0412329046744235E-4 3.2188758248682006 6.570475249781998E-4
lacks 2.0412329046744235E-4 2.9675613965872945 6.057483969355572E-4
systematic 6.12369871402327E-4 2.0292917579943643 0.001242677132880811
positive 6.12369871402327E-4 0.6988778552689304 4.2797174235696905E-4
defining 4.082465809348847E-4 1.906689435902032 7.783994431116686E-4
ethical 0.001224739742804654 1.8325814637483102 0.002244435350579682
off 2.0412329046744235E-4 2.392197251683733 4.883031744608559E-4
places 2.0412329046744235E-4 2.392197251683733 4.883031744608559E-4
able 8.164931618697694E-4 0.7703368192510752 6.289747452550115E-4
report 2.0412329046744235E-4 1.0059028905638423 2.0532820791260305E-4
workplace 0.001837109614206981 2.9675613965872945 0.005451735572420014
fun 4.082465809348847E-4 3.7784916128036232 0.0015425562820182174
improvements 6.12369871402327E-4 1.6990500711237875 0.0010404470735601882
codes 4.082465809348847E-4 1.906689435902032 7.783994431116686E-4
use 2.0412329046744235E-4 0.20895891632225325 4.265338157220928E-5
several 2.0412329046744235E-4 0.3526016185510966 7.19742026027958E-5
sign 2.0412329046744235E-4 2.7668907011251433 5.647868342774328E-4
feel 6.12369871402327E-4 2.392197251683733 0.0014649095233825677
office 2.0412329046744235E-4 2.456735772821304 5.014769897573595E-4
while 0.0016329863237395388 0.20895891632225325 3.4122705257767425E-4
second 4.082465809348847E-4 0.4643056081310978 1.8955117702841308E-4
that 0.021432945499081445 0.017291497110061043 3.7060771515746267E-4
download 2.0412329046744235E-4 0.2595111954850846 5.297227913555514E-5
high 2.0412329046744235E-4 0.2521310881874621 5.146582734996165E-5
individualized 2.0412329046744235E-4 3.7784916128036232 7.712781410091087E-4
find 6.12369871402327E-4 0.9306794693262548 5.699200669481046E-4
continuous 6.12369871402327E-4 1.1758019273592397 7.200256750515859E-4
than 6.12369871402327E-4 0.058840500022933395 3.603214943229234E-5
documented 4.082465809348847E-4 1.730798769438368 7.065926799095196E-4
reviewed 2.0412329046744235E-4 1.3805963400052528 2.8181186772918E-4
credibility 2.0412329046744235E-4 3.0853444322436783 6.297906577349823E-4
expressed 6.12369871402327E-4 1.1758019273592397 7.200256750515859E-4
different 0.004082465809348847 0.18805223150293962 7.677168054825051E-4
directly 6.12369871402327E-4 0.7703368192510752 4.717310589412586E-4
communication 4.082465809348847E-4 1.6384254493073527 6.68881587796429E-4
tolerance 2.0412329046744235E-4 3.0853444322436783 6.297906577349823E-4
likes 2.0412329046744235E-4 4.0661736852554045 8.300007522464594E-4
months 2.0412329046744235E-4 1.3146383722134554 2.6834831031097273E-4
motivated 2.0412329046744235E-4 2.392197251683733 4.883031744608559E-4
level 2.0412329046744235E-4 0.5798184952529422 1.1835445912491166E-4
author 2.0412329046744235E-4 2.0292917579943643 4.1422571096027036E-4
bearing 2.0412329046744235E-4 3.5553480614894135 7.257293450682617E-4
pleasant 2.0412329046744235E-4 5.1647859739235145 0.0010542531075573617
difficult 6.12369871402327E-4 0.7703368192510752 4.717310589412586E-4
ideas 2.0412329046744235E-4 2.2203469947570738 4.5322453454931086E-4
preserve 2.0412329046744235E-4 3.2188758248682006 6.570475249781998E-4
feeling 2.0412329046744235E-4 3.0853444322436783 6.297906577349823E-4
sustainability 2.0412329046744235E-4 3.373026504695459 6.88513268972333E-4
experiences 4.082465809348847E-4 1.79749014393704 7.338192055264504E-4
steps 2.0412329046744235E-4 1.3146383722134554 2.6834831031097273E-4
chosen 2.0412329046744235E-4 1.252762968495368 2.557180993050353E-4
relevant 2.0412329046744235E-4 0.7703368192510752 1.5724368631375287E-4
task 2.0412329046744235E-4 1.2329603411991883 2.516759218614387E-4
specialist 2.0412329046744235E-4 2.9675613965872945 6.057483969355572E-4
strengths 2.0412329046744235E-4 2.331572629867298 4.759282771723409E-4
focused 0.0010206164523372118 1.0704414117014134 0.0010925101160455333
position 2.0412329046744235E-4 1.2729656758128876 2.598419423990381E-4
parents 2.0412329046744235E-4 3.373026504695459 6.88513268972333E-4
problems 6.12369871402327E-4 1.1758019273592397 7.200256750515859E-4
since 2.0412329046744235E-4 0.377294231141468 7.70145399349802E-5
favourable 2.0412329046744235E-4 3.5553480614894135 7.257293450682617E-4
candy 2.0412329046744235E-4 5.1647859739235145 0.0010542531075573617
surveys 6.12369871402327E-4 2.5998366164619773 0.001592061614489882
victimization 2.0412329046744235E-4 5.1647859739235145 0.0010542531075573617
best 6.12369871402327E-4 0.6988778552689304 4.2797174235696905E-4
investigate 2.0412329046744235E-4 0.9600933545325481 1.9597741468310842E-4
digitally 2.0412329046744235E-4 3.7784916128036232 7.712781410091087E-4
preservation 2.0412329046744235E-4 3.7784916128036232 7.712781410091087E-4
total 2.0412329046744235E-4 0.5108256237659907 1.0427140717819774E-4
considerable 2.0412329046744235E-4 1.7635885922613586 3.59989506483233E-4
men 2.0412329046744235E-4 2.392197251683733 4.883031744608559E-4
petra 2.0412329046744235E-4 4.0661736852554045 8.300007522464594E-4
leadership 2.0412329046744235E-4 3.373026504695459 6.88513268972333E-4
unstructured 2.0412329046744235E-4 1.6990500711237875 3.468156911867294E-4
contrasts 2.0412329046744235E-4 3.373026504695459 6.88513268972333E-4
included 4.082465809348847E-4 0.41985384556026406 1.7140389694234091E-4
fulfil 2.0412329046744235E-4 3.373026504695459 6.88513268972333E-4
met 4.082465809348847E-4 1.906689435902032 7.783994431116686E-4
make 6.12369871402327E-4 0.664976303593249 4.0721145351699267E-4
experienced 4.082465809348847E-4 1.6094379124341003 6.570475249781998E-4
hear 2.0412329046744235E-4 5.1647859739235145 0.0010542531075573617
processes 0.0010206164523372118 1.293584963015623 0.0013202540957497684
assessments 2.0412329046744235E-4 3.0853444322436783 6.297906577349823E-4
chance 2.0412329046744235E-4 2.2744142160273495 4.6426091366143083E-4
nature 2.0412329046744235E-4 1.0216512475319812 2.0854281435639545E-4
social 6.12369871402327E-4 1.0704414117014134 6.555060696273199E-4
demanding 2.0412329046744235E-4 2.9675613965872945 6.057483969355572E-4
structure 2.0412329046744235E-4 1.0216512475319812 2.0854281435639545E-4
concerning 2.0412329046744235E-4 2.0292917579943643 4.1422571096027036E-4
due 4.082465809348847E-4 0.20895891632225325 8.530676314441856E-5
perspectives 2.0412329046744235E-4 2.0292917579943643 4.1422571096027036E-4
evident 2.0412329046744235E-4 2.2203469947570738 4.5322453454931086E-4
psychosocial 2.0412329046744235E-4 3.5553480614894135 7.257293450682617E-4
coming 2.0412329046744235E-4 2.456735772821304 5.014769897573595E-4
vary 2.0412329046744235E-4 1.8325814637483102 3.74072558429947E-4
about 0.007756685037762809 0.377294231141468 0.0029265525175292476
facilitated 2.0412329046744235E-4 2.7668907011251433 5.647868342774328E-4
somewhere 2.0412329046744235E-4 3.7784916128036232 7.712781410091087E-4
quotes 4.082465809348847E-4 3.2188758248682006 0.0013140950499563996
reflect 2.0412329046744235E-4 1.252762968495368 2.557180993050353E-4
ongoing 6.12369871402327E-4 2.2203469947570738 0.0013596736036479325
strengthen 8.164931618697694E-4 2.8622008809294686 0.002336967447176541
injury 2.0412329046744235E-4 1.9867321435755685 4.0553830242408013E-4
recent 2.0412329046744235E-4 0.5596157879354227 1.142306160309089E-4
they 0.012043274137579097 0.167573700159399 0.0020181360092681243
goals 0.0028577260665441926 2.6798793241355137 0.007658360999774891
based 0.001224739742804654 0.18805223150293962 2.3031504164475154E-4
august 2.0412329046744235E-4 2.2203469947570738 4.5322453454931086E-4
old 2.0412329046744235E-4 2.456735772821304 5.014769897573595E-4
myself 2.0412329046744235E-4 5.1647859739235145 0.0010542531075573617
them 0.001224739742804654 0.5696661237889241 6.976927419337711E-4
received 4.082465809348847E-4 0.9452782687474074 3.8590662124817615E-4
then 0.0016329863237395388 0.4285875255290187 6.99877567714258E-4
benefit 8.164931618697694E-4 1.293584963015623 0.0010562032765998148
something 4.082465809348847E-4 2.169053700369523 8.855087570400177E-4
quality 4.082465809348847E-4 0.8080771472339223 3.298947324898642E-4
intention 2.0412329046744235E-4 2.5257286443082556 5.155600417040734E-4
secondary 2.0412329046744235E-4 1.4271163556401458 2.9130768639317123E-4
thereby 6.12369871402327E-4 1.730798769438368 0.0010598890198642793
unique 4.082465809348847E-4 1.157452788691043 4.725261435766659E-4
except 2.0412329046744235E-4 1.3805963400052528 2.8181186772918E-4
obtained 2.0412329046744235E-4 0.6004377824556778 1.2256333587582727E-4
conditions 0.001224739742804654 1.0376515888784226 0.0012708531400837998
starting 8.164931618697694E-4 1.3146383722134554 0.001073393241243891
male 4.082465809348847E-4 1.8689491079191851 7.629920832493101E-4
checking 2.0412329046744235E-4 2.8622008809294686 5.842418617941353E-4
strengthening 2.0412329046744235E-4 3.2188758248682006 6.570475249781998E-4
access 2.0412329046744235E-4 1.252762968495368 2.557180993050353E-4
prominent 2.0412329046744235E-4 2.2744142160273495 4.6426091366143083E-4
fact 2.0412329046744235E-4 0.990398704027877 2.021634423408608E-4
activity 4.082465809348847E-4 1.3805963400052528 5.6362373545836E-4
participated 4.082465809348847E-4 3.2188758248682006 0.0013140950499563996
fundamental 2.0412329046744235E-4 1.9459101490553132 3.9720558257916175E-4
seen 2.0412329046744235E-4 0.8472978603872037 1.729532272682596E-4
long 2.0412329046744235E-4 0.7827593392496325 1.5977941197175597E-4
seem 2.0412329046744235E-4 1.6094379124341003 3.285237624890999E-4
into 0.0020412329046744235 0.10854016857520597 2.2155576357461927E-4
current 6.12369871402327E-4 0.4919571394616079 3.012597302275615E-4
min 2.0412329046744235E-4 2.169053700369523 4.4275437852000886E-4
actively 2.0412329046744235E-4 2.2744142160273495 4.6426091366143083E-4
perspective 8.164931618697694E-4 1.5538680612792897 0.0012687226464823758
relationship 0.001224739742804654 0.9162907318741551 0.001122217675289841
free 4.082465809348847E-4 1.6990500711237875 6.936313823734589E-4
mix 2.0412329046744235E-4 2.6798793241355137 5.470257856982065E-4
participants 0.012451520718513982 1.6094379124341003 0.02003994951183509
expression 2.0412329046744235E-4 1.6682784124570338 3.405344789665307E-4
manager 0.004082465809348847 3.5553480614894135 0.014514586901365234
accordance 2.0412329046744235E-4 1.6384254493073527 3.344407938982145E-4
strategies 2.0412329046744235E-4 1.4271163556401458 2.9130768639317123E-4
one 0.0028577260665441926 0.06491954609931569 1.855222791162318E-4
golas 2.0412329046744235E-4 5.1647859739235145 0.0010542531075573617
started 4.082465809348847E-4 1.906689435902032 7.783994431116686E-4
thorough 2.0412329046744235E-4 2.7668907011251433 5.647868342774328E-4
many 0.0016329863237395388 0.20194134366360675 3.29767452400256E-4
gordon 6.12369871402327E-4 5.1647859739235145 0.003162759322672085
people 2.0412329046744235E-4 1.0539121097502027 2.151280077056956E-4
closer 2.0412329046744235E-4 1.6990500711237875 3.468156911867294E-4
everyday 2.0412329046744235E-4 2.7668907011251433 5.647868342774328E-4
actually 4.082465809348847E-4 1.5812670354674039 6.455468607746087E-4
connected 2.0412329046744235E-4 1.4512139072192063 2.9622655791369795E-4
dialogues 0.0010206164523372118 3.0853444322436783 0.0031489532886749116
showed 6.12369871402327E-4 0.5398131606392429 3.3056531576193684E-4
progress 2.0412329046744235E-4 1.79749014393704 3.669096027632252E-4
vast 2.0412329046744235E-4 1.8689491079191851 3.8149604162465505E-4
open 0.001224739742804654 1.0872485300177945 0.0013315964850187318
partially 2.0412329046744235E-4 2.169053700369523 4.4275437852000886E-4
but 0.007144315166360482 0.083381608939051 5.957044933388008E-4
joint 0.0020412329046744235 1.906689435902032 0.003891997215558343
separate 6.12369871402327E-4 1.3146383722134554 8.050449309329182E-4
wished 4.082465809348847E-4 4.471638793363569 0.0018255312485664704
available 2.0412329046744235E-4 0.5696661237889241 1.1628212365562852E-4
descriptions 8.164931618697694E-4 1.8325814637483102 0.001496290233719788
interviews 0.001224739742804654 2.8622008809294686 0.0035054511707648113
zero 2.0412329046744235E-4 2.073743520565198 4.232993510033064E-4
awareness 4.082465809348847E-4 2.0292917579943643 8.284514219205407E-4
confirmability 2.0412329046744235E-4 3.7784916128036232 7.712781410091087E-4
details 8.164931618697694E-4 1.5012243277938677 0.001225739398076234
wood 4.082465809348847E-4 3.7784916128036232 0.0015425562820182174
five 2.0412329046744235E-4 0.9021060968821986 1.841408648463357E-4
beforehand 2.0412329046744235E-4 3.2188758248682006 6.570475249781998E-4
invading 2.0412329046744235E-4 4.471638793363569 9.127656242832352E-4
solutions 6.12369871402327E-4 1.4271163556401458 8.739230591795137E-4
this 0.006531945294958155 0.017291497110061043 1.1294711319084576E-4
felt 0.002449479485609308 2.5998366164619773 0.006368246457959528
finding 2.0412329046744235E-4 0.9751312318970885 1.9904699569240426E-4
look 6.12369871402327E-4 1.6682784124570338 0.001021603436899592
fits 2.0412329046744235E-4 2.8622008809294686 5.842418617941353E-4
enhanced 2.0412329046744235E-4 1.8325814637483102 3.74072558429947E-4
announced 2.0412329046744235E-4 4.0661736852554045 8.300007522464594E-4
achieving 2.0412329046744235E-4 2.2203469947570738 4.5322453454931086E-4
once 4.082465809348847E-4 1.4271163556401458 5.826153727863425E-4
hint 2.0412329046744235E-4 3.7784916128036232 7.712781410091087E-4
know 0.0014288630332720963 1.8689491079191851 0.0026704722913725855
support 8.164931618697694E-4 0.7104386776700063 5.800683222453615E-4
changed 2.0412329046744235E-4 1.79749014393704 3.669096027632252E-4
implements 2.0412329046744235E-4 2.8622008809294686 5.842418617941353E-4
allow 2.0412329046744235E-4 1.252762968495368 2.557180993050353E-4
doing 2.0412329046744235E-4 2.0292917579943643 4.1422571096027036E-4
assessed 4.082465809348847E-4 1.3581234841531944 5.544492688929147E-4
needed 0.0014288630332720963 0.8080771472339223 0.0011546315637145246
idea 2.0412329046744235E-4 1.3805963400052528 2.8181186772918E-4
privacy 4.082465809348847E-4 2.5998366164619773 0.0010613744096599213
learning 2.0412329046744235E-4 0.9306794693262548 1.899733556493682E-4
life 4.082465809348847E-4 1.4271163556401458 5.826153727863425E-4
expects 2.0412329046744235E-4 5.1647859739235145 0.0010542531075573617
common 8.164931618697694E-4 0.3526016185510966 2.878968104111832E-4
interest 2.0412329046744235E-4 1.0539121097502027 2.151280077056956E-4
ranged 2.0412329046744235E-4 1.8689491079191851 3.8149604162465505E-4
themselves 4.082465809348847E-4 1.6094379124341003 6.570475249781998E-4
throughout 4.082465809348847E-4 1.4759065198095778 6.025337904917648E-4
vaandrager 4.082465809348847E-4 5.1647859739235145 0.0021085062151147234
emphasize 4.082465809348847E-4 2.7668907011251433 0.0011295736685548656
successful 2.0412329046744235E-4 1.3361445774344192 2.7273822768614394E-4
characteristics 2.0412329046744235E-4 0.7703368192510752 1.5724368631375287E-4
cases 2.0412329046744235E-4 0.6004377824556778 1.2256333587582727E-4
previous 4.082465809348847E-4 0.32850406697203605 1.341106621645381E-4
reading 2.0412329046744235E-4 1.9459101490553132 3.9720558257916175E-4
functioning 2.0412329046744235E-4 2.9675613965872945 6.057483969355572E-4
healthy 2.0412329046744235E-4 2.456735772821304 5.014769897573595E-4
deeper 4.082465809348847E-4 2.169053700369523 8.855087570400177E-4
step 4.082465809348847E-4 1.0872485300177945 4.4386549500624394E-4
unconsciously 2.0412329046744235E-4 4.471638793363569 9.127656242832352E-4
mark 2.0412329046744235E-4 2.9675613965872945 6.057483969355572E-4
compromise 2.0412329046744235E-4 3.0853444322436783 6.297906577349823E-4
reach 6.12369871402327E-4 1.730798769438368 0.0010598890198642793
tested 4.082465809348847E-4 1.3581234841531944 5.544492688929147E-4
discussions 6.12369871402327E-4 2.2203469947570738 0.0013596736036479325
whole 2.0412329046744235E-4 1.252762968495368 2.557180993050353E-4
foreground 2.0412329046744235E-4 4.0661736852554045 8.300007522464594E-4
during 0.0026536027760767503 0.28958865072236245 7.684532474771814E-4
none 2.0412329046744235E-4 1.6384254493073527 3.344407938982145E-4
type 2.0412329046744235E-4 0.5203950747821414 1.0622475500758143E-4
relation 0.0016329863237395388 1.3361445774344192 0.0021819058214891515
preparation 6.12369871402327E-4 2.169053700369523 0.0013282631355600264
feedback 0.001837109614206981 1.79749014393704 0.0033021864248690266
positively 4.082465809348847E-4 1.9867321435755685 8.110766048481603E-4
problem 4.082465809348847E-4 0.9162907318741551 3.74072558429947E-4
children 2.0412329046744235E-4 2.392197251683733 4.883031744608559E-4
terms 2.0412329046744235E-4 0.5696661237889241 1.1628212365562852E-4
enable 2.0412329046744235E-4 1.5012243277938677 3.064348495190585E-4
weather 2.0412329046744235E-4 2.8622008809294686 5.842418617941353E-4
voluntary 2.0412329046744235E-4 3.5553480614894135 7.257293450682617E-4
emphasizing 2.0412329046744235E-4 4.0661736852554045 8.300007522464594E-4
between 0.003674219228413962 0.058840500022933395 2.1619289659375405E-4
guide 2.0412329046744235E-4 2.073743520565198 4.232993510033064E-4
attempts 2.0412329046744235E-4 1.8325814637483102 3.74072558429947E-4
kluger 4.082465809348847E-4 5.1647859739235145 0.0021085062151147234
phase 0.001224739742804654 1.5538680612792897 0.0019030839697235637
efficiency 6.12369871402327E-4 1.6384254493073527 0.0010033223816946434
still 8.164931618697694E-4 0.5300569856938783 4.3278790422035377E-4
method 4.082465809348847E-4 0.4734380916943703 1.932794822185631E-4
relating 2.0412329046744235E-4 2.392197251683733 4.883031744608559E-4
work 0.01224739742804654 0.5696661237889241 0.00697692741933771
come 6.12369871402327E-4 1.8689491079191851 0.0011444881248739653
focusing 2.0412329046744235E-4 1.6682784124570338 3.405344789665307E-4
agree 2.0412329046744235E-4 2.5998366164619773 5.306872048299607E-4
samples 2.0412329046744235E-4 1.6682784124570338 3.405344789665307E-4
provisions 2.0412329046744235E-4 4.471638793363569 9.127656242832352E-4
insight 2.0412329046744235E-4 1.5271998141971284 3.1173705127518443E-4
among 8.164931618697694E-4 0.32850406697203605 2.682213243290762E-4
seventeen 2.0412329046744235E-4 5.1647859739235145 0.0010542531075573617
following 6.12369871402327E-4 0.2160260835453457 1.322878650002117E-4
stated 4.082465809348847E-4 1.9459101490553132 7.944111651583235E-4
managerial 2.0412329046744235E-4 3.5553480614894135 7.257293450682617E-4
mitigates 2.0412329046744235E-4 5.1647859739235145 0.0010542531075573617
specifies 2.0412329046744235E-4 3.373026504695459 6.88513268972333E-4
internal 2.0412329046744235E-4 1.3805963400052528 2.8181186772918E-4
south 2.0412329046744235E-4 2.2744142160273495 4.6426091366143083E-4
requests 2.0412329046744235E-4 3.373026504695459 6.88513268972333E-4
distribution 2.0412329046744235E-4 0.9751312318970885 1.9904699569240426E-4
our 4.082465809348847E-4 0.19497267434751336 7.959692767810302E-5
tools 2.0412329046744235E-4 1.252762968495368 2.557180993050353E-4
out 0.0022453561951418658 0.368995428326773 8.285261709725461E-4
naturally 2.0412329046744235E-4 2.2744142160273495 4.6426091366143083E-4
feature 4.082465809348847E-4 1.4035858582299516 5.730091276709336E-4
get 0.0026536027760767503 1.3805963400052528 0.0036635542804793397
collective 0.0010206164523372118 2.9675613965872945 0.003028741984677786
place 6.12369871402327E-4 1.3805963400052528 8.4543560318754E-4
believed 4.082465809348847E-4 2.456735772821304 0.001002953979514719
dare 6.12369871402327E-4 4.471638793363569 0.0027382968728497056
informed 6.12369871402327E-4 1.4035858582299516 8.595136915064002E-4
clarifying 2.0412329046744235E-4 3.0853444322436783 6.297906577349823E-4
ogaard 2.0412329046744235E-4 5.1647859739235145 0.0010542531075573617
nice 4.082465809348847E-4 4.471638793363569 0.0018255312485664704
lead 4.082465809348847E-4 0.7703368192510752 3.1448737262750574E-4
lots 2.0412329046744235E-4 3.5553480614894135 7.257293450682617E-4
help 2.0412329046744235E-4 0.8743265327751228 1.7847040881304816E-4
highlights 6.12369871402327E-4 1.7635885922613586 0.0010799685194496991
culture 0.0014288630332720963 2.0292917579943643 0.0028995799767218924
unified 2.0412329046744235E-4 2.9675613965872945 6.057483969355572E-4
connecting 2.0412329046744235E-4 2.7668907011251433 5.647868342774328E-4
first 6.12369871402327E-4 0.167573700159399 1.0261708521702328E-4
span 2.0412329046744235E-4 2.9675613965872945 6.057483969355572E-4
data 6.12369871402327E-4 0.167573700159399 1.0261708521702328E-4
prepared 8.164931618697694E-4 2.392197251683733 0.0019532126978434234
obliged 4.082465809348847E-4 3.5553480614894135 0.0014514586901365233
own 0.0010206164523372118 1.3361445774344192 0.0013636911384307198
describing 2.0412329046744235E-4 1.6990500711237875 3.468156911867294E-4
should 0.0038783425188814043 0.368995428326773 0.0014310906589525794
only 0.0010206164523372118 0.10854016857520597 1.1077788178730963E-4
create 0.0020412329046744235 1.0704414117014134 0.0021850202320910666
from 0.004898958971218616 0.023122417420854212 1.1327577426015535E-4
inserting 2.0412329046744235E-4 3.7784916128036232 7.712781410091087E-4
swedish 0.0014288630332720963 2.9675613965872945 0.0042402387785489
development 0.005307205552153501 0.6004377824556778 0.003186646732771509
individual 0.004082465809348847 0.7221347174331975 0.0029480902936648195
like 0.0014288630332720963 0.7827593392496325 0.0011184558838022917
insights 2.0412329046744235E-4 1.6990500711237875 3.468156911867294E-4
goes 2.0412329046744235E-4 2.7668907011251433 5.647868342774328E-4
patients 2.0412329046744235E-4 0.9452782687474074 1.9295331062408808E-4
commitment 8.164931618697694E-4 2.9675613965872945 0.0024229935877422286
published 2.0412329046744235E-4 0.03488725900044054 7.121302102559817E-6
failed 2.0412329046744235E-4 2.2744142160273495 4.6426091366143083E-4
towards 2.0412329046744235E-4 1.5012243277938677 3.064348495190585E-4
accidents 2.0412329046744235E-4 2.8622008809294686 5.842418617941353E-4
sent 4.082465809348847E-4 2.331572629867298 9.518565543446818E-4
addressed 2.0412329046744235E-4 1.4271163556401458 2.9130768639317123E-4
purposes 6.12369871402327E-4 1.906689435902032 0.0011675991646675028
techniques 2.0412329046744235E-4 0.9751312318970885 1.9904699569240426E-4
seems 2.0412329046744235E-4 1.4271163556401458 2.9130768639317123E-4
here 4.082465809348847E-4 1.3361445774344192 5.454764553722879E-4
challenges 2.0412329046744235E-4 1.3581234841531944 2.7722463444645735E-4
purpose 6.12369871402327E-4 1.0539121097502027 6.453840231170867E-4
line 6.12369871402327E-4 1.0059028905638423 6.159846237378091E-4
according 0.0010206164523372118 0.4919571394616079 5.020995503792692E-4
link 8.164931618697694E-4 1.6384254493073527 0.001337763175592858
network 2.0412329046744235E-4 1.0704414117014134 2.1850202320910665E-4
empowerment 0.0010206164523372118 4.0661736852554045 0.004150003761232297
aware 8.164931618697694E-4 2.169053700369523 0.0017710175140800354
can 0.003061849357011635 0.0958817717032825 2.935755410388319E-4
security 2.0412329046744235E-4 2.073743520565198 4.232993510033064E-4
operations 4.082465809348847E-4 1.9459101490553132 7.944111651583235E-4
ready 2.0412329046744235E-4 2.8622008809294686 5.842418617941353E-4
talks 2.0412329046744235E-4 4.0661736852554045 8.300007522464594E-4
appraisal 0.0014288630332720963 4.471638793363569 0.006389359369982646
studies 4.082465809348847E-4 0.24480504809538922 9.994082388054265E-5
said 0.003061849357011635 2.169053700369523 0.006641315677800132
value 4.082465809348847E-4 0.6214911916535102 2.5372165407369266E-4
carried 6.12369871402327E-4 1.121734706088964 6.86916537715226E-4
listening 2.0412329046744235E-4 4.0661736852554045 8.300007522464594E-4
monetary 4.082465809348847E-4 3.373026504695459 0.001377026537944666
will 8.164931618697694E-4 0.3526016185510966 2.878968104111832E-4
implementation 0.0014288630332720963 1.4035858582299516 0.0020055319468482674
confidence 2.0412329046744235E-4 1.906689435902032 3.891997215558343E-4
resources 0.0014288630332720963 1.3805963400052528 0.00197268307410426
follow 4.082465809348847E-4 1.4512139072192063 5.924531158273959E-4
instead 2.0412329046744235E-4 1.0376515888784226 2.1180885668063332E-4
really 6.12369871402327E-4 2.5998366164619773 0.001592061614489882
factors 6.12369871402327E-4 0.6321864807702582 3.871319539315727E-4
ineffective 2.0412329046744235E-4 3.5553480614894135 7.257293450682617E-4
performance 0.004898958971218616 0.7703368192510752 0.0037738484715300687
challenge 2.0412329046744235E-4 1.4271163556401458 2.9130768639317123E-4
aiming 2.0412329046744235E-4 2.5998366164619773 5.306872048299607E-4
