sufficiently 2.4588148512417015E-4 2.120263536200091 5.21333547135503E-4
numerous 2.4588148512417015E-4 1.6384254493073527 4.028584827409276E-4
leading 2.4588148512417015E-4 1.0704414117014134 2.632017240475568E-4
allowed 2.4588148512417015E-4 1.4512139072192063 3.568266307399081E-4
accuracy 0.0034423407917383822 1.0539121097502027 0.0036279246463001816
weidong 0.0024588148512417014 5.1647859739235145 0.012699252456167973
scenarios 2.4588148512417015E-4 1.9867321435755685 4.885006500062869E-4
categorisation 2.4588148512417015E-4 4.0661736852554045 9.99796824503419E-4
without 9.835259404966806E-4 0.32850406697203605 3.230922714256563E-4
these 2.4588148512417015E-4 0.03488725900044054 8.578131054939892E-6
score 2.4588148512417015E-4 1.121734706088964 2.75813795448479E-4
introduced 2.4588148512417015E-4 1.0059028905638423 2.473328966225331E-4
mueller 2.4588148512417015E-4 4.471638793363569 0.0010994931874510866
because 0.0014752889107450208 0.34450440831847723 5.082435332950242E-4
calculate 0.0024588148512417014 1.6682784124570338 0.004101987736555283
successfully 2.4588148512417015E-4 1.5538680612792897 3.8206738659436675E-4
dealing 2.4588148512417015E-4 2.169053700369523 5.333301451609351E-4
excellent 2.4588148512417015E-4 2.169053700369523 5.333301451609351E-4
carriers 2.4588148512417015E-4 3.7784916128036232 9.290611292853757E-4
proportional 2.4588148512417015E-4 2.7668907011251433 6.803271947689066E-4
inspired 4.917629702483403E-4 2.2744142160273495 0.0011184726904486597
analysis 9.835259404966806E-4 0.15415067982725836 1.5161119235530696E-4
normalise 2.4588148512417015E-4 4.0661736852554045 9.99796824503419E-4
contains 2.4588148512417015E-4 1.2135422553420867 2.9838757200444717E-4
advancement 2.4588148512417015E-4 3.373026504695459 8.293647663377081E-4
correlation 4.917629702483403E-4 1.3805963400052528 6.789261568749706E-4
selection 7.376444553725104E-4 1.1043429633770947 8.146124637647612E-4
size 0.0017211703958691911 0.127833371509885 2.2002301464696213E-4
cellular 2.4588148512417015E-4 2.9675613965872945 7.296684033900404E-4
detail 4.917629702483403E-4 1.6990500711237875 8.355299095764876E-4
metrics 4.917629702483403E-4 2.073743520565198 0.001019790273206392
atec 0.0022129333661175315 5.1647859739235145 0.011429327210551177
much 4.917629702483403E-4 0.7827593392496325 3.8493205765902756E-4
usefulness 2.4588148512417015E-4 2.5998366164619773 6.392516883358685E-4
statistical 0.0014752889107450208 0.653926467406664 9.647304658077167E-4
achieve 4.917629702483403E-4 1.0376515888784226 5.102786274297627E-4
least 2.4588148512417015E-4 0.653926467406664 1.607884109679528E-4
datasets 7.376444553725104E-4 1.4512139072192063 0.0010704798922197244
manual 2.4588148512417015E-4 1.4512139072192063 3.568266307399081E-4
matrix 0.0012294074256208507 1.5012243277938677 0.001845616336112451
result 0.0014752889107450208 0.4285875255290187 6.322904236966098E-4
vocabulary 2.4588148512417015E-4 2.120263536200091 5.21333547135503E-4
same 4.917629702483403E-4 0.2972515234679317 1.4617729209143434E-4
quora 4.917629702483403E-4 5.1647859739235145 0.0025398504912335943
after 4.917629702483403E-4 0.12136085700426753 5.9680775512302695E-5
combed 2.4588148512417015E-4 5.1647859739235145 0.0012699252456167972
address 4.917629702483403E-4 1.0872485300177945 5.346685665196925E-4
sets 4.917629702483403E-4 1.3146383722134554 6.46490470722132E-4
namely 2.4588148512417015E-4 2.073743520565198 5.09895136603196E-4
representing 2.4588148512417015E-4 1.3361445774344192 3.2853321304018173E-4
combines 2.4588148512417015E-4 2.2744142160273495 5.592363452243299E-4
attentional 2.4588148512417015E-4 5.1647859739235145 0.0012699252456167972
textual 0.0012294074256208507 1.9459101490553132 0.0023923163868395784
the 0.14900417998524712 0.017291497110061043 0.002576505347601916
fast 4.917629702483403E-4 2.0292917579943643 9.979305424117847E-4
information 0.0051635111876075735 0.3049735695618419 0.0015747344383571873
shallow 4.917629702483403E-4 3.2188758248682006 0.0015829239364977628
combined 9.835259404966806E-4 0.9600933545325481 9.442767194812374E-4
novel 4.917629702483403E-4 1.3805963400052528 6.789261568749706E-4
november 0.0024588148512417014 1.1758019273592397 0.0028910792411095147
inputs 2.4588148512417015E-4 1.906689435902032 4.688196301701579E-4
achieves 2.4588148512417015E-4 2.5257286443082556 6.210299100831708E-4
analyses 7.376444553725104E-4 0.9021060968821986 6.654335605228905E-4
compute 0.0014752889107450208 2.2203469947570738 0.0032756532993711437
syntactic 7.376444553725104E-4 2.2203469947570738 0.0016378266496855718
belonging 9.835259404966806E-4 2.120263536200091 0.002085334188542012
assessment 2.4588148512417015E-4 1.3146383722134554 3.23245235361066E-4
scholarship 2.4588148512417015E-4 4.471638793363569 0.0010994931874510866
layers 4.917629702483403E-4 1.730798769438368 8.511427437611842E-4
helped 2.4588148512417015E-4 2.5998366164619773 6.392516883358685E-4
sewn 2.4588148512417015E-4 5.1647859739235145 0.0012699252456167972
weighted 0.003934103761986722 1.9459101490553132 0.007655412437886652
others 2.4588148512417015E-4 1.1758019273592397 2.891079241109515E-4
predicted 4.917629702483403E-4 1.5271998141971284 7.510203167922933E-4
area 2.4588148512417015E-4 0.9600933545325481 2.3606917987030934E-4
add 2.4588148512417015E-4 1.7635885922613586 4.336337822132674E-4
che 2.4588148512417015E-4 4.471638793363569 0.0010994931874510866
making 2.4588148512417015E-4 1.0704414117014134 2.632017240475568E-4
its 2.4588148512417015E-4 0.19497267434751336 4.794017072719778E-5
list 2.4588148512417015E-4 1.3581234841531944 3.339374192655998E-4
article 4.917629702483403E-4 1.5812670354674039 7.776085741172382E-4
obtaining 4.917629702483403E-4 2.0292917579943643 9.979305424117847E-4
lack 2.4588148512417015E-4 0.6988778552689304 1.7184112497391945E-4
fusion 7.376444553725104E-4 2.8622008809294686 0.002111286609979937
external 2.4588148512417015E-4 1.4759065198095778 3.6289808699522445E-4
therefore 7.376444553725104E-4 1.1394342831883648 8.404973812552481E-4
scholars 4.917629702483403E-4 2.7668907011251433 0.0013606543895378132
activation 4.917629702483403E-4 2.073743520565198 0.001019790273206392
useful 2.4588148512417015E-4 0.9162907318741551 2.2529892595873004E-4
neural 0.004425866732235063 1.5271998141971284 0.00675918285113064
applied 4.917629702483403E-4 0.6109090823229731 3.0042246487483313E-4
provided 7.376444553725104E-4 0.7104386776700063 5.240511514654583E-4
representation 0.001967051880993361 1.2729656758128876 0.0025039895270477256
prevent 2.4588148512417015E-4 1.4512139072192063 3.568266307399081E-4
gates 4.917629702483403E-4 4.471638793363569 0.002198986374902173
provides 2.4588148512417015E-4 0.6214911916535102 1.5281317719535536E-4
maximising 2.4588148512417015E-4 4.0661736852554045 9.99796824503419E-4
enhancing 4.917629702483403E-4 2.331572629867298 0.0011465810818132765
effectiveness 2.4588148512417015E-4 1.5271998141971284 3.7551015839614664E-4
xlnet 2.4588148512417015E-4 5.1647859739235145 0.0012699252456167972
multiple 4.917629702483403E-4 0.5108256237659907 2.5120512602212476E-4
perform 2.4588148512417015E-4 0.9600933545325481 2.3606917987030934E-4
tweet 2.4588148512417015E-4 3.2188758248682006 7.914619682488814E-4
objectively 2.4588148512417015E-4 3.373026504695459 8.293647663377081E-4
improvement 2.4588148512417015E-4 1.157452788691043 2.84596210644466E-4
concentrate 2.4588148512417015E-4 3.5553480614894135 8.741942614923564E-4
better 0.0014752889107450208 0.4285875255290187 6.322904236966098E-4
special 4.917629702483403E-4 1.4512139072192063 7.136532614798162E-4
with 0.005655274157855913 0.017291497110061043 9.778815675716842E-5
environment 2.4588148512417015E-4 1.4035858582299516 3.4511577532086345E-4
there 0.0017211703958691911 0.12136085700426753 2.0888271429305946E-4
translation 2.4588148512417015E-4 1.9867321435755685 4.885006500062869E-4
well 4.917629702483403E-4 0.3127557100038969 1.538016769136449E-4
syntax 2.4588148512417015E-4 2.9675613965872945 7.296684033900404E-4
taking 4.917629702483403E-4 1.3581234841531944 6.678748385311996E-4
jang 2.4588148512417015E-4 4.471638793363569 0.0010994931874510866
slightly 2.4588148512417015E-4 1.5271998141971284 3.7551015839614664E-4
smaller 2.4588148512417015E-4 1.121734706088964 2.75813795448479E-4
called 2.4588148512417015E-4 1.2729656758128876 3.129986908809657E-4
approach 7.376444553725104E-4 0.5398131606392429 3.981901848826478E-4
number 0.006392918613228424 0.167573700159399 0.0010712850268365809
experiment 0.0014752889107450208 1.730798769438368 0.002553428231283552
concise 2.4588148512417015E-4 3.5553480614894135 8.741942614923564E-4
siamese 0.0012294074256208507 5.1647859739235145 0.006349626228083986
flow 2.4588148512417015E-4 1.5012243277938677 3.6912326722249024E-4
order 9.835259404966806E-4 0.6214911916535102 6.112527087814214E-4
algorithm 0.006392918613228424 1.0059028905638423 0.006430655312185862
poorer 2.4588148512417015E-4 2.456735772821304 6.040658403789781E-4
similar 2.4588148512417015E-4 0.20895891632225325 5.137912867525283E-5
lexical 2.4588148512417015E-4 2.120263536200091 5.21333547135503E-4
testing 4.917629702483403E-4 1.293584963015623 6.361371836811523E-4
relevance 4.917629702483403E-4 2.073743520565198 0.001019790273206392
rongchang 0.0024588148512417014 5.1647859739235145 0.012699252456167973
analyze 2.4588148512417015E-4 1.5271998141971284 3.7551015839614664E-4
binary 7.376444553725104E-4 1.6990500711237875 0.0012532948643647313
saharia 2.4588148512417015E-4 5.1647859739235145 0.0012699252456167972
partial 2.4588148512417015E-4 1.6682784124570338 4.1019877365552833E-4
authors 0.0024588148512417014 0.023122417420854212 5.6853743351006176E-5
algorithms 7.376444553725104E-4 1.1758019273592397 8.673237723328544E-4
integrating 2.4588148512417015E-4 2.7668907011251433 6.803271947689066E-4
other 0.0014752889107450208 0.0408219945202552 6.02242358302265E-5
aim 2.4588148512417015E-4 1.0376515888784226 2.5513931371488137E-4
indicated 2.4588148512417015E-4 1.3361445774344192 3.2853321304018173E-4
against 2.4588148512417015E-4 0.9600933545325481 2.3606917987030934E-4
epoch 4.917629702483403E-4 3.373026504695459 0.0016587295326754162
cell 7.376444553725104E-4 1.730798769438368 0.001276714115641776
local 4.917629702483403E-4 1.0704414117014134 5.264034480951136E-4
vsm 2.4588148512417015E-4 5.1647859739235145 0.0012699252456167972
indicating 9.835259404966806E-4 1.5271998141971284 0.0015020406335845865
indicates 4.917629702483403E-4 1.0376515888784226 5.102786274297627E-4
too 9.835259404966806E-4 1.3361445774344192 0.001314132852160727
have 0.0022129333661175315 0.028987536873252187 6.414748754838203E-5
noise 2.4588148512417015E-4 2.456735772821304 6.040658403789781E-4
cnn 9.835259404966806E-4 2.5998366164619773 0.002557006753343474
thoroughly 2.4588148512417015E-4 2.5257286443082556 6.210299100831708E-4
linear 2.4588148512417015E-4 1.3146383722134554 3.23245235361066E-4
headword 2.4588148512417015E-4 5.1647859739235145 0.0012699252456167972
question 4.917629702483403E-4 1.2329603411991883 6.063242395865199E-4
neuronal 4.917629702483403E-4 3.7784916128036232 0.0018581222585707514
clustered 2.4588148512417015E-4 2.7668907011251433 6.803271947689066E-4
produce 2.4588148512417015E-4 1.157452788691043 2.84596210644466E-4
framework 2.4588148512417015E-4 1.4271163556401458 3.509014889697924E-4
preceding 4.917629702483403E-4 3.5553480614894135 0.0017483885229847129
measuring 2.4588148512417015E-4 1.8689491079191851 4.595399822766622E-4
minor 2.4588148512417015E-4 2.0292917579943643 4.989652712058924E-4
cos 4.917629702483403E-4 3.0853444322436783 0.0015172581422393304
findings 7.376444553725104E-4 0.7459453661269161 5.502424633343369E-4
precision 9.835259404966806E-4 1.8689491079191851 0.0018381599291066488
points 2.4588148512417015E-4 0.9751312318970885 2.3976671548981768E-4
employed 2.4588148512417015E-4 1.4035858582299516 3.4511577532086345E-4
academia 2.4588148512417015E-4 3.7784916128036232 9.290611292853757E-4
biggest 2.4588148512417015E-4 2.7668907011251433 6.803271947689066E-4
discusses 2.4588148512417015E-4 2.2744142160273495 5.592363452243299E-4
function 4.917629702483403E-4 0.6321864807702582 3.108859015344274E-4
representative 2.4588148512417015E-4 1.730798769438368 4.255713718805921E-4
verification 2.4588148512417015E-4 2.7668907011251433 6.803271947689066E-4
all 0.003688222276862552 0.017291497110061043 6.377488484163158E-5
new 0.0012294074256208507 0.38566248081198473 4.741363176936129E-4
took 7.376444553725104E-4 1.7635885922613586 0.001300901346639802
settings 2.4588148512417015E-4 2.0292917579943643 4.989652712058924E-4
including 2.4588148512417015E-4 0.2669461739726028 6.563712170459866E-5
comparison 0.0017211703958691911 0.758066726659261 0.0013047620080193821
introducing 2.4588148512417015E-4 2.120263536200091 5.21333547135503E-4
conducted 2.4588148512417015E-4 0.664976303593249 1.635053610998891E-4
domains 2.4588148512417015E-4 1.9459101490553132 4.7846327736791573E-4
positions 2.4588148512417015E-4 2.120263536200091 5.21333547135503E-4
less 0.0012294074256208507 0.368995428326773 4.536457196050811E-4
real 9.835259404966806E-4 1.3361445774344192 0.001314132852160727
unit 9.835259404966806E-4 1.5538680612792897 0.001528269546377467
hybrid 4.917629702483403E-4 2.073743520565198 0.001019790273206392
simplified 2.4588148512417015E-4 2.5257286443082556 6.210299100831708E-4
improve 0.0022129333661175315 0.7104386776700063 0.001572153454396375
were 0.0014752889107450208 0.0958817717032825 1.4145331453643841E-4
mapped 2.4588148512417015E-4 2.169053700369523 5.333301451609351E-4
basic 9.835259404966806E-4 1.1944940603713923 0.0011748158941444723
attenuation 2.4588148512417015E-4 3.7784916128036232 9.290611292853757E-4
influenced 2.4588148512417015E-4 1.730798769438368 4.255713718805921E-4
obeys 4.917629702483403E-4 4.471638793363569 0.002198986374902173
financial 2.4588148512417015E-4 1.8689491079191851 4.595399822766622E-4
technique 2.4588148512417015E-4 1.1758019273592397 2.891079241109515E-4
units 2.4588148512417015E-4 1.7635885922613586 4.336337822132674E-4
represents 0.012539955741332678 0.9751312318970885 0.012228102489980701
effective 4.917629702483403E-4 0.8472978603872037 4.1666971250907484E-4
normalisation 4.917629702483403E-4 3.5553480614894135 0.0017483885229847129
and 0.045242193262847306 0.017291497110061043 7.823052540573474E-4
construction 2.4588148512417015E-4 1.730798769438368 4.255713718805921E-4
abroad 2.4588148512417015E-4 4.471638793363569 0.0010994931874510866
ant 7.376444553725104E-4 4.0661736852554045 0.0029993904735102564
lda 4.917629702483403E-4 2.5998366164619773 0.001278503376671737
specific 2.4588148512417015E-4 0.40261203912575794 9.899484610911186E-5
suggested 2.4588148512417015E-4 1.121734706088964 2.75813795448479E-4
lengths 2.4588148512417015E-4 3.7784916128036232 9.290611292853757E-4
application 4.917629702483403E-4 1.0376515888784226 5.102786274297627E-4
consists 4.917629702483403E-4 1.2135422553420867 5.967751440088943E-4
strategy 4.917629702483403E-4 1.2135422553420867 5.967751440088943E-4
reason 4.917629702483403E-4 1.0059028905638423 4.946657932450662E-4
accurate 7.376444553725104E-4 1.3805963400052528 0.001018389235312456
maintain 2.4588148512417015E-4 1.79749014393704 4.419695460872978E-4
neuron 7.376444553725104E-4 5.1647859739235145 0.0038097757368503915
decay 4.917629702483403E-4 3.2188758248682006 0.0015829239364977628
karim 2.4588148512417015E-4 4.471638793363569 0.0010994931874510866
worked 2.4588148512417015E-4 2.331572629867298 5.732905409066382E-4
breakthroughs 2.4588148512417015E-4 4.471638793363569 0.0010994931874510866
english 2.4588148512417015E-4 1.4512139072192063 3.568266307399081E-4
represented 2.4588148512417015E-4 0.8881198549074587 2.1837222889290847E-4
state 0.001967051880993361 1.0376515888784226 0.002041114509719051
fully 0.0024588148512417014 1.2729656758128876 0.003129986908809657
models 0.0022129333661175315 0.7953381214564925 0.00176003026631631
using 0.0034423407917383822 0.083381608939051 2.87027913731673E-4
containing 0.0014752889107450208 1.4759065198095778 0.0021773885219713465
expected 2.4588148512417015E-4 0.9600933545325481 2.3606917987030934E-4
picks 2.4588148512417015E-4 5.1647859739235145 0.0012699252456167972
each 0.0051635111876075735 0.13434805253107854 6.93707672277514E-4
labels 2.4588148512417015E-4 1.8689491079191851 4.595399822766622E-4
input 0.003196459306614212 1.0216512475319812 0.003265666638287621
difference 2.4588148512417015E-4 0.6004377824556778 1.4763653367486546E-4
calculations 9.835259404966806E-4 2.8622008809294686 0.0028150488133065832
items 2.4588148512417015E-4 1.906689435902032 4.688196301701579E-4
complexity 7.376444553725104E-4 1.6094379124341003 0.001187192952373322
sophisticated 2.4588148512417015E-4 2.073743520565198 5.09895136603196E-4
increased 2.4588148512417015E-4 0.4919571394616079 1.2096315206825865E-4
document 0.0014752889107450208 1.4035858582299516 0.0020706946519251806
another 2.4588148512417015E-4 0.40261203912575794 9.899484610911186E-5
networks 0.0014752889107450208 1.4759065198095778 0.0021773885219713465
realism 2.4588148512417015E-4 5.1647859739235145 0.0012699252456167972
two 0.0029505778214900416 0.11492996667397702 3.391098106928262E-4
matching 2.4588148512417015E-4 2.2744142160273495 5.592363452243299E-4
thyagarajan 2.4588148512417015E-4 5.1647859739235145 0.0012699252456167972
increases 2.4588148512417015E-4 1.1394342831883648 2.801657937517494E-4
varying 2.4588148512417015E-4 2.073743520565198 5.09895136603196E-4
permitted 2.4588148512417015E-4 3.373026504695459 8.293647663377081E-4
are 0.005409392672731743 0.028987536873252187 1.568049695627116E-4
does 2.4588148512417015E-4 0.5696661237889241 1.4007035254215002E-4
taken 2.4588148512417015E-4 0.990398704027877 2.4352070421142783E-4
where 0.003196459306614212 0.32850406697203605 0.001050049882133383
mechanism 0.0029505778214900416 1.4512139072192063 0.0042819195688788975
takes 9.835259404966806E-4 1.3805963400052528 0.0013578523137499413
retention 2.4588148512417015E-4 4.471638793363569 0.0010994931874510866
detection 2.4588148512417015E-4 1.5271998141971284 3.7551015839614664E-4
implied 2.4588148512417015E-4 3.373026504695459 8.293647663377081E-4
yao 2.4588148512417015E-4 4.0661736852554045 9.99796824503419E-4
gradient 7.376444553725104E-4 2.5998366164619773 0.0019177550650076054
combining 0.0014752889107450208 1.6682784124570338 0.00246119264193317
describes 4.917629702483403E-4 1.5012243277938677 7.382465344449805E-4
such 0.0022129333661175315 0.10219094089654716 2.2614174282491382E-4
automated 2.4588148512417015E-4 1.5538680612792897 3.8206738659436675E-4
nlp 2.4588148512417015E-4 0.41119578281714936 1.0110542975587641E-4
classic 2.4588148512417015E-4 3.0853444322436783 7.586290711196652E-4
metric 4.917629702483403E-4 2.331572629867298 0.0011465810818132765
implies 2.4588148512417015E-4 2.2203469947570738 5.459422165618573E-4
dataset 0.003196459306614212 1.2729656758128876 0.004068982981452554
resulted 2.4588148512417015E-4 1.3361445774344192 3.2853321304018173E-4
through 4.917629702483403E-4 0.2595111954850846 1.276179963044429E-4
documents 0.003688222276862552 1.6682784124570338 0.006152981604832925
solved 2.4588148512417015E-4 2.2203469947570738 5.459422165618573E-4
developing 2.4588148512417015E-4 1.157452788691043 2.84596210644466E-4
had 2.4588148512417015E-4 0.32059888746492277 7.882933057903191E-5
challenging 2.4588148512417015E-4 1.5538680612792897 3.8206738659436675E-4
research 0.0012294074256208507 0.41119578281714936 5.05527148779382E-4
features 0.0024588148512417014 0.8340526336371831 0.0020507810023043596
bias 7.376444553725104E-4 1.5271998141971284 0.0011265304751884397
liu 0.0027046963363658717 2.392197251683733 0.006470167142493499
has 0.004425866732235063 0.05279818556697083 2.3367773302322966E-4
recurrent 4.917629702483403E-4 1.9867321435755685 9.770013000125737E-4
results 0.003934103761986722 0.08961215868968714 3.525435306208493E-4
those 2.4588148512417015E-4 0.3364722366212129 8.273229324347501E-5
advantageous 2.4588148512417015E-4 3.2188758248682006 7.914619682488814E-4
actual 0.0014752889107450208 1.293584963015623 0.0019084115510434566
correctness 2.4588148512417015E-4 3.2188758248682006 7.914619682488814E-4
statistic 7.376444553725104E-4 2.9675613965872945 0.0021890052101701213
boosting 2.4588148512417015E-4 3.2188758248682006 7.914619682488814E-4
might 2.4588148512417015E-4 0.7339691750802005 1.8046943080408178E-4
batch 4.917629702483403E-4 2.8622008809294686 0.0014075244066532916
insufficient 2.4588148512417015E-4 2.073743520565198 5.09895136603196E-4
weight 0.0022129333661175315 1.3361445774344192 0.002956798917361636
engineering 4.917629702483403E-4 2.0292917579943643 9.979305424117847E-4
improving 4.917629702483403E-4 1.3361445774344192 6.570664260803635E-4
measure 2.4588148512417015E-4 1.0216512475319812 2.512051260221247E-4
practicality 2.4588148512417015E-4 4.471638793363569 0.0010994931874510866
overall 2.4588148512417015E-4 0.7339691750802005 1.8046943080408178E-4
lifter 2.4588148512417015E-4 5.1647859739235145 0.0012699252456167972
parameters 0.0014752889107450208 1.2135422553420867 0.001790325432026683
updated 4.917629702483403E-4 2.073743520565198 0.001019790273206392
full 9.835259404966806E-4 0.14750613710858965 1.4507611222875795E-4
next 2.4588148512417015E-4 0.8080771472339223 1.9869120905677954E-4
memory 0.003688222276862552 2.073743520565198 0.007648427049047939
string 2.4588148512417015E-4 2.8622008809294686 7.037622033266458E-4
distance 0.0014752889107450208 1.4271163556401458 0.0021054089338187545
hidden 0.0014752889107450208 1.730798769438368 0.002553428231283552
show 4.917629702483403E-4 0.6321864807702582 3.108859015344274E-4
nor 2.4588148512417015E-4 1.6094379124341003 3.957309841244407E-4
conclusion 2.4588148512417015E-4 0.653926467406664 1.607884109679528E-4
not 0.0024588148512417014 0.03488725900044054 8.578131054939891E-5
negative 0.001967051880993361 0.6429973968744738 0.0012648092389957685
sorting 2.4588148512417015E-4 4.0661736852554045 9.99796824503419E-4
now 2.4588148512417015E-4 1.4035858582299516 3.4511577532086345E-4
factor 0.001967051880993361 0.7703368192510752 0.0015152924893062703
derived 4.917629702483403E-4 1.3581234841531944 6.678748385311996E-4
enhance 4.917629702483403E-4 1.6990500711237875 8.355299095764876E-4
news 2.4588148512417015E-4 2.0292917579943643 4.989652712058924E-4
overview 2.4588148512417015E-4 1.4271163556401458 3.509014889697924E-4
wan 2.4588148512417015E-4 3.5553480614894135 8.741942614923564E-4
effectively 9.835259404966806E-4 1.6384254493073527 0.0016114339309637104
appropriately 4.917629702483403E-4 3.0853444322436783 0.0015172581422393304
was 0.005655274157855913 0.058840500022933395 3.327591592150155E-4
experimentally 2.4588148512417015E-4 3.5553480614894135 8.741942614923564E-4
editing 2.4588148512417015E-4 3.0853444322436783 7.586290711196652E-4
discourse 2.4588148512417015E-4 2.392197251683733 5.881970129539545E-4
equal 2.4588148512417015E-4 1.3805963400052528 3.394630784374853E-4
disciplines 2.4588148512417015E-4 2.5257286443082556 6.210299100831708E-4
assuming 2.4588148512417015E-4 1.9459101490553132 4.7846327736791573E-4
sigmoid 0.0014752889107450208 3.373026504695459 0.004976188598026249
yang 4.917629702483403E-4 2.7668907011251433 0.0013606543895378132
short 0.0014752889107450208 1.157452788691043 0.0017075772638667957
observing 2.4588148512417015E-4 2.5998366164619773 6.392516883358685E-4
time 0.0012294074256208507 0.20194134366360675 2.4826818743989027E-4
reducing 2.4588148512417015E-4 1.5538680612792897 3.8206738659436675E-4
contextual 0.0012294074256208507 1.906689435902032 0.0023440981508507895
huabei 2.4588148512417015E-4 5.1647859739235145 0.0012699252456167972
dimensionality 0.0012294074256208507 2.8622008809294686 0.003518811016633229
criteria 2.4588148512417015E-4 1.121734706088964 2.75813795448479E-4
quickly 2.4588148512417015E-4 2.0292917579943643 4.989652712058924E-4
xiaotong 0.0024588148512417014 5.1647859739235145 0.012699252456167973
attentive 2.4588148512417015E-4 4.471638793363569 0.0010994931874510866
extracting 4.917629702483403E-4 2.0292917579943643 9.979305424117847E-4
experimental 0.0029505778214900416 1.4512139072192063 0.0042819195688788975
three 7.376444553725104E-4 0.22314355131420976 1.6460060337905808E-4
when 0.0012294074256208507 0.14750613710858965 1.8134514028594743E-4
required 2.4588148512417015E-4 0.5900749954201312 1.4508851620853976E-4
fan 2.4588148512417015E-4 3.373026504695459 8.293647663377081E-4
connectivity 2.4588148512417015E-4 3.2188758248682006 7.914619682488814E-4
far 2.4588148512417015E-4 1.3361445774344192 3.2853321304018173E-4
greater 0.0014752889107450208 0.8743265327751228 0.0012898842381732817
give 2.4588148512417015E-4 1.157452788691043 2.84596210644466E-4
having 2.4588148512417015E-4 0.8340526336371831 2.0507810023043596E-4
extraction 0.001967051880993361 1.3361445774344192 0.002628265704321454
dependencies 9.835259404966806E-4 2.7668907011251433 0.0027213087790756265
light 2.4588148512417015E-4 1.2729656758128876 3.129986908809657E-4
determined 7.376444553725104E-4 1.0376515888784226 7.654179411446441E-4
excessive 2.4588148512417015E-4 3.2188758248682006 7.914619682488814E-4
matched 2.4588148512417015E-4 2.5998366164619773 6.392516883358685E-4
completely 2.4588148512417015E-4 1.3805963400052528 3.394630784374853E-4
primary 2.4588148512417015E-4 0.9306794693262548 2.288368500925141E-4
requires 2.4588148512417015E-4 0.8881198549074587 2.1837222889290847E-4
study 0.003688222276862552 0.15415067982725836 5.685419713324011E-4
computed 2.4588148512417015E-4 1.730798769438368 4.255713718805921E-4
methods 7.376444553725104E-4 0.20194134366360675 1.4896091246393415E-4
sentences 7.376444553725104E-4 1.5812670354674039 0.0011664128611758573
layer 0.005655274157855913 1.6990500711237875 0.009608593960129606
lot 2.4588148512417015E-4 2.073743520565198 5.09895136603196E-4
tensorflow 2.4588148512417015E-4 4.0661736852554045 9.99796824503419E-4
ways 2.4588148512417015E-4 1.4035858582299516 3.4511577532086345E-4
farouk 2.4588148512417015E-4 5.1647859739235145 0.0012699252456167972
freedom 2.4588148512417015E-4 2.8622008809294686 7.037622033266458E-4
low 4.917629702483403E-4 0.6761496041913742 3.3250533768938977E-4
embedding 0.0034423407917383822 1.9867321435755685 0.006839009100088016
categories 2.4588148512417015E-4 1.0216512475319812 2.512051260221247E-4
lexicon 2.4588148512417015E-4 2.9675613965872945 7.296684033900404E-4
architecture 4.917629702483403E-4 1.79749014393704 8.839390921745956E-4
enables 2.4588148512417015E-4 1.6990500711237875 4.177649547882438E-4
indonesian 4.917629702483403E-4 2.9675613965872945 0.0014593368067800808
means 4.917629702483403E-4 0.6988778552689304 3.436822499478389E-4
prob 4.917629702483403E-4 5.1647859739235145 0.0025398504912335943
explore 2.4588148512417015E-4 1.2329603411991883 3.0316211979325994E-4
initial 7.376444553725104E-4 0.6988778552689304 5.155233749217583E-4
more 0.006147037128104254 0.05279818556697083 3.2455240697670785E-4
display 9.835259404966806E-4 0.167573700159399 1.6481308105178167E-4
csvdisplay 0.0014752889107450208 0.2669461739726028 3.93822730227592E-4
great 4.917629702483403E-4 1.3361445774344192 6.570664260803635E-4
performed 9.835259404966806E-4 0.4643056081310978 4.5665660991502116E-4
inaccurate 2.4588148512417015E-4 2.9675613965872945 7.296684033900404E-4
inversely 2.4588148512417015E-4 4.471638793363569 0.0010994931874510866
accounts 2.4588148512417015E-4 1.8689491079191851 4.595399822766622E-4
certain 4.917629702483403E-4 0.8209805520698303 4.03727834801982E-4
section 0.0017211703958691911 0.7953381214564925 0.00136891242935713
simple 2.4588148512417015E-4 1.157452788691043 2.84596210644466E-4
used 0.005901155642980083 0.07103577311675174 4.1919315338137243E-4
constantly 2.4588148512417015E-4 2.7668907011251433 6.803271947689066E-4
influence 2.4588148512417015E-4 0.9306794693262548 2.288368500925141E-4
shows 7.376444553725104E-4 0.5596157879354227 4.1279748310948315E-4
shown 0.0024588148512417014 0.3364722366212129 8.273229324347501E-4
zone 2.4588148512417015E-4 2.2744142160273495 5.592363452243299E-4
percentage 2.4588148512417015E-4 1.3146383722134554 3.23245235361066E-4
employs 4.917629702483403E-4 2.9675613965872945 0.0014593368067800808
theoretically 2.4588148512417015E-4 2.7668907011251433 6.803271947689066E-4
consider 7.376444553725104E-4 0.8080771472339223 5.960736271703386E-4
connections 2.4588148512417015E-4 2.5257286443082556 6.210299100831708E-4
combination 4.917629702483403E-4 0.758066726659261 3.727891451483949E-4
obtain 2.4588148512417015E-4 1.0872485300177945 2.6733428325984623E-4
created 2.4588148512417015E-4 1.0704414117014134 2.632017240475568E-4
nearer 2.4588148512417015E-4 4.471638793363569 0.0010994931874510866
tree 2.4588148512417015E-4 1.7635885922613586 4.336337822132674E-4
format 2.4588148512417015E-4 2.2203469947570738 5.459422165618573E-4
opened 2.4588148512417015E-4 2.9675613965872945 7.296684033900404E-4
both 0.001967051880993361 0.13434805253107854 2.6426958943905293E-4
produced 4.917629702483403E-4 1.3581234841531944 6.678748385311996E-4
most 7.376444553725104E-4 0.0771896386911299 5.693850899271937E-5
important 2.4588148512417015E-4 0.2669461739726028 6.563712170459866E-5
vectors 9.835259404966806E-4 1.79749014393704 0.0017678781843491911
effect 2.4588148512417015E-4 0.758066726659261 1.8639457257419744E-4
keep 4.917629702483403E-4 1.906689435902032 9.376392603403158E-4
topic 9.835259404966806E-4 1.2729656758128876 0.0012519947635238628
lsa 2.4588148512417015E-4 4.0661736852554045 9.99796824503419E-4
crucial 2.4588148512417015E-4 1.4035858582299516 3.4511577532086345E-4
values 0.0012294074256208507 0.5900749954201312 7.254425810426987E-4
point 2.4588148512417015E-4 0.7703368192510752 1.894115611632838E-4
integrated 4.917629702483403E-4 1.6384254493073527 8.057169654818552E-4
highlight 2.4588148512417015E-4 1.6094379124341003 3.957309841244407E-4
alone 2.4588148512417015E-4 1.730798769438368 4.255713718805921E-4
structural 7.376444553725104E-4 1.9459101490553132 0.001435389832103747
designed 0.001967051880993361 1.0872485300177945 0.00213867426607877
dimension 4.917629702483403E-4 1.8689491079191851 9.190799645533244E-4
introduction 2.4588148512417015E-4 0.10219094089654716 2.5126860313879313E-5
fuzzy 2.4588148512417015E-4 2.6798793241355137 6.589327081719975E-4
overcomes 2.4588148512417015E-4 3.0853444322436783 7.586290711196652E-4
rest 2.4588148512417015E-4 1.7635885922613586 4.336337822132674E-4
process 2.4588148512417015E-4 0.5013468798114469 1.232719153704074E-4
amount 2.4588148512417015E-4 1.121734706088964 2.75813795448479E-4
original 7.376444553725104E-4 1.1944940603713923 8.811119206083542E-4
also 0.0012294074256208507 0.05279818556697083 6.491048139534156E-5
heavily 2.4588148512417015E-4 2.0292917579943643 4.989652712058924E-4
approaches 2.4588148512417015E-4 0.9021060968821986 2.218111868409635E-4
enough 4.917629702483403E-4 1.4512139072192063 7.136532614798162E-4
increase 7.376444553725104E-4 0.5013468798114469 3.698157461112222E-4
outperforms 2.4588148512417015E-4 2.5257286443082556 6.210299100831708E-4
third 2.4588148512417015E-4 1.0059028905638423 2.473328966225331E-4
various 0.0012294074256208507 0.5798184952529422 7.128331635762751E-4
neither 2.4588148512417015E-4 1.8325814637483102 4.505978519174601E-4
interaction 2.4588148512417015E-4 1.4271163556401458 3.509014889697924E-4
attention 0.004179985247110892 1.157452788691043 0.004838135580955921
uses 7.376444553725104E-4 1.1394342831883648 8.404973812552481E-4
determining 2.4588148512417015E-4 1.5538680612792897 3.8206738659436675E-4
further 9.835259404966806E-4 0.27443684570176036 2.6991575677576626E-4
reduction 2.4588148512417015E-4 1.4759065198095778 3.6289808699522445E-4
account 0.0022129333661175315 1.0539121097502027 0.002332237272621545
simply 2.4588148512417015E-4 1.4512139072192063 3.568266307399081E-4
intangible 2.4588148512417015E-4 5.1647859739235145 0.0012699252456167972
been 7.376444553725104E-4 0.05279818556697083 3.8946288837204936E-5
mostly 2.4588148512417015E-4 1.1758019273592397 2.891079241109515E-4
evaluates 2.4588148512417015E-4 2.8622008809294686 7.037622033266458E-4
extracted 2.4588148512417015E-4 1.0704414117014134 2.632017240475568E-4
evaluation 4.917629702483403E-4 0.7953381214564925 3.9111783695918E-4
suffer 2.4588148512417015E-4 2.5257286443082556 6.210299100831708E-4
finds 2.4588148512417015E-4 2.7668907011251433 6.803271947689066E-4
retrieval 2.4588148512417015E-4 2.331572629867298 5.732905409066382E-4
complex 7.376444553725104E-4 0.8743265327751228 6.449421190866409E-4
you 2.4588148512417015E-4 2.2744142160273495 5.592363452243299E-4
knowledge 2.4588148512417015E-4 0.8080771472339223 1.9869120905677954E-4
limitations 2.4588148512417015E-4 0.9162907318741551 2.2529892595873004E-4
adequately 2.4588148512417015E-4 2.392197251683733 5.881970129539545E-4
sure 2.4588148512417015E-4 3.5553480614894135 8.741942614923564E-4
qqpc 0.0017211703958691911 5.1647859739235145 0.008889476719317582
impact 4.917629702483403E-4 0.7827593392496325 3.8493205765902756E-4
accurately 2.4588148512417015E-4 2.073743520565198 5.09895136603196E-4
easy 2.4588148512417015E-4 1.5538680612792897 3.8206738659436675E-4
domain 0.0034423407917383822 1.1944940603713923 0.0041118556295056535
drive 2.4588148512417015E-4 2.5257286443082556 6.210299100831708E-4
hot 2.4588148512417015E-4 2.9675613965872945 7.296684033900404E-4
hotspots 2.4588148512417015E-4 4.0661736852554045 9.99796824503419E-4
how 4.917629702483403E-4 0.5496654570822546 2.703051178176811E-4
systems 4.917629702483403E-4 0.8743265327751228 4.2996141272442725E-4
term 9.835259404966806E-4 1.1944940603713923 0.0011748158941444723
indicate 4.917629702483403E-4 1.0704414117014134 5.264034480951136E-4
compared 4.917629702483403E-4 0.2669461739726028 1.3127424340919733E-4
scoring 2.4588148512417015E-4 2.6798793241355137 6.589327081719975E-4
contain 0.0012294074256208507 1.4035858582299516 0.001725578876604317
set 0.0024588148512417014 0.5596157879354227 0.0013759916103649437
summing 2.4588148512417015E-4 3.7784916128036232 9.290611292853757E-4
quicker 2.4588148512417015E-4 3.7784916128036232 9.290611292853757E-4
words 0.003688222276862552 0.9751312318970885 0.003596500732347265
possible 2.4588148512417015E-4 0.38566248081198473 9.482726353872257E-5
sample 2.4588148512417015E-4 0.7221347174331975 1.7755955678219756E-4
compares 4.917629702483403E-4 2.2744142160273495 0.0011184726904486597
advantages 2.4588148512417015E-4 1.6094379124341003 3.957309841244407E-4
series 2.4588148512417015E-4 1.1758019273592397 2.891079241109515E-4
complicated 2.4588148512417015E-4 1.8325814637483102 4.505978519174601E-4
maximum 2.4588148512417015E-4 1.2329603411991883 3.0316211979325994E-4
somewhat 2.4588148512417015E-4 2.5998366164619773 6.392516883358685E-4
corresponds 4.917629702483403E-4 1.7635885922613586 8.672675644265348E-4
did 2.4588148512417015E-4 0.5108256237659907 1.2560256301106238E-4
essential 2.4588148512417015E-4 1.252762968495368 3.0803121920220506E-4
represent 4.917629702483403E-4 0.8209805520698303 4.03727834801982E-4
performs 2.4588148512417015E-4 1.906689435902032 4.688196301701579E-4
jun 0.0024588148512417014 4.471638793363569 0.010994931874510866
added 4.917629702483403E-4 1.1758019273592397 5.78215848221903E-4
questions 4.917629702483403E-4 1.1944940603713923 5.874079470722361E-4
corpus 4.917629702483403E-4 1.6094379124341003 7.914619682488814E-4
language 7.376444553725104E-4 0.6988778552689304 5.155233749217583E-4
developed 4.917629702483403E-4 0.48265474679929443 2.3735173189048164E-4
excessively 2.4588148512417015E-4 5.1647859739235145 0.0012699252456167972
ignores 4.917629702483403E-4 4.0661736852554045 0.001999593649006838
later 2.4588148512417015E-4 1.3361445774344192 3.2853321304018173E-4
computational 0.0012294074256208507 1.3146383722134554 0.0016162261768053298
which 0.005409392672731743 0.023122417420854212 1.250782353722136E-4
needs 2.4588148512417015E-4 1.1394342831883648 2.801657937517494E-4
test 0.0024588148512417014 0.7104386776700063 0.0017468371715515278
commonly 2.4588148512417015E-4 1.0216512475319812 2.512051260221247E-4
varied 2.4588148512417015E-4 1.7635885922613586 4.336337822132674E-4
propagation 4.917629702483403E-4 3.7784916128036232 0.0018581222585707514
piece 2.4588148512417015E-4 3.0853444322436783 7.586290711196652E-4
beneficial 2.4588148512417015E-4 1.9459101490553132 4.7846327736791573E-4
final 0.0012294074256208507 0.6988778552689304 8.592056248695973E-4
parts 2.4588148512417015E-4 1.4035858582299516 3.4511577532086345E-4
relatively 4.917629702483403E-4 0.8209805520698303 4.03727834801982E-4
helps 2.4588148512417015E-4 1.6682784124570338 4.1019877365552833E-4
boosts 2.4588148512417015E-4 5.1647859739235145 0.0012699252456167972
confusion 2.4588148512417015E-4 2.7668907011251433 6.803271947689066E-4
some 0.0017211703958691911 0.2160260835453457 3.718176997338136E-4
deep 0.0017211703958691911 1.4271163556401458 0.002456310422788547
analytical 2.4588148512417015E-4 1.9459101490553132 4.7846327736791573E-4
rather 2.4588148512417015E-4 0.758066726659261 1.8639457257419744E-4
contrastive 2.4588148512417015E-4 4.471638793363569 0.0010994931874510866
importance 4.917629702483403E-4 0.9600933545325481 4.721383597406187E-4
additional 2.4588148512417015E-4 0.5300569856938783 1.303311988428518E-4
for 0.008605851979345954 0.017291497110061043 1.488080646304737E-4
aggregation 9.835259404966806E-4 3.0853444322436783 0.003034516284478661
training 9.835259404966806E-4 1.0059028905638423 9.893315864901325E-4
explained 2.4588148512417015E-4 1.6094379124341003 3.957309841244407E-4
content 4.917629702483403E-4 1.293584963015623 6.361371836811523E-4
retrieving 2.4588148512417015E-4 3.373026504695459 8.293647663377081E-4
tanh 4.917629702483403E-4 3.373026504695459 0.0016587295326754162
related 0.0012294074256208507 0.27443684570176036 3.3739469596970784E-4
rate 9.835259404966806E-4 0.7221347174331975 7.102382271287902E-4
ignore 4.917629702483403E-4 2.5257286443082556 0.0012420598201663415
human 2.4588148512417015E-4 0.9162907318741551 2.2529892595873004E-4
class 0.0017211703958691911 1.3805963400052528 0.0023762415490623974
six 2.4588148512417015E-4 0.9162907318741551 2.2529892595873004E-4
captures 2.4588148512417015E-4 2.6798793241355137 6.589327081719975E-4
fuses 2.4588148512417015E-4 5.1647859739235145 0.0012699252456167972
length 7.376444553725104E-4 1.2329603411991883 9.094863593797799E-4
oscillates 2.4588148512417015E-4 5.1647859739235145 0.0012699252456167972
tangible 4.917629702483403E-4 4.0661736852554045 0.001999593649006838
home 2.4588148512417015E-4 2.2203469947570738 5.459422165618573E-4
although 2.4588148512417015E-4 0.4285875255290187 1.053817372827683E-4
form 2.4588148512417015E-4 0.664976303593249 1.635053610998891E-4
regression 2.4588148512417015E-4 1.3805963400052528 3.394630784374853E-4
fused 2.4588148512417015E-4 3.373026504695459 8.293647663377081E-4
setup 2.4588148512417015E-4 2.392197251683733 5.881970129539545E-4
developer 2.4588148512417015E-4 4.471638793363569 0.0010994931874510866
gate 0.0022129333661175315 3.5553480614894135 0.007867748353431209
significantly 2.4588148512417015E-4 0.5900749954201312 1.4508851620853976E-4
presents 2.4588148512417015E-4 1.1394342831883648 2.801657937517494E-4
assign 2.4588148512417015E-4 1.9459101490553132 4.7846327736791573E-4
practice 2.4588148512417015E-4 1.2729656758128876 3.129986908809657E-4
select 9.835259404966806E-4 1.8325814637483102 0.0018023914076698404
zhang 7.376444553725104E-4 2.331572629867298 0.0017198716227199147
improved 0.0022129333661175315 0.8607208807193443 0.0019047179558579048
output 0.003196459306614212 1.1944940603713923 0.0038181516559695353
tables 4.917629702483403E-4 1.8689491079191851 9.190799645533244E-4
four 7.376444553725104E-4 0.4643056081310978 3.4249245743626585E-4
revealed 2.4588148512417015E-4 1.3581234841531944 3.339374192655998E-4
model 0.011064666830587657 0.48265474679929443 0.0053404139675358375
text 0.021883452176051144 0.8607208807193443 0.01883554423015039
usually 2.4588148512417015E-4 0.9600933545325481 2.3606917987030934E-4
classifies 2.4588148512417015E-4 2.7668907011251433 6.803271947689066E-4
sentence 0.0012294074256208507 1.6094379124341003 0.0019786549206222033
reduce 4.917629702483403E-4 0.8340526336371831 4.101562004608719E-4
large 9.835259404966806E-4 0.34450440831847723 3.3882902219668277E-4
issue 4.917629702483403E-4 1.3805963400052528 6.789261568749706E-4
researchers 2.4588148512417015E-4 1.1043429633770947 2.715374879215871E-4
dependency 7.376444553725104E-4 2.120263536200091 0.0015640006414065091
lower 2.4588148512417015E-4 0.5300569856938783 1.303311988428518E-4
index 4.917629702483403E-4 1.5538680612792897 7.641347731887335E-4
classification 0.0034423407917383822 0.9751312318970885 0.003356734016857448
resulting 7.376444553725104E-4 1.0059028905638423 7.419986898675994E-4
traditional 0.0027046963363658717 1.1758019273592397 0.0031801871652204663
field 9.835259404966806E-4 0.8472978603872037 8.333394250181497E-4
validating 2.4588148512417015E-4 2.9675613965872945 7.296684033900404E-4
reached 2.4588148512417015E-4 1.9459101490553132 4.7846327736791573E-4
evaluate 7.376444553725104E-4 0.758066726659261 5.591837177225923E-4
become 2.4588148512417015E-4 0.8607208807193443 2.1163532842865607E-4
status 2.4588148512417015E-4 1.3805963400052528 3.394630784374853E-4
semantic 0.004917629702483403 1.4512139072192063 0.007136532614798162
proportion 0.0012294074256208507 1.4759065198095778 0.0018144904349761222
serves 2.4588148512417015E-4 2.2203469947570738 5.459422165618573E-4
sparsity 2.4588148512417015E-4 4.0661736852554045 9.99796824503419E-4
sequences 2.4588148512417015E-4 2.2203469947570738 5.459422165618573E-4
strings 4.917629702483403E-4 3.5553480614894135 0.0017483885229847129
composed 2.4588148512417015E-4 1.9459101490553132 4.7846327736791573E-4
dependence 2.4588148512417015E-4 2.5998366164619773 6.392516883358685E-4
ability 2.4588148512417015E-4 0.8881198549074587 2.1837222889290847E-4
together 2.4588148512417015E-4 1.1394342831883648 2.801657937517494E-4
table 0.003934103761986722 0.18805223150293962 7.398169914057128E-4
jaccard 4.917629702483403E-4 3.7784916128036232 0.0018581222585707514
convolutional 7.376444553725104E-4 2.5998366164619773 0.0019177550650076054
may 7.376444553725104E-4 0.15415067982725836 1.1370839426648021E-4
abstracts 2.4588148512417015E-4 2.7668907011251433 6.803271947689066E-4
max 4.917629702483403E-4 2.169053700369523 0.0010666602903218702
could 2.4588148512417015E-4 0.22314355131420976 5.486686779301937E-5
forward 2.4588148512417015E-4 1.8689491079191851 4.595399822766622E-4
positive 0.001967051880993361 0.6988778552689304 0.0013747289997913556
computation 0.003688222276862552 2.5257286443082556 0.009315448651247562
generally 2.4588148512417015E-4 0.9021060968821986 2.218111868409635E-4
machine 4.917629702483403E-4 1.0872485300177945 5.346685665196925E-4
able 4.917629702483403E-4 0.7703368192510752 3.788231223265676E-4
equals 2.4588148512417015E-4 2.9675613965872945 7.296684033900404E-4
efficiently 2.4588148512417015E-4 2.0292917579943643 4.989652712058924E-4
improvements 2.4588148512417015E-4 1.6990500711237875 4.177649547882438E-4
bidirectional 2.4588148512417015E-4 2.2744142160273495 5.592363452243299E-4
adjustments 2.4588148512417015E-4 3.373026504695459 8.293647663377081E-4
use 0.0017211703958691911 0.20895891632225325 3.596539007267698E-4
recognition 4.917629702483403E-4 1.6384254493073527 8.057169654818552E-4
main 4.917629702483403E-4 0.6004377824556778 2.952730673497309E-4
while 9.835259404966806E-4 0.20895891632225325 2.0551651470101132E-4
second 2.4588148512417015E-4 0.4643056081310978 1.1416415247875529E-4
stands 2.4588148512417015E-4 2.6798793241355137 6.589327081719975E-4
that 0.010572903860339317 0.017291497110061043 1.8282133654601055E-4
high 0.0012294074256208507 0.2521310881874621 3.099718320475315E-4
download 0.0014752889107450208 0.2595111954850846 3.828539889133286E-4
split 2.4588148512417015E-4 1.6384254493073527 4.028584827409276E-4
continuous 2.4588148512417015E-4 1.1758019273592397 2.891079241109515E-4
than 0.0027046963363658717 0.058840500022933395 1.5914568484196395E-4
backward 4.917629702483403E-4 2.5257286443082556 0.0012420598201663415
expressed 2.4588148512417015E-4 1.1758019273592397 2.891079241109515E-4
different 7.376444553725104E-4 0.18805223150293962 1.3871568588857115E-4
directly 2.4588148512417015E-4 0.7703368192510752 1.894115611632838E-4
calculated 0.0022129333661175315 0.9021060968821986 0.0019963006815686716
combine 2.4588148512417015E-4 1.8689491079191851 4.595399822766622E-4
semantically 2.4588148512417015E-4 2.456735772821304 6.040658403789781E-4
ideal 2.4588148512417015E-4 2.2203469947570738 5.459422165618573E-4
adjusted 2.4588148512417015E-4 1.8325814637483102 4.505978519174601E-4
follows 7.376444553725104E-4 2.073743520565198 0.0015296854098095878
weights 0.0017211703958691911 1.9867321435755685 0.003419504550044008
weighting 0.0012294074256208507 2.5257286443082556 0.0031051495504158537
chosen 2.4588148512417015E-4 1.252762968495368 3.0803121920220506E-4
expansion 2.4588148512417015E-4 2.456735772821304 6.040658403789781E-4
relevant 4.917629702483403E-4 0.7703368192510752 3.788231223265676E-4
entry 2.4588148512417015E-4 1.9867321435755685 4.885006500062869E-4
forget 2.4588148512417015E-4 3.7784916128036232 9.290611292853757E-4
task 2.4588148512417015E-4 1.2329603411991883 3.0316211979325994E-4
prediction 0.001967051880993361 1.6384254493073527 0.003222867861927421
present 2.4588148512417015E-4 0.38566248081198473 9.482726353872257E-5
problems 7.376444553725104E-4 1.1758019273592397 8.673237723328544E-4
since 2.4588148512417015E-4 0.377294231141468 9.276966588184607E-5
abundance 2.4588148512417015E-4 3.2188758248682006 7.914619682488814E-4
utilised 4.917629702483403E-4 3.0853444322436783 0.0015172581422393304
appears 4.917629702483403E-4 1.4271163556401458 7.018029779395848E-4
best 4.917629702483403E-4 0.6988778552689304 3.436822499478389E-4
total 0.0022129333661175315 0.5108256237659907 0.0011304230670995616
deng 2.4588148512417015E-4 4.0661736852554045 9.99796824503419E-4
make 9.835259404966806E-4 0.664976303593249 6.540214443995564E-4
included 2.4588148512417015E-4 0.41985384556026406 1.032342870814517E-4
highly 2.4588148512417015E-4 0.9162907318741551 2.2529892595873004E-4
brief 2.4588148512417015E-4 2.2203469947570738 5.459422165618573E-4
influx 2.4588148512417015E-4 4.471638793363569 0.0010994931874510866
determine 4.917629702483403E-4 0.7221347174331975 3.551191135643951E-4
control 2.4588148512417015E-4 0.7459453661269161 1.8341415444477898E-4
bert 2.4588148512417015E-4 2.392197251683733 5.881970129539545E-4
structure 0.001967051880993361 1.0216512475319812 0.0020096410081769977
conventional 2.4588148512417015E-4 1.7635885922613586 4.336337822132674E-4
due 2.4588148512417015E-4 0.20895891632225325 5.137912867525283E-5
complicate 2.4588148512417015E-4 3.7784916128036232 9.290611292853757E-4
clustering 4.917629702483403E-4 2.2744142160273495 0.0011184726904486597
simplify 2.4588148512417015E-4 2.8622008809294686 7.037622033266458E-4
occurrences 4.917629702483403E-4 2.7668907011251433 0.0013606543895378132
upper 9.835259404966806E-4 1.8689491079191851 0.0018381599291066488
determination 2.4588148512417015E-4 2.6798793241355137 6.589327081719975E-4
reflect 2.4588148512417015E-4 1.252762968495368 3.0803121920220506E-4
meaning 4.917629702483403E-4 1.121734706088964 5.51627590896958E-4
corpora 2.4588148512417015E-4 2.2744142160273495 5.592363452243299E-4
recent 7.376444553725104E-4 0.5596157879354227 4.1279748310948315E-4
they 7.376444553725104E-4 0.167573700159399 1.2360981078883625E-4
sundermeyer 2.4588148512417015E-4 5.1647859739235145 0.0012699252456167972
temporal 4.917629702483403E-4 2.169053700369523 0.0010666602903218702
inadequate 4.917629702483403E-4 2.392197251683733 0.001176394025907909
based 0.007130563068600934 0.18805223150293962 0.0013409182969228543
alibaba 2.4588148512417015E-4 5.1647859739235145 0.0012699252456167972
closely 2.4588148512417015E-4 1.6990500711237875 4.177649547882438E-4
edit 4.917629702483403E-4 4.0661736852554045 0.001999593649006838
then 7.376444553725104E-4 0.4285875255290187 3.161452118483049E-4
remaining 2.4588148512417015E-4 1.293584963015623 3.1806859184057613E-4
processing 4.917629702483403E-4 0.7221347174331975 3.551191135643951E-4
obtained 2.4588148512417015E-4 0.6004377824556778 1.4763653367486546E-4
receives 7.376444553725104E-4 2.5998366164619773 0.0019177550650076054
access 2.4588148512417015E-4 1.252762968495368 3.0803121920220506E-4
enhances 4.917629702483403E-4 3.373026504695459 0.0016587295326754162
superiority 2.4588148512417015E-4 2.9675613965872945 7.296684033900404E-4
experiments 0.0014752889107450208 1.5812670354674039 0.0023328257223517146
grammatical 2.4588148512417015E-4 2.6798793241355137 6.589327081719975E-4
association 0.0027046963363658717 1.2135422553420867 0.003282263292048919
fundamental 2.4588148512417015E-4 1.9459101490553132 4.7846327736791573E-4
industry 2.4588148512417015E-4 1.9459101490553132 4.7846327736791573E-4
global 2.4588148512417015E-4 1.6682784124570338 4.1019877365552833E-4
long 0.004179985247110892 0.7827593392496325 0.003271922490101734
seen 2.4588148512417015E-4 0.8472978603872037 2.0833485625453742E-4
softmax 2.4588148512417015E-4 2.6798793241355137 6.589327081719975E-4
into 0.0034423407917383822 0.10854016857520597 3.73632249828592E-4
current 0.0014752889107450208 0.4919571394616079 7.257789124095518E-4
tangent 2.4588148512417015E-4 4.0661736852554045 9.99796824503419E-4
concatenated 2.4588148512417015E-4 3.7784916128036232 9.290611292853757E-4
variety 2.4588148512417015E-4 1.0872485300177945 2.6733428325984623E-4
perspective 2.4588148512417015E-4 1.5538680612792897 3.8206738659436675E-4
vector 0.0024588148512417014 1.3146383722134554 0.0032324523536106597
relationship 4.917629702483403E-4 0.9162907318741551 4.505978519174601E-4
key 4.917629702483403E-4 1.0216512475319812 5.024102520442494E-4
variables 4.917629702483403E-4 0.9452782687474074 4.648528491504339E-4
expression 2.4588148512417015E-4 1.6682784124570338 4.1019877365552833E-4
strategies 2.4588148512417015E-4 1.4271163556401458 3.509014889697924E-4
accordance 4.917629702483403E-4 1.6384254493073527 8.057169654818552E-4
one 4.917629702483403E-4 0.06491954609931569 3.192502881697354E-5
analyzed 2.4588148512417015E-4 1.0872485300177945 2.6733428325984623E-4
makes 2.4588148512417015E-4 1.0539121097502027 2.5913747473572723E-4
denotes 2.4588148512417015E-4 2.073743520565198 5.09895136603196E-4
many 0.0012294074256208507 0.20194134366360675 2.4826818743989027E-4
people 2.4588148512417015E-4 1.0539121097502027 2.5913747473572723E-4
single 9.835259404966806E-4 0.6429973968744738 6.324046194978842E-4
connected 0.001967051880993361 1.4512139072192063 0.0028546130459192647
lstm 0.0017211703958691911 2.456735772821304 0.0042284608826528465
texts 9.835259404966806E-4 1.4512139072192063 0.0014273065229596323
showed 4.917629702483403E-4 0.5398131606392429 2.6546012325509853E-4
associated 2.4588148512417015E-4 0.4373981552111735 1.0754810799389561E-4
calculation 0.003196459306614212 1.8689491079191851 0.005974019769596608
but 0.0014752889107450208 0.083381608939051 1.2301196302785984E-4
embeddings 2.4588148512417015E-4 2.2203469947570738 5.459422165618573E-4
joint 2.4588148512417015E-4 1.906689435902032 4.688196301701579E-4
autoencoder 2.4588148512417015E-4 5.1647859739235145 0.0012699252456167972
available 4.917629702483403E-4 0.5696661237889241 2.8014070508430004E-4
contexts 2.4588148512417015E-4 2.0292917579943643 4.989652712058924E-4
independence 4.917629702483403E-4 2.8622008809294686 0.0014075244066532916
neurons 4.917629702483403E-4 3.2188758248682006 0.0015829239364977628
pairs 4.917629702483403E-4 2.120263536200091 0.001042667094271006
frequency 0.0017211703958691911 1.121734706088964 0.0019306965681393528
drawback 2.4588148512417015E-4 3.2188758248682006 7.914619682488814E-4
capturing 2.4588148512417015E-4 2.392197251683733 5.881970129539545E-4
degree 7.376444553725104E-4 1.2729656758128876 9.389960726428971E-4
this 0.007130563068600934 0.017291497110061043 1.2329811069382106E-4
quantised 2.4588148512417015E-4 5.1647859739235145 0.0012699252456167972
idf 2.4588148512417015E-4 5.1647859739235145 0.0012699252456167972
modelling 2.4588148512417015E-4 1.906689435902032 4.688196301701579E-4
fits 2.4588148512417015E-4 2.8622008809294686 7.037622033266458E-4
enhanced 4.917629702483403E-4 1.8325814637483102 9.011957038349202E-4
extract 0.0012294074256208507 1.3805963400052528 0.0016973153921874264
once 2.4588148512417015E-4 1.4271163556401458 3.509014889697924E-4
solve 4.917629702483403E-4 1.730798769438368 8.511427437611842E-4
demonstrate 2.4588148512417015E-4 1.293584963015623 3.1806859184057613E-4
internet 2.4588148512417015E-4 2.2744142160273495 5.592363452243299E-4
higher 9.835259404966806E-4 0.41985384556026406 4.129371483258068E-4
assessed 2.4588148512417015E-4 1.3581234841531944 3.339374192655998E-4
idea 9.835259404966806E-4 1.3805963400052528 0.0013578523137499413
update 0.0012294074256208507 2.5257286443082556 0.0031051495504158537
learning 0.0017211703958691911 0.9306794693262548 0.0016018579506475986
forwarding 2.4588148512417015E-4 4.471638793363569 0.0010994931874510866
graphs 4.917629702483403E-4 2.7668907011251433 0.0013606543895378132
common 2.4588148512417015E-4 0.3526016185510966 8.669820962652979E-5
similarity 0.013769363166953529 1.6094379124341003 0.02216093511096868
devi 2.4588148512417015E-4 5.1647859739235145 0.0012699252456167972
every 4.917629702483403E-4 1.0539121097502027 5.182749494714545E-4
twin 2.4588148512417015E-4 5.1647859739235145 0.0012699252456167972
gradual 2.4588148512417015E-4 3.7784916128036232 9.290611292853757E-4
figure 0.0034423407917383822 0.20194134366360675 6.951509248316927E-4
characteristics 2.4588148512417015E-4 0.7703368192510752 1.894115611632838E-4
previous 4.917629702483403E-4 0.32850406697203605 1.6154613571282814E-4
calculating 0.0017211703958691911 2.169053700369523 0.003733311016126546
technology 2.4588148512417015E-4 1.5271998141971284 3.7551015839614664E-4
filters 2.4588148512417015E-4 3.7784916128036232 9.290611292853757E-4
artificial 2.4588148512417015E-4 1.5012243277938677 3.6912326722249024E-4
yields 2.4588148512417015E-4 2.392197251683733 5.881970129539545E-4
richer 4.917629702483403E-4 2.9675613965872945 0.0014593368067800808
formula 0.004917629702483403 2.5257286443082556 0.012420598201663415
deeper 2.4588148512417015E-4 2.169053700369523 5.333301451609351E-4
step 2.4588148512417015E-4 1.0872485300177945 2.6733428325984623E-4
base 2.4588148512417015E-4 1.5538680612792897 3.8206738659436675E-4
comparative 7.376444553725104E-4 2.2744142160273495 0.0016777090356729894
jing 0.0024588148512417014 4.471638793363569 0.010994931874510866
competition 4.917629702483403E-4 2.6798793241355137 0.001317865416343995
whole 2.4588148512417015E-4 1.252762968495368 3.0803121920220506E-4
type 4.917629702483403E-4 0.5203950747821414 2.5591102767747305E-4
degrees 2.4588148512417015E-4 2.7668907011251433 6.803271947689066E-4
relation 2.4588148512417015E-4 1.3361445774344192 3.2853321304018173E-4
annotated 2.4588148512417015E-4 1.9459101490553132 4.7846327736791573E-4
feedback 2.4588148512417015E-4 1.79749014393704 4.419695460872978E-4
loss 7.376444553725104E-4 0.9162907318741551 6.7589677787619E-4
reliable 2.4588148512417015E-4 1.6990500711237875 4.177649547882438E-4
problem 0.0017211703958691911 0.9162907318741551 0.0015770924817111104
filtered 2.4588148512417015E-4 2.456735772821304 6.040658403789781E-4
terms 4.917629702483403E-4 0.5696661237889241 2.8014070508430004E-4
between 0.0034423407917383822 0.058840500022933395 2.0254905343522684E-4
blends 2.4588148512417015E-4 4.471638793363569 0.0010994931874510866
inability 2.4588148512417015E-4 3.0853444322436783 7.586290711196652E-4
still 0.0012294074256208507 0.5300569856938783 6.51655994214259E-4
efficiency 2.4588148512417015E-4 1.6384254493073527 4.028584827409276E-4
natural 4.917629702483403E-4 0.6429973968744738 3.162023097489421E-4
method 0.004425866732235063 0.4734380916943703 0.0020953738998029667
plagiarism 2.4588148512417015E-4 4.471638793363569 0.0010994931874510866
resemblance 2.4588148512417015E-4 4.471638793363569 0.0010994931874510866
synonyms 4.917629702483403E-4 3.0853444322436783 0.0015172581422393304
work 7.376444553725104E-4 0.5696661237889241 4.2021105762645003E-4
ablation 9.835259404966806E-4 3.373026504695459 0.0033174590653508324
come 2.4588148512417015E-4 1.8689491079191851 4.595399822766622E-4
samples 0.0014752889107450208 1.6682784124570338 0.00246119264193317
doors 2.4588148512417015E-4 4.471638793363569 0.0010994931874510866
among 9.835259404966806E-4 0.32850406697203605 3.230922714256563E-4
following 0.0014752889107450208 0.2160260835453457 3.1870088548612593E-4
dropout 0.0014752889107450208 3.373026504695459 0.004976188598026249
word 0.01573641504794689 1.1394342831883648 0.017930610800111962
literary 2.4588148512417015E-4 4.0661736852554045 9.99796824503419E-4
classical 2.4588148512417015E-4 2.392197251683733 5.881970129539545E-4
distribution 2.4588148512417015E-4 0.9751312318970885 2.3976671548981768E-4
derive 2.4588148512417015E-4 2.6798793241355137 6.589327081719975E-4
weak 2.4588148512417015E-4 2.456735772821304 6.040658403789781E-4
out 7.376444553725104E-4 0.368995428326773 2.7218743176304867E-4
capacity 2.4588148512417015E-4 1.7635885922613586 4.336337822132674E-4
feature 0.01499877059257438 1.4035858582299516 0.02105206229457267
recall 9.835259404966806E-4 1.8689491079191851 0.0018381599291066488
verify 2.4588148512417015E-4 2.5257286443082556 6.210299100831708E-4
reduces 2.4588148512417015E-4 2.0292917579943643 4.989652712058924E-4
explains 4.917629702483403E-4 2.6798793241355137 0.001317865416343995
established 2.4588148512417015E-4 1.4271163556401458 3.509014889697924E-4
include 2.4588148512417015E-4 0.5013468798114469 1.232719153704074E-4
alongside 2.4588148512417015E-4 3.2188758248682006 7.914619682488814E-4
caused 2.4588148512417015E-4 1.121734706088964 2.75813795448479E-4
bigger 2.4588148512417015E-4 2.5998366164619773 6.392516883358685E-4
fusing 2.4588148512417015E-4 3.7784916128036232 9.290611292853757E-4
lead 2.4588148512417015E-4 0.7703368192510752 1.894115611632838E-4
help 2.4588148512417015E-4 0.8743265327751228 2.1498070636221363E-4
massive 2.4588148512417015E-4 2.120263536200091 5.21333547135503E-4
depth 2.4588148512417015E-4 2.7668907011251433 6.803271947689066E-4
assess 9.835259404966806E-4 0.9751312318970885 9.590668619592707E-4
elements 4.917629702483403E-4 1.5012243277938677 7.382465344449805E-4
located 2.4588148512417015E-4 1.730798769438368 4.255713718805921E-4
lastly 2.4588148512417015E-4 3.7784916128036232 9.290611292853757E-4
first 4.917629702483403E-4 0.167573700159399 8.240654052589083E-5
theoretical 4.917629702483403E-4 1.5538680612792897 7.641347731887335E-4
data 0.0027046963363658717 0.167573700159399 4.532359728923996E-4
hyperbolic 2.4588148512417015E-4 4.471638793363569 0.0010994931874510866
formulas 4.917629702483403E-4 3.373026504695459 0.0016587295326754162
fewer 2.4588148512417015E-4 1.6384254493073527 4.028584827409276E-4
space 4.917629702483403E-4 1.3146383722134554 6.46490470722132E-4
nuanced 2.4588148512417015E-4 3.373026504695459 8.293647663377081E-4
only 7.376444553725104E-4 0.10854016857520597 8.006405353469828E-5
create 2.4588148512417015E-4 1.0704414117014134 2.632017240475568E-4
from 0.003196459306614212 0.023122417420854212 7.390986635630802E-5
mechanisms 2.4588148512417015E-4 1.4759065198095778 3.6289808699522445E-4
development 2.4588148512417015E-4 0.6004377824556778 1.4763653367486546E-4
demonstrates 2.4588148512417015E-4 2.120263536200091 5.21333547135503E-4
proposes 4.917629702483403E-4 2.456735772821304 0.0012081316807579562
comparing 4.917629702483403E-4 1.0539121097502027 5.182749494714545E-4
capture 7.376444553725104E-4 1.293584963015623 9.542057755217283E-4
published 0.0024588148512417014 0.03488725900044054 8.578131054939891E-5
disappearance 2.4588148512417015E-4 3.7784916128036232 9.290611292853757E-4
proposed 0.005655274157855913 0.7459453661269161 0.004218525552229916
techniques 9.835259404966806E-4 0.9751312318970885 9.590668619592707E-4
testimony 2.4588148512417015E-4 5.1647859739235145 0.0012699252456167972
solving 7.376444553725104E-4 1.8325814637483102 0.00135179355575238
according 0.0014752889107450208 0.4919571394616079 7.257789124095518E-4
conveyed 2.4588148512417015E-4 3.7784916128036232 9.290611292853757E-4
network 0.006147037128104254 1.0704414117014134 0.006580043101188919
numerical 4.917629702483403E-4 1.6990500711237875 8.355299095764876E-4
can 0.0029505778214900416 0.0958817717032825 2.8290662907287683E-4
computing 0.0012294074256208507 1.9867321435755685 0.002442503250031434
paper 4.917629702483403E-4 0.9306794693262548 4.576737001850282E-4
validated 2.4588148512417015E-4 1.9867321435755685 4.885006500062869E-4
parameter 0.0012294074256208507 1.6094379124341003 0.0019786549206222033
studies 2.4588148512417015E-4 0.24480504809538922 6.0193028791588205E-5
value 0.003196459306614212 0.6214911916535102 0.0019865713035396196
abbreviations 2.4588148512417015E-4 3.2188758248682006 7.914619682488814E-4
tcm 2.4588148512417015E-4 5.1647859739235145 0.0012699252456167972
considers 9.835259404966806E-4 2.0292917579943643 0.0019958610848235694
carried 4.917629702483403E-4 1.121734706088964 5.51627590896958E-4
distances 2.4588148512417015E-4 2.5257286443082556 6.210299100831708E-4
inverse 4.917629702483403E-4 2.6798793241355137 0.001317865416343995
costs 2.4588148512417015E-4 1.9459101490553132 4.7846327736791573E-4
cost 2.4588148512417015E-4 1.3581234841531944 3.339374192655998E-4
computations 2.4588148512417015E-4 3.7784916128036232 9.290611292853757E-4
will 0.0012294074256208507 0.3526016185510966 4.334910481326489E-4
zhao 2.4588148512417015E-4 3.0853444322436783 7.586290711196652E-4
limited 2.4588148512417015E-4 0.5696661237889241 1.4007035254215002E-4
match 7.376444553725104E-4 2.2744142160273495 0.0016777090356729894
resources 2.4588148512417015E-4 1.3805963400052528 3.394630784374853E-4
ultimately 2.4588148512417015E-4 2.120263536200091 5.21333547135503E-4
efficacy 4.917629702483403E-4 1.9867321435755685 9.770013000125737E-4
factors 0.0012294074256208507 0.6321864807702582 7.772147538360686E-4
cbm 2.4588148512417015E-4 5.1647859739235145 0.0012699252456167972
carrier 2.4588148512417015E-4 4.0661736852554045 9.99796824503419E-4
performance 0.0014752889107450208 0.7703368192510752 0.0011364693669797027
corresponding 2.4588148512417015E-4 1.0872485300177945 2.6733428325984623E-4
response 2.4588148512417015E-4 1.1758019273592397 2.891079241109515E-4
vanishing 2.4588148512417015E-4 4.0661736852554045 9.99796824503419E-4
category 0.0017211703958691911 1.252762968495368 0.0021562185344154356
