german 4.781257470714798E-4 3.373026504695459 0.0016127308174494186
introduces 2.390628735357399E-4 2.0292917579943643 4.8512831890852603E-4
optimal 4.781257470714798E-4 1.2329603411991883 5.895100842453685E-4
functions 2.390628735357399E-4 1.3805963400052528 3.3004932823458113E-4
sufficiently 2.390628735357399E-4 2.120263536200091 5.068762936170431E-4
leading 2.390628735357399E-4 1.0704414117014134 2.5590279983299385E-4
staying 2.390628735357399E-4 4.471638793363569 0.0010690028193553836
withdrawn 2.390628735357399E-4 4.0661736852554045 9.720711654925662E-4
accuracy 4.781257470714798E-4 1.0539121097502027 5.03902514821995E-4
resolution 2.390628735357399E-4 2.331572629867298 5.573924527533583E-4
building 0.0016734401147501792 1.4759065198095778 0.0024698411758706774
without 0.0011953143676786994 0.32850406697203605 3.9266563109256037E-4
setting 4.781257470714798E-4 1.3581234841531944 6.493538054760671E-4
via 7.171886206072197E-4 0.9021060968821986 6.469802272643069E-4
these 0.004303131723643318 0.03488725900044054 1.5012447095575656E-4
equations 4.781257470714798E-4 2.073743520565198 9.91510170004876E-4
would 9.562514941429596E-4 0.5013468798114469 4.794137029036069E-4
poor 2.390628735357399E-4 1.0539121097502027 2.519512574109975E-4
thermal 0.015539086779823094 3.5553480614894135 0.05524686205995981
sorts 2.390628735357399E-4 4.0661736852554045 9.720711654925662E-4
definitions 2.390628735357399E-4 1.79749014393704 4.297131589617595E-4
energy 0.0035859431030360986 1.8689491079191851 0.006701945163468271
solid 0.0019125029882859192 2.2744142160273495 0.004349823984752282
thus 0.0019125029882859192 0.8881198549074587 0.0016985318764665717
fairly 2.390628735357399E-4 2.5998366164619773 6.215244122548356E-4
squares 2.390628735357399E-4 3.373026504695459 8.063654087247093E-4
require 4.781257470714798E-4 1.121734706088964 5.363302443647927E-4
analysis 0.0011953143676786994 0.15415067982725836 1.8425852238496097E-4
version 2.390628735357399E-4 1.3805963400052528 3.3004932823458113E-4
size 0.0016734401147501792 0.127833371509885 2.1392149188840425E-4
inefficient 2.390628735357399E-4 3.2188758248682006 7.695137042477171E-4
charged 2.390628735357399E-4 4.0661736852554045 9.720711654925662E-4
much 2.390628735357399E-4 0.7827593392496325 1.871286969279542E-4
providing 4.781257470714798E-4 1.252762968495368 5.989782302153326E-4
least 0.002151565861821659 0.653926467406664 0.001406965863413812
yellow 4.781257470714798E-4 3.2188758248682006 0.0015390274084954342
ambient 0.0016734401147501792 4.0661736852554045 0.006804498158447963
example 2.390628735357399E-4 0.9162907318741551 2.190510953560017E-4
result 0.0014343772412144394 0.4285875255290187 6.147561924872369E-4
same 7.171886206072197E-4 0.2972515234679317 2.1318541008936054E-4
heuristics 2.390628735357399E-4 3.7784916128036232 9.032970625875265E-4
variations 2.390628735357399E-4 2.331572629867298 5.573924527533583E-4
after 2.390628735357399E-4 0.12136085700426753 2.9012875210200224E-5
minimize 2.390628735357399E-4 2.2203469947570738 5.308025328130705E-4
mitigate 2.390628735357399E-4 2.169053700369523 5.185402104636679E-4
decreased 0.0011953143676786994 1.293584963015623 0.0015462406921056932
the 0.11331580205594072 0.017291497110061043 0.001959399863774548
component 2.390628735357399E-4 1.3361445774344192 3.1942256214066917E-4
blue 0.0011953143676786994 2.456735772821304 0.0029365715668435376
days 4.781257470714798E-4 1.1043429633770947 5.280148043878052E-4
penalization 2.390628735357399E-4 4.471638793363569 0.0010690028193553836
information 2.390628735357399E-4 0.3049735695618419 7.290785789190579E-5
combined 4.781257470714798E-4 0.9600933545325481 4.5904535239423764E-4
prominence 2.390628735357399E-4 3.7784916128036232 9.032970625875265E-4
standard 4.781257470714798E-4 0.7827593392496325 3.742573938559084E-4
november 0.004064068850107579 1.1758019273592397 0.00477853998687714
nine 2.390628735357399E-4 1.9459101490553132 4.651948718755231E-4
controls 2.390628735357399E-4 2.331572629867298 5.573924527533583E-4
saddle 2.390628735357399E-4 4.0661736852554045 9.720711654925662E-4
occupancy 2.390628735357399E-4 4.471638793363569 0.0010690028193553836
compute 4.781257470714798E-4 2.2203469947570738 0.001061605065626141
red 0.0011953143676786994 1.9459101490553132 0.0023259743593776155
spring 4.781257470714798E-4 4.0661736852554045 0.0019441423309851324
generated 4.781257470714798E-4 1.1758019273592397 5.621811749267223E-4
layers 7.171886206072197E-4 1.730798769438368 0.0012413091820021765
implement 2.390628735357399E-4 1.8325814637483102 4.381021907120034E-4
predicted 7.171886206072197E-4 1.5271998141971284 0.0010952903281356407
area 2.390628735357399E-4 0.9600933545325481 2.2952267619711882E-4
finite 2.390628735357399E-4 2.331572629867298 5.573924527533583E-4
its 2.390628735357399E-4 0.19497267434751336 4.661072779046459E-5
capacitances 2.390628735357399E-4 5.1647859739235145 0.0012347085761232404
respect 2.390628735357399E-4 1.5812670354674039 3.780222413261783E-4
volume 2.390628735357399E-4 1.4512139072192063 3.469313667748521E-4
tests 4.781257470714798E-4 1.3581234841531944 6.493538054760671E-4
success 2.390628735357399E-4 1.6384254493073527 3.9168669598550147E-4
therefore 2.390628735357399E-4 1.1394342831883648 2.723964339441465E-4
activation 2.390628735357399E-4 2.073743520565198 4.95755085002438E-4
alignment 4.781257470714798E-4 2.9675613965872945 0.001418867509723784
useful 2.390628735357399E-4 0.9162907318741551 2.190510953560017E-4
private 2.390628735357399E-4 2.331572629867298 5.573924527533583E-4
technical 2.390628735357399E-4 2.0292917579943643 4.8512831890852603E-4
applied 7.171886206072197E-4 0.6109090823229731 4.381370420676355E-4
choose 2.390628735357399E-4 1.8689491079191851 4.4679634423121803E-4
previously 2.390628735357399E-4 0.8340526336371831 1.993910192773567E-4
provides 4.781257470714798E-4 0.6214911916535102 2.9715094030767877E-4
end 9.562514941429596E-4 1.1758019273592397 0.0011243623498534447
usages 2.390628735357399E-4 5.1647859739235145 0.0012347085761232404
perform 2.390628735357399E-4 0.9600933545325481 2.2952267619711882E-4
multiple 0.0019125029882859192 0.5108256237659907 9.76955531945476E-4
peak 2.390628735357399E-4 2.456735772821304 5.873143133687076E-4
concentrate 2.390628735357399E-4 3.5553480614894135 8.499517239993817E-4
room 2.390628735357399E-4 2.2203469947570738 5.308025328130705E-4
better 9.562514941429596E-4 0.4285875255290187 4.0983746165815796E-4
noted 2.390628735357399E-4 1.157452788691043 2.767039896464363E-4
with 0.007650011953143677 0.017291497110061043 1.3228015957971633E-4
horizon 0.0016734401147501792 2.6798793241355137 0.0044846175636979665
environment 2.390628735357399E-4 1.4035858582299516 3.355452685225799E-4
service 2.390628735357399E-4 1.6990500711237875 4.061797922839559E-4
there 0.0031078173559646186 0.12136085700426753 3.771673777326029E-4
well 2.390628735357399E-4 0.3127557100038969 7.476827874824215E-5
achieved 2.390628735357399E-4 1.121734706088964 2.6816512218239637E-4
outlook 2.390628735357399E-4 4.0661736852554045 9.720711654925662E-4
slightly 4.781257470714798E-4 1.5271998141971284 7.301935520904272E-4
neglects 2.390628735357399E-4 4.471638793363569 0.0010690028193553836
smaller 2.390628735357399E-4 1.121734706088964 2.6816512218239637E-4
considered 2.390628735357399E-4 0.32059888746492277 7.664329128972574E-5
focus 4.781257470714798E-4 0.6874491594453075 3.286871429334485E-4
entire 4.781257470714798E-4 1.1944940603713923 5.711183649875172E-4
occurs 2.390628735357399E-4 1.6682784124570338 3.988234311396208E-4
approach 9.562514941429596E-4 0.5398131606392429 5.161971414193095E-4
number 0.0011953143676786994 0.167573700159399 2.00303251445612E-4
tried 2.390628735357399E-4 2.2744142160273495 5.437279980940353E-4
morari 2.390628735357399E-4 5.1647859739235145 0.0012347085761232404
sass 2.390628735357399E-4 5.1647859739235145 0.0012347085761232404
per 2.390628735357399E-4 0.7339691750802005 1.7546478008132932E-4
flow 7.171886206072197E-4 1.5012243277938677 0.0010766610048724846
order 7.171886206072197E-4 0.6214911916535102 4.457264104615182E-4
similar 2.390628735357399E-4 0.20895891632225325 4.995431898691208E-5
period 4.781257470714798E-4 0.8472978603872037 4.0511492248969817E-4
considering 4.781257470714798E-4 0.9162907318741551 4.381021907120034E-4
volumes 2.390628735357399E-4 2.456735772821304 5.873143133687076E-4
distributed 2.390628735357399E-4 1.6094379124341003 3.8475685212385855E-4
handle 2.390628735357399E-4 1.8689491079191851 4.4679634423121803E-4
propose 2.390628735357399E-4 1.5812670354674039 3.780222413261783E-4
discretizes 4.781257470714798E-4 5.1647859739235145 0.002469417152246481
ever 2.390628735357399E-4 2.7668907011251433 6.614608417702949E-4
system 0.002151565861821659 0.44628710262841953 9.602160945866066E-4
illustrated 2.390628735357399E-4 1.8325814637483102 4.381021907120034E-4
even 4.781257470714798E-4 0.377294231141468 1.8039408613027395E-4
atypical 2.390628735357399E-4 3.7784916128036232 9.032970625875265E-4
renewable 4.781257470714798E-4 4.0661736852554045 0.0019441423309851324
granularity 2.390628735357399E-4 3.5553480614894135 8.499517239993817E-4
orders 2.390628735357399E-4 3.5553480614894135 8.499517239993817E-4
partial 2.390628735357399E-4 1.6682784124570338 3.988234311396208E-4
assumed 9.562514941429596E-4 1.6094379124341003 0.0015390274084954342
authors 0.004303131723643318 0.023122417420854212 9.949880793100067E-5
other 9.562514941429596E-4 0.0408219945202552 3.903609325388974E-5
kailath 2.390628735357399E-4 5.1647859739235145 0.0012347085761232404
restrict 2.390628735357399E-4 3.2188758248682006 7.695137042477171E-4
local 0.0014343772412144394 1.0704414117014134 0.0015354167989979632
segments 7.171886206072197E-4 2.456735772821304 0.0017619429401061228
top 0.0019125029882859192 1.5538680612792897 0.0029717773105986892
have 0.0019125029882859192 0.028987536873252187 5.543875089314308E-5
modelled 0.002629691608893139 2.8622008809294686 0.007526705639546774
stochastic 2.390628735357399E-4 2.456735772821304 5.873143133687076E-4
activating 2.390628735357399E-4 3.7784916128036232 9.032970625875265E-4
share 2.390628735357399E-4 1.4035858582299516 3.355452685225799E-4
decisions 2.390628735357399E-4 1.6094379124341003 3.8475685212385855E-4
ordinance 2.390628735357399E-4 5.1647859739235145 0.0012347085761232404
seshadri 7.171886206072197E-4 5.1647859739235145 0.0037041257283697213
linear 0.005737508964857758 1.3146383722134554 0.0075427494461207095
robust 2.390628735357399E-4 1.6682784124570338 3.988234311396208E-4
particularly 4.781257470714798E-4 0.9751312318970885 4.6623534874352783E-4
question 2.390628735357399E-4 1.2329603411991883 2.9475504212268425E-4
discussed 2.390628735357399E-4 1.0216512475319812 2.4423888298636895E-4
minlp 7.171886206072197E-4 4.0661736852554045 0.0029162134964776988
pumps 4.781257470714798E-4 5.1647859739235145 0.002469417152246481
future 0.0014343772412144394 0.48265474679929443 6.923089841730257E-4
constraint 7.171886206072197E-4 2.2203469947570738 0.0015924075984392115
bonmin 2.390628735357399E-4 4.471638793363569 0.0010690028193553836
subproblems 2.390628735357399E-4 4.0661736852554045 9.720711654925662E-4
outputs 2.390628735357399E-4 2.169053700369523 5.185402104636679E-4
cop 0.0016734401147501792 4.0661736852554045 0.006804498158447963
losses 4.781257470714798E-4 3.0853444322436783 0.0014751826116393394
correspond 7.171886206072197E-4 1.9459101490553132 0.0013955846156265693
amongst 7.171886206072197E-4 3.5553480614894135 0.002549855171998145
biggest 2.390628735357399E-4 2.7668907011251433 6.614608417702949E-4
whether 4.781257470714798E-4 0.5300569856938783 2.534338922753422E-4
discusses 2.390628735357399E-4 2.2744142160273495 5.437279980940353E-4
function 7.171886206072197E-4 0.6321864807702582 4.533969501101541E-4
implemented 2.390628735357399E-4 1.293584963015623 3.092481384211387E-4
quite 7.171886206072197E-4 1.5012243277938677 0.0010766610048724846
net 2.390628735357399E-4 3.0853444322436783 7.375913058196697E-4
all 0.005737508964857758 0.017291497110061043 9.921011968478725E-5
always 2.390628735357399E-4 1.2729656758128876 3.04318832372194E-4
new 2.390628735357399E-4 0.38566248081198473 9.219758087783522E-5
settings 2.390628735357399E-4 2.0292917579943643 4.8512831890852603E-4
including 2.390628735357399E-4 0.2669461739726028 6.381691942926196E-5
comparison 0.0014343772412144394 0.758066726659261 0.0010873536600419713
avoids 2.390628735357399E-4 3.0853444322436783 7.375913058196697E-4
differs 2.390628735357399E-4 1.8689491079191851 4.4679634423121803E-4
heater 0.0014343772412144394 4.471638793363569 0.006414016916132301
shall 2.390628735357399E-4 3.7784916128036232 9.032970625875265E-4
conducted 2.390628735357399E-4 0.664976303593249 1.5897114597017667E-4
guaranteed 2.390628735357399E-4 3.0853444322436783 7.375913058196697E-4
quantify 2.390628735357399E-4 2.456735772821304 5.873143133687076E-4
improve 2.390628735357399E-4 0.7104386776700063 1.6983951175472301E-4
were 2.390628735357399E-4 0.0958817717032825 2.292177186308451E-5
activations 2.390628735357399E-4 4.471638793363569 0.0010690028193553836
unexpectedly 2.390628735357399E-4 3.7784916128036232 9.032970625875265E-4
discretized 2.390628735357399E-4 3.5553480614894135 8.499517239993817E-4
units 2.390628735357399E-4 1.7635885922613586 4.216085566008507E-4
represents 4.781257470714798E-4 0.9751312318970885 4.6623534874352783E-4
ipopt 4.781257470714798E-4 3.373026504695459 0.0016127308174494186
times 4.781257470714798E-4 0.9600933545325481 4.5904535239423764E-4
and 0.043748505857040404 0.017291497110061043 7.564771625965028E-4
define 2.390628735357399E-4 1.3146383722134554 3.1428122692169625E-4
construction 2.390628735357399E-4 1.730798769438368 4.137697273340588E-4
floor 2.390628735357399E-4 4.0661736852554045 9.720711654925662E-4
direction 7.171886206072197E-4 1.6682784124570338 0.0011964702934188624
rates 2.390628735357399E-4 1.2329603411991883 2.9475504212268425E-4
aforementioned 2.390628735357399E-4 2.0292917579943643 4.8512831890852603E-4
specific 4.781257470714798E-4 0.40261203912575794 1.9249918198697486E-4
any 7.171886206072197E-4 0.2669461739726028 1.9145075828778588E-4
despite 4.781257470714798E-4 0.7221347174331975 3.452712012589995E-4
formulated 4.781257470714798E-4 1.7635885922613586 8.432171132017014E-4
slowest 2.390628735357399E-4 5.1647859739235145 0.0012347085761232404
minute 2.390628735357399E-4 3.7784916128036232 9.032970625875265E-4
analogy 2.390628735357399E-4 3.373026504695459 8.063654087247093E-4
industrial 2.390628735357399E-4 2.2744142160273495 5.437279980940353E-4
strategy 2.390628735357399E-4 1.2135422553420867 2.9011289871912183E-4
maintenance 7.171886206072197E-4 2.5257286443082556 0.001811423842439581
exceeds 4.781257470714798E-4 2.9675613965872945 0.001418867509723784
accurate 9.562514941429596E-4 1.3805963400052528 0.0013201973129383245
uncertain 4.781257470714798E-4 2.9675613965872945 0.001418867509723784
notation 2.390628735357399E-4 3.373026504695459 8.063654087247093E-4
formulation 4.781257470714798E-4 2.2203469947570738 0.001061605065626141
represented 2.390628735357399E-4 0.8881198549074587 2.1231648455832146E-4
let 4.781257470714798E-4 1.9459101490553132 9.303897437510462E-4
state 0.002151565861821659 1.0376515888784226 0.002232575735095817
events 2.390628735357399E-4 1.4759065198095778 3.5283445369581107E-4
defined 4.781257470714798E-4 0.5300569856938783 2.534338922753422E-4
models 0.006215634711929237 0.7953381214564925 0.004943531235445567
using 0.002629691608893139 0.083381608939051 2.1926791736303155E-4
inefficiency 2.390628735357399E-4 3.5553480614894135 8.499517239993817E-4
relaxation 7.171886206072197E-4 3.5553480614894135 0.002549855171998145
night 2.390628735357399E-4 4.0661736852554045 9.720711654925662E-4
forecast 4.781257470714798E-4 3.5553480614894135 0.0016999034479987633
demand 0.0023906287353573988 1.730798769438368 0.004137697273340587
each 0.005737508964857758 0.13434805253107854 7.70823155808244E-4
input 4.781257470714798E-4 1.0216512475319812 4.884777659727379E-4
heatpump 2.390628735357399E-4 5.1647859739235145 0.0012347085761232404
difference 0.0019125029882859192 0.6004377824556778 0.0011483390532262545
alternatives 2.390628735357399E-4 2.7668907011251433 6.614608417702949E-4
must 2.390628735357399E-4 1.0376515888784226 2.480639705662019E-4
mixes 2.390628735357399E-4 5.1647859739235145 0.0012347085761232404
choices 2.390628735357399E-4 2.456735772821304 5.873143133687076E-4
actions 2.390628735357399E-4 2.2203469947570738 5.308025328130705E-4
complies 2.390628735357399E-4 5.1647859739235145 0.0012347085761232404
complexity 2.390628735357399E-4 1.6094379124341003 3.8475685212385855E-4
perfectly 2.390628735357399E-4 3.5553480614894135 8.499517239993817E-4
increased 0.0016734401147501792 0.4919571394616079 8.232608119128031E-4
frequently 2.390628735357399E-4 1.157452788691043 2.767039896464363E-4
simultaneous 2.390628735357399E-4 2.9675613965872945 7.09433754861892E-4
another 4.781257470714798E-4 0.40261203912575794 1.9249918198697486E-4
battery 0.010518766435572556 3.5553480614894135 0.0373978758559728
two 7.171886206072197E-4 0.11492996667397702 8.24264642653433E-5
matching 2.390628735357399E-4 2.2744142160273495 5.437279980940353E-4
increases 2.390628735357399E-4 1.1394342831883648 2.723964339441465E-4
notion 2.390628735357399E-4 2.2744142160273495 5.437279980940353E-4
found 2.390628735357399E-4 0.27443684570176036 6.56076609375473E-5
runtimes 4.781257470714798E-4 4.471638793363569 0.002138005638710767
desired 2.390628735357399E-4 1.79749014393704 4.297131589617595E-4
are 0.013148458044465695 0.028987536873252187 3.8114141239035867E-4
does 7.171886206072197E-4 0.5696661237889241 4.0855806152684016E-4
taken 0.0019125029882859192 0.990398704027877 0.0018941404810478165
where 0.0035859431030360986 0.32850406697203605 0.0011779968932776814
gives 2.390628735357399E-4 1.3146383722134554 3.1428122692169625E-4
equate 2.390628735357399E-4 5.1647859739235145 0.0012347085761232404
vice 2.390628735357399E-4 2.9675613965872945 7.09433754861892E-4
forecasting 4.781257470714798E-4 3.2188758248682006 0.0015390274084954342
guaranteeing 2.390628735357399E-4 3.7784916128036232 9.032970625875265E-4
black 4.781257470714798E-4 2.392197251683733 0.0011437710981036255
summarized 2.390628735357399E-4 1.4271163556401458 3.411705368491862E-4
diagram 4.781257470714798E-4 2.0292917579943643 9.702566378170521E-4
such 0.0033468802295003584 0.10219094089654716 3.420208397206933E-4
nlp 7.171886206072197E-4 0.41119578281714936 2.9490493627813724E-4
absolute 2.390628735357399E-4 2.120263536200091 5.068762936170431E-4
andersson 2.390628735357399E-4 4.471638793363569 0.0010690028193553836
purple 4.781257470714798E-4 4.0661736852554045 0.0019441423309851324
supported 2.390628735357399E-4 1.79749014393704 4.297131589617595E-4
solved 7.171886206072197E-4 2.2203469947570738 0.0015924075984392115
source 2.390628735357399E-4 0.9452782687474074 2.259809392176446E-4
research 4.781257470714798E-4 0.41119578281714936 1.966032908520915E-4
domestic 0.0047812574707147976 2.7668907011251433 0.013229216835405896
either 4.781257470714798E-4 0.7827593392496325 3.742573938559084E-4
segment 4.781257470714798E-4 2.120263536200091 0.0010137525872340862
scheduling 0.005259383217786278 3.373026504695459 0.017740038991943607
solves 2.390628735357399E-4 3.2188758248682006 7.695137042477171E-4
huge 2.390628735357399E-4 1.9459101490553132 4.651948718755231E-4
has 0.0031078173559646186 0.05279818556697083 1.6408711746847257E-4
results 0.0038250059765718384 0.08961215868968714 3.427670425615573E-4
inherent 2.390628735357399E-4 2.2203469947570738 5.308025328130705E-4
those 4.781257470714798E-4 0.3364722366212129 1.6087603950332914E-4
given 0.0031078173559646186 0.3526016185510966 0.0010958214298743142
actual 2.390628735357399E-4 1.293584963015623 3.092481384211387E-4
last 2.390628735357399E-4 0.7703368192510752 1.8415893360054393E-4
significant 4.781257470714798E-4 0.377294231141468 1.8039408613027395E-4
develop 2.390628735357399E-4 1.157452788691043 2.767039896464363E-4
decrease 4.781257470714798E-4 1.3146383722134554 6.285624538433925E-4
longer 7.171886206072197E-4 1.1758019273592397 8.432717623900835E-4
warm 4.781257470714798E-4 4.0661736852554045 0.0019441423309851324
signals 2.390628735357399E-4 2.5998366164619773 6.215244122548356E-4
involved 2.390628735357399E-4 1.1043429633770947 2.640074021939026E-4
leads 4.781257470714798E-4 1.1758019273592397 5.621811749267223E-4
overall 2.390628735357399E-4 0.7339691750802005 1.7546478008132932E-4
selling 2.390628735357399E-4 3.5553480614894135 8.499517239993817E-4
fixed 4.781257470714798E-4 1.6682784124570338 7.976468622792416E-4
yokoyama 2.390628735357399E-4 5.1647859739235145 0.0012347085761232404
assume 7.171886206072197E-4 1.730798769438368 0.0012413091820021765
updated 2.390628735357399E-4 2.073743520565198 4.95755085002438E-4
parameters 0.0011953143676786994 1.2135422553420867 0.0014505644935956092
full 0.0016734401147501792 0.14750613710858965 2.468426870093539E-4
next 2.390628735357399E-4 0.8080771472339223 1.9318124485630464E-4
hidden 2.390628735357399E-4 1.730798769438368 4.137697273340588E-4
nearly 2.390628735357399E-4 2.120263536200091 5.068762936170431E-4
house 2.390628735357399E-4 3.0853444322436783 7.375913058196697E-4
nor 2.390628735357399E-4 1.6094379124341003 3.8475685212385855E-4
conclusion 2.390628735357399E-4 0.653926467406664 1.5632954037931248E-4
usable 0.002151565861821659 3.5553480614894135 0.007649565515994434
not 0.0033468802295003584 0.03488725900044054 1.1676347741003287E-4
negative 2.390628735357399E-4 0.6429973968744738 1.5371680537281228E-4
ends 2.390628735357399E-4 2.5998366164619773 6.215244122548356E-4
factor 4.781257470714798E-4 0.7703368192510752 3.6831786720108785E-4
dotted 0.0014343772412144394 3.2188758248682006 0.004617082225486302
hours 2.390628735357399E-4 1.6682784124570338 3.988234311396208E-4
green 0.0014343772412144394 2.169053700369523 0.003111241262782008
effectively 2.390628735357399E-4 1.6384254493073527 3.9168669598550147E-4
introduce 2.390628735357399E-4 1.7635885922613586 4.216085566008507E-4
derives 2.390628735357399E-4 4.0661736852554045 9.720711654925662E-4
windows 2.390628735357399E-4 3.2188758248682006 7.695137042477171E-4
way 2.390628735357399E-4 0.9306794693262548 2.2249090827785196E-4
what 9.562514941429596E-4 0.8209805520698303 7.850638795790871E-4
detailed 9.562514941429596E-4 1.1394342831883648 0.001089585735776586
refer 2.390628735357399E-4 1.6682784124570338 3.988234311396208E-4
typical 4.781257470714798E-4 1.4512139072192063 6.938627335497042E-4
short 9.562514941429596E-4 1.157452788691043 0.0011068159585857452
yang 2.390628735357399E-4 2.7668907011251433 6.614608417702949E-4
risk 2.390628735357399E-4 0.8209805520698303 1.9626596989477177E-4
time 0.010996892182644035 0.20194134366360675 0.0022207271834869496
penalizes 2.390628735357399E-4 4.471638793363569 0.0010690028193553836
applications 4.781257470714798E-4 1.2135422553420867 5.802257974382437E-4
storages 0.0016734401147501792 5.1647859739235145 0.008642960032862681
stratification 7.171886206072197E-4 3.5553480614894135 0.002549855171998145
usage 9.562514941429596E-4 1.8689491079191851 0.0017871853769248721
quickly 2.390628735357399E-4 2.0292917579943643 4.8512831890852603E-4
collected 4.781257470714798E-4 0.8340526336371831 3.987820385547134E-4
illustrative 2.390628735357399E-4 3.0853444322436783 7.375913058196697E-4
program 4.781257470714798E-4 1.8689491079191851 8.935926884624361E-4
complementary 4.781257470714798E-4 2.073743520565198 9.91510170004876E-4
issues 2.390628735357399E-4 1.121734706088964 2.6816512218239637E-4
three 7.171886206072197E-4 0.22314355131420976 1.6003601576443445E-4
when 7.171886206072197E-4 0.14750613710858965 1.0578972300400883E-4
required 9.562514941429596E-4 0.5900749954201312 5.642600960269005E-4
temperatures 2.390628735357399E-4 4.0661736852554045 9.720711654925662E-4
largely 2.390628735357399E-4 1.79749014393704 4.297131589617595E-4
complementarity 7.171886206072197E-4 4.0661736852554045 0.0029162134964776988
options 2.390628735357399E-4 2.0292917579943643 4.8512831890852603E-4
savings 2.390628735357399E-4 3.5553480614894135 8.499517239993817E-4
case 0.002151565861821659 0.38566248081198473 8.297782279005169E-4
generation 0.0016734401147501792 1.6990500711237875 0.0028432585459876912
give 2.390628735357399E-4 1.157452788691043 2.767039896464363E-4
depends 2.390628735357399E-4 1.6682784124570338 3.988234311396208E-4
badgwell 2.390628735357399E-4 5.1647859739235145 0.0012347085761232404
conclusions 2.390628735357399E-4 1.0872485300177945 2.599207578335631E-4
utilizes 2.390628735357399E-4 2.5998366164619773 6.215244122548356E-4
lowest 4.781257470714798E-4 1.6094379124341003 7.695137042477171E-4
discharging 4.781257470714798E-4 4.471638793363569 0.002138005638710767
provide 4.781257470714798E-4 0.44628710262841953 2.1338135435257927E-4
rely 2.390628735357399E-4 1.6094379124341003 3.8475685212385855E-4
determined 2.390628735357399E-4 1.0376515888784226 2.480639705662019E-4
bounds 2.390628735357399E-4 3.2188758248682006 7.695137042477171E-4
completely 4.781257470714798E-4 1.3805963400052528 6.600986564691623E-4
requires 2.390628735357399E-4 0.8881198549074587 2.1231648455832146E-4
primary 2.390628735357399E-4 0.9306794693262548 2.2249090827785196E-4
explicitly 2.390628735357399E-4 1.5812670354674039 3.780222413261783E-4
computed 9.562514941429596E-4 1.730798769438368 0.0016550789093362351
grassi 2.390628735357399E-4 5.1647859739235145 0.0012347085761232404
methods 4.781257470714798E-4 0.20194134366360675 9.655335580378042E-5
formulate 2.390628735357399E-4 2.456735772821304 5.873143133687076E-4
layer 2.390628735357399E-4 1.6990500711237875 4.061797922839559E-4
smart 2.390628735357399E-4 2.5998366164619773 6.215244122548356E-4
lot 2.390628735357399E-4 2.073743520565198 4.95755085002438E-4
low 4.781257470714798E-4 0.6761496041913742 3.232845346360861E-4
minimizing 2.390628735357399E-4 2.8622008809294686 6.842459672315249E-4
biegler 2.390628735357399E-4 5.1647859739235145 0.0012347085761232404
more 0.002629691608893139 0.05279818556697083 1.3884294555024603E-4
display 0.002868754482428879 0.167573700159399 4.807278034694688E-4
csvdisplay 0.0011953143676786994 0.2669461739726028 3.190845971463098E-4
electricity 0.0031078173559646186 3.7784916128036232 0.011742861813637843
consistent 2.390628735357399E-4 0.9306794693262548 2.2249090827785196E-4
continuously 2.390628735357399E-4 2.2203469947570738 5.308025328130705E-4
inaccurate 2.390628735357399E-4 2.9675613965872945 7.09433754861892E-4
grid 0.0038250059765718384 2.6798793241355137 0.01025055443130964
organized 2.390628735357399E-4 1.6990500711237875 4.061797922839559E-4
accounts 2.390628735357399E-4 1.8689491079191851 4.4679634423121803E-4
choice 7.171886206072197E-4 1.6682784124570338 0.0011964702934188624
certain 2.390628735357399E-4 0.8209805520698303 1.9626596989477177E-4
economic 2.390628735357399E-4 1.6990500711237875 4.061797922839559E-4
levels 2.390628735357399E-4 0.9452782687474074 2.259809392176446E-4
small 2.390628735357399E-4 0.6214911916535102 1.4857547015383938E-4
indicator 9.562514941429596E-4 2.120263536200091 0.0020275051744681723
fed 4.781257470714798E-4 1.9867321435755685 9.499077903779912E-4
simple 4.781257470714798E-4 1.157452788691043 5.534079792928726E-4
section 0.005976571838393498 0.7953381214564925 0.00475339541869766
used 0.002868754482428879 0.07103577311675174 2.0378419254148242E-4
constantly 2.390628735357399E-4 2.7668907011251433 6.614608417702949E-4
wakui 2.390628735357399E-4 5.1647859739235145 0.0012347085761232404
centralized 2.390628735357399E-4 3.5553480614894135 8.499517239993817E-4
shows 9.562514941429596E-4 0.5596157879354227 5.351334333592375E-4
emptiness 0.0014343772412144394 5.1647859739235145 0.0074082514567394425
shown 0.0033468802295003584 0.3364722366212129 0.001126132276523304
major 4.781257470714798E-4 0.7104386776700063 3.3967902350944603E-4
presented 2.390628735357399E-4 0.4373981552111735 1.0456565986401469E-4
few 2.390628735357399E-4 0.6988778552689304 1.6707574833108545E-4
receding 2.390628735357399E-4 4.471638793363569 0.0010690028193553836
consider 4.781257470714798E-4 0.8080771472339223 3.863624897126093E-4
combination 2.390628735357399E-4 0.758066726659261 1.8122561000699522E-4
described 2.390628735357399E-4 0.44628710262841953 1.0669067717628964E-4
otherwise 2.390628735357399E-4 2.0292917579943643 4.8512831890852603E-4
obtain 2.390628735357399E-4 1.0872485300177945 2.599207578335631E-4
created 2.390628735357399E-4 1.0704414117014134 2.5590279983299385E-4
runtime 0.0011953143676786994 4.0661736852554045 0.00486035582746283
particular 4.781257470714798E-4 1.0704414117014134 5.118055996659877E-4
marchal 4.781257470714798E-4 5.1647859739235145 0.002469417152246481
water 0.010279703562036816 2.331572629867298 0.02396787546839441
both 0.002629691608893139 0.13434805253107854 3.532939464121119E-4
most 0.002629691608893139 0.0771896386911299 2.0298494515955746E-4
effects 0.0047812574707147976 1.0216512475319812 0.0048847776597273785
effect 2.390628735357399E-4 0.758066726659261 1.8122561000699522E-4
topic 2.390628735357399E-4 1.2729656758128876 3.04318832372194E-4
option 4.781257470714798E-4 2.331572629867298 0.0011147849055067167
forecasts 2.390628735357399E-4 3.7784916128036232 9.032970625875265E-4
largest 2.390628735357399E-4 1.6094379124341003 3.8475685212385855E-4
unexpected 2.390628735357399E-4 2.169053700369523 5.185402104636679E-4
part 0.0019125029882859192 0.5496654570822546 0.0010512368292273574
values 9.562514941429596E-4 0.5900749954201312 5.642600960269005E-4
their 7.171886206072197E-4 0.12136085700426753 8.703862563060067E-5
affecting 2.390628735357399E-4 2.169053700369523 5.185402104636679E-4
inherently 2.390628735357399E-4 3.2188758248682006 7.695137042477171E-4
necessarily 2.390628735357399E-4 1.6990500711237875 4.061797922839559E-4
point 7.171886206072197E-4 0.7703368192510752 5.524768008016318E-4
introduction 2.390628735357399E-4 0.10219094089654716 2.4430059980049524E-5
ceiling 2.390628735357399E-4 4.0661736852554045 9.720711654925662E-4
process 2.390628735357399E-4 0.5013468798114469 1.1985342572590172E-4
amount 2.390628735357399E-4 1.121734706088964 2.6816512218239637E-4
penalizing 2.390628735357399E-4 4.0661736852554045 9.720711654925662E-4
electric 0.0019125029882859192 4.0661736852554045 0.0077765693239405295
clear 2.390628735357399E-4 1.0704414117014134 2.5590279983299385E-4
alternative 2.390628735357399E-4 1.3805963400052528 3.3004932823458113E-4
also 0.0023906287353573988 0.05279818556697083 1.2622085959113272E-4
approaches 9.562514941429596E-4 0.9021060968821986 8.626403030190759E-4
increase 4.781257470714798E-4 0.5013468798114469 2.3970685145180344E-4
mayne 2.390628735357399E-4 4.471638793363569 0.0010690028193553836
listed 2.390628735357399E-4 1.8689491079191851 4.4679634423121803E-4
various 2.390628735357399E-4 0.5798184952529422 1.386130756043371E-4
valued 2.390628735357399E-4 3.5553480614894135 8.499517239993817E-4
latter 2.390628735357399E-4 1.8325814637483102 4.381021907120034E-4
uses 7.171886206072197E-4 1.1394342831883648 8.171893018324395E-4
determining 2.390628735357399E-4 1.5538680612792897 3.7147216382483615E-4
inaccuracies 2.390628735357399E-4 4.0661736852554045 9.720711654925662E-4
further 4.781257470714798E-4 0.27443684570176036 1.312153218750946E-4
account 2.390628735357399E-4 1.0539121097502027 2.519512574109975E-4
demands 4.781257470714798E-4 2.456735772821304 0.0011746286267374153
extent 2.390628735357399E-4 1.3805963400052528 3.3004932823458113E-4
equivalent 2.390628735357399E-4 1.7635885922613586 4.216085566008507E-4
been 4.781257470714798E-4 0.05279818556697083 2.524417191822655E-5
mixing 2.390628735357399E-4 3.0853444322436783 7.375913058196697E-4
deg 9.562514941429596E-4 4.471638793363569 0.004276011277421534
losing 2.390628735357399E-4 2.9675613965872945 7.09433754861892E-4
offer 2.390628735357399E-4 1.5271998141971284 3.650967760452136E-4
milp 4.781257470714798E-4 3.7784916128036232 0.001806594125175053
depending 7.171886206072197E-4 1.2729656758128876 9.129564971165821E-4
bat 0.002868754482428879 4.471638793363569 0.012828033832264602
complex 2.390628735357399E-4 0.8743265327751228 2.0901901333376114E-4
fluid 2.390628735357399E-4 2.2744142160273495 5.437279980940353E-4
evaluated 2.390628735357399E-4 0.9600933545325481 2.2952267619711882E-4
investigated 2.390628735357399E-4 1.3581234841531944 3.2467690273803356E-4
limitations 2.390628735357399E-4 0.9162907318741551 2.190510953560017E-4
capacitance 4.781257470714798E-4 5.1647859739235145 0.002469417152246481
preventing 2.390628735357399E-4 2.5998366164619773 6.215244122548356E-4
profile 7.171886206072197E-4 2.120263536200091 0.001520628880851129
impact 4.781257470714798E-4 0.7827593392496325 3.742573938559084E-4
levelling 2.390628735357399E-4 5.1647859739235145 0.0012347085761232404
accurately 7.171886206072197E-4 2.073743520565198 0.0014872652550073139
veit 0.004064068850107579 5.1647859739235145 0.020990045794095087
underestimate 2.390628735357399E-4 5.1647859739235145 0.0012347085761232404
flexible 2.390628735357399E-4 2.5998366164619773 6.215244122548356E-4
omitted 2.390628735357399E-4 2.5257286443082556 6.038079474798603E-4
switched 2.390628735357399E-4 3.373026504695459 8.063654087247093E-4
consideration 2.390628735357399E-4 1.5812670354674039 3.780222413261783E-4
greatly 2.390628735357399E-4 2.2203469947570738 5.308025328130705E-4
solvers 2.390628735357399E-4 3.2188758248682006 7.695137042477171E-4
average 4.781257470714798E-4 0.7459453661269161 3.566556854539403E-4
affect 2.390628735357399E-4 0.990398704027877 2.3676756013097706E-4
facing 2.390628735357399E-4 3.0853444322436783 7.375913058196697E-4
hot 0.006693760459000717 2.9675613965872945 0.019864145136132976
choosing 2.390628735357399E-4 2.169053700369523 5.185402104636679E-4
suboptimality 2.390628735357399E-4 5.1647859739235145 0.0012347085761232404
how 7.171886206072197E-4 0.5496654570822546 3.9421381096025904E-4
systems 9.562514941429596E-4 0.8743265327751228 8.360760533350445E-4
term 7.171886206072197E-4 1.1944940603713923 8.566775474812758E-4
embedded 2.390628735357399E-4 1.8689491079191851 4.4679634423121803E-4
compared 7.171886206072197E-4 0.2669461739726028 1.9145075828778588E-4
contain 2.390628735357399E-4 1.4035858582299516 3.355452685225799E-4
charge 9.562514941429596E-4 3.373026504695459 0.0032254616348988373
set 4.781257470714798E-4 0.5596157879354227 2.6756671667961876E-4
richardson 7.171886206072197E-4 4.471638793363569 0.0032070084580661505
edgar 2.390628735357399E-4 5.1647859739235145 0.0012347085761232404
predictive 4.781257470714798E-4 1.5012243277938677 7.177740032483231E-4
operational 2.390628735357399E-4 2.7668907011251433 6.614608417702949E-4
possible 7.171886206072197E-4 0.38566248081198473 2.7659274263350567E-4
involve 4.781257470714798E-4 1.8325814637483102 8.762043814240067E-4
constrained 2.390628735357399E-4 2.8622008809294686 6.842459672315249E-4
dhw 7.171886206072197E-4 5.1647859739235145 0.0037041257283697213
nlps 2.390628735357399E-4 3.2188758248682006 7.695137042477171E-4
meet 2.390628735357399E-4 1.8325814637483102 4.381021907120034E-4
difficulties 2.390628735357399E-4 2.120263536200091 5.068762936170431E-4
maximum 2.390628735357399E-4 1.2329603411991883 2.9475504212268425E-4
corresponds 4.781257470714798E-4 1.7635885922613586 8.432171132017014E-4
freely 4.781257470714798E-4 2.6798793241355137 0.001281319303913705
did 2.390628735357399E-4 0.5108256237659907 1.221194414931845E-4
represent 4.781257470714798E-4 0.8209805520698303 3.9253193978954355E-4
performs 2.390628735357399E-4 1.906689435902032 4.5581865548697875E-4
rooms 2.390628735357399E-4 3.7784916128036232 9.032970625875265E-4
added 4.781257470714798E-4 1.1758019273592397 5.621811749267223E-4
murray 0.004064068850107579 5.1647859739235145 0.020990045794095087
sometimes 2.390628735357399E-4 1.9459101490553132 4.651948718755231E-4
shifting 2.390628735357399E-4 3.373026504695459 8.063654087247093E-4
hold 4.781257470714798E-4 2.073743520565198 9.91510170004876E-4
differentiate 2.390628735357399E-4 2.6798793241355137 6.406596519568525E-4
accounted 2.390628735357399E-4 2.5998366164619773 6.215244122548356E-4
wetterdienst 7.171886206072197E-4 5.1647859739235145 0.0037041257283697213
heating 0.006454697585464977 4.0661736852554045 0.026245921468299287
programming 7.171886206072197E-4 1.79749014393704 0.0012891394768852786
which 0.0047812574707147976 0.023122417420854212 1.1055423103444518E-4
static 2.390628735357399E-4 2.331572629867298 5.573924527533583E-4
typically 9.562514941429596E-4 1.1394342831883648 0.001089585735776586
batss 0.0011953143676786994 5.1647859739235145 0.006173542880616201
unpredictable 2.390628735357399E-4 3.373026504695459 8.063654087247093E-4
regarding 2.390628735357399E-4 0.758066726659261 1.8122561000699522E-4
aixlib 7.171886206072197E-4 5.1647859739235145 0.0037041257283697213
take 4.781257470714798E-4 0.8743265327751228 4.180380266675223E-4
adjust 2.390628735357399E-4 2.2203469947570738 5.308025328130705E-4
varies 4.781257470714798E-4 2.456735772821304 0.0011746286267374153
final 0.0011953143676786994 0.6988778552689304 8.353787416554272E-4
relatively 2.390628735357399E-4 0.8209805520698303 1.9626596989477177E-4
western 2.390628735357399E-4 2.5998366164619773 6.215244122548356E-4
frame 4.781257470714798E-4 2.456735772821304 0.0011746286267374153
however 2.390628735357399E-4 1.9459101490553132 4.651948718755231E-4
some 0.0035859431030360986 0.2160260835453457 7.746572443653324E-4
sources 2.390628735357399E-4 1.293584963015623 3.092481384211387E-4
beginning 2.390628735357399E-4 1.6990500711237875 4.061797922839559E-4
purchasing 2.390628735357399E-4 3.5553480614894135 8.499517239993817E-4
importance 2.390628735357399E-4 0.9600933545325481 2.2952267619711882E-4
additional 4.781257470714798E-4 0.5300569856938783 2.534338922753422E-4
for 0.02295003585943103 0.017291497110061043 3.96840478739149E-4
content 2.390628735357399E-4 1.293584963015623 3.092481384211387E-4
states 2.390628735357399E-4 1.293584963015623 3.092481384211387E-4
related 2.390628735357399E-4 0.27443684570176036 6.56076609375473E-5
load 0.0011953143676786994 2.456735772821304 0.0029365715668435376
plot 4.781257470714798E-4 2.331572629867298 0.0011147849055067167
thomas 0.004064068850107579 2.8622008809294686 0.011632181442935924
tank 0.006693760459000717 5.1647859739235145 0.034571840131450725
just 2.390628735357399E-4 1.3146383722134554 3.1428122692169625E-4
over 9.562514941429596E-4 0.3364722366212129 3.217520790066583E-4
hagenmeyer 0.004542194597179058 5.1647859739235145 0.023459462946341568
spans 4.781257470714798E-4 3.0853444322436783 0.0014751826116393394
sold 2.390628735357399E-4 4.0661736852554045 9.720711654925662E-4
practical 4.781257470714798E-4 1.5538680612792897 7.429443276496723E-4
living 4.781257470714798E-4 2.456735772821304 0.0011746286267374153
aachen 2.390628735357399E-4 5.1647859739235145 0.0012347085761232404
photovoltaic 7.171886206072197E-4 4.471638793363569 0.0032070084580661505
length 2.390628735357399E-4 1.2329603411991883 2.9475504212268425E-4
augmenting 2.390628735357399E-4 3.7784916128036232 9.032970625875265E-4
home 2.390628735357399E-4 2.2203469947570738 5.308025328130705E-4
approximately 2.390628735357399E-4 0.9452782687474074 2.259809392176446E-4
although 7.171886206072197E-4 0.4285875255290187 3.0737809624361846E-4
form 4.781257470714798E-4 0.664976303593249 3.1794229194035333E-4
management 2.390628735357399E-4 0.9452782687474074 2.259809392176446E-4
avoid 2.390628735357399E-4 1.252762968495368 2.994891151076663E-4
injection 2.390628735357399E-4 2.331572629867298 5.573924527533583E-4
significantly 4.781257470714798E-4 0.5900749954201312 2.8213004801345027E-4
upcoming 2.390628735357399E-4 3.0853444322436783 7.375913058196697E-4
very 2.390628735357399E-4 0.5596157879354227 1.3378335833980938E-4
modes 2.390628735357399E-4 3.0853444322436783 7.375913058196697E-4
simulation 0.002629691608893139 2.392197251683733 0.006290741039569941
cycling 4.781257470714798E-4 4.471638793363569 0.002138005638710767
zhang 2.390628735357399E-4 2.331572629867298 5.573924527533583E-4
variants 2.390628735357399E-4 2.331572629867298 5.573924527533583E-4
nonlinear 0.0033468802295003584 2.331572629867298 0.007803494338547016
depicts 0.0016734401147501792 3.0853444322436783 0.005163139140737688
attempt 2.390628735357399E-4 1.6682784124570338 3.988234311396208E-4
output 0.0016734401147501792 1.1944940603713923 0.00199891427745631
tables 0.0014343772412144394 1.8689491079191851 0.0026807780653873084
balance 4.781257470714798E-4 2.2744142160273495 0.0010874559961880706
model 0.013626583791537174 0.48265474679929443 0.006576935349643744
pitch 2.390628735357399E-4 4.471638793363569 0.0010690028193553836
reduce 7.171886206072197E-4 0.8340526336371831 5.981730578320701E-4
likely 4.781257470714798E-4 0.5798184952529422 2.772261512086742E-4
surface 2.390628735357399E-4 2.073743520565198 4.95755085002438E-4
large 4.781257470714798E-4 0.34450440831847723 1.6471642759669004E-4
topology 2.390628735357399E-4 3.5553480614894135 8.499517239993817E-4
lower 2.390628735357399E-4 0.5300569856938783 1.267169461376711E-4
electrical 0.0014343772412144394 3.0853444322436783 0.004425547834918018
classified 2.390628735357399E-4 1.2135422553420867 2.9011289871912183E-4
being 2.390628735357399E-4 0.48265474679929443 1.1538483069550429E-4
peaks 2.390628735357399E-4 3.7784916128036232 9.032970625875265E-4
resulting 4.781257470714798E-4 1.0059028905638423 4.809480710321981E-4
physically 2.390628735357399E-4 2.5998366164619773 6.215244122548356E-4
become 2.390628735357399E-4 0.8607208807193443 2.0576640705697926E-4
sizable 2.390628735357399E-4 4.0661736852554045 9.720711654925662E-4
works 4.781257470714798E-4 1.3805963400052528 6.600986564691623E-4
proportion 9.562514941429596E-4 1.4759065198095778 0.0014113378147832443
curve 4.781257470714798E-4 2.2744142160273495 0.0010874559961880706
sequences 2.390628735357399E-4 2.2203469947570738 5.308025328130705E-4
dirk 0.004064068850107579 4.471638793363569 0.018173047929041522
library 2.390628735357399E-4 1.79749014393704 4.297131589617595E-4
known 2.390628735357399E-4 0.8607208807193443 2.0576640705697926E-4
composed 2.390628735357399E-4 1.9459101490553132 4.651948718755231E-4
qin 2.390628735357399E-4 4.0661736852554045 9.720711654925662E-4
angle 2.390628735357399E-4 2.392197251683733 5.718855490518128E-4
table 0.006932823332536457 0.18805223150293962 0.001303732898299127
may 0.0023906287353573988 0.15415067982725836 3.6851704476992194E-4
within 0.0014343772412144394 0.3127557100038969 4.486096724894529E-4
max 2.390628735357399E-4 2.169053700369523 5.185402104636679E-4
seemed 2.390628735357399E-4 2.2744142160273495 5.437279980940353E-4
could 0.0014343772412144394 0.22314355131420976 3.200720315288689E-4
implementing 2.390628735357399E-4 2.0292917579943643 4.8512831890852603E-4
change 2.390628735357399E-4 0.7104386776700063 1.6983951175472301E-4
off 2.390628735357399E-4 2.392197251683733 5.718855490518128E-4
comfort 2.390628735357399E-4 3.373026504695459 8.063654087247093E-4
generally 9.562514941429596E-4 0.9021060968821986 8.626403030190759E-4
likewise 2.390628735357399E-4 3.7784916128036232 9.032970625875265E-4
able 7.171886206072197E-4 0.7703368192510752 5.524768008016318E-4
constant 2.390628735357399E-4 2.120263536200091 5.068762936170431E-4
subscripts 2.390628735357399E-4 4.471638793363569 0.0010690028193553836
use 0.0014343772412144394 0.20895891632225325 2.997259139214725E-4
intermittent 2.390628735357399E-4 5.1647859739235145 0.0012347085761232404
several 9.562514941429596E-4 0.3526016185510966 3.3717582457671203E-4
political 2.390628735357399E-4 2.169053700369523 5.185402104636679E-4
main 0.0019125029882859192 0.6004377824556778 0.0011483390532262545
integer 0.0011953143676786994 3.0853444322436783 0.003687956529098348
while 0.002629691608893139 0.20895891632225325 5.49497508856033E-4
citationdimplex 4.781257470714798E-4 5.1647859739235145 0.002469417152246481
second 2.390628735357399E-4 0.4643056081310978 1.1099823287857944E-4
that 0.007650011953143677 0.017291497110061043 1.3228015957971633E-4
coupling 4.781257470714798E-4 3.373026504695459 0.0016127308174494186
high 4.781257470714798E-4 0.2521310881874621 1.2055036489957547E-4
revenue 2.390628735357399E-4 3.373026504695459 8.063654087247093E-4
download 0.0011953143676786994 0.2595111954850846 3.1019746053679724E-4
faster 4.781257470714798E-4 1.8325814637483102 8.762043814240067E-4
solution 0.002629691608893139 1.293584963015623 0.0034017295226325254
langley 2.390628735357399E-4 5.1647859739235145 0.0012347085761232404
than 9.562514941429596E-4 0.058840500022933395 5.626631606304891E-5
continuous 0.002868754482428879 1.1758019273592397 0.003373087049560334
different 0.0016734401147501792 0.18805223150293962 3.1469414786530655E-4
calculated 7.171886206072197E-4 0.9021060968821986 6.469802272643069E-4
illustrate 2.390628735357399E-4 2.2203469947570738 5.308025328130705E-4
adjusted 2.390628735357399E-4 1.8325814637483102 4.381021907120034E-4
includes 4.781257470714798E-4 0.8472978603872037 4.0511492248969817E-4
schematic 4.781257470714798E-4 2.6798793241355137 0.001281319303913705
steps 4.781257470714798E-4 1.3146383722134554 6.285624538433925E-4
homogeneously 2.390628735357399E-4 5.1647859739235145 0.0012347085761232404
flowing 2.390628735357399E-4 5.1647859739235145 0.0012347085761232404
colder 2.390628735357399E-4 5.1647859739235145 0.0012347085761232404
relevant 4.781257470714798E-4 0.7703368192510752 3.6831786720108785E-4
prediction 9.562514941429596E-4 1.6384254493073527 0.0015667467839420059
hourly 2.390628735357399E-4 5.1647859739235145 0.0012347085761232404
present 7.171886206072197E-4 0.38566248081198473 2.7659274263350567E-4
errors 0.0014343772412144394 1.6990500711237875 0.0024370787537037353
since 4.781257470714798E-4 0.377294231141468 1.8039408613027395E-4
problems 9.562514941429596E-4 1.1758019273592397 0.0011243623498534447
heat 0.011953143676786996 2.8622008809294686 0.03421229836157624
best 9.562514941429596E-4 0.6988778552689304 6.683029933243418E-4
mixed 9.562514941429596E-4 1.9459101490553132 0.0018607794875020924
storage 0.014104709538608654 2.6798793241355137 0.03779891946545429
appino 2.390628735357399E-4 5.1647859739235145 0.0012347085761232404
total 7.171886206072197E-4 0.5108256237659907 3.663583244795535E-4
capacities 2.390628735357399E-4 3.5553480614894135 8.499517239993817E-4
magnitude 2.390628735357399E-4 2.073743520565198 4.95755085002438E-4
viable 2.390628735357399E-4 2.7668907011251433 6.614608417702949E-4
physical 2.390628735357399E-4 1.3146383722134554 3.1428122692169625E-4
algorithmic 2.390628735357399E-4 2.5998366164619773 6.215244122548356E-4
highly 2.390628735357399E-4 0.9162907318741551 2.190510953560017E-4
allows 4.781257470714798E-4 1.2135422553420867 5.802257974382437E-4
chance 2.390628735357399E-4 2.2744142160273495 5.437279980940353E-4
batteries 0.0011953143676786994 5.1647859739235145 0.006173542880616201
equation 0.0038250059765718384 1.7635885922613586 0.0067457369056136115
interesting 7.171886206072197E-4 1.6682784124570338 0.0011964702934188624
relying 4.781257470714798E-4 2.5257286443082556 0.0012076158949597207
control 0.0035859431030360986 0.7459453661269161 0.0026749176409045523
depicted 2.390628735357399E-4 2.0292917579943643 4.8512831890852603E-4
deviation 2.390628735357399E-4 1.8325814637483102 4.381021907120034E-4
exactly 2.390628735357399E-4 2.8622008809294686 6.842459672315249E-4
rapidly 2.390628735357399E-4 1.906689435902032 4.5581865548697875E-4
shaded 2.390628735357399E-4 5.1647859739235145 0.0012347085761232404
due 7.171886206072197E-4 0.20895891632225325 1.4986295696073625E-4
chattering 2.390628735357399E-4 5.1647859739235145 0.0012347085761232404
activated 2.390628735357399E-4 2.456735772821304 5.873143133687076E-4
depend 2.390628735357399E-4 1.7635885922613586 4.216085566008507E-4
upper 2.390628735357399E-4 1.8689491079191851 4.4679634423121803E-4
empirical 2.390628735357399E-4 1.8325814637483102 4.381021907120034E-4
dwelling 4.781257470714798E-4 5.1647859739235145 0.002469417152246481
constraints 7.171886206072197E-4 1.8325814637483102 0.0013143065721360101
objective 0.0011953143676786994 1.1944940603713923 0.001427795912468793
curvature 2.390628735357399E-4 4.471638793363569 0.0010690028193553836
observed 2.390628735357399E-4 0.6988778552689304 1.6707574833108545E-4
nomenclature 2.390628735357399E-4 3.373026504695459 8.063654087247093E-4
dynamics 0.0038250059765718384 2.392197251683733 0.009150168784829004
contribution 4.781257470714798E-4 1.5538680612792897 7.429443276496723E-4
above 2.390628735357399E-4 0.9021060968821986 2.1566007575476897E-4
drawn 7.171886206072197E-4 1.906689435902032 0.0013674559664609363
recent 2.390628735357399E-4 0.5596157879354227 1.3378335833980938E-4
negligible 2.390628735357399E-4 3.5553480614894135 8.499517239993817E-4
they 9.562514941429596E-4 0.167573700159399 1.602426011564896E-4
based 0.002151565861821659 0.18805223150293962 4.046067615411084E-4
grouped 2.390628735357399E-4 1.9459101490553132 4.651948718755231E-4
herein 2.390628735357399E-4 3.7784916128036232 9.032970625875265E-4
then 0.0011953143676786994 0.4285875255290187 5.122968270726974E-4
substantial 2.390628735357399E-4 1.5812670354674039 3.780222413261783E-4
remaining 2.390628735357399E-4 1.293584963015623 3.092481384211387E-4
node 2.390628735357399E-4 2.6798793241355137 6.406596519568525E-4
thereby 2.390628735357399E-4 1.730798769438368 4.137697273340588E-4
highest 2.390628735357399E-4 1.0872485300177945 2.599207578335631E-4
consistently 2.390628735357399E-4 2.331572629867298 5.573924527533583E-4
except 4.781257470714798E-4 1.3805963400052528 6.600986564691623E-4
obtained 2.390628735357399E-4 0.6004377824556778 1.4354238165328182E-4
device 4.781257470714798E-4 2.7668907011251433 0.0013229216835405897
minus 2.390628735357399E-4 4.471638793363569 0.0010690028193553836
components 7.171886206072197E-4 1.3361445774344192 9.582676864220075E-4
fact 7.171886206072197E-4 0.990398704027877 7.103026803929311E-4
torque 2.390628735357399E-4 3.373026504695459 8.063654087247093E-4
sum 2.390628735357399E-4 1.8689491079191851 4.4679634423121803E-4
seek 4.781257470714798E-4 2.331572629867298 0.0011147849055067167
long 4.781257470714798E-4 0.7827593392496325 3.742573938559084E-4
seem 4.781257470714798E-4 1.6094379124341003 7.695137042477171E-4
into 0.0016734401147501792 0.10854016857520597 1.8163547215549648E-4
current 2.390628735357399E-4 0.4919571394616079 1.1760868741611473E-4
min 2.390628735357399E-4 2.169053700369523 5.185402104636679E-4
excess 4.781257470714798E-4 2.9675613965872945 0.001418867509723784
temperature 0.006932823332536457 2.5257286443082556 0.017510430476915948
tanks 0.0016734401147501792 5.1647859739235145 0.008642960032862681
denoted 9.562514941429596E-4 2.5257286443082556 0.0024152317899194414
operating 2.390628735357399E-4 1.6990500711237875 4.061797922839559E-4
pump 0.007650011953143677 3.7784916128036232 0.028905506002800847
equality 2.390628735357399E-4 2.7668907011251433 6.614608417702949E-4
controller 7.171886206072197E-4 2.5998366164619773 0.0018645732367645069
variables 7.171886206072197E-4 0.9452782687474074 6.779428176529338E-4
middle 4.781257470714798E-4 2.2744142160273495 0.0010874559961880706
though 2.390628735357399E-4 1.1043429633770947 2.640074021939026E-4
decision 7.171886206072197E-4 1.157452788691043 8.301119689393089E-4
necessary 2.390628735357399E-4 0.8607208807193443 2.0576640705697926E-4
one 0.0019125029882859192 0.06491954609931569 1.2415882591310676E-4
loads 7.171886206072197E-4 4.0661736852554045 0.0029162134964776988
denotes 0.002629691608893139 2.073743520565198 0.0054533059350268176
many 2.390628735357399E-4 0.20194134366360675 4.827667790189021E-5
closer 2.390628735357399E-4 1.6990500711237875 4.061797922839559E-4
single 4.781257470714798E-4 0.6429973968744738 3.0743361074562456E-4
controlled 2.390628735357399E-4 1.5271998141971284 3.650967760452136E-4
actually 2.390628735357399E-4 1.5812670354674039 3.780222413261783E-4
associated 2.390628735357399E-4 0.4373981552111735 1.0456565986401469E-4
buying 2.390628735357399E-4 4.471638793363569 0.0010690028193553836
household 0.0011953143676786994 3.7784916128036232 0.004516485312937632
operation 4.781257470714798E-4 2.0292917579943643 9.702566378170521E-4
but 0.002868754482428879 0.083381608939051 2.3920136439603443E-4
reasonable 2.390628735357399E-4 1.5012243277938677 3.5888700162416153E-4
available 7.171886206072197E-4 0.5696661237889241 4.0855806152684016E-4
numbers 2.390628735357399E-4 1.121734706088964 2.6816512218239637E-4
inside 2.390628735357399E-4 1.906689435902032 4.5581865548697875E-4
descriptions 2.390628735357399E-4 1.8325814637483102 4.381021907120034E-4
trivial 2.390628735357399E-4 3.5553480614894135 8.499517239993817E-4
curtailing 2.390628735357399E-4 5.1647859739235145 0.0012347085761232404
this 0.006932823332536457 0.017291497110061043 1.1987889461911791E-4
degree 2.390628735357399E-4 1.2729656758128876 3.04318832372194E-4
finding 2.390628735357399E-4 0.9751312318970885 2.3311767437176391E-4
modelling 0.005976571838393498 1.906689435902032 0.01139546638717447
sections 2.390628735357399E-4 1.6094379124341003 3.8475685212385855E-4
modules 2.390628735357399E-4 3.0853444322436783 7.375913058196697E-4
discrete 0.002151565861821659 2.392197251683733 0.005146969941466315
obscure 2.390628735357399E-4 4.471638793363569 0.0010690028193553836
solve 9.562514941429596E-4 1.730798769438368 0.0016550789093362351
coefficient 7.171886206072197E-4 1.9867321435755685 0.0014248616855669868
demonstrate 4.781257470714798E-4 1.293584963015623 6.184962768422774E-4
higher 7.171886206072197E-4 0.41985384556026406 3.0111440035400245E-4
allow 2.390628735357399E-4 1.252762968495368 2.994891151076663E-4
doing 7.171886206072197E-4 2.0292917579943643 0.001455384956725578
figures 2.390628735357399E-4 1.6990500711237875 4.061797922839559E-4
idea 4.781257470714798E-4 1.3805963400052528 6.600986564691623E-4
mass 2.390628735357399E-4 2.169053700369523 5.185402104636679E-4
vertical 4.781257470714798E-4 2.9675613965872945 0.001418867509723784
common 2.390628735357399E-4 0.3526016185510966 8.429395614417801E-5
formulations 2.390628735357399E-4 3.2188758248682006 7.695137042477171E-4
metering 2.390628735357399E-4 5.1647859739235145 0.0012347085761232404
discretize 2.390628735357399E-4 3.7784916128036232 9.032970625875265E-4
examination 2.390628735357399E-4 1.5812670354674039 3.780222413261783E-4
lies 2.390628735357399E-4 2.456735772821304 5.873143133687076E-4
every 2.390628735357399E-4 1.0539121097502027 2.519512574109975E-4
unaffected 2.390628735357399E-4 4.471638793363569 0.0010690028193553836
figure 0.005020320344250538 0.20194134366360675 0.0010138102359396944
cases 4.781257470714798E-4 0.6004377824556778 2.8708476330656363E-4
slight 4.781257470714798E-4 2.7668907011251433 0.0013229216835405897
apply 2.390628735357399E-4 1.3146383722134554 3.1428122692169625E-4
thermocline 9.562514941429596E-4 5.1647859739235145 0.004938834304492962
consumption 9.562514941429596E-4 2.2203469947570738 0.002123210131252282
storing 2.390628735357399E-4 3.7784916128036232 9.032970625875265E-4
vielmo 7.171886206072197E-4 5.1647859739235145 0.0037041257283697213
cells 2.390628735357399E-4 1.730798769438368 4.137697273340588E-4
yields 2.390628735357399E-4 2.392197251683733 5.718855490518128E-4
step 0.0019125029882859192 1.0872485300177945 0.002079366062668505
repeats 2.390628735357399E-4 4.0661736852554045 9.720711654925662E-4
software 7.171886206072197E-4 1.157452788691043 8.301119689393089E-4
gleaned 2.390628735357399E-4 5.1647859739235145 0.0012347085761232404
during 4.781257470714798E-4 0.28958865072236245 1.3845978997005138E-4
none 2.390628735357399E-4 1.6384254493073527 3.9168669598550147E-4
loss 2.390628735357399E-4 0.9162907318741551 2.190510953560017E-4
problem 0.007171886206072197 0.9162907318741551 0.006571532860680051
optimization 0.002151565861821659 2.2203469947570738 0.004777222795317634
price 2.390628735357399E-4 2.331572629867298 5.573924527533583E-4
lost 2.390628735357399E-4 2.2203469947570738 5.308025328130705E-4
tighter 2.390628735357399E-4 4.471638793363569 0.0010690028193553836
weather 4.781257470714798E-4 2.8622008809294686 0.0013684919344630498
connection 0.0019125029882859192 2.456735772821304 0.004698514506949661
controlling 2.390628735357399E-4 2.6798793241355137 6.406596519568525E-4
dependent 2.390628735357399E-4 1.4035858582299516 3.355452685225799E-4
between 0.0019125029882859192 0.058840500022933395 1.1253263212609782E-4
thermoclines 2.390628735357399E-4 5.1647859739235145 0.0012347085761232404
mpc 0.0016734401147501792 3.2188758248682006 0.005386595929734019
still 4.781257470714798E-4 0.5300569856938783 2.534338922753422E-4
efficiency 2.390628735357399E-4 1.6384254493073527 3.9168669598550147E-4
work 2.390628735357399E-4 0.5696661237889241 1.3618602050894673E-4
exist 7.171886206072197E-4 1.5271998141971284 0.0010952903281356407
doors 2.390628735357399E-4 4.471638793363569 0.0010690028193553836
insight 4.781257470714798E-4 1.5271998141971284 7.301935520904272E-4
inequality 2.390628735357399E-4 2.8622008809294686 6.842459672315249E-4
itself 2.390628735357399E-4 1.7635885922613586 4.216085566008507E-4
combinations 2.390628735357399E-4 2.0292917579943643 4.8512831890852603E-4
readings 2.390628735357399E-4 4.0661736852554045 9.720711654925662E-4
following 9.562514941429596E-4 0.2160260835453457 2.0657526516408865E-4
exact 2.390628735357399E-4 1.5271998141971284 3.650967760452136E-4
reformulated 2.390628735357399E-4 4.0661736852554045 9.720711654925662E-4
sensitivity 4.781257470714798E-4 2.0292917579943643 9.702566378170521E-4
theory 2.390628735357399E-4 1.5271998141971284 3.650967760452136E-4
internal 2.390628735357399E-4 1.3805963400052528 3.3004932823458113E-4
south 2.390628735357399E-4 2.2744142160273495 5.437279980940353E-4
steen 2.390628735357399E-4 5.1647859739235145 0.0012347085761232404
our 2.390628735357399E-4 0.19497267434751336 4.661072779046459E-5
capacity 9.562514941429596E-4 1.7635885922613586 0.0016864342264034029
recall 4.781257470714798E-4 1.8689491079191851 8.935926884624361E-4
power 0.006454697585464977 1.4759065198095778 0.0095265302497869
precise 2.390628735357399E-4 2.2744142160273495 5.437279980940353E-4
include 0.0011953143676786994 0.5013468798114469 5.992671286295085E-4
caused 2.390628735357399E-4 1.121734706088964 2.6816512218239637E-4
dimplex 2.390628735357399E-4 5.1647859739235145 0.0012347085761232404
households 4.781257470714798E-4 3.7784916128036232 0.001806594125175053
lead 0.0014343772412144394 0.7703368192510752 0.0011049536016032636
help 7.171886206072197E-4 0.8743265327751228 6.270570400012834E-4
ashouri 2.390628735357399E-4 5.1647859739235145 0.0012347085761232404
alexander 0.004064068850107579 3.7784916128036232 0.015356050063987952
assess 2.390628735357399E-4 0.9751312318970885 2.3311767437176391E-4
elements 2.390628735357399E-4 1.5012243277938677 3.5888700162416153E-4
located 2.390628735357399E-4 1.730798769438368 4.137697273340588E-4
behaviour 4.781257470714798E-4 2.456735772821304 0.0011746286267374153
runs 2.390628735357399E-4 2.5998366164619773 6.215244122548356E-4
minimum 4.781257470714798E-4 1.3361445774344192 6.388451242813383E-4
first 4.781257470714798E-4 0.167573700159399 8.01213005782448E-5
guanru 0.004064068850107579 5.1647859739235145 0.020990045794095087
date 2.390628735357399E-4 1.8689491079191851 4.4679634423121803E-4
dashed 0.0014343772412144394 3.373026504695459 0.004838192452348256
data 0.0023906287353573988 0.167573700159399 4.00606502891224E-4
space 0.005020320344250538 1.3146383722134554 0.0065999057653556206
growing 2.390628735357399E-4 1.5012243277938677 3.5888700162416153E-4
only 0.0016734401147501792 0.10854016857520597 1.8163547215549648E-4
should 7.171886206072197E-4 0.368995428326773 2.6463932225204856E-4
from 0.006693760459000717 0.023122417420854212 1.5477592344822325E-4
versa 2.390628735357399E-4 4.0661736852554045 9.720711654925662E-4
imply 2.390628735357399E-4 2.8622008809294686 6.842459672315249E-4
deutscher 4.781257470714798E-4 5.1647859739235145 0.002469417152246481
insights 2.390628735357399E-4 1.6990500711237875 4.061797922839559E-4
bottom 0.0011953143676786994 2.7668907011251433 0.003307304208851474
proposes 2.390628735357399E-4 2.456735772821304 5.873143133687076E-4
profiles 4.781257470714798E-4 2.6798793241355137 0.001281319303913705
published 0.004064068850107579 0.03488725900044054 1.4178422256932565E-4
sent 4.781257470714798E-4 2.331572629867298 0.0011147849055067167
posed 2.390628735357399E-4 2.8622008809294686 6.842459672315249E-4
enforce 2.390628735357399E-4 3.7784916128036232 9.032970625875265E-4
ground 2.390628735357399E-4 2.169053700369523 5.185402104636679E-4
seems 4.781257470714798E-4 1.4271163556401458 6.823410736983724E-4
note 4.781257470714798E-4 1.0872485300177945 5.198415156671262E-4
solving 4.781257470714798E-4 1.8325814637483102 8.762043814240067E-4
line 0.0047812574707147976 1.0059028905638423 0.004809480710321981
penalty 0.0014343772412144394 3.2188758248682006 0.004617082225486302
trajectories 0.0011953143676786994 2.8622008809294686 0.003421229836157624
scale 2.390628735357399E-4 1.4271163556401458 3.411705368491862E-4
error 0.0014343772412144394 1.5538680612792897 0.002228832982949017
can 0.005498446091322017 0.0958817717032825 5.272007528509437E-4
numerical 2.390628735357399E-4 1.6990500711237875 4.061797922839559E-4
unusable 4.781257470714798E-4 5.1647859739235145 0.002469417152246481
computing 2.390628735357399E-4 1.9867321435755685 4.749538951889956E-4
paper 7.171886206072197E-4 0.9306794693262548 6.674727248335559E-4
array 2.390628735357399E-4 3.2188758248682006 7.695137042477171E-4
parameter 4.781257470714798E-4 1.6094379124341003 7.695137042477171E-4
studies 4.781257470714798E-4 0.24480504809538922 1.1704759650747752E-4
predictor 2.390628735357399E-4 2.392197251683733 5.718855490518128E-4
value 2.390628735357399E-4 0.6214911916535102 1.4857547015383938E-4
considers 2.390628735357399E-4 2.0292917579943643 4.8512831890852603E-4
costs 0.0014343772412144394 1.9459101490553132 0.0027911692312531386
cost 0.002868754482428879 1.3581234841531944 0.003896122832856403
will 0.0031078173559646186 0.3526016185510966 0.0010958214298743142
limited 2.390628735357399E-4 0.5696661237889241 1.3618602050894673E-4
advantage 2.390628735357399E-4 1.4271163556401458 3.411705368491862E-4
implementation 2.390628735357399E-4 1.4035858582299516 3.355452685225799E-4
charging 0.002151565861821659 4.471638793363569 0.00962102537419845
follow 2.390628735357399E-4 1.4512139072192063 3.469313667748521E-4
instead 2.390628735357399E-4 1.0376515888784226 2.480639705662019E-4
expensive 0.0023906287353573988 2.331572629867298 0.005573924527533583
performance 7.171886206072197E-4 0.7703368192510752 5.524768008016318E-4
inexactly 2.390628735357399E-4 5.1647859739235145 0.0012347085761232404
variable 0.0014343772412144394 1.3146383722134554 0.0018856873615301774
challenge 2.390628735357399E-4 1.4271163556401458 3.411705368491862E-4
coefficients 2.390628735357399E-4 2.120263536200091 5.068762936170431E-4
