cca 3.3523298692591353E-4 5.1647859739235145 0.0017314066288714432
equivalent 3.3523298692591353E-4 1.7635885922613586 5.912130714922423E-4
been 0.0013409319477036541 0.05279818556697083 7.079877380753715E-5
mostly 3.3523298692591353E-4 1.1758019273592397 3.9416759214188393E-4
stack 3.3523298692591353E-4 4.471638793363569 0.001499040829153057
satisfactorily 3.3523298692591353E-4 4.0661736852554045 0.0013631155498677187
references 3.3523298692591353E-4 2.169053700369523 7.271383507775807E-4
colab 6.704659738518271E-4 5.1647859739235145 0.0034628132577428864
objects 3.3523298692591353E-4 2.169053700369523 7.271383507775807E-4
bag 0.0013409319477036541 2.9675613965872945 0.0039792978834559765
accuracy 0.0013409319477036541 1.0539121097502027 0.0014132244180358065
alphabet 6.704659738518271E-4 4.471638793363569 0.002998081658306114
slower 6.704659738518271E-4 3.5553480614894135 0.0023837399004287053
branch 3.3523298692591353E-4 2.5257286443082556 8.467075575957948E-4
without 0.0010056989607777405 0.32850406697203605 3.303761987650379E-4
via 3.3523298692591353E-4 0.9021060968821986 3.02415721381897E-4
ygen 3.3523298692591353E-4 5.1647859739235145 0.0017314066288714432
these 0.002011397921555481 0.03488725900044054 7.017216024225385E-5
evaluation 3.3523298692591353E-4 0.7953381214564925 2.66623574071905E-4
introduced 3.3523298692591353E-4 1.0059028905638423 3.3721183056112717E-4
contributions 3.3523298692591353E-4 2.120263536200091 7.107822783104563E-4
would 3.3523298692591353E-4 0.5013468798114469 1.6806801200517832E-4
xml 6.704659738518271E-4 3.373026504695459 0.0022614995002986655
mikolov 0.0010056989607777405 3.373026504695459 0.003392249250447998
understanding 6.704659738518271E-4 0.990398704027877 6.64028631597638E-4
conneau 6.704659738518271E-4 4.471638793363569 0.002998081658306114
assumption 3.3523298692591353E-4 1.9867321435755685 6.660181507125607E-4
knowledge 3.3523298692591353E-4 0.8080771472339223 2.70894115733799E-4
excellent 3.3523298692591353E-4 2.169053700369523 7.271383507775807E-4
impact 0.0010056989607777405 0.7827593392496325 7.872202540224262E-4
google 0.0010056989607777405 1.9867321435755685 0.001998054452137682
require 6.704659738518271E-4 1.121734706088964 7.520849521213302E-4
orthogonality 3.3523298692591353E-4 4.0661736852554045 0.0013631155498677187
analysis 3.3523298692591353E-4 0.15415067982725836 5.1676392835151986E-5
dyer 6.704659738518271E-4 5.1647859739235145 0.0034628132577428864
easy 3.3523298692591353E-4 1.5538680612792897 5.209078314714347E-4
contains 6.704659738518271E-4 1.2135422553420867 8.136387900382747E-4
discern 6.704659738518271E-4 4.0661736852554045 0.0027262310997354373
size 0.004022795843110962 0.127833371509885 5.142475555208247E-4
correlation 3.3523298692591353E-4 1.3805963400052528 4.62821434798945E-4
blstm 6.704659738518271E-4 5.1647859739235145 0.0034628132577428864
unsupervised 0.0013409319477036541 2.0292917579943643 0.0027211421495063554
much 3.3523298692591353E-4 0.7827593392496325 2.6240675134080876E-4
relative 6.704659738518271E-4 1.0539121097502027 7.066122090179033E-4
southern 3.3523298692591353E-4 3.2188758248682006 0.0010790733573141807
statistical 3.3523298692591353E-4 0.653926467406664 2.1921772289864702E-4
independent 3.3523298692591353E-4 1.0059028905638423 3.3721183056112717E-4
least 3.3523298692591353E-4 0.653926467406664 2.1921772289864702E-4
notable 3.3523298692591353E-4 2.392197251683733 8.019434299978991E-4
matrix 0.0023466309084813944 1.5012243277938677 0.0035228194081652945
choosing 3.3523298692591353E-4 2.169053700369523 7.271383507775807E-4
proves 3.3523298692591353E-4 2.7668907011251433 9.275530342357169E-4
shigeto 3.3523298692591353E-4 5.1647859739235145 0.0017314066288714432
how 3.3523298692591353E-4 0.5496654570822546 1.8426599298768172E-4
xing 3.3523298692591353E-4 4.471638793363569 0.001499040829153057
same 0.0013409319477036541 0.2972515234679317 3.9859406432173213E-4
vocabulary 0.0010056989607777405 2.120263536200091 0.0021323468349313686
systems 3.3523298692591353E-4 0.8743265327751228 2.9310309513078207E-4
composition 3.3523298692591353E-4 2.9675613965872945 9.948244708639941E-4
azerbaijani 3.3523298692591353E-4 5.1647859739235145 0.0017314066288714432
wikipedia 0.0030170968823332216 2.6798793241355137 0.00808545555387852
after 3.3523298692591353E-4 0.12136085700426753 4.068416258942928E-5
close 0.002011397921555481 1.1394342831883648 0.0022918557489541363
compared 0.0010056989607777405 0.2669461739726028 2.684674897478405E-4
minimize 3.3523298692591353E-4 2.2203469947570738 7.443335550643895E-4
jinsong 6.704659738518271E-4 5.1647859739235145 0.0034628132577428864
set 0.0023466309084813944 0.5596157879354227 0.0013132117048434322
sets 3.3523298692591353E-4 1.3146383722134554 4.4071014824453755E-4
learn 0.006034193764666443 1.4512139072192063 0.00875690591013936
words 0.013074086490110626 0.9751312318970885 0.012748950065030656
representing 3.3523298692591353E-4 1.3361445774344192 4.479197376582029E-4
predictive 3.3523298692591353E-4 1.5012243277938677 5.03259915452185E-4
combines 3.3523298692591353E-4 2.2744142160273495 7.624586711456083E-4
sample 0.0013409319477036541 0.7221347174331975 9.683335131521254E-4
textual 3.3523298692591353E-4 1.9459101490553132 6.523332715572623E-4
the 0.08816627556151525 0.017291497110061043 0.0015245268990767866
advantages 3.3523298692591353E-4 1.6094379124341003 5.395366786570903E-4
information 0.0013409319477036541 0.3049735695618419 4.089488026306965E-4
shallow 3.3523298692591353E-4 3.2188758248682006 0.0010790733573141807
wikicorpus 3.3523298692591353E-4 5.1647859739235145 0.0017314066288714432
freely 3.3523298692591353E-4 2.6798793241355137 8.983839504309466E-4
represent 3.3523298692591353E-4 0.8209805520698303 2.7521976267845473E-4
essential 6.704659738518271E-4 1.252762968495368 8.399349436777527E-4
performs 3.3523298692591353E-4 1.906689435902032 6.391851947375233E-4
reports 3.3523298692591353E-4 1.0539121097502027 3.5330610450895163E-4
transferred 3.3523298692591353E-4 2.392197251683733 8.019434299978991E-4
dialect 3.3523298692591353E-4 5.1647859739235145 0.0017314066288714432
correct 6.704659738518271E-4 1.7635885922613586 0.0011824261429844846
lample 3.3523298692591353E-4 4.471638793363569 0.001499040829153057
generates 6.704659738518271E-4 2.2203469947570738 0.001488667110128779
inputs 3.3523298692591353E-4 1.906689435902032 6.391851947375233E-4
corpus 0.0026818638954073082 1.6094379124341003 0.004316293429256723
official 3.3523298692591353E-4 2.392197251683733 8.019434299978991E-4
language 0.014750251424740195 0.6988778552689304 0.010308624080399913
good 6.704659738518271E-4 0.8080771472339223 5.41788231467598E-4
hoshen 3.3523298692591353E-4 5.1647859739235145 0.0017314066288714432
later 3.3523298692591353E-4 1.3361445774344192 4.479197376582029E-4
differentiate 3.3523298692591353E-4 2.6798793241355137 8.983839504309466E-4
prior 0.0010056989607777405 0.8209805520698303 8.256592880353641E-4
generated 0.0026818638954073082 1.1758019273592397 0.0031533407371350714
rare 0.0010056989607777405 1.906689435902032 0.00191755558421257
layers 3.3523298692591353E-4 1.730798769438368 5.802208412465196E-4
dagan 3.3523298692591353E-4 5.1647859739235145 0.0017314066288714432
implement 3.3523298692591353E-4 1.8325814637483102 6.143417578774087E-4
train 0.0010056989607777405 1.9867321435755685 0.001998054452137682
which 0.004693261816962789 0.023122417420854212 1.0851955879717027E-4
test 0.0010056989607777405 0.7104386776700063 7.144874398290375E-4
need 6.704659738518271E-4 0.5013468798114469 3.3613602401035665E-4
learns 0.0013409319477036541 3.0853444322436783 0.00413723691886514
count 3.3523298692591353E-4 1.6990500711237875 5.695776302795131E-4
monolingual 0.0053637277908146165 3.373026504695459 0.018091996002389324
its 0.002011397921555481 0.19497267434751336 3.9216763194270207E-4
zeman 3.3523298692591353E-4 5.1647859739235145 0.0017314066288714432
encoding 0.0010056989607777405 2.7668907011251433 0.0027826591027071503
list 6.704659738518271E-4 1.3581234841531944 9.105755844138079E-4
article 3.3523298692591353E-4 1.5812670354674039 5.300928714272223E-4
take 3.3523298692591353E-4 0.8743265327751228 2.9310309513078207E-4
mutual 3.3523298692591353E-4 2.7668907011251433 9.275530342357169E-4
matchings 3.3523298692591353E-4 5.1647859739235145 0.0017314066288714432
parser 3.3523298692591353E-4 3.373026504695459 0.0011307497501493327
final 6.704659738518271E-4 0.6988778552689304 4.6857382183635967E-4
parts 3.3523298692591353E-4 1.4035858582299516 4.705282796613985E-4
relatively 3.3523298692591353E-4 0.8209805520698303 2.7521976267845473E-4
western 3.3523298692591353E-4 2.5998366164619773 8.715509944559093E-4
dictionaries 0.0010056989607777405 2.6798793241355137 0.00269515185129284
manning 0.0013409319477036541 3.5553480614894135 0.004767479800857411
some 0.0023466309084813944 0.2160260835453457 5.069334846856922E-4
alphabets 3.3523298692591353E-4 5.1647859739235145 0.0017314066288714432
neural 0.0036875628561850488 1.5271998141971284 0.005631645308806038
trained 0.0016761649346295675 1.3805963400052528 0.0023141071739947246
sources 3.3523298692591353E-4 1.293584963015623 4.336523509941747E-4
for 0.01340931947703654 0.017291497110061043 2.318672089850626E-4
back 3.3523298692591353E-4 1.6682784124570338 5.592619552319926E-4
training 0.0026818638954073082 1.0059028905638423 0.0026976946444890173
decomposition 3.3523298692591353E-4 3.2188758248682006 0.0010790733573141807
lexicons 3.3523298692591353E-4 3.7784916128036232 0.001266675029434671
explained 3.3523298692591353E-4 1.6094379124341003 5.395366786570903E-4
representation 0.0026818638954073082 1.2729656758128876 0.0034139206860553475
related 0.005028494803888703 0.27443684570176036 0.0013800042526069076
optimizer 3.3523298692591353E-4 3.2188758248682006 0.0010790733573141807
rate 6.704659738518271E-4 0.7221347174331975 4.841667565760627E-4
provides 3.3523298692591353E-4 0.6214911916535102 2.083443485261516E-4
supervision 6.704659738518271E-4 2.9675613965872945 0.0019896489417279882
projection 3.3523298692591353E-4 2.456735772821304 8.235788712106282E-4
human 3.3523298692591353E-4 0.9162907318741551 3.0717087893870437E-4
just 3.3523298692591353E-4 1.3146383722134554 4.4071014824453755E-4
effectiveness 3.3523298692591353E-4 1.5271998141971284 5.119677553460035E-4
balkans 3.3523298692591353E-4 5.1647859739235145 0.0017314066288714432
lowercase 3.3523298692591353E-4 4.471638793363569 0.001499040829153057
asia 3.3523298692591353E-4 3.7784916128036232 0.001266675029434671
perform 6.704659738518271E-4 0.9600933545325481 6.437099259353323E-4
artetxe 3.3523298692591353E-4 5.1647859739235145 0.0017314066288714432
length 6.704659738518271E-4 1.2329603411991883 8.266579558827947E-4
multiple 3.3523298692591353E-4 0.5108256237659907 1.71245599653366E-4
specification 3.3523298692591353E-4 2.6798793241355137 8.983839504309466E-4
northeast 3.3523298692591353E-4 4.0661736852554045 0.0013631155498677187
rich 3.3523298692591353E-4 1.9867321435755685 6.660181507125607E-4
evolution 3.3523298692591353E-4 2.120263536200091 7.107822783104563E-4
better 0.002011397921555481 0.4285875255290187 8.620600580536748E-4
noted 3.3523298692591353E-4 1.157452788691043 3.880163555786266E-4
special 3.3523298692591353E-4 1.4512139072192063 4.8649477278552006E-4
with 0.01340931947703654 0.017291497110061043 2.318672089850626E-4
valerio 3.3523298692591353E-4 5.1647859739235145 0.0017314066288714432
form 6.704659738518271E-4 0.664976303593249 4.458439849770359E-4
approximately 3.3523298692591353E-4 0.9452782687474074 3.168884575083498E-4
regression 0.0010056989607777405 1.3805963400052528 0.0013884643043968348
there 0.0030170968823332216 0.12136085700426753 3.661574633048635E-4
translation 0.0013409319477036541 1.9867321435755685 0.002664072602850243
achieved 6.704659738518271E-4 1.121734706088964 7.520849521213302E-4
setup 6.704659738518271E-4 2.392197251683733 0.0016038868599957982
well 3.3523298692591353E-4 0.3127557100038969 1.0484603084274117E-4
suitable 3.3523298692591353E-4 1.121734706088964 3.760424760606651E-4
family 3.3523298692591353E-4 1.9867321435755685 6.660181507125607E-4
articles 0.0013409319477036541 1.6682784124570338 0.0022370478209279704
presents 3.3523298692591353E-4 1.1394342831883648 3.819759581590228E-4
taking 3.3523298692591353E-4 1.3581234841531944 4.5528779220690394E-4
tries 0.0010056989607777405 2.7668907011251433 0.0027826591027071503
big 3.3523298692591353E-4 1.6682784124570338 5.592619552319926E-4
helping 3.3523298692591353E-4 2.6798793241355137 8.983839504309466E-4
improves 0.0010056989607777405 2.2203469947570738 0.0022330006651931685
zhang 0.0010056989607777405 2.331572629867298 0.0023448601708353648
construct 0.0010056989607777405 1.79749014393704 0.0018077339697657126
convert 3.3523298692591353E-4 2.120263536200091 7.107822783104563E-4
nonlinear 0.0013409319477036541 2.331572629867298 0.003126480227780487
approach 6.704659738518271E-4 0.5398131606392429 3.6192635644602275E-4
norwegian 3.3523298692591353E-4 4.471638793363569 0.001499040829153057
output 0.0016761649346295675 1.1944940603713923 0.0020021690586178214
relationships 3.3523298692591353E-4 1.5271998141971284 5.119677553460035E-4
number 0.0026818638954073082 0.167573700159399 4.494098562773021E-4
tried 3.3523298692591353E-4 2.2744142160273495 7.624586711456083E-4
connects 3.3523298692591353E-4 2.7668907011251433 9.275530342357169E-4
four 6.704659738518271E-4 0.4643056081310978 3.113011117204813E-4
translations 0.0013409319477036541 3.373026504695459 0.004522999000597331
context 0.0026818638954073082 0.9162907318741551 0.002457367031509635
majority 3.3523298692591353E-4 0.9452782687474074 3.168884575083498E-4
model 0.00670465973851827 0.48265474679929443 0.003236035848469959
text 0.0026818638954073082 0.8607208807193443 0.00230833625402439
latin 6.704659738518271E-4 4.471638793363569 0.002998081658306114
usually 3.3523298692591353E-4 0.9600933545325481 3.2185496296766616E-4
tasks 3.3523298692591353E-4 1.293584963015623 4.336523509941747E-4
validation 6.704659738518271E-4 1.8325814637483102 0.0012286835157548175
algorithm 6.704659738518271E-4 1.0059028905638423 6.744236611222543E-4
agirre 0.002011397921555481 5.1647859739235145 0.010388439773228657
turkmenistan 3.3523298692591353E-4 5.1647859739235145 0.0017314066288714432
similar 0.005698960777740529 0.20895891632225325 0.0011908486682796866
mapping 0.008045591686221924 2.073743520565198 0.01668449362841594
lexical 0.002011397921555481 2.120263536200091 0.004264693669862737
wasserstein 3.3523298692591353E-4 5.1647859739235145 0.0017314066288714432
large 0.0010056989607777405 0.34450440831847723 3.464677254292429E-4
dependency 3.3523298692591353E-4 2.120263536200091 7.107822783104563E-4
researchers 3.3523298692591353E-4 1.1043429633770947 3.702121902035182E-4
distant 3.3523298692591353E-4 2.9675613965872945 9.948244708639941E-4
robustness 3.3523298692591353E-4 2.392197251683733 8.019434299978991E-4
handle 3.3523298692591353E-4 1.8689491079191851 6.265333918602699E-4
underlying 3.3523298692591353E-4 1.293584963015623 4.336523509941747E-4
dictated 6.704659738518271E-4 4.471638793363569 0.002998081658306114
propose 0.0010056989607777405 1.5812670354674039 0.0015902786142816666
encoder 0.0016761649346295675 2.6798793241355137 0.004491919752154733
distributions 3.3523298692591353E-4 2.073743520565198 6.951872345173309E-4
serbian 3.3523298692591353E-4 5.1647859739235145 0.0017314066288714432
traditional 3.3523298692591353E-4 1.1758019273592397 3.9416759214188393E-4
illustrated 6.704659738518271E-4 1.8325814637483102 0.0012286835157548175
system 6.704659738518271E-4 0.44628710262841953 2.992203168812736E-4
field 3.3523298692591353E-4 0.8472978603872037 2.84042192553538E-4
converge 3.3523298692591353E-4 2.8622008809294686 9.595041504959667E-4
likelihood 3.3523298692591353E-4 1.7635885922613586 5.912130714922423E-4
lemmatization 3.3523298692591353E-4 3.2188758248682006 0.0010790733573141807
appearing 3.3523298692591353E-4 3.373026504695459 0.0011307497501493327
evaluate 6.704659738518271E-4 0.758066726659261 5.082579461342682E-4
authors 0.004358028830036876 0.023122417420854212 1.0076816174022956E-4
sizable 3.3523298692591353E-4 4.0661736852554045 0.0013631155498677187
semantic 6.704659738518271E-4 1.4512139072192063 9.729895455710401E-4
server 3.3523298692591353E-4 3.5553480614894135 0.0011918699502143526
other 0.002011397921555481 0.0408219945202552 8.210927493179055E-5
works 0.0013409319477036541 1.3805963400052528 0.00185128573919578
against 3.3523298692591353E-4 0.9600933545325481 3.2185496296766616E-4
dumps 0.0010056989607777405 5.1647859739235145 0.005194219886614329
dot 3.3523298692591353E-4 3.2188758248682006 0.0010790733573141807
representations 0.0016761649346295675 2.120263536200091 0.003553911391552281
local 3.3523298692591353E-4 1.0704414117014134 3.588472717738563E-4
library 0.0010056989607777405 1.79749014393704 0.0018077339697657126
known 3.3523298692591353E-4 0.8607208807193443 2.8854203175304873E-4
too 3.3523298692591353E-4 1.3361445774344192 4.479197376582029E-4
have 0.0053637277908146165 0.028987536873252187 1.5548125711432618E-4
noise 3.3523298692591353E-4 2.456735772821304 8.235788712106282E-4
share 3.3523298692591353E-4 1.4035858582299516 4.705282796613985E-4
ability 3.3523298692591353E-4 0.8881198549074587 2.977270717088363E-4
map 0.0023466309084813944 1.9867321435755685 0.004662127054987924
cyclical 3.3523298692591353E-4 4.471638793363569 0.001499040829153057
predicting 3.3523298692591353E-4 2.169053700369523 7.271383507775807E-4
table 0.005028494803888703 0.18805223150293962 9.456196689722072E-4
minimizes 0.0010056989607777405 3.373026504695459 0.003392249250447998
convolutional 3.3523298692591353E-4 2.5998366164619773 8.715509944559093E-4
cnn 3.3523298692591353E-4 2.5998366164619773 8.715509944559093E-4
product 3.3523298692591353E-4 1.5538680612792897 5.209078314714347E-4
linear 0.0023466309084813944 1.3146383722134554 0.0030849710377117623
robust 3.3523298692591353E-4 1.6682784124570338 5.592619552319926E-4
max 3.3523298692591353E-4 2.169053700369523 7.271383507775807E-4
within 3.3523298692591353E-4 0.3127557100038969 1.0484603084274117E-4
uzbek 3.3523298692591353E-4 5.1647859739235145 0.0017314066288714432
produce 0.002011397921555481 1.157452788691043 0.0023280981334717595
corrado 3.3523298692591353E-4 5.1647859739235145 0.0017314066288714432
powerful 3.3523298692591353E-4 2.0292917579943643 6.802855373765888E-4
machine 0.0023466309084813944 1.0872485300177945 0.002551371005740718
efficiently 3.3523298692591353E-4 2.0292917579943643 6.802855373765888E-4
complete 3.3523298692591353E-4 0.9600933545325481 3.2185496296766616E-4
retains 3.3523298692591353E-4 3.7784916128036232 0.001266675029434671
thousand 3.3523298692591353E-4 3.7784916128036232 0.001266675029434671
siberia 3.3523298692591353E-4 5.1647859739235145 0.0017314066288714432
almost 3.3523298692591353E-4 1.1043429633770947 3.702121902035182E-4
use 0.006369426751592357 0.20895891632225325 0.0013309485116067086
glove 0.0013409319477036541 2.6798793241355137 0.0035935358017237864
several 0.0010056989607777405 0.3526016185510966 3.5461108134538714E-4
main 3.3523298692591353E-4 0.6004377824556778 2.0128655127578875E-4
while 0.0010056989607777405 0.20895891632225325 2.1014976499053294E-4
points 3.3523298692591353E-4 0.9751312318970885 3.268961555136066E-4
that 0.008045591686221924 0.017291497110061043 1.3912032539103756E-4
suggests 3.3523298692591353E-4 1.157452788691043 3.880163555786266E-4
faster 3.3523298692591353E-4 1.8325814637483102 6.143417578774087E-4
download 0.0016761649346295675 0.2595111954850846 4.3498356601589773E-4
proceeds 3.3523298692591353E-4 4.0661736852554045 0.0013631155498677187
split 3.3523298692591353E-4 1.6384254493073527 5.492542572267358E-4
solution 3.3523298692591353E-4 1.293584963015623 4.336523509941747E-4
biggest 3.3523298692591353E-4 2.7668907011251433 9.275530342357169E-4
optimize 3.3523298692591353E-4 2.5257286443082556 8.467075575957948E-4
find 0.0026818638954073082 0.9306794693262548 0.002495955666982916
continuous 0.0010056989607777405 1.1758019273592397 0.0011825027764256518
than 0.0010056989607777405 0.058840500022933395 5.9175829724706735E-5
function 0.0010056989607777405 0.6321864807702582 6.357892867283857E-4
implemented 0.003352329869259135 1.293584963015623 0.004336523509941747
maximizes 3.3523298692591353E-4 4.0661736852554045 0.0013631155498677187
bilingual 0.012068387529332886 3.373026504695459 0.040706991005375975
different 0.002011397921555481 0.18805223150293962 3.782478675888829E-4
calculated 3.3523298692591353E-4 0.9021060968821986 3.02415721381897E-4
selected 3.3523298692591353E-4 0.758066726659261 2.541289730671341E-4
all 0.0077103586992960105 0.017291497110061043 1.33323645166411E-4
counting 3.3523298692591353E-4 2.120263536200091 7.107822783104563E-4
new 0.0010056989607777405 0.38566248081198473 3.8786035616357836E-4
semantically 6.704659738518271E-4 2.456735772821304 0.0016471577424212564
including 6.704659738518271E-4 0.2669461739726028 1.7897832649856039E-4
comparison 3.3523298692591353E-4 0.758066726659261 2.541289730671341E-4
maximizing 3.3523298692591353E-4 3.5553480614894135 0.0011918699502143526
conveniently 3.3523298692591353E-4 4.471638793363569 0.001499040829153057
touch 3.3523298692591353E-4 3.5553480614894135 0.0011918699502143526
conducted 3.3523298692591353E-4 0.664976303593249 2.2292199248851794E-4
includes 3.3523298692591353E-4 0.8472978603872037 2.84042192553538E-4
real 0.003352329869259135 1.3361445774344192 0.0044791973765820284
canonical 0.0010056989607777405 4.0661736852554045 0.004089346649603156
comprises 3.3523298692591353E-4 2.5998366164619773 8.715509944559093E-4
tool 3.3523298692591353E-4 1.1758019273592397 3.9416759214188393E-4
baroni 6.704659738518271E-4 5.1647859739235145 0.0034628132577428864
relevant 6.704659738518271E-4 0.7703368192510752 5.16484625713091E-4
task 3.3523298692591353E-4 1.2329603411991883 4.133289779413974E-4
barone 3.3523298692591353E-4 5.1647859739235145 0.0017314066288714432
improve 3.3523298692591353E-4 0.7104386776700063 2.3816247994301254E-4
were 3.3523298692591353E-4 0.0958817717032825 3.214273271983993E-5
focused 6.704659738518271E-4 1.0704414117014134 7.176945435477126E-4
try 0.0010056989607777405 2.169053700369523 0.0021814150523327422
present 6.704659738518271E-4 0.38566248081198473 2.585735707757189E-4
since 3.3523298692591353E-4 0.377294231141468 1.2648147205547033E-4
converging 3.3523298692591353E-4 4.0661736852554045 0.0013631155498677187
sentiment 3.3523298692591353E-4 1.906689435902032 6.391851947375233E-4
university 3.3523298692591353E-4 1.121734706088964 3.760424760606651E-4
best 0.0010056989607777405 0.6988778552689304 7.028607327545395E-4
delete 3.3523298692591353E-4 3.7784916128036232 0.001266675029434671
around 3.3523298692591353E-4 1.0216512475319812 3.424911993067319E-4
represents 3.3523298692591353E-4 0.9751312318970885 3.268961555136066E-4
effective 6.704659738518271E-4 0.8472978603872037 5.68084385107076E-4
times 3.3523298692591353E-4 0.9600933545325481 3.2185496296766616E-4
transform 6.704659738518271E-4 2.5257286443082556 0.0016934151151915895
similarly 3.3523298692591353E-4 2.0292917579943643 6.802855373765888E-4
and 0.047267851156553804 0.017291497110061043 8.173319116723456E-4
feedforward 6.704659738518271E-4 4.471638793363569 0.002998081658306114
design 3.3523298692591353E-4 1.0376515888784226 3.4785504152813363E-4
extra 3.3523298692591353E-4 2.073743520565198 6.951872345173309E-4
chose 3.3523298692591353E-4 1.906689435902032 6.391851947375233E-4
tokens 0.0013409319477036541 2.120263536200091 0.002843129113241825
dump 6.704659738518271E-4 5.1647859739235145 0.0034628132577428864
make 3.3523298692591353E-4 0.664976303593249 2.2292199248851794E-4
highly 3.3523298692591353E-4 0.9162907318741551 3.0717087893870437E-4
brief 3.3523298692591353E-4 2.2203469947570738 7.443335550643895E-4
recover 3.3523298692591353E-4 4.0661736852554045 0.0013631155498677187
haspelmath 3.3523298692591353E-4 5.1647859739235145 0.0017314066288714432
families 3.3523298692591353E-4 3.2188758248682006 0.0010790733573141807
any 0.0010056989607777405 0.2669461739726028 2.684674897478405E-4
structure 3.3523298692591353E-4 1.0216512475319812 3.424911993067319E-4
calculates 3.3523298692591353E-4 2.5998366164619773 8.715509944559093E-4
discriminator 0.003352329869259135 4.471638793363569 0.014990408291530569
suggested 3.3523298692591353E-4 1.121734706088964 3.760424760606651E-4
due 3.3523298692591353E-4 0.20895891632225325 7.004992166351098E-5
spoken 6.704659738518271E-4 2.6798793241355137 0.0017967679008618932
consists 3.3523298692591353E-4 1.2135422553420867 4.0681939501913735E-4
bosnian 3.3523298692591353E-4 5.1647859739235145 0.0017314066288714432
until 6.704659738518271E-4 1.0376515888784226 6.957100830562673E-4
distinguishes 3.3523298692591353E-4 3.373026504695459 0.0011307497501493327
stacking 3.3523298692591353E-4 4.471638793363569 0.001499040829153057
handles 3.3523298692591353E-4 4.0661736852554045 0.0013631155498677187
gensim 3.3523298692591353E-4 3.7784916128036232 0.001266675029434671
accurate 6.704659738518271E-4 1.3805963400052528 9.2564286959789E-4
germanic 3.3523298692591353E-4 4.0661736852554045 0.0013631155498677187
about 3.3523298692591353E-4 0.377294231141468 1.2648147205547033E-4
parsing 3.3523298692591353E-4 2.6798793241355137 8.983839504309466E-4
stretching 3.3523298692591353E-4 3.7784916128036232 0.001266675029434671
constraints 6.704659738518271E-4 1.8325814637483102 0.0012286835157548175
objective 0.0016761649346295675 1.1944940603713923 0.0020021690586178214
maximize 3.3523298692591353E-4 2.5998366164619773 8.715509944559093E-4
character 3.3523298692591353E-4 2.331572629867298 7.816200569451217E-4
worked 3.3523298692591353E-4 2.331572629867298 7.816200569451217E-4
extremely 3.3523298692591353E-4 1.9459101490553132 6.523332715572623E-4
facilitates 3.3523298692591353E-4 2.6798793241355137 8.983839504309466E-4
meaning 6.704659738518271E-4 1.121734706088964 7.520849521213302E-4
luong 3.3523298692591353E-4 5.1647859739235145 0.0017314066288714432
builds 3.3523298692591353E-4 2.9675613965872945 9.948244708639941E-4
draws 3.3523298692591353E-4 2.9675613965872945 9.948244708639941E-4
corpora 0.0010056989607777405 2.2744142160273495 0.002287376013436825
represented 3.3523298692591353E-4 0.8881198549074587 2.977270717088363E-4
let 6.704659738518271E-4 1.9459101490553132 0.0013046665431145246
refinement 3.3523298692591353E-4 3.2188758248682006 0.0010790733573141807
recent 6.704659738518271E-4 0.5596157879354227 3.7520334424098067E-4
they 0.003352329869259135 0.167573700159399 5.617623203466276E-4
based 0.002011397921555481 0.18805223150293962 3.782478675888829E-4
models 0.004022795843110962 0.7953381214564925 0.0031994828888628596
using 0.009051290646999664 0.083381608939051 7.547111771218158E-4
margin 0.0010056989607777405 4.0661736852554045 0.004089346649603156
closely 3.3523298692591353E-4 1.6990500711237875 5.695776302795131E-4
distinguish 6.704659738518271E-4 1.906689435902032 0.0012783703894750466
remain 3.3523298692591353E-4 1.5538680612792897 5.209078314714347E-4
sampling 3.3523298692591353E-4 1.8689491079191851 6.265333918602699E-4
them 3.3523298692591353E-4 0.5696661237889241 1.9097087622826824E-4
then 3.3523298692591353E-4 0.4285875255290187 1.4367667634227916E-4
demand 3.3523298692591353E-4 1.730798769438368 5.802208412465196E-4
each 0.0073751257123700975 0.13434805253107854 9.90833776628806E-4
labels 3.3523298692591353E-4 1.8689491079191851 6.265333918602699E-4
quality 6.704659738518271E-4 0.8080771472339223 5.41788231467598E-4
input 0.0023466309084813944 1.0216512475319812 0.002397438395147123
induce 3.3523298692591353E-4 2.456735772821304 8.235788712106282E-4
dictionary 0.005028494803888703 2.2203469947570738 0.011165003325965843
highest 3.3523298692591353E-4 1.0872485300177945 3.64481572248674E-4
makhzani 3.3523298692591353E-4 5.1647859739235145 0.0017314066288714432
stanford 3.3523298692591353E-4 2.5257286443082556 8.467075575957948E-4
offering 3.3523298692591353E-4 2.392197251683733 8.019434299978991E-4
creating 3.3523298692591353E-4 1.79749014393704 6.025779899219042E-4
difference 0.0010056989607777405 0.6004377824556778 6.038596538273663E-4
except 3.3523298692591353E-4 1.3805963400052528 4.62821434798945E-4
obtained 0.0010056989607777405 0.6004377824556778 6.038596538273663E-4
receives 3.3523298692591353E-4 2.5998366164619773 8.715509944559093E-4
singular 3.3523298692591353E-4 2.9675613965872945 9.948244708639941E-4
moens 6.704659738518271E-4 5.1647859739235145 0.0034628132577428864
items 3.3523298692591353E-4 1.906689435902032 6.391851947375233E-4
shared 0.0013409319477036541 1.730798769438368 0.0023208833649860784
autoencoders 3.3523298692591353E-4 4.0661736852554045 0.0013631155498677187
fasttext 0.0010056989607777405 2.9675613965872945 0.0029844734125919824
seed 0.0053637277908146165 3.2188758248682006 0.01726517371702689
frequently 3.3523298692591353E-4 1.157452788691043 3.880163555786266E-4
another 0.0010056989607777405 0.40261203912575794 4.0490650934538175E-4
experiments 0.0016761649346295675 1.5812670354674039 0.002650464357136111
global 6.704659738518271E-4 1.6682784124570338 0.0011185239104639852
sum 3.3523298692591353E-4 1.8689491079191851 6.265333918602699E-4
networks 0.0016761649346295675 1.4759065198095778 0.002473862755295973
two 0.0023466309084813944 0.11492996667397702 2.696982121078911E-4
extended 3.3523298692591353E-4 1.6682784124570338 5.592619552319926E-4
long 6.704659738518271E-4 0.7827593392496325 5.248135026816175E-4
matching 0.0013409319477036541 2.2744142160273495 0.0030498346845824332
into 0.0013409319477036541 0.10854016857520597 1.455449796516339E-4
min 6.704659738518271E-4 2.169053700369523 0.0014542767015551614
found 3.3523298692591353E-4 0.27443684570176036 9.200028350712718E-5
are 0.011397921555481059 0.028987536873252187 3.3039767136794313E-4
jamshid 0.004022795843110962 5.1647859739235145 0.020776879546457315
reported 3.3523298692591353E-4 0.5300569856938783 1.7769258655510502E-4
initialization 3.3523298692591353E-4 3.5553480614894135 0.0011918699502143526
where 0.0016761649346295675 0.32850406697203605 5.506269979417298E-4
vector 0.004693261816962789 1.3146383722134554 0.0061699420754235245
mechanism 0.0013409319477036541 1.4512139072192063 0.0019459790911420802
takes 3.3523298692591353E-4 1.3805963400052528 4.62821434798945E-4
popular 3.3523298692591353E-4 1.252762968495368 4.1996747183887633E-4
gives 3.3523298692591353E-4 1.3146383722134554 4.4071014824453755E-4
latest 3.3523298692591353E-4 2.2744142160273495 7.624586711456083E-4
dictation 0.0016761649346295675 4.0661736852554045 0.006815577749338593
vice 3.3523298692591353E-4 2.9675613965872945 9.948244708639941E-4
discovering 3.3523298692591353E-4 3.0853444322436783 0.001034309229716285
languages 0.010056989607777405 1.6990500711237875 0.017087328908385394
necessary 3.3523298692591353E-4 0.8607208807193443 2.8854203175304873E-4
occurred 3.3523298692591353E-4 1.3581234841531944 4.5528779220690394E-4
wolf 3.3523298692591353E-4 5.1647859739235145 0.0017314066288714432
correspondence 3.3523298692591353E-4 3.2188758248682006 0.0010790733573141807
one 0.0010056989607777405 0.06491954609931569 6.528952004624441E-5
makes 6.704659738518271E-4 1.0539121097502027 7.066122090179033E-4
heuristic 3.3523298692591353E-4 3.0853444322436783 0.001034309229716285
many 0.0013409319477036541 0.20194134366360675 2.707895992807332E-4
describes 3.3523298692591353E-4 1.5012243277938677 5.03259915452185E-4
such 0.0013409319477036541 0.10219094089654716 1.37031097414076E-4
appear 3.3523298692591353E-4 1.4512139072192063 4.8649477278552006E-4
evolve 3.3523298692591353E-4 3.5553480614894135 0.0011918699502143526
similarities 3.3523298692591353E-4 2.120263536200091 7.107822783104563E-4
nlp 0.002011397921555481 0.41119578281714936 8.270783429107933E-4
faruqui 6.704659738518271E-4 5.1647859739235145 0.0034628132577428864
ranking 3.3523298692591353E-4 2.8622008809294686 9.595041504959667E-4
vast 3.3523298692591353E-4 1.8689491079191851 6.265333918602699E-4
summarizes 3.3523298692591353E-4 2.120263536200091 7.107822783104563E-4
relations 3.3523298692591353E-4 1.906689435902032 6.391851947375233E-4
dataset 3.3523298692591353E-4 1.2729656758128876 4.2674008575691844E-4
infrequent 3.3523298692591353E-4 3.5553480614894135 0.0011918699502143526
but 6.704659738518271E-4 0.083381608939051 5.5904531638653035E-5
embeddings 0.009721756620851492 2.2203469947570738 0.021585673096867295
through 0.0013409319477036541 0.2595111954850846 3.4798685281271823E-4
smith 6.704659738518271E-4 2.9675613965872945 0.0019896489417279882
conditional 3.3523298692591353E-4 2.120263536200091 7.107822783104563E-4
documents 3.3523298692591353E-4 1.6682784124570338 5.592619552319926E-4
reasonable 3.3523298692591353E-4 1.5012243277938677 5.03259915452185E-4
approximate 3.3523298692591353E-4 2.331572629867298 7.816200569451217E-4
mohasefi 0.004022795843110962 5.1647859739235145 0.020776879546457315
available 3.3523298692591353E-4 0.5696661237889241 1.9097087622826824E-4
numbers 3.3523298692591353E-4 1.121734706088964 3.760424760606651E-4
seven 6.704659738518271E-4 1.5538680612792897 0.0010418156629428694
project 3.3523298692591353E-4 1.79749014393704 6.025779899219042E-4
source 0.007039892725444184 0.9452782687474074 0.006654657607675345
inside 3.3523298692591353E-4 1.906689435902032 6.391851947375233E-4
research 6.704659738518271E-4 0.41119578281714936 2.7569278097026444E-4
pairs 0.0016761649346295675 2.120263536200091 0.003553911391552281
mainly 3.3523298692591353E-4 1.0059028905638423 3.3721183056112717E-4
frequency 6.704659738518271E-4 1.121734706088964 7.520849521213302E-4
either 3.3523298692591353E-4 0.7827593392496325 2.6240675134080876E-4
roughly 3.3523298692591353E-4 1.9459101490553132 6.523332715572623E-4
things 6.704659738518271E-4 2.2744142160273495 0.0015249173422912166
avenue 3.3523298692591353E-4 3.7784916128036232 0.001266675029434671
has 6.704659738518271E-4 0.05279818556697083 3.5399386903768576E-5
results 0.0030170968823332216 0.08961215868968714 2.70368564601805E-4
generate 0.0013409319477036541 1.3361445774344192 0.0017916789506328115
five 3.3523298692591353E-4 0.9021060968821986 3.02415721381897E-4
recurrent 3.3523298692591353E-4 1.9867321435755685 6.660181507125607E-4
realize 3.3523298692591353E-4 2.8622008809294686 9.595041504959667E-4
vanilla 3.3523298692591353E-4 4.471638793363569 0.001499040829153057
actual 3.3523298692591353E-4 1.293584963015623 4.336523509941747E-4
given 3.3523298692591353E-4 0.3526016185510966 1.1820369378179572E-4
studying 3.3523298692591353E-4 1.9459101490553132 6.523332715572623E-4
weighs 3.3523298692591353E-4 4.471638793363569 0.001499040829153057
widely 3.3523298692591353E-4 1.0059028905638423 3.3721183056112717E-4
labeled 6.704659738518271E-4 1.9867321435755685 0.0013320363014251214
this 0.0016761649346295675 0.017291497110061043 2.8983401123132824E-5
batch 3.3523298692591353E-4 2.8622008809294686 9.595041504959667E-4
cbow 0.0013409319477036541 3.7784916128036232 0.005066700117738684
iterative 3.3523298692591353E-4 2.169053700369523 7.271383507775807E-4
significant 6.704659738518271E-4 0.377294231141468 2.5296294411094065E-4
collection 0.0010056989607777405 1.0216512475319812 0.0010274735979201957
sharing 3.3523298692591353E-4 2.169053700369523 7.271383507775807E-4
iterations 3.3523298692591353E-4 2.6798793241355137 8.983839504309466E-4
extract 3.3523298692591353E-4 1.3805963400052528 4.62821434798945E-4
measure 3.3523298692591353E-4 1.0216512475319812 3.424911993067319E-4
especially 6.704659738518271E-4 0.7104386776700063 4.763249598860251E-4
extends 3.3523298692591353E-4 2.5257286443082556 8.467075575957948E-4
genism 3.3523298692591353E-4 4.0661736852554045 0.0013631155498677187
leads 6.704659738518271E-4 1.1758019273592397 7.883351842837679E-4
spaces 6.704659738518271E-4 2.8622008809294686 0.0019190083009919335
geometric 3.3523298692591353E-4 2.9675613965872945 9.948244708639941E-4
overall 6.704659738518271E-4 0.7339691750802005 4.921013577473688E-4
demonstrate 6.704659738518271E-4 1.293584963015623 8.673047019883495E-4
deceive 3.3523298692591353E-4 4.471638793363569 0.001499040829153057
full 0.0023466309084813944 0.14750613710858965 3.4614246052971085E-4
implements 3.3523298692591353E-4 2.8622008809294686 9.595041504959667E-4
next 3.3523298692591353E-4 0.8080771472339223 2.70894115733799E-4
memory 6.704659738518271E-4 2.073743520565198 0.0013903744690346618
hidden 3.3523298692591353E-4 1.730798769438368 5.802208412465196E-4
distance 0.0010056989607777405 1.4271163556401458 0.0014352494357762111
classes 3.3523298692591353E-4 1.7635885922613586 5.912130714922423E-4
mass 6.704659738518271E-4 2.169053700369523 0.0014542767015551614
show 0.0010056989607777405 0.6321864807702582 6.357892867283857E-4
learning 0.008380824673147838 0.9306794693262548 0.007799861459321613
conclusion 3.3523298692591353E-4 0.653926467406664 2.1921772289864702E-4
not 0.0030170968823332216 0.03488725900044054 1.0525824036338078E-4
negative 3.3523298692591353E-4 0.6429973968744738 2.155539379398169E-4
central 3.3523298692591353E-4 1.3805963400052528 4.62821434798945E-4
common 6.704659738518271E-4 0.3526016185510966 2.3640738756359144E-4
gan 0.005698960777740529 4.0661736852554045 0.023172964347751214
similarity 0.0023466309084813944 1.6094379124341003 0.0037767567505996315
performances 3.3523298692591353E-4 3.0853444322436783 0.001034309229716285
early 3.3523298692591353E-4 0.8340526336371831 2.7960195562761755E-4
overview 0.0010056989607777405 1.4271163556401458 0.0014352494357762111
figure 0.007039892725444184 0.20194134366360675 0.0014216453962238491
types 3.3523298692591353E-4 0.7459453661269161 2.5006549317027025E-4
hours 3.3523298692591353E-4 1.6682784124570338 5.592619552319926E-4
previous 0.0023466309084813944 0.32850406697203605 7.708777971184218E-4
wide 3.3523298692591353E-4 1.3361445774344192 4.479197376582029E-4
apply 3.3523298692591353E-4 1.3146383722134554 4.4071014824453755E-4
learned 3.3523298692591353E-4 2.0292917579943643 6.802855373765888E-4
was 0.0010056989607777405 0.058840500022933395 5.9175829724706735E-5
estimated 3.3523298692591353E-4 1.3805963400052528 4.62821434798945E-4
yet 3.3523298692591353E-4 1.4271163556401458 4.784164785920704E-4
euclidean 3.3523298692591353E-4 2.9675613965872945 9.948244708639941E-4
pair 6.704659738518271E-4 1.9867321435755685 0.0013320363014251214
way 0.0010056989607777405 0.9306794693262548 9.359833751185935E-4
target 0.006369426751592357 1.0704414117014134 0.00681809816370327
mappings 0.006034193764666443 3.7784916128036232 0.022800150529824075
cells 3.3523298692591353E-4 1.730798769438368 5.802208412465196E-4
succeed 3.3523298692591353E-4 4.0661736852554045 0.0013631155498677187
richer 3.3523298692591353E-4 2.9675613965872945 9.948244708639941E-4
backpropagation 3.3523298692591353E-4 4.0661736852554045 0.0013631155498677187
window 3.3523298692591353E-4 2.2744142160273495 7.624586711456083E-4
time 3.3523298692591353E-4 0.20194134366360675 6.76973998201833E-5
alipour 0.004022795843110962 5.1647859739235145 0.020776879546457315
modeling 3.3523298692591353E-4 2.169053700369523 7.271383507775807E-4
sutskever 3.3523298692591353E-4 5.1647859739235145 0.0017314066288714432
korhonen 3.3523298692591353E-4 4.471638793363569 0.001499040829153057
refines 3.3523298692591353E-4 5.1647859739235145 0.0017314066288714432
experimental 0.0013409319477036541 1.4512139072192063 0.0019459790911420802
semantics 3.3523298692591353E-4 2.392197251683733 8.019434299978991E-4
during 3.3523298692591353E-4 0.28958865072236245 9.707966836150267E-5
nicolai 3.3523298692591353E-4 5.1647859739235145 0.0017314066288714432
nearby 3.3523298692591353E-4 3.373026504695459 0.0011307497501493327
trains 3.3523298692591353E-4 3.5553480614894135 0.0011918699502143526
consistency 3.3523298692591353E-4 2.456735772821304 8.235788712106282E-4
three 3.3523298692591353E-4 0.22314355131420976 7.48050792203184E-5
required 3.3523298692591353E-4 0.5900749954201312 1.9781260322498533E-4
loss 3.3523298692591353E-4 0.9162907318741551 3.0717087893870437E-4
review 3.3523298692591353E-4 0.5696661237889241 1.9097087622826824E-4
broad 3.3523298692591353E-4 1.4759065198095778 4.947725510591947E-4
weston 3.3523298692591353E-4 5.1647859739235145 0.0017314066288714432
aligned 0.0010056989607777405 2.2744142160273495 0.002287376013436825
preliminary 3.3523298692591353E-4 2.120263536200091 7.107822783104563E-4
obstacle 3.3523298692591353E-4 3.373026504695459 0.0011307497501493327
probabilities 3.3523298692591353E-4 2.392197251683733 8.019434299978991E-4
between 0.010056989607777405 0.058840500022933395 5.917582972470673E-4
surrounding 6.704659738518271E-4 2.120263536200091 0.0014215645566209125
competing 3.3523298692591353E-4 3.2188758248682006 0.0010790733573141807
give 3.3523298692591353E-4 1.157452788691043 3.880163555786266E-4
method 0.003352329869259135 0.4734380916943703 0.0015871206560320826
natural 3.3523298692591353E-4 0.6429973968744738 2.155539379398169E-4
briefly 3.3523298692591353E-4 2.331572629867298 7.816200569451217E-4
probability 3.3523298692591353E-4 1.4271163556401458 4.784164785920704E-4
conclude 3.3523298692591353E-4 2.073743520565198 6.951872345173309E-4
come 3.3523298692591353E-4 1.8689491079191851 6.265333918602699E-4
exist 3.3523298692591353E-4 1.5271998141971284 5.119677553460035E-4
toward 3.3523298692591353E-4 1.6094379124341003 5.395366786570903E-4
itself 3.3523298692591353E-4 1.7635885922613586 5.912130714922423E-4
combinations 3.3523298692591353E-4 2.0292917579943643 6.802855373765888E-4
latent 3.3523298692591353E-4 2.0292917579943643 6.802855373765888E-4
provide 3.3523298692591353E-4 0.44628710262841953 1.496101584406368E-4
versions 3.3523298692591353E-4 2.456735772821304 8.235788712106282E-4
tiny 3.3523298692591353E-4 3.5553480614894135 0.0011918699502143526
among 6.704659738518271E-4 0.32850406697203605 2.2025079917669196E-4
bagherzadeh 0.004022795843110962 5.1647859739235145 0.020776879546457315
following 0.0010056989607777405 0.2160260835453457 2.172572077224395E-4
exact 0.0013409319477036541 1.5271998141971284 0.002047871021384014
force 3.3523298692591353E-4 2.120263536200091 7.107822783104563E-4
completely 3.3523298692591353E-4 1.3805963400052528 4.62821434798945E-4
word 0.0372108615487764 1.1394342831883648 0.04239933135565152
valuable 6.704659738518271E-4 1.730798769438368 0.0011604416824930392
requires 6.704659738518271E-4 0.8881198549074587 5.954541434176726E-4
extension 0.0010056989607777405 2.073743520565198 0.0020855617035519924
internal 3.3523298692591353E-4 1.3805963400052528 4.62821434798945E-4
computed 3.3523298692591353E-4 1.730798769438368 5.802208412465196E-4
log 6.704659738518271E-4 1.9459101490553132 0.0013046665431145246
south 3.3523298692591353E-4 2.2744142160273495 7.624586711456083E-4
methods 0.004022795843110962 0.20194134366360675 8.123687978421995E-4
sentences 3.3523298692591353E-4 1.5812670354674039 5.300928714272223E-4
north 3.3523298692591353E-4 2.6798793241355137 8.983839504309466E-4
differences 6.704659738518271E-4 0.7953381214564925 5.3324714814381E-4
range 3.3523298692591353E-4 0.6988778552689304 2.3428691091817983E-4
distribution 6.704659738518271E-4 0.9751312318970885 6.537923110272133E-4
our 0.0077103586992960105 0.19497267434751336 0.0015033092557803578
layer 3.3523298692591353E-4 1.6990500711237875 5.695776302795131E-4
out 3.3523298692591353E-4 0.368995428326773 1.2369943959999097E-4
unknown 6.704659738518271E-4 1.79749014393704 0.0012051559798438084
weak 3.3523298692591353E-4 2.456735772821304 8.235788712106282E-4
lot 3.3523298692591353E-4 2.073743520565198 6.951872345173309E-4
across 0.0016761649346295675 0.7703368192510752 0.0012912115642827275
orthogonal 0.0010056989607777405 3.5553480614894135 0.0035756098506430577
tensorflow 3.3523298692591353E-4 4.0661736852554045 0.0013631155498677187
ways 3.3523298692591353E-4 1.4035858582299516 4.705282796613985E-4
feature 3.3523298692591353E-4 1.4035858582299516 4.705282796613985E-4
transfers 3.3523298692591353E-4 4.471638793363569 0.001499040829153057
get 3.3523298692591353E-4 1.3805963400052528 4.62821434798945E-4
embedding 0.01340931947703654 1.9867321435755685 0.026640726028502426
precise 3.3523298692591353E-4 2.2744142160273495 7.624586711456083E-4
europe 3.3523298692591353E-4 2.8622008809294686 9.595041504959667E-4
lexicon 6.704659738518271E-4 2.9675613965872945 0.0019896489417279882
enables 6.704659738518271E-4 1.6990500711237875 0.0011391552605590262
architecture 0.002011397921555481 1.79749014393704 0.003615467939531425
danish 3.3523298692591353E-4 3.5553480614894135 0.0011918699502143526
chain 3.3523298692591353E-4 2.331572629867298 7.816200569451217E-4
efficient 3.3523298692591353E-4 1.3581234841531944 4.5528779220690394E-4
initial 0.002011397921555481 0.6988778552689304 0.001405721465509079
more 0.003352329869259135 0.05279818556697083 1.7699693451884285E-4
ghafour 0.004022795843110962 5.1647859739235145 0.020776879546457315
display 0.0023466309084813944 0.167573700159399 3.932336242426393E-4
csvdisplay 0.0016761649346295675 0.2669461739726028 4.474458162464009E-4
converts 3.3523298692591353E-4 3.0853444322436783 0.001034309229716285
transformation 0.004022795843110962 2.5257286443082556 0.010160490691149536
reverse 3.3523298692591353E-4 3.0853444322436783 0.001034309229716285
kedi 3.3523298692591353E-4 5.1647859739235145 0.0017314066288714432
massive 6.704659738518271E-4 2.120263536200091 0.0014215645566209125
organization 6.704659738518271E-4 1.7635885922613586 0.0011824261429844846
fake 3.3523298692591353E-4 3.5553480614894135 0.0011918699502143526
broadly 3.3523298692591353E-4 2.6798793241355137 8.983839504309466E-4
first 6.704659738518271E-4 0.167573700159399 1.1235246406932553E-4
augments 3.3523298692591353E-4 4.0661736852554045 0.0013631155498677187
infrequently 3.3523298692591353E-4 3.7784916128036232 0.001266675029434671
goldberg 3.3523298692591353E-4 5.1647859739235145 0.0017314066288714432
dimensions 6.704659738518271E-4 2.331572629867298 0.0015632401138902434
small 3.3523298692591353E-4 0.6214911916535102 2.083443485261516E-4
data 0.0030170968823332216 0.167573700159399 5.055860883119649E-4
prepared 6.704659738518271E-4 2.392197251683733 0.0016038868599957982
transforms 3.3523298692591353E-4 3.0853444322436783 0.001034309229716285
section 0.0016761649346295675 0.7953381214564925 0.0013331178703595249
used 0.004693261816962789 0.07103577311675174 3.333894816072827E-4
turkic 0.0013409319477036541 4.471638793363569 0.005996163316612228
space 0.0030170968823332216 1.3146383722134554 0.003966391334200838
shows 0.0010056989607777405 0.5596157879354227 5.62805016361471E-4
realistic 3.3523298692591353E-4 2.392197251683733 8.019434299978991E-4
shown 0.0013409319477036541 0.3364722366212129 4.511863716006878E-4
major 3.3523298692591353E-4 0.7104386776700063 2.3816247994301254E-4
denote 3.3523298692591353E-4 2.331572629867298 7.816200569451217E-4
presented 3.3523298692591353E-4 0.4373981552111735 1.4663029004732602E-4
percentage 3.3523298692591353E-4 1.3146383722134554 4.4071014824453755E-4
only 3.3523298692591353E-4 0.10854016857520597 3.6386244912908476E-5
should 3.3523298692591353E-4 0.368995428326773 1.2369943959999097E-4
adversarial 6.704659738518271E-4 3.2188758248682006 0.0021581467146283614
few 3.3523298692591353E-4 0.6988778552689304 2.3428691091817983E-4
create 3.3523298692591353E-4 1.0704414117014134 3.588472717738563E-4
from 0.005698960777740529 0.023122417420854212 1.3177374996799248E-4
keeps 3.3523298692591353E-4 4.0661736852554045 0.0013631155498677187
potential 3.3523298692591353E-4 0.44628710262841953 1.496101584406368E-4
connections 3.3523298692591353E-4 2.5257286443082556 8.467075575957948E-4
bengio 0.0013409319477036541 5.1647859739235145 0.006925626515485773
combination 3.3523298692591353E-4 0.758066726659261 2.541289730671341E-4
described 6.704659738518271E-4 0.44628710262841953 2.992203168812736E-4
obtain 3.3523298692591353E-4 1.0872485300177945 3.64481572248674E-4
otherwise 3.3523298692591353E-4 2.0292917579943643 6.802855373765888E-4
swedish 3.3523298692591353E-4 2.9675613965872945 9.948244708639941E-4
adam 3.3523298692591353E-4 3.7784916128036232 0.001266675029434671
resource 3.3523298692591353E-4 1.5812670354674039 5.300928714272223E-4
created 3.3523298692591353E-4 1.0704414117014134 3.588472717738563E-4
proposes 3.3523298692591353E-4 2.456735772821304 8.235788712106282E-4
published 0.004022795843110962 0.03488725900044054 1.403443204845077E-4
decoder 0.0013409319477036541 3.5553480614894135 0.004767479800857411
both 0.0013409319477036541 0.13434805253107854 1.8015159575069197E-4
most 0.0026818638954073082 0.0771896386911299 2.070121051052763E-4
sequence 6.704659738518271E-4 1.4271163556401458 9.568329571841408E-4
vectors 0.008380824673147838 1.79749014393704 0.015064449748047605
efforts 3.3523298692591353E-4 1.7635885922613586 5.912130714922423E-4
transfer 3.3523298692591353E-4 1.906689435902032 6.391851947375233E-4
preparing 3.3523298692591353E-4 2.7668907011251433 9.275530342357169E-4
proposed 0.006034193764666443 0.7459453661269161 0.004501178877064864
refers 3.3523298692591353E-4 1.5271998141971284 5.119677553460035E-4
slavic 3.3523298692591353E-4 3.7784916128036232 0.001266675029434671
turkish 0.0010056989607777405 3.7784916128036232 0.003800025088304013
produces 0.0010056989607777405 2.073743520565198 0.0020855617035519924
cosine 3.3523298692591353E-4 2.456735772821304 8.235788712106282E-4
creates 3.3523298692591353E-4 2.456735772821304 8.235788712106282E-4
enforce 3.3523298692591353E-4 3.7784916128036232 0.001266675029434671
files 3.3523298692591353E-4 3.0853444322436783 0.001034309229716285
bottou 3.3523298692591353E-4 5.1647859739235145 0.0017314066288714432
game 3.3523298692591353E-4 2.9675613965872945 9.948244708639941E-4
solving 3.3523298692591353E-4 1.8325814637483102 6.143417578774087E-4
critical 3.3523298692591353E-4 1.2135422553420867 4.0681939501913735E-4
relied 3.3523298692591353E-4 2.5998366164619773 8.715509944559093E-4
crucial 3.3523298692591353E-4 1.4035858582299516 4.705282796613985E-4
according 6.704659738518271E-4 0.4919571394616079 3.2984052260248605E-4
frequent 3.3523298692591353E-4 1.4271163556401458 4.784164785920704E-4
their 0.0023466309084813944 0.12136085700426753 2.847891381260049E-4
generator 0.0023466309084813944 3.0853444322436783 0.0072401646080139945
network 0.004022795843110962 1.0704414117014134 0.004306167261286276
generative 3.3523298692591353E-4 2.7668907011251433 9.275530342357169E-4
can 3.3523298692591353E-4 0.0958817717032825 3.214273271983993E-5
projected 3.3523298692591353E-4 2.6798793241355137 8.983839504309466E-4
paper 0.002011397921555481 0.9306794693262548 0.001871966750237187
structural 6.704659738518271E-4 1.9459101490553132 0.0013046665431145246
parallel 0.0013409319477036541 1.6990500711237875 0.0022783105211180523
mentioned 3.3523298692591353E-4 1.0376515888784226 3.4785504152813363E-4
dimension 3.3523298692591353E-4 1.8689491079191851 6.265333918602699E-4
value 6.704659738518271E-4 0.6214911916535102 4.166886970523032E-4
introduction 3.3523298692591353E-4 0.10219094089654716 3.4257774353519E-5
applying 3.3523298692591353E-4 1.1758019273592397 3.9416759214188393E-4
rest 3.3523298692591353E-4 1.7635885922613586 5.912130714922423E-4
distances 3.3523298692591353E-4 2.5257286443082556 8.467075575957948E-4
amount 0.0013409319477036541 1.121734706088964 0.0015041699042426604
process 0.0010056989607777405 0.5013468798114469 5.042040360155349E-4
cost 3.3523298692591353E-4 1.3581234841531944 4.5528779220690394E-4
will 6.704659738518271E-4 0.3526016185510966 2.3640738756359144E-4
february 0.004022795843110962 2.2203469947570738 0.008932002660772674
implementation 3.3523298692591353E-4 1.4035858582299516 4.705282796613985E-4
reads 6.704659738518271E-4 3.2188758248682006 0.0021581467146283614
heavily 3.3523298692591353E-4 2.0292917579943643 6.802855373765888E-4
approaches 0.002011397921555481 0.9021060968821986 0.0018144943282913815
increase 0.0010056989607777405 0.5013468798114469 5.042040360155349E-4
instead 3.3523298692591353E-4 1.0376515888784226 3.4785504152813363E-4
performance 0.0010056989607777405 0.7703368192510752 7.747269385696365E-4
currently 3.3523298692591353E-4 1.4035858582299516 4.705282796613985E-4
build 6.704659738518271E-4 1.5271998141971284 0.001023935510692007
corresponding 0.0010056989607777405 1.0872485300177945 0.001093444716746022
mean 6.704659738518271E-4 0.6214911916535102 4.166886970523032E-4
independently 6.704659738518271E-4 1.9459101490553132 0.0013046665431145246
attention 0.0016761649346295675 1.157452788691043 0.0019400817778931327
