equivalent 0.0015236160487557136 1.7635885922613586 0.0026870318825719026
been 0.0015236160487557136 0.05279818556697083 8.044416287501905E-5
optimal 0.006094464195022855 1.2329603411991883 0.007514232653321616
shooting 5.078720162519045E-4 3.5553480614894135 0.0018056617884659285
without 0.0015236160487557136 0.32850406697203605 5.005140685201159E-4
these 0.0015236160487557136 0.03488725900044054 5.315478771016842E-5
equations 0.007110208227526663 2.073743520565198 0.014744748241702778
path 5.078720162519045E-4 2.2203469947570738 0.0011276521050061319
introduced 0.001015744032503809 1.0059028905638423 0.0010217398583685549
bar 5.078720162519045E-4 3.2188758248682006 0.001634776955240325
rang 5.078720162519045E-4 5.1647859739235145 0.0026230502660860916
ram 5.078720162519045E-4 4.0661736852554045 0.0020650958279610993
thus 0.001015744032503809 0.8881198549074587 9.021024427703998E-4
excited 5.078720162519045E-4 4.471638793363569 0.002271020209935789
past 5.078720162519045E-4 1.293584963015623 6.569756033598898E-4
engineers 5.078720162519045E-4 3.373026504695459 0.0017130657718107966
size 0.006602336211274758 0.127833371509885 8.439988977290528E-4
plant 0.0015236160487557136 2.6798793241355137 0.004083107146981484
detail 5.078720162519045E-4 1.6990500711237875 8.628999853345796E-4
drive 0.002031488065007618 2.5257286443082556 0.005130987596360092
wind 5.078720162519045E-4 3.7784916128036232 0.0019189901537854865
deal 5.078720162519045E-4 1.8689491079191851 9.491869517111147E-4
scheme 5.078720162519045E-4 1.9867321435755685 0.0010090056595101922
comes 5.078720162519045E-4 1.730798769438368 8.790242607609791E-4
choosing 5.078720162519045E-4 2.169053700369523 0.001101601676165324
measurement 5.078720162519045E-4 1.79749014393704 9.128949435942306E-4
example 5.078720162519045E-4 0.9162907318741551 4.6535842146986034E-4
interior 5.078720162519045E-4 4.0661736852554045 0.0020650958279610993
currents 0.007110208227526663 5.1647859739235145 0.03672270372520528
see 0.001015744032503809 1.0376515888784226 0.0010539884092213535
same 5.078720162519045E-4 0.2972515234679317 1.5096573055760877E-4
systems 5.078720162519045E-4 0.8743265327751228 4.440459790630385E-4
after 5.078720162519045E-4 0.12136085700426753 6.163578314081641E-5
compared 0.001015744032503809 0.2669461739726028 2.711489832123949E-4
hand 5.078720162519045E-4 1.5271998141971284 7.756220488558294E-4
fluxes 0.0045708481462671405 5.1647859739235145 0.023607452394774825
mind 5.078720162519045E-4 2.8622008809294686 0.0014536317323156265
set 0.0015236160487557136 0.5596157879354227 8.526395956354841E-4
predictive 0.007618080243778568 1.5012243277938677 0.011436447393046225
the 0.1350939563230066 0.017291497110061043 0.0023359767553459815
concludes 5.078720162519045E-4 3.5553480614894135 0.0018056617884659285
fifth 0.001015744032503809 2.7668907011251433 0.0028104527182581445
maximum 5.078720162519045E-4 1.2329603411991883 6.261860544434679E-4
combined 0.001015744032503809 0.9600933545325481 9.752090955129995E-4
under 5.078720162519045E-4 0.7459453661269161 3.7884477710864196E-4
represent 5.078720162519045E-4 0.8209805520698303 4.169530482833064E-4
controls 0.0030472320975114273 2.331572629867298 0.007104842955410761
added 0.001015744032503809 1.1758019273592397 0.0011943137911216248
reader 5.078720162519045E-4 2.6798793241355137 0.0013610357156604944
resistances 5.078720162519045E-4 4.471638793363569 0.002271020209935789
therewith 5.078720162519045E-4 5.1647859739235145 0.0026230502660860916
predefined 5.078720162519045E-4 2.2203469947570738 0.0011276521050061319
compute 5.078720162519045E-4 2.2203469947570738 0.0011276521050061319
overshoot 5.078720162519045E-4 4.471638793363569 0.002271020209935789
adding 0.002031488065007618 1.6682784124570338 0.0033890876840163204
signal 5.078720162519045E-4 2.331572629867298 0.00118414049256846
programming 0.001015744032503809 1.79749014393704 0.0018257898871884611
computational 5.078720162519045E-4 1.3146383722134554 6.676680407381693E-4
which 0.00558659217877095 0.023122417420854212 1.291755163176213E-4
finite 5.078720162519045E-4 2.331572629867298 0.00118414049256846
its 0.001015744032503809 0.19497267434751336 1.9804233046979516E-4
originally 5.078720162519045E-4 2.5257286443082556 0.001282746899090023
voltages 0.002031488065007618 5.1647859739235145 0.010492201064344366
neglected 5.078720162519045E-4 3.7784916128036232 0.0019189901537854865
take 5.078720162519045E-4 0.8743265327751228 4.440459790630385E-4
mutual 5.078720162519045E-4 2.7668907011251433 0.0014052263591290723
foc 5.078720162519045E-4 5.1647859739235145 0.0026230502660860916
adjustable 0.0030472320975114273 4.471638793363569 0.013626121259614736
frame 0.002031488065007618 2.456735772821304 0.004990829401363746
some 0.001015744032503809 0.2160260835453457 2.1942720522635415E-4
sources 5.078720162519045E-4 1.293584963015623 6.569756033598898E-4
applied 0.001015744032503809 0.6109090823229731 6.205272547719381E-4
optimized 5.078720162519045E-4 2.5998366164619773 0.0013203842643280737
additional 0.0015236160487557136 0.5300569856938783 8.076033301582707E-4
divided 5.078720162519045E-4 1.1758019273592397 5.971568955608124E-4
for 0.008633824276282377 0.017291497110061043 1.492917475221116E-4
back 5.078720162519045E-4 1.6682784124570338 8.472719210040801E-4
states 0.0035551041137633316 1.293584963015623 0.004598829223519229
load 5.078720162519045E-4 2.456735772821304 0.0012477073503409364
optimizer 5.078720162519045E-4 3.2188758248682006 0.001634776955240325
rate 5.078720162519045E-4 0.7221347174331975 3.667520149482973E-4
notice 5.078720162519045E-4 2.6798793241355137 0.0013610357156604944
yuz 5.078720162519045E-4 5.1647859739235145 0.0026230502660860916
over 0.0015236160487557136 0.3364722366212129 5.126544996768099E-4
effectiveness 5.078720162519045E-4 1.5271998141971284 7.756220488558294E-4
multiple 0.001015744032503809 0.5108256237659907 5.18868078990341E-4
with 0.011681056373793804 0.017291497110061043 2.019829525299157E-4
horizon 0.0035551041137633316 2.6798793241355137 0.009527250009623461
clark 5.078720162519045E-4 3.7784916128036232 0.0019189901537854865
form 5.078720162519045E-4 0.664976303593249 3.377228560656419E-4
there 5.078720162519045E-4 0.12136085700426753 6.163578314081641E-5
well 0.0045708481462671405 0.3127557100038969 0.0014295588573057755
decades 5.078720162519045E-4 2.2744142160273495 0.0011551113336858046
significantly 5.078720162519045E-4 0.5900749954201312 2.9968257766385534E-4
presents 0.0015236160487557136 1.1394342831883648 0.0017360603603682552
shaft 0.001015744032503809 5.1647859739235145 0.005246100532172183
referred 5.078720162519045E-4 1.4035858582299516 7.128419798019053E-4
taking 5.078720162519045E-4 1.3581234841531944 6.897529122159442E-4
called 0.0015236160487557136 1.2729656758128876 0.0019395109331836785
reaches 0.001015744032503809 2.5998366164619773 0.0026407685286561474
simulation 0.006602336211274758 2.392197251683733 0.015794090539303467
considered 0.002031488065007618 0.32059888746492277 6.51292813539711E-4
mechanical 0.002031488065007618 2.120263536200091 0.004307290068461332
sate 5.078720162519045E-4 5.1647859739235145 0.0026230502660860916
nonlinear 0.007618080243778568 2.331572629867298 0.0177621073885269
approach 5.078720162519045E-4 0.5398131606392429 2.7415599829316547E-4
output 0.001015744032503809 1.1944940603713923 0.0012133002136834861
number 0.0025393600812595226 0.167573700159399 4.2552996485373034E-4
symmetrical 5.078720162519045E-4 3.7784916128036232 0.0019189901537854865
easily 0.001015744032503809 1.4271163556401458 0.0014495849219300617
model 0.013204672422549517 0.48265474679929443 0.006373297824673263
block 0.0030472320975114273 2.2203469947570738 0.006765912630036792
usually 5.078720162519045E-4 0.9600933545325481 4.8760454775649976E-4
ocp 0.00558659217877095 3.373026504695459 0.018843723489918765
algorithm 0.0015236160487557136 1.0059028905638423 0.0015326097875528325
order 0.002031488065007618 0.6214911916535102 0.001262551938351468
similar 0.0015236160487557136 0.20895891632225325 3.183731584391873E-4
made 5.078720162519045E-4 0.6109090823229731 3.1026362738596904E-4
considering 5.078720162519045E-4 0.9162907318741551 4.6535842146986034E-4
byte 5.078720162519045E-4 5.1647859739235145 0.0026230502660860916
electrical 5.078720162519045E-4 3.0853444322436783 0.0015669600976351843
index 0.001015744032503809 1.5538680612792897 0.0015783322105427013
shorted 5.078720162519045E-4 5.1647859739235145 0.0026230502660860916
heavy 5.078720162519045E-4 2.6798793241355137 0.0013610357156604944
system 0.0045708481462671405 0.44628710262841953 0.0020399105757520444
field 0.001015744032503809 0.8472978603872037 8.606377454415476E-4
even 5.078720162519045E-4 0.377294231141468 1.9161718189002942E-4
restriction 5.078720162519045E-4 3.373026504695459 0.0017130657718107966
assumed 5.078720162519045E-4 1.6094379124341003 8.173884776201626E-4
authors 0.0035551041137633316 0.023122417420854212 8.220260129303173E-5
other 0.0030472320975114273 0.0408219945202552 1.2439409198655724E-4
circuit 0.0015236160487557136 3.7784916128036232 0.00575697046135646
axses 0.001015744032503809 5.1647859739235145 0.005246100532172183
respectively 5.078720162519045E-4 1.9459101490553132 9.882733108457658E-4
minimized 5.078720162519045E-4 3.5553480614894135 0.0018056617884659285
schwarzkopf 5.078720162519045E-4 5.1647859739235145 0.0026230502660860916
instant 0.0015236160487557136 3.5553480614894135 0.005416985365397786
inertia 0.001015744032503809 4.0661736852554045 0.004130191655922199
induction 0.005078720162519045 2.7668907011251433 0.014052263591290724
qin 5.078720162519045E-4 4.0661736852554045 0.0020650958279610993
have 0.0030472320975114273 0.028987536873252187 8.833175278797011E-5
togehlot 5.078720162519045E-4 5.1647859739235145 0.0026230502660860916
table 0.0015236160487557136 0.18805223150293962 2.865193979222036E-4
subintervals 5.078720162519045E-4 4.471638793363569 0.002271020209935789
robust 5.078720162519045E-4 1.6682784124570338 8.472719210040801E-4
may 0.001015744032503809 0.15415067982725836 1.5657763314094297E-4
within 0.001015744032503809 0.3127557100038969 3.176797460679501E-4
max 0.0030472320975114273 2.169053700369523 0.006609610056991945
defining 5.078720162519045E-4 1.906689435902032 9.683542081777714E-4
framework 0.001015744032503809 1.4271163556401458 0.0014495849219300617
machine 0.0015236160487557136 1.0872485300177945 0.00165654930932117
future 0.002031488065007618 0.48265474679929443 9.805073576420404E-4
equals 0.001015744032503809 2.9675613965872945 0.0030142827796722136
stabilize 5.078720162519045E-4 4.0661736852554045 0.0020650958279610993
constraint 0.004062976130015236 2.2203469947570738 0.009021216840049055
constrains 0.001015744032503809 5.1647859739235145 0.005246100532172183
complete 5.078720162519045E-4 0.9600933545325481 4.8760454775649976E-4
use 0.0025393600812595226 0.20895891632225325 5.306219307319788E-4
subject 0.0035551041137633316 1.2135422553420867 0.004314269064192283
trzynadlowski 5.078720162519045E-4 5.1647859739235145 0.0026230502660860916
rating 5.078720162519045E-4 2.5998366164619773 0.0013203842643280737
theses 5.078720162519045E-4 3.7784916128036232 0.0019189901537854865
while 0.001015744032503809 0.20895891632225325 2.122487722927915E-4
second 0.001015744032503809 0.4643056081310978 4.716156507172146E-4
that 0.007110208227526663 0.017291497110061043 1.2294614501820954E-4
high 5.078720162519045E-4 0.2521310881874621 1.280503241175531E-4
cage 5.078720162519045E-4 5.1647859739235145 0.0026230502660860916
optimize 5.078720162519045E-4 2.5257286443082556 0.001282746899090023
solution 5.078720162519045E-4 1.293584963015623 6.569756033598898E-4
find 5.078720162519045E-4 0.9306794693262548 4.726660585709775E-4
than 5.078720162519045E-4 0.058840500022933395 2.9883443383917416E-5
function 0.001015744032503809 0.6321864807702582 6.421396452719738E-4
implemented 5.078720162519045E-4 1.293584963015623 6.569756033598898E-4
expressed 5.078720162519045E-4 1.1758019273592397 5.971568955608124E-4
always 5.078720162519045E-4 1.2729656758128876 6.465036443945594E-4
all 0.0045708481462671405 0.017291497110061043 7.903680751170614E-5
new 5.078720162519045E-4 0.38566248081198473 1.9586718172269412E-4
illustrate 5.078720162519045E-4 2.2203469947570738 0.0011276521050061319
includes 5.078720162519045E-4 0.8472978603872037 4.303188727207738E-4
less 5.078720162519045E-4 0.368995428326773 1.874024521720533E-4
expense 5.078720162519045E-4 3.0853444322436783 0.0015669600976351843
steps 5.078720162519045E-4 1.3146383722134554 6.676680407381693E-4
condition 5.078720162519045E-4 1.5271998141971284 7.756220488558294E-4
were 5.078720162519045E-4 0.0958817717032825 4.8695668716750885E-5
prediction 0.0030472320975114273 1.6384254493073527 0.004992662618508947
basic 0.002031488065007618 1.1944940603713923 0.0024266004273669722
since 5.078720162519045E-4 0.377294231141468 1.9161718189002942E-4
leakage 5.078720162519045E-4 3.373026504695459 0.0017130657718107966
algebraic 5.078720162519045E-4 3.7784916128036232 0.0019189901537854865
jasem 0.0035551041137633316 5.1647859739235145 0.01836135186260264
technique 0.0045708481462671405 1.1758019273592397 0.005374412060047312
cause 5.078720162519045E-4 1.1394342831883648 5.786867867894184E-4
box 0.002031488065007618 2.392197251683733 0.004859720165939528
represents 5.078720162519045E-4 0.9751312318970885 4.952418648537778E-4
and 0.051295073641442354 0.017291497110061043 8.869686176313688E-4
euclidian 5.078720162519045E-4 5.1647859739235145 0.0026230502660860916
design 5.078720162519045E-4 1.0376515888784226 5.269942046106767E-4
define 5.078720162519045E-4 1.3146383722134554 6.676680407381693E-4
flux 0.0030472320975114273 4.471638793363569 0.013626121259614736
predict 0.001015744032503809 1.2729656758128876 0.0012930072887891188
make 5.078720162519045E-4 0.664976303593249 3.377228560656419E-4
processes 5.078720162519045E-4 1.293584963015623 6.569756033598898E-4
equation 0.0015236160487557136 1.7635885922613586 0.0026870318825719026
control 0.03555104113763331 0.7459453661269161 0.02651913439760494
formulated 0.002031488065007618 1.7635885922613586 0.003582709176762536
structure 5.078720162519045E-4 1.0216512475319812 5.188680789903409E-4
rpm 5.078720162519045E-4 4.0661736852554045 0.0020650958279610993
horizons 5.078720162519045E-4 3.7784916128036232 0.0019189901537854865
rated 0.0015236160487557136 2.7668907011251433 0.004215679077387217
industrial 0.001015744032503809 2.2744142160273495 0.002310222667371609
suggested 5.078720162519045E-4 1.121734706088964 5.696976668811396E-4
conventional 0.001015744032503809 1.7635885922613586 0.001791354588381268
due 0.0015236160487557136 0.20895891632225325 3.183731584391873E-4
stator 0.016251904520060943 4.471638793363569 0.07267264671794525
until 0.001015744032503809 1.0376515888784226 0.0010539884092213535
strategy 0.001015744032503809 1.2135422553420867 0.0012326483040549382
maintenance 5.078720162519045E-4 2.5257286443082556 0.001282746899090023
reason 5.078720162519045E-4 1.0059028905638423 5.108699291842774E-4
disturbances 0.001015744032503809 2.7668907011251433 0.0028104527182581445
synchronous 0.0015236160487557136 4.0661736852554045 0.006195287483883298
constraints 0.00558659217877095 1.8325814637483102 0.01023788527233693
objective 0.0015236160487557136 1.1944940603713923 0.0018199503205252295
dynamics 0.002031488065007618 2.392197251683733 0.004859720165939528
formulation 0.001015744032503809 2.2203469947570738 0.0022553042100122637
estimate 5.078720162519045E-4 1.5812670354674039 8.030812775355022E-4
represented 5.078720162519045E-4 0.8881198549074587 4.510512213851999E-4
let 5.078720162519045E-4 1.9459101490553132 9.882733108457658E-4
state 0.007618080243778568 1.0376515888784226 0.007904913069160151
they 0.0015236160487557136 0.167573700159399 2.5531797891223824E-4
defined 0.0015236160487557136 0.5300569856938783 8.076033301582707E-4
proposal 5.078720162519045E-4 2.6798793241355137 0.0013610357156604944
based 0.001015744032503809 0.18805223150293962 1.9101293194813572E-4
using 0.015236160487557136 0.083381608939051 0.0012704155755061098
separately 5.078720162519045E-4 2.331572629867298 0.00118414049256846
then 0.0030472320975114273 0.4285875255290187 0.001306005664385024
demand 5.078720162519045E-4 1.730798769438368 8.790242607609791E-4
each 0.0015236160487557136 0.13434805253107854 2.0469484895542693E-4
input 0.004062976130015236 1.0216512475319812 0.004150944631922727
squirrel 5.078720162519045E-4 5.1647859739235145 0.0026230502660860916
wang 5.078720162519045E-4 2.073743520565198 0.0010531963029787698
must 0.001015744032503809 1.0376515888784226 0.0010539884092213535
conditions 0.002031488065007618 1.0376515888784226 0.002107976818442707
switching 0.001015744032503809 3.373026504695459 0.0034261315436215933
motor 0.011681056373793804 3.0853444322436783 0.03604008224560924
components 0.001015744032503809 1.3361445774344192 0.0013571808810913348
functional 0.0015236160487557136 1.4759065198095778 0.0022487148600450653
torque 0.002031488065007618 3.373026504695459 0.0068522630872431866
two 0.001015744032503809 0.11492996667397702 1.167394278049538E-4
moment 0.001015744032503809 4.0661736852554045 0.004130191655922199
into 0.001015744032503809 0.10854016857520597 1.1024902851722292E-4
current 0.0035551041137633316 0.4919571394616079 0.0017489588502952033
min 0.005078720162519045 2.169053700369523 0.01101601676165324
desired 0.004062976130015236 1.79749014393704 0.0073031595487538445
are 0.02031488065007618 0.028987536873252187 5.888783519198006E-4
does 5.078720162519045E-4 0.5696661237889241 2.893174828790879E-4
rewritten 5.078720162519045E-4 4.471638793363569 0.002271020209935789
vector 0.004062976130015236 1.3146383722134554 0.005341344325905354
where 0.007110208227526663 0.32850406697203605 0.0023357323197605406
operating 0.0015236160487557136 1.6990500711237875 0.002588699956003739
mechanism 5.078720162519045E-4 1.4512139072192063 7.370309330722225E-4
measurements 0.002031488065007618 2.120263536200091 0.004307290068461332
variables 0.00558659217877095 0.9452782687474074 0.00528088418294641
controller 0.001015744032503809 2.5998366164619773 0.0026407685286561474
decoupling 5.078720162519045E-4 5.1647859739235145 0.0026230502660860916
one 0.0025393600812595226 0.06491954609931569 1.648541038580896E-4
structures 5.078720162519045E-4 1.6682784124570338 8.472719210040801E-4
summarized 0.001015744032503809 1.4271163556401458 0.0014495849219300617
inverter 5.078720162519045E-4 5.1647859739235145 0.0026230502660860916
many 5.078720162519045E-4 0.20194134366360675 1.0256035737105471E-4
controlled 5.078720162519045E-4 1.5271998141971284 7.756220488558294E-4
diagram 0.0030472320975114273 2.0292917579943643 0.006183722980175819
such 0.001015744032503809 0.10219094089654716 1.0379983839161723E-4
nlp 0.0030472320975114273 0.41119578281714936 0.0012530089877617553
mismatch 5.078720162519045E-4 4.471638793363569 0.002271020209935789
describe 5.078720162519045E-4 1.0216512475319812 5.188680789903409E-4
discretization 0.001015744032503809 3.5553480614894135 0.003611323576931857
estimations 0.0015236160487557136 4.471638793363569 0.006813060629807368
through 5.078720162519045E-4 0.2595111954850846 1.3179847409095204E-4
but 0.001015744032503809 0.083381608939051 8.469437170040731E-5
resulted 5.078720162519045E-4 1.3361445774344192 6.785904405456674E-4
calculation 0.001015744032503809 1.8689491079191851 0.0018983739034222295
principle 0.0015236160487557136 2.331572629867298 0.0035524214777053805
stabilization 5.078720162519045E-4 3.0853444322436783 0.0015669600976351843
forced 5.078720162519045E-4 2.6798793241355137 0.0013610357156604944
solved 0.0015236160487557136 2.2203469947570738 0.003382956315018396
source 0.0030472320975114273 0.9452782687474074 0.0028804822816071328
frequency 0.006602336211274758 1.121734706088964 0.007406069669454815
zero 0.0015236160487557136 2.073743520565198 0.00315958890893631
stationary 5.078720162519045E-4 3.7784916128036232 0.0019189901537854865
loop 0.001015744032503809 3.0853444322436783 0.0031339201952703686
continue 5.078720162519045E-4 2.2203469947570738 0.0011276521050061319
linearized 5.078720162519045E-4 3.5553480614894135 0.0018056617884659285
alsina 5.078720162519045E-4 5.1647859739235145 0.0026230502660860916
lagrange 5.078720162519045E-4 3.7784916128036232 0.0019189901537854865
dynamic 5.078720162519045E-4 1.7635885922613586 8.95677294190634E-4
has 5.078720162519045E-4 0.05279818556697083 2.6814720958339677E-5
results 0.001015744032503809 0.08961215868968714 9.102301542883406E-5
stability 0.0015236160487557136 2.392197251683733 0.0036447901244546464
given 0.0015236160487557136 0.3526016185510966 5.372294848416912E-4
ensure 0.001015744032503809 1.4035858582299516 0.0014256839596038105
last 5.078720162519045E-4 0.7703368192510752 3.9123251358612245E-4
might 5.078720162519045E-4 0.7339691750802005 3.727624048147285E-4
widely 5.078720162519045E-4 1.0059028905638423 5.108699291842774E-4
this 0.008633824276282377 0.017291497110061043 1.492917475221116E-4
decoupled 5.078720162519045E-4 5.1647859739235145 0.0026230502660860916
finding 5.078720162519045E-4 0.9751312318970885 4.952418648537778E-4
sections 5.078720162519045E-4 1.6094379124341003 8.173884776201626E-4
measure 5.078720162519045E-4 1.0216512475319812 5.188680789903409E-4
converted 5.078720162519045E-4 1.5538680612792897 7.891661052713507E-4
transformations 0.001015744032503809 3.373026504695459 0.0034261315436215933
solve 0.0015236160487557136 1.730798769438368 0.0026370727822829375
fixed 5.078720162519045E-4 1.6682784124570338 8.472719210040801E-4
demonstrate 5.078720162519045E-4 1.293584963015623 6.569756033598898E-4
assume 5.078720162519045E-4 1.730798769438368 8.790242607609791E-4
full 0.0030472320975114273 0.14750613710858965 4.494854355772158E-4
involving 5.078720162519045E-4 1.5271998141971284 7.756220488558294E-4
next 5.078720162519045E-4 0.8080771472339223 4.1039977005277923E-4
rotating 0.0030472320975114273 4.471638793363569 0.013626121259614736
scheduled 5.078720162519045E-4 3.0853444322436783 0.0015669600976351843
needed 0.001015744032503809 0.8080771472339223 8.207995401055585E-4
sequential 5.078720162519045E-4 2.169053700369523 0.001101601676165324
concept 0.001015744032503809 1.3581234841531944 0.0013795058244318885
show 0.0015236160487557136 0.6321864807702582 9.632094679079608E-4
motors 5.078720162519045E-4 4.471638793363569 0.002271020209935789
speed 0.01218892839004571 1.8689491079191851 0.022780486841066757
conclusion 5.078720162519045E-4 0.653926467406664 3.3211095348230775E-4
not 0.002031488065007618 0.03488725900044054 7.087305028022456E-5
gan 5.078720162519045E-4 4.0661736852554045 0.0020650958279610993
ends 5.078720162519045E-4 2.5998366164619773 0.0013203842643280737
now 0.001015744032503809 1.4035858582299516 0.0014256839596038105
discretize 5.078720162519045E-4 3.7784916128036232 0.0019189901537854865
steady 5.078720162519045E-4 3.373026504695459 0.0017130657718107966
early 5.078720162519045E-4 0.8340526336371831 4.235919927055272E-4
figure 0.010665312341289994 0.20194134366360675 0.002153767504792149
cases 0.001015744032503809 0.6004377824556778 6.098910944191749E-4
wide 0.001015744032503809 1.3361445774344192 0.0013571808810913348
ocps 0.001015744032503809 3.5553480614894135 0.003611323576931857
apply 0.0015236160487557136 1.3146383722134554 0.002003004122214508
was 5.078720162519045E-4 0.058840500022933395 2.9883443383917416E-5
estimated 0.0015236160487557136 1.3805963400052528 0.002103498740485403
footnote 5.078720162519045E-4 5.1647859739235145 0.0026230502660860916
voltage 0.0035551041137633316 4.471638793363569 0.015897141469550524
equal 5.078720162519045E-4 1.3805963400052528 7.011662468284675E-4
refer 5.078720162519045E-4 1.6682784124570338 8.472719210040801E-4
ozpineci 5.078720162519045E-4 5.1647859739235145 0.0026230502660860916
assuming 5.078720162519045E-4 1.9459101490553132 9.882733108457658E-4
step 5.078720162519045E-4 1.0872485300177945 5.521831031070566E-4
time 0.0030472320975114273 0.20194134366360675 6.153621442263284E-4
applications 0.001015744032503809 1.2135422553420867 0.0012326483040549382
employ 5.078720162519045E-4 2.073743520565198 0.0010531963029787698
measured 0.001015744032503809 1.0704414117014134 0.0010872944760806635
modeling 0.001015744032503809 2.169053700369523 0.002203203352330648
reach 5.078720162519045E-4 1.730798769438368 8.790242607609791E-4
axes 5.078720162519045E-4 4.471638793363569 0.002271020209935789
three 0.0015236160487557136 0.22314355131420976 3.399850959586741E-4
when 0.002031488065007618 0.14750613710858965 2.9965695705147716E-4
feedback 0.001015744032503809 1.79749014393704 0.0018257898871884611
loss 0.001015744032503809 0.9162907318741551 9.307168429397207E-4
scoltock 5.078720162519045E-4 5.1647859739235145 0.0026230502660860916
problem 0.006094464195022855 0.9162907318741551 0.005584301057638325
simulate 5.078720162519045E-4 2.8622008809294686 0.0014536317323156265
between 5.078720162519045E-4 0.058840500022933395 2.9883443383917416E-5
phase 0.001015744032503809 1.5538680612792897 0.0015783322105427013
mpc 0.008633824276282377 3.2188758248682006 0.02779120823908553
efficiency 5.078720162519045E-4 1.6384254493073527 8.321104364181577E-4
goal 0.0015236160487557136 1.4759065198095778 0.0022487148600450653
method 0.0015236160487557136 0.4734380916943703 7.213378745978217E-4
depends 0.001015744032503809 1.6682784124570338 0.0016945438420081602
work 5.078720162519045E-4 0.5696661237889241 2.893174828790879E-4
simulated 5.078720162519045E-4 2.8622008809294686 0.0014536317323156265
reduced 5.078720162519045E-4 0.9452782687474074 4.800803802678554E-4
wozny 5.078720162519045E-4 5.1647859739235145 0.0026230502660860916
explicit 5.078720162519045E-4 2.120263536200091 0.001076822517115333
inequality 0.0035551041137633316 2.8622008809294686 0.010175422126209385
following 0.001015744032503809 0.2160260835453457 2.1942720522635415E-4
reformulated 5.078720162519045E-4 4.0661736852554045 0.0020650958279610993
drivers 5.078720162519045E-4 3.373026504695459 0.0017130657718107966
theory 5.078720162519045E-4 1.5271998141971284 7.756220488558294E-4
explicitly 5.078720162519045E-4 1.5812670354674039 8.030812775355022E-4
collocation 5.078720162519045E-4 2.9675613965872945 0.0015071413898361068
computed 0.002031488065007618 1.730798769438368 0.0035160970430439162
doubled 5.078720162519045E-4 3.7784916128036232 0.0019189901537854865
methods 0.001015744032503809 0.20194134366360675 2.0512071474210943E-4
formulate 5.078720162519045E-4 2.456735772821304 0.0012477073503409364
nopc 0.0015236160487557136 5.1647859739235145 0.007869150798258276
direct 0.0015236160487557136 0.990398704027877 0.0015089873601237334
range 5.078720162519045E-4 0.6988778552689304 3.549405054692384E-4
our 5.078720162519045E-4 0.19497267434751336 9.902116523489758E-5
gain 5.078720162519045E-4 1.5812670354674039 8.030812775355022E-4
tamimi 0.005078720162519045 5.1647859739235145 0.026230502660860917
power 5.078720162519045E-4 1.4759065198095778 7.495716200150216E-4
efficient 5.078720162519045E-4 1.3581234841531944 6.897529122159442E-4
initial 0.0025393600812595226 0.6988778552689304 0.001774702527346192
more 0.0015236160487557136 0.05279818556697083 8.044416287501905E-5
observation 5.078720162519045E-4 1.5538680612792897 7.891661052713507E-4
display 0.0035551041137633316 0.167573700159399 5.957419507952225E-4
miranda 0.001015744032503809 5.1647859739235145 0.005246100532172183
quadratic 5.078720162519045E-4 2.5257286443082556 0.001282746899090023
lead 5.078720162519045E-4 0.7703368192510752 3.9123251358612245E-4
elements 5.078720162519045E-4 1.5012243277938677 7.624298262030816E-4
organized 5.078720162519045E-4 1.6990500711237875 8.628999853345796E-4
subinterval 5.078720162519045E-4 5.1647859739235145 0.0026230502660860916
inductances 5.078720162519045E-4 5.1647859739235145 0.0026230502660860916
certain 5.078720162519045E-4 0.8209805520698303 4.169530482833064E-4
first 0.0015236160487557136 0.167573700159399 2.5531797891223824E-4
governed 5.078720162519045E-4 3.5553480614894135 0.0018056617884659285
rotor 0.012696800406297613 5.1647859739235145 0.06557625665215229
compact 5.078720162519045E-4 3.7784916128036232 0.0019189901537854865
fed 0.0030472320975114273 1.9867321435755685 0.006054033957061154
before 5.078720162519045E-4 0.5203950747821414 2.6429409587716676E-4
simple 5.078720162519045E-4 1.157452788691043 5.878378815089096E-4
section 0.004062976130015236 0.7953381214564925 0.0032314398027688874
used 0.007110208227526663 0.07103577311675174 5.050791384634456E-4
emulate 5.078720162519045E-4 5.1647859739235145 0.0026230502660860916
pole 0.001015744032503809 3.7784916128036232 0.003837980307570973
axis 0.001015744032503809 3.7784916128036232 0.003837980307570973
norm 5.078720162519045E-4 3.7784916128036232 0.0019189901537854865
reference 5.078720162519045E-4 1.4759065198095778 7.495716200150216E-4
shows 0.0035551041137633316 0.5596157879354227 0.0019894923898161293
shown 0.001015744032503809 0.3364722366212129 3.4176966645120657E-4
excitation 0.0035551041137633316 4.471638793363569 0.015897141469550524
presented 5.078720162519045E-4 0.4373981552111735 2.2214228299196213E-4
only 0.0035551041137633316 0.10854016857520597 3.8587159981028025E-4
from 0.001015744032503809 0.023122417420854212 2.3486457512294778E-5
described 5.078720162519045E-4 0.44628710262841953 2.2665673063911604E-4
group 5.078720162519045E-4 0.6321864807702582 3.210698226359869E-4
obtain 0.001015744032503809 1.0872485300177945 0.0011043662062141131
turbine 5.078720162519045E-4 4.471638793363569 0.002271020209935789
repeatedly 0.001015744032503809 3.0853444322436783 0.0031339201952703686
profiles 0.001015744032503809 2.6798793241355137 0.002722071431320989
published 0.0035551041137633316 0.03488725900044054 1.2402783799039298E-4
done 0.001015744032503809 0.9452782687474074 9.601607605357108E-4
both 0.0025393600812595226 0.13434805253107854 3.411580815923782E-4
most 5.078720162519045E-4 0.0771896386911299 3.9202457435820154E-5
important 5.078720162519045E-4 0.2669461739726028 1.3557449160619744E-4
sequence 5.078720162519045E-4 1.4271163556401458 7.247924609650308E-4
proposed 0.002031488065007618 0.7459453661269161 0.0015153791084345678
here 5.078720162519045E-4 1.3361445774344192 6.785904405456674E-4
nmpc 0.00558659217877095 5.1647859739235145 0.02885355292694701
note 0.001015744032503809 1.0872485300177945 0.0011043662062141131
solving 5.078720162519045E-4 1.8325814637483102 9.307168429397207E-4
convergence 0.001015744032503809 2.7668907011251433 0.0028104527182581445
part 0.001015744032503809 0.5496654570822546 5.583194079047786E-4
values 5.078720162519045E-4 0.5900749954201312 2.9968257766385534E-4
ims 0.001015744032503809 5.1647859739235145 0.005246100532172183
point 5.078720162519045E-4 0.7703368192510752 3.9123251358612245E-4
differential 5.078720162519045E-4 2.392197251683733 0.001214930041484882
researched 5.078720162519045E-4 2.6798793241355137 0.0013610357156604944
can 0.009649568308786187 0.0958817717032825 9.25217705618267E-4
numerical 5.078720162519045E-4 1.6990500711237875 8.628999853345796E-4
september 0.0035551041137633316 2.2203469947570738 0.007893564735042923
paper 5.078720162519045E-4 0.9306794693262548 4.726660585709775E-4
along 5.078720162519045E-4 1.2135422553420867 6.163241520274691E-4
induced 5.078720162519045E-4 2.392197251683733 0.001214930041484882
parameter 5.078720162519045E-4 1.6094379124341003 8.173884776201626E-4
designed 5.078720162519045E-4 1.0872485300177945 5.521831031070566E-4
introduction 5.078720162519045E-4 0.10219094089654716 5.189991919580861E-5
park 5.078720162519045E-4 2.9675613965872945 0.0015071413898361068
chen 5.078720162519045E-4 2.5257286443082556 0.001282746899090023
orientation 0.001015744032503809 2.6798793241355137 0.002722071431320989
process 5.078720162519045E-4 0.5013468798114469 2.5462005069144074E-4
cost 0.001015744032503809 1.3581234841531944 0.0013795058244318885
original 5.078720162519045E-4 1.1944940603713923 6.066501068417431E-4
motion 5.078720162519045E-4 2.120263536200091 0.001076822517115333
built 5.078720162519045E-4 1.6094379124341003 8.173884776201626E-4
will 0.007618080243778568 0.3526016185510966 0.0026861474242084555
satisfy 0.001015744032503809 2.392197251683733 0.002429860082969764
implementation 5.078720162519045E-4 1.4035858582299516 7.128419798019053E-4
match 5.078720162519045E-4 2.2744142160273495 0.0011551113336858046
arbitrary 0.0015236160487557136 2.331572629867298 0.0035524214777053805
say 5.078720162519045E-4 2.2744142160273495 0.0011551113336858046
also 5.078720162519045E-4 0.05279818556697083 2.6814720958339677E-5
terminal 5.078720162519045E-4 3.0853444322436783 0.0015669600976351843
increase 5.078720162519045E-4 0.5013468798114469 2.5462005069144074E-4
instead 5.078720162519045E-4 1.0376515888784226 5.269942046106767E-4
command 5.078720162519045E-4 3.7784916128036232 0.0019189901537854865
expensive 5.078720162519045E-4 2.331572629867298 0.00118414049256846
performance 0.0025393600812595226 0.7703368192510752 0.0019561625679306127
third 0.0015236160487557136 1.0059028905638423 0.0015326097875528325
corresponding 5.078720162519045E-4 1.0872485300177945 5.521831031070566E-4
various 5.078720162519045E-4 0.5798184952529422 2.94473588244257E-4
variable 5.078720162519045E-4 1.3146383722134554 6.676680407381693E-4
uses 5.078720162519045E-4 1.1394342831883648 5.786867867894184E-4
derivation 5.078720162519045E-4 3.5553480614894135 0.0018056617884659285
methodology 5.078720162519045E-4 1.3361445774344192 6.785904405456674E-4
