exception 1.6241676140977748E-4 2.6798793241355137 4.3525732079511344E-4
prepare 1.6241676140977748E-4 3.373026504695459 5.478360410419781E-4
introduces 4.8725028422933245E-4 2.0292917579943643 9.887729858669959E-4
half 1.6241676140977748E-4 1.3805963400052528 2.2423198635784517E-4
optimal 3.2483352281955497E-4 1.2329603411991883 4.005068511285328E-4
year 4.8725028422933245E-4 1.3146383722134554 6.40557920519793E-4
analyse 0.0019490011369173298 2.0292917579943643 0.003955091943467983
reisenbichler 1.6241676140977748E-4 5.1647859739235145 8.388478112593007E-4
categorisation 4.8725028422933245E-4 4.0661736852554045 0.001981244283866528
without 0.00324833522819555 0.32850406697203605 0.001067091333350775
involuntary 1.6241676140977748E-4 4.471638793363569 7.262690910124361E-4
operationalisation 1.6241676140977748E-4 5.1647859739235145 8.388478112593007E-4
these 0.0038980022738346596 0.03488725900044054 1.3599061491157593E-4
multicollinearity 1.6241676140977748E-4 4.471638793363569 7.262690910124361E-4
would 6.496670456391099E-4 0.5013468798114469 3.257085462474886E-4
outcomes 0.003573168751015105 1.1043429633770947 0.003946003767142453
recruiting 1.6241676140977748E-4 3.2188758248682006 5.227993868553193E-4
because 0.00324833522819555 0.34450440831847723 0.0011190658058095736
calculate 4.8725028422933245E-4 1.6682784124570338 8.128691306433492E-4
definitions 8.120838070488875E-4 1.79749014393704 0.0014597126392212442
ter 4.8725028422933245E-4 5.1647859739235145 0.002516543433777902
aksu 3.2483352281955497E-4 5.1647859739235145 0.0016776956225186014
thus 0.00324833522819555 0.8881198549074587 0.0028849110115558184
appendix 3.2483352281955497E-4 2.456735772821304 7.980301357223661E-4
switzerland 3.2483352281955497E-4 4.471638793363569 0.0014525381820248721
possess 4.8725028422933245E-4 2.8622008809294686 0.0013946081927543293
squares 1.6241676140977748E-4 3.373026504695459 5.478360410419781E-4
require 3.2483352281955497E-4 1.121734706088964 3.6437703624783626E-4
packages 0.020789345460451518 3.7784916128036232 0.07855236745799314
analysis 0.0012993340912782199 0.15415067982725836 2.0029323349327055E-4
deming 6.496670456391099E-4 5.1647859739235145 0.003355391245037203
planning 4.8725028422933245E-4 2.331572629867298 0.001136059426604173
contains 4.8725028422933245E-4 1.2135422553420867 5.912988088397369E-4
microcontroller 1.6241676140977748E-4 5.1647859739235145 8.388478112593007E-4
graduating 1.6241676140977748E-4 5.1647859739235145 8.388478112593007E-4
size 4.8725028422933245E-4 0.127833371509885 6.228684660218531E-5
nationality 1.6241676140977748E-4 4.471638793363569 7.262690910124361E-4
correlation 1.6241676140977748E-4 1.3805963400052528 2.2423198635784517E-4
squared 3.2483352281955497E-4 3.5553480614894135 0.001154896235663282
returns 0.0017865843755075525 3.0853444322436783 0.005512228155705776
gnehm 0.0027610849439662173 5.1647859739235145 0.014260412791408111
much 1.6241676140977748E-4 0.7827593392496325 1.2713323684418264E-4
atalay 0.0014617508526879974 5.1647859739235145 0.007549630301333706
statistical 3.2483352281955497E-4 0.653926467406664 2.1241723807265356E-4
independent 4.8725028422933245E-4 1.0059028905638423 4.901264693343392E-4
elevates 1.6241676140977748E-4 5.1647859739235145 8.388478112593007E-4
achieve 1.6241676140977748E-4 1.0376515888784226 1.6853201053734326E-4
least 1.6241676140977748E-4 0.653926467406664 1.0620861903632678E-4
datasets 1.6241676140977748E-4 1.4512139072192063 2.3570146292337278E-4
occupations 0.002923501705375995 4.471638793363569 0.01307284363822385
manual 6.496670456391099E-4 1.4512139072192063 9.428058516934911E-4
matrix 4.8725028422933245E-4 1.5012243277938677 7.314719804095506E-4
example 8.120838070488875E-4 0.9162907318741551 7.441048659039752E-4
result 0.0011369173298684423 0.4285875255290187 4.872685851393748E-4
rolling 3.2483352281955497E-4 3.7784916128036232 0.0012273807415311428
dual 0.0012993340912782199 3.0853444322436783 0.004008893204149655
vocabulary 9.745005684586649E-4 2.120263536200091 0.0020661980213091675
same 1.6241676140977748E-4 0.2972515234679317 4.8278629765783936E-5
aspect 1.6241676140977748E-4 1.6682784124570338 2.709563768811164E-4
postings 0.0021114178983271076 5.1647859739235145 0.01090502154637091
after 4.8725028422933245E-4 0.12136085700426753 5.913311206964473E-5
computers 1.6241676140977748E-4 2.9675613965872945 4.8198171131838465E-4
policy 6.496670456391099E-4 2.169053700369523 0.0014091627093516473
address 8.120838070488875E-4 1.0872485300177945 8.829369254651572E-4
learn 1.6241676140977748E-4 1.4512139072192063 2.3570146292337278E-4
nonnegative 1.6241676140977748E-4 4.471638793363569 7.262690910124361E-4
combines 1.6241676140977748E-4 2.2744142160273495 3.694029910715201E-4
the 0.0916030534351145 0.017291497110061043 0.0015839539337460498
entering 1.6241676140977748E-4 3.0853444322436783 5.011116505187069E-4
intrusion 3.2483352281955497E-4 4.0661736852554045 0.0013208295225776853
fifth 6.496670456391099E-4 2.7668907011251433 0.0017975577074062974
information 0.0017865843755075525 0.3049735695618419 5.448610143219525E-4
illustration 6.496670456391099E-4 3.373026504695459 0.0021913441641679124
combined 0.0011369173298684423 0.9600933545325481 0.0010915467730595802
novel 6.496670456391099E-4 1.3805963400052528 8.969279454313807E-4
discuss 1.6241676140977748E-4 1.4759065198095778 2.397119570910472E-4
standard 3.2483352281955497E-4 0.7827593392496325 2.542664736883653E-4
nine 1.6241676140977748E-4 1.9459101490553132 3.1604842440398134E-4
addressing 1.6241676140977748E-4 2.120263536200091 3.443663368848613E-4
couple 1.6241676140977748E-4 3.0853444322436783 5.011116505187069E-4
controls 3.2483352281955497E-4 2.331572629867298 7.573729510694486E-4
evidence 3.2483352281955497E-4 0.9306794693262548 3.023158906370813E-4
keywords 1.6241676140977748E-4 1.906689435902032 3.0967832319344355E-4
good 1.6241676140977748E-4 0.8080771472339223 1.312452732229856E-4
predefined 6.496670456391099E-4 2.2203469947570738 0.0014424862723775044
analyses 0.0025986681825564397 0.9021060968821986 0.0023442744112579465
belonging 1.6241676140977748E-4 2.120263536200091 3.443663368848613E-4
assessment 1.6241676140977748E-4 1.3146383722134554 2.1351930683993103E-4
besides 1.6241676140977748E-4 1.8689491079191851 3.035486613479268E-4
assigns 1.6241676140977748E-4 2.6798793241355137 4.3525732079511344E-4
others 3.2483352281955497E-4 1.1758019273592397 3.819398822021243E-4
add 8.120838070488875E-4 1.7635885922613586 0.0014321817380715922
chf 1.6241676140977748E-4 4.471638793363569 7.262690910124361E-4
analysed 1.6241676140977748E-4 1.8325814637483102 2.976419463615901E-4
need 6.496670456391099E-4 0.5013468798114469 3.257085462474886E-4
jaik 3.2483352281955497E-4 5.1647859739235145 0.0016776956225186014
its 6.496670456391099E-4 0.19497267434751336 1.2666732132370529E-4
pay 1.6241676140977748E-4 2.456735772821304 3.9901506786118305E-4
originally 1.6241676140977748E-4 2.5257286443082556 4.102206666084547E-4
internationally 1.6241676140977748E-4 3.373026504695459 5.478360410419781E-4
list 1.6241676140977748E-4 1.3581234841531944 2.205820178907251E-4
neglected 1.6241676140977748E-4 3.7784916128036232 6.136903707655714E-4
ads 4.8725028422933245E-4 3.7784916128036232 0.0018410711122967141
external 1.6241676140977748E-4 1.4759065198095778 2.397119570910472E-4
tests 1.6241676140977748E-4 1.3581234841531944 2.205820178907251E-4
success 1.6241676140977748E-4 1.6384254493073527 2.661077552878598E-4
therefore 1.6241676140977748E-4 1.1394342831883648 1.8506322611472548E-4
useful 1.6241676140977748E-4 0.9162907318741551 1.4882097318079504E-4
income 1.6241676140977748E-4 2.7668907011251433 4.4938942685157434E-4
technical 0.0021114178983271076 2.0292917579943643 0.0042846829387569825
production 8.120838070488875E-4 1.6094379124341003 0.001306998467138298
applied 9.745005684586649E-4 0.6109090823229731 5.953312480002986E-4
searching 1.6241676140977748E-4 1.9459101490553132 3.1604842440398134E-4
germany 1.6241676140977748E-4 3.5553480614894135 5.77448117831641E-4
provided 1.6241676140977748E-4 0.7104386776700063 1.1538714920740724E-4
choose 3.2483352281955497E-4 1.8689491079191851 6.070973226958536E-4
directory 1.6241676140977748E-4 4.471638793363569 7.262690910124361E-4
remove 1.6241676140977748E-4 1.8689491079191851 3.035486613479268E-4
strand 1.6241676140977748E-4 3.7784916128036232 6.136903707655714E-4
accomplish 1.6241676140977748E-4 3.373026504695459 5.478360410419781E-4
pooled 1.6241676140977748E-4 3.2188758248682006 5.227993868553193E-4
previously 3.2483352281955497E-4 0.8340526336371831 2.7092825520129383E-4
provides 6.496670456391099E-4 0.6214911916535102 4.0376234637226583E-4
photographer 1.6241676140977748E-4 5.1647859739235145 8.388478112593007E-4
selecting 1.6241676140977748E-4 2.120263536200091 3.443663368848613E-4
identify 0.0011369173298684423 0.6214911916535102 7.065841061514651E-4
perform 1.6241676140977748E-4 0.9600933545325481 1.5593525329422577E-4
rich 1.6241676140977748E-4 1.9867321435755685 3.226786005482489E-4
evolution 1.6241676140977748E-4 2.120263536200091 3.443663368848613E-4
special 1.6241676140977748E-4 1.4512139072192063 2.3570146292337278E-4
better 4.8725028422933245E-4 0.4285875255290187 2.0882939363116063E-4
with 0.04076660711385415 0.017291497110061043 7.04915669096203E-4
supervised 1.6241676140977748E-4 1.9867321435755685 3.226786005482489E-4
service 1.6241676140977748E-4 1.6990500711237875 2.7595421002497763E-4
well 6.496670456391099E-4 0.3127557100038969 2.0318707812499393E-4
handling 1.6241676140977748E-4 2.456735772821304 3.9901506786118305E-4
age 4.8725028422933245E-4 0.9751312318970885 4.7513296990275546E-4
strands 1.6241676140977748E-4 4.471638793363569 7.262690910124361E-4
slightly 6.496670456391099E-4 1.5271998141971284 9.92171391390046E-4
smaller 4.8725028422933245E-4 1.121734706088964 5.465655543717544E-4
education 0.0011369173298684423 1.730798769438368 0.001967775115489455
occupation 0.0021114178983271076 4.0661736852554045 0.008585391896754956
called 6.496670456391099E-4 1.2729656758128876 8.270038498053516E-4
sociological 1.6241676140977748E-4 3.5553480614894135 5.77448117831641E-4
considered 3.2483352281955497E-4 0.32059888746492277 1.0414126602726092E-4
averaging 3.2483352281955497E-4 3.0853444322436783 0.0010022233010374137
focus 3.2483352281955497E-4 0.6874491594453075 2.2330653222196118E-4
occurs 8.120838070488875E-4 1.6682784124570338 0.0013547818844055822
approach 0.0011369173298684423 0.5398131606392429 6.137229372218126E-4
number 6.496670456391099E-4 0.167573700159399 1.088671107093708E-4
connects 1.6241676140977748E-4 2.7668907011251433 4.4938942685157434E-4
pairwise 3.2483352281955497E-4 2.6798793241355137 8.705146415902269E-4
decline 1.6241676140977748E-4 2.2203469947570738 3.606215680943761E-4
per 1.6241676140977748E-4 0.7339691750802005 1.1920889639113213E-4
algorithm 0.0011369173298684423 1.0059028905638423 0.0011436284284467915
wage 0.003735585512424882 4.0661736852554045 0.015189539509643381
similar 0.0012993340912782199 0.20895891632225325 2.715074436540565E-4
period 1.6241676140977748E-4 0.8472978603872037 1.3761537443352342E-4
programmes 9.745005684586649E-4 4.471638793363569 0.004357614546074616
considering 1.6241676140977748E-4 0.9162907318741551 1.4882097318079504E-4
seventy 1.6241676140977748E-4 5.1647859739235145 8.388478112593007E-4
testing 1.6241676140977748E-4 1.293584963015623 2.1009988030138427E-4
swiss 0.00324833522819555 4.0661736852554045 0.013208295225776854
quinn 3.2483352281955497E-4 4.471638793363569 0.0014525381820248721
propose 3.2483352281955497E-4 1.5812670354674039 5.136485416493109E-4
relevance 3.2483352281955497E-4 2.073743520565198 6.736214132094195E-4
system 0.0027610849439662173 0.44628710262841953 0.0012322365997536353
million 3.2483352281955497E-4 1.5012243277938677 4.876479869397004E-4
driver 1.6241676140977748E-4 3.373026504695459 5.478360410419781E-4
even 6.496670456391099E-4 0.377294231141468 2.45115628482357E-4
driven 3.2483352281955497E-4 2.392197251683733 7.770658605436846E-4
indication 1.6241676140977748E-4 2.0292917579943643 3.2959099528899856E-4
authors 0.0014617508526879974 0.023122417420854212 3.379921338114145E-5
larger 1.6241676140977748E-4 0.9162907318741551 1.4882097318079504E-4
algorithms 3.2483352281955497E-4 1.1758019273592397 3.819398822021243E-4
distributional 1.6241676140977748E-4 3.0853444322436783 5.011116505187069E-4
other 0.005684586649342212 0.0408219945202552 2.3205616504936365E-4
subsection 4.8725028422933245E-4 3.373026504695459 0.0016435081231259343
indicated 1.6241676140977748E-4 1.3361445774344192 2.1701227504213402E-4
protection 1.6241676140977748E-4 2.073743520565198 3.3681070660470974E-4
functionality 3.2483352281955497E-4 3.0853444322436783 0.0010022233010374137
restrict 3.2483352281955497E-4 3.2188758248682006 0.0010455987737106385
mandatory 1.6241676140977748E-4 3.5553480614894135 5.77448117831641E-4
noncognitive 3.2483352281955497E-4 5.1647859739235145 0.0016776956225186014
have 0.0051973363651128795 0.028987536873252187 1.5065797952640408E-4
cnc 8.120838070488875E-4 3.7784916128036232 0.003068451853827857
decisions 1.6241676140977748E-4 1.6094379124341003 2.6139969342765963E-4
casting 1.6241676140977748E-4 5.1647859739235145 8.388478112593007E-4
share 1.6241676140977748E-4 1.4035858582299516 2.2796586945427182E-4
linear 4.8725028422933245E-4 1.3146383722134554 6.40557920519793E-4
particularly 1.6241676140977748E-4 0.9751312318970885 1.5837765663425182E-4
question 3.2483352281955497E-4 1.2329603411991883 4.005068511285328E-4
occupational 0.0019490011369173298 3.373026504695459 0.006574032492503737
discussed 1.6241676140977748E-4 1.0216512475319812 1.659332869144033E-4
curriculum 0.0027610849439662173 3.5553480614894135 0.009816618003137897
intellectual 4.8725028422933245E-4 3.373026504695459 0.0016435081231259343
satisfaction 1.6241676140977748E-4 2.392197251683733 3.885329302718423E-4
opportunities 1.6241676140977748E-4 1.8325814637483102 2.976419463615901E-4
future 3.2483352281955497E-4 0.48265474679929443 1.5678244170839512E-4
irrespective 1.6241676140977748E-4 3.373026504695459 5.478360410419781E-4
measuring 6.496670456391099E-4 1.8689491079191851 0.0012141946453917071
capital 1.6241676140977748E-4 2.6798793241355137 4.3525732079511344E-4
findings 3.2483352281955497E-4 0.7459453661269161 2.4230806110992888E-4
body 3.2483352281955497E-4 1.5012243277938677 4.876479869397004E-4
employee 1.6241676140977748E-4 3.373026504695459 5.478360410419781E-4
correspond 3.2483352281955497E-4 1.9459101490553132 6.320968488079627E-4
employed 4.8725028422933245E-4 1.4035858582299516 6.838976083628155E-4
points 3.2483352281955497E-4 0.9751312318970885 3.1675531326850364E-4
pages 3.2483352281955497E-4 3.2188758248682006 0.0010455987737106385
earlier 3.2483352281955497E-4 1.5012243277938677 4.876479869397004E-4
stewart 1.6241676140977748E-4 3.7784916128036232 6.136903707655714E-4
whether 0.001624167614097775 0.5300569856938783 8.609013897902846E-4
employer 1.6241676140977748E-4 4.471638793363569 7.262690910124361E-4
links 1.6241676140977748E-4 2.392197251683733 3.885329302718423E-4
complement 1.6241676140977748E-4 2.392197251683733 3.885329302718423E-4
representative 3.2483352281955497E-4 1.730798769438368 5.622214615684158E-4
all 0.0025986681825564397 0.017291497110061043 4.493486336868226E-5
always 4.8725028422933245E-4 1.2729656758128876 6.202528873540137E-4
new 6.496670456391099E-4 0.38566248081198473 2.5055220452297204E-4
read 4.8725028422933245E-4 1.7635885922613586 8.593090428429553E-4
including 0.001624167614097775 0.2669461739726028 4.335653304736118E-4
constructing 1.6241676140977748E-4 2.456735772821304 3.9901506786118305E-4
comparison 1.6241676140977748E-4 0.758066726659261 1.231227426765082E-4
below 3.2483352281955497E-4 1.4035858582299516 4.5593173890854364E-4
already 3.2483352281955497E-4 1.157452788691043 3.7597946684782946E-4
avoids 1.6241676140977748E-4 3.0853444322436783 5.011116505187069E-4
introducing 3.2483352281955497E-4 2.120263536200091 6.887326737697226E-4
tertiary 1.6241676140977748E-4 2.6798793241355137 4.3525732079511344E-4
differs 3.2483352281955497E-4 1.8689491079191851 6.070973226958536E-4
italics 3.2483352281955497E-4 4.471638793363569 0.0014525381820248721
applicable 1.6241676140977748E-4 2.120263536200091 3.443663368848613E-4
guaranteed 1.6241676140977748E-4 3.0853444322436783 5.011116505187069E-4
constitutes 1.6241676140977748E-4 2.5998366164619773 4.2225704344030815E-4
less 1.6241676140977748E-4 0.368995428326773 5.993104244384814E-5
tool 0.001624167614097775 1.1758019273592397 0.0019096994110106217
bookkeeping 1.6241676140977748E-4 5.1647859739235145 8.388478112593007E-4
simplified 1.6241676140977748E-4 2.5257286443082556 4.102206666084547E-4
were 4.8725028422933245E-4 0.0958817717032825 4.671842051483637E-5
improve 3.2483352281955497E-4 0.7104386776700063 2.3077429841481448E-4
individually 1.6241676140977748E-4 2.5998366164619773 4.2225704344030815E-4
basic 4.8725028422933245E-4 1.1944940603713923 5.820175704262103E-4
operationalise 1.6241676140977748E-4 5.1647859739235145 8.388478112593007E-4
influenced 1.6241676140977748E-4 1.730798769438368 2.811107307842079E-4
financial 1.6241676140977748E-4 1.8689491079191851 3.035486613479268E-4
technique 3.2483352281955497E-4 1.1758019273592397 3.819398822021243E-4
respective 0.0011369173298684423 1.9459101490553132 0.0022123389708278694
around 6.496670456391099E-4 1.0216512475319812 6.637331476576133E-4
represents 3.2483352281955497E-4 0.9751312318970885 3.1675531326850364E-4
effective 1.6241676140977748E-4 0.8472978603872037 1.3761537443352342E-4
times 1.6241676140977748E-4 0.9600933545325481 1.5593525329422577E-4
and 0.04174110768231282 0.017291497110061043 7.217662428594589E-4
intended 1.6241676140977748E-4 1.8325814637483102 2.976419463615901E-4
negatively 1.6241676140977748E-4 1.8689491079191851 3.035486613479268E-4
design 3.2483352281955497E-4 1.0376515888784226 3.370640210746865E-4
define 8.120838070488875E-4 1.3146383722134554 0.0010675965341996553
chose 1.6241676140977748E-4 1.906689435902032 3.0967832319344355E-4
working 6.496670456391099E-4 1.5538680612792897 0.0010094968726842876
department 1.6241676140977748E-4 1.79749014393704 2.9194252784424884E-4
diminishes 1.6241676140977748E-4 3.7784916128036232 6.136903707655714E-4
subjective 1.6241676140977748E-4 2.0292917579943643 3.2959099528899856E-4
digitalisation 1.6241676140977748E-4 4.471638793363569 7.262690910124361E-4
automatic 1.6241676140977748E-4 1.5812670354674039 2.5682427082465546E-4
employment 0.004222835796654215 2.8622008809294686 0.012086604337204189
requirement 0.004060419035244438 2.5257286443082556 0.010255516665211368
specific 0.0011369173298684423 0.40261203912575794 4.5773660449574554E-4
any 0.0019490011369173298 0.2669461739726028 5.202783965683342E-4
followed 3.2483352281955497E-4 0.758066726659261 2.462454853530164E-4
industrial 1.6241676140977748E-4 2.2744142160273495 3.694029910715201E-4
application 1.6241676140977748E-4 1.0376515888784226 1.6853201053734326E-4
consists 4.8725028422933245E-4 1.2135422553420867 5.912988088397369E-4
interested 3.2483352281955497E-4 1.8689491079191851 6.070973226958536E-4
forms 1.6241676140977748E-4 1.4512139072192063 2.3570146292337278E-4
cluster 3.2483352281955497E-4 2.2203469947570738 7.212431361887522E-4
lee 1.6241676140977748E-4 2.392197251683733 3.885329302718423E-4
concern 8.120838070488875E-4 1.6384254493073527 0.001330538776439299
professional 1.6241676140977748E-4 2.0292917579943643 3.2959099528899856E-4
skills 0.05652103297060257 2.169053700369523 0.12259715571359332
decided 6.496670456391099E-4 2.2203469947570738 0.0014424862723775044
annual 4.8725028422933245E-4 2.2203469947570738 0.0010818647042831282
worker 3.2483352281955497E-4 4.471638793363569 0.0014525381820248721
apprentice 1.6241676140977748E-4 5.1647859739235145 8.388478112593007E-4
defined 4.8725028422933245E-4 0.5300569856938783 2.582704169370854E-4
using 0.0014617508526879974 0.083381608939051 1.2188313796515495E-4
separately 1.6241676140977748E-4 2.331572629867298 3.786864755347243E-4
remain 4.8725028422933245E-4 1.5538680612792897 7.571226545132157E-4
containing 1.6241676140977748E-4 1.4759065198095778 2.397119570910472E-4
want 6.496670456391099E-4 1.9867321435755685 0.0012907144021929956
sampling 1.6241676140977748E-4 1.8689491079191851 3.035486613479268E-4
investigating 3.2483352281955497E-4 2.0292917579943643 6.591819905779971E-4
countries 1.6241676140977748E-4 1.7635885922613586 2.864363476143184E-4
demand 1.6241676140977748E-4 1.730798769438368 2.811107307842079E-4
correlations 1.6241676140977748E-4 2.5998366164619773 4.2225704344030815E-4
each 0.004385252558063992 0.13434805253107854 5.891501410328278E-4
argues 1.6241676140977748E-4 3.373026504695459 5.478360410419781E-4
input 6.496670456391099E-4 1.0216512475319812 6.637331476576133E-4
dictionary 1.6241676140977748E-4 2.2203469947570738 3.606215680943761E-4
geel 1.6241676140977748E-4 5.1647859739235145 8.388478112593007E-4
eggenberger 0.0012993340912782199 5.1647859739235145 0.006710782490074406
grinis 3.2483352281955497E-4 5.1647859739235145 0.0016776956225186014
increased 3.2483352281955497E-4 0.4919571394616079 1.598041706875452E-4
argued 1.6241676140977748E-4 2.2203469947570738 3.606215680943761E-4
another 3.2483352281955497E-4 0.40261203912575794 1.3078188699878446E-4
automatically 3.2483352281955497E-4 1.4759065198095778 4.794239141820944E-4
guarantee 1.6241676140977748E-4 2.169053700369523 3.5229067733791184E-4
availability 1.6241676140977748E-4 1.6384254493073527 2.661077552878598E-4
two 0.0014617508526879974 0.11492996667397702 1.6799897678508902E-4
acquire 1.6241676140977748E-4 2.8622008809294686 4.6486939758477643E-4
matching 3.2483352281955497E-4 2.2744142160273495 7.388059821430402E-4
wolter 4.8725028422933245E-4 5.1647859739235145 0.002516543433777902
found 3.2483352281955497E-4 0.27443684570176036 8.914628738078946E-5
are 0.013318174435601755 0.028987536873252187 3.860610725364105E-4
does 9.745005684586649E-4 0.5696661237889241 5.551399614639507E-4
where 6.496670456391099E-4 0.32850406697203605 2.1341826667015497E-4
broader 1.6241676140977748E-4 2.331572629867298 3.786864755347243E-4
demonstrating 3.2483352281955497E-4 2.2203469947570738 7.212431361887522E-4
factorises 1.6241676140977748E-4 5.1647859739235145 8.388478112593007E-4
confederation 1.6241676140977748E-4 5.1647859739235145 8.388478112593007E-4
receive 6.496670456391099E-4 1.8325814637483102 0.0011905677854463603
detection 1.6241676140977748E-4 1.5271998141971284 2.480428478475115E-4
implied 1.6241676140977748E-4 3.373026504695459 5.478360410419781E-4
complications 1.6241676140977748E-4 1.9459101490553132 3.1604842440398134E-4
languages 1.6241676140977748E-4 1.6990500711237875 2.7595421002497763E-4
yan 1.6241676140977748E-4 5.1647859739235145 8.388478112593007E-4
structures 3.2483352281955497E-4 1.6682784124570338 5.419127537622328E-4
regressions 6.496670456391099E-4 4.0661736852554045 0.0026416590451553705
call 1.6241676140977748E-4 2.392197251683733 3.885329302718423E-4
such 0.004872502842293324 0.10219094089654716 4.979256499750552E-4
marketing 3.2483352281955497E-4 3.2188758248682006 0.0010455987737106385
nlp 0.002923501705375995 0.41119578281714936 0.0012021315723093533
extensively 1.6241676140977748E-4 2.456735772821304 3.9901506786118305E-4
describe 4.8725028422933245E-4 1.0216512475319812 4.977998607432099E-4
dataset 3.2483352281955497E-4 1.2729656758128876 4.135019249026758E-4
insurance 1.6241676140977748E-4 2.2744142160273495 3.694029910715201E-4
through 6.496670456391099E-4 0.2595111954850846 1.6859587168106845E-4
documents 1.6241676140977748E-4 1.6682784124570338 2.709563768811164E-4
nmf 3.2483352281955497E-4 5.1647859739235145 0.0016776956225186014
had 1.6241676140977748E-4 0.32059888746492277 5.207063301363046E-5
source 3.2483352281955497E-4 0.9452782687474074 3.0705807008199037E-4
individuals 0.0019490011369173298 1.4759065198095778 0.0028765434850925664
research 0.0019490011369173298 0.41119578281714936 8.014210482062355E-4
sciences 1.6241676140977748E-4 2.456735772821304 3.9901506786118305E-4
view 6.496670456391099E-4 1.4035858582299516 9.118634778170873E-4
ours 1.6241676140977748E-4 4.0661736852554045 6.604147612888426E-4
school 3.2483352281955497E-4 2.169053700369523 7.045813546758237E-4
registers 1.6241676140977748E-4 4.0661736852554045 6.604147612888426E-4
has 0.0022738346597368847 0.05279818556697083 1.2005434431339801E-4
starts 3.2483352281955497E-4 2.2203469947570738 7.212431361887522E-4
results 0.0019490011369173298 0.08961215868968714 1.746541991678164E-4
newest 1.6241676140977748E-4 4.471638793363569 7.262690910124361E-4
those 3.2483352281955497E-4 0.3364722366212129 1.0929746195264346E-4
inherent 1.6241676140977748E-4 2.2203469947570738 3.606215680943761E-4
acquired 1.6241676140977748E-4 2.120263536200091 3.443663368848613E-4
offers 1.6241676140977748E-4 1.6682784124570338 2.709563768811164E-4
given 6.496670456391099E-4 0.3526016185510966 2.2907365181165933E-4
last 4.8725028422933245E-4 0.7703368192510752 3.753468341324063E-4
adapt 1.6241676140977748E-4 2.392197251683733 3.885329302718423E-4
regress 1.6241676140977748E-4 5.1647859739235145 8.388478112593007E-4
weight 0.0021114178983271076 1.3361445774344192 0.0028211595755477424
significant 9.745005684586649E-4 0.377294231141468 3.6767344272353546E-4
correlates 1.6241676140977748E-4 3.0853444322436783 5.011116505187069E-4
technologies 0.0022738346597368847 1.8689491079191851 0.004249681258870974
difficulty 1.6241676140977748E-4 1.6990500711237875 2.7595421002497763E-4
longer 1.6241676140977748E-4 1.1758019273592397 1.9096994110106216E-4
measure 0.0012993340912782199 1.0216512475319812 0.0013274662953152265
name 0.0011369173298684423 1.8325814637483102 0.0020834936245311304
fixed 1.6241676140977748E-4 1.6682784124570338 2.709563768811164E-4
fields 1.6241676140977748E-4 1.4759065198095778 2.397119570910472E-4
correlated 4.8725028422933245E-4 1.9867321435755685 9.680358016447467E-4
janssen 4.8725028422933245E-4 5.1647859739235145 0.002516543433777902
full 3.2483352281955497E-4 0.14750613710858965 4.791493815448746E-5
benefits 1.6241676140977748E-4 1.6384254493073527 2.661077552878598E-4
next 3.2483352281955497E-4 0.8080771472339223 2.624905464459712E-4
graduates 4.8725028422933245E-4 5.1647859739235145 0.002516543433777902
concept 8.120838070488875E-4 1.3581234841531944 0.0011029100894536254
show 0.0030859184667857724 0.6321864807702582 0.0019508759354612483
sesam 8.120838070488875E-4 5.1647859739235145 0.004194239056296504
conclusion 1.6241676140977748E-4 0.653926467406664 1.0620861903632678E-4
not 0.00584700341075199 0.03488725900044054 2.039859223673639E-4
central 1.6241676140977748E-4 1.3805963400052528 2.2423198635784517E-4
documenting 1.6241676140977748E-4 3.373026504695459 5.478360410419781E-4
ends 1.6241676140977748E-4 2.5998366164619773 4.2225704344030815E-4
news 1.6241676140977748E-4 2.0292917579943643 3.2959099528899856E-4
overview 1.6241676140977748E-4 1.4271163556401458 2.3178761663799672E-4
was 4.8725028422933245E-4 0.058840500022933395 2.867005036037034E-5
start 3.2483352281955497E-4 1.5271998141971284 4.96085695695023E-4
detects 6.496670456391099E-4 3.373026504695459 0.0021913441641679124
engineer 1.6241676140977748E-4 4.471638793363569 7.262690910124361E-4
generic 4.8725028422933245E-4 2.120263536200091 0.0010330990106545838
way 1.6241676140977748E-4 0.9306794693262548 1.5115794531854064E-4
wages 0.0030859184667857724 4.471638793363569 0.013799112729236286
what 3.2483352281955497E-4 0.8209805520698303 2.6668200489518606E-4
disciplines 1.6241676140977748E-4 2.5257286443082556 4.102206666084547E-4
detailed 8.120838070488875E-4 1.1394342831883648 9.253161305736275E-4
typical 6.496670456391099E-4 1.4512139072192063 9.428058516934911E-4
time 3.2483352281955497E-4 0.20194134366360675 6.55973180651638E-5
applications 3.2483352281955497E-4 1.2135422553420867 3.941992058931579E-4
measured 3.2483352281955497E-4 1.0704414117014134 3.477152547349077E-4
differentiated 3.2483352281955497E-4 3.7784916128036232 0.0012273807415311428
categorised 1.6241676140977748E-4 3.5553480614894135 5.77448117831641E-4
complementary 0.0022738346597368847 2.073743520565198 0.004715349892465936
when 0.001624167614097775 0.14750613710858965 2.3957469077243732E-4
three 0.0011369173298684423 0.22314355131420976 2.536957705375131E-4
goetze 1.6241676140977748E-4 5.1647859739235145 8.388478112593007E-4
required 0.0011369173298684423 0.5900749954201312 6.708664882151889E-4
vocational 0.0038980022738346596 4.471638793363569 0.017430458184298465
measures 0.0011369173298684423 1.2329603411991883 0.0014017739789498648
explanatory 6.496670456391099E-4 2.9675613965872945 0.0019279268452735386
identified 1.6241676140977748E-4 0.6321864807702582 1.026776808137499E-4
far 1.6241676140977748E-4 1.3361445774344192 2.1701227504213402E-4
complementarity 1.6241676140977748E-4 4.0661736852554045 6.604147612888426E-4
options 1.6241676140977748E-4 2.0292917579943643 3.2959099528899856E-4
plan 1.6241676140977748E-4 2.120263536200091 3.443663368848613E-4
probabilities 3.2483352281955497E-4 2.392197251683733 7.770658605436846E-4
case 3.2483352281955497E-4 0.38566248081198473 1.2527610226148602E-4
hardware 3.2483352281955497E-4 2.9675613965872945 9.639634226367693E-4
identifies 1.6241676140977748E-4 2.0292917579943643 3.2959099528899856E-4
having 4.8725028422933245E-4 0.8340526336371831 4.0639238280194075E-4
depends 1.6241676140977748E-4 1.6682784124570338 2.709563768811164E-4
probability 0.0019490011369173298 1.4271163556401458 0.0027814513996559606
comprising 1.6241676140977748E-4 2.8622008809294686 4.6486939758477643E-4
lowest 1.6241676140977748E-4 1.6094379124341003 2.6139969342765963E-4
gillis 1.6241676140977748E-4 5.1647859739235145 8.388478112593007E-4
provide 6.496670456391099E-4 0.44628710262841953 2.899380234714436E-4
light 1.6241676140977748E-4 1.2729656758128876 2.067509624513379E-4
determined 1.6241676140977748E-4 1.0376515888784226 1.6853201053734326E-4
completely 1.6241676140977748E-4 1.3805963400052528 2.2423198635784517E-4
valuable 8.120838070488875E-4 1.730798769438368 0.0014055536539210394
requires 3.2483352281955497E-4 0.8881198549074587 2.8849110115558184E-4
study 0.0019490011369173298 0.15415067982725836 3.004398502399058E-4
log 3.2483352281955497E-4 1.9459101490553132 6.320968488079627E-4
methods 0.0012993340912782199 0.20194134366360675 2.623892722606552E-4
differences 3.2483352281955497E-4 0.7953381214564925 2.5835248382539955E-4
priori 0.0011369173298684423 3.5553480614894135 0.004042136824821486
teaching 3.2483352281955497E-4 2.392197251683733 7.770658605436846E-4
labour 0.008608088354718208 3.2188758248682006 0.027708367503331922
receiving 1.6241676140977748E-4 1.6990500711237875 2.7595421002497763E-4
computer 3.2483352281955497E-4 1.5538680612792897 5.047484363421438E-4
low 3.2483352281955497E-4 0.6761496041913742 2.196360578825318E-4
categories 1.6241676140977748E-4 1.0216512475319812 1.659332869144033E-4
tjioe 1.6241676140977748E-4 5.1647859739235145 8.388478112593007E-4
angrist 3.2483352281955497E-4 5.1647859739235145 0.0016776956225186014
means 1.6241676140977748E-4 0.6988778552689304 1.1350947787379087E-4
stress 4.8725028422933245E-4 1.9867321435755685 9.680358016447467E-4
explore 3.2483352281955497E-4 1.2329603411991883 4.005068511285328E-4
efficient 4.8725028422933245E-4 1.3581234841531944 6.617460536721753E-4
more 0.002436251421146662 0.05279818556697083 1.2862965462149788E-4
analysing 4.8725028422933245E-4 2.2203469947570738 0.0010818647042831282
display 1.6241676140977748E-4 0.167573700159399 2.72167776773427E-5
csvdisplay 0.0012993340912782199 0.2669461739726028 3.468522643788894E-4
consistent 1.6241676140977748E-4 0.9306794693262548 1.5115794531854064E-4
conceptual 1.6241676140977748E-4 2.120263536200091 3.443663368848613E-4
earnings 1.6241676140977748E-4 4.471638793363569 7.262690910124361E-4
broadly 1.6241676140977748E-4 2.6798793241355137 4.3525732079511344E-4
choice 1.6241676140977748E-4 1.6682784124570338 2.709563768811164E-4
worktime 3.2483352281955497E-4 5.1647859739235145 0.0016776956225186014
certain 3.2483352281955497E-4 0.8209805520698303 2.6668200489518606E-4
economic 8.120838070488875E-4 1.6990500711237875 0.0013797710501248883
levels 0.0019490011369173298 0.9452782687474074 0.0018423484204919422
statistics 3.2483352281955497E-4 1.5538680612792897 5.047484363421438E-4
indicator 1.6241676140977748E-4 2.120263536200091 3.443663368848613E-4
before 4.8725028422933245E-4 0.5203950747821414 2.5356264809914313E-4
conceptually 6.496670456391099E-4 3.373026504695459 0.0021913441641679124
distinguishing 1.6241676140977748E-4 2.9675613965872945 4.8198171131838465E-4
section 4.8725028422933245E-4 0.7953381214564925 3.8752872573809933E-4
simple 1.6241676140977748E-4 1.157452788691043 1.8798973342391473E-4
used 0.0012993340912782199 0.07103577311675174 9.229920171090043E-5
outlined 1.6241676140977748E-4 2.5257286443082556 4.102206666084547E-4
shows 0.0022738346597368847 0.5596157879354227 0.0012724737747435305
shown 6.496670456391099E-4 0.3364722366212129 2.1859492390528693E-4
major 3.2483352281955497E-4 0.7104386776700063 2.3077429841481448E-4
stressed 1.6241676140977748E-4 3.7784916128036232 6.136903707655714E-4
employs 1.6241676140977748E-4 2.9675613965872945 4.8198171131838465E-4
percentage 4.8725028422933245E-4 1.3146383722134554 6.40557920519793E-4
few 3.2483352281955497E-4 0.6988778552689304 2.2701895574758174E-4
consider 3.2483352281955497E-4 0.8080771472339223 2.624905464459712E-4
potential 4.8725028422933245E-4 0.44628710262841953 2.1745351760358268E-4
combination 0.0011369173298684423 0.758066726659261 8.618591987355574E-4
described 3.2483352281955497E-4 0.44628710262841953 1.449690117357218E-4
obtain 1.6241676140977748E-4 1.0872485300177945 1.7658738509303143E-4
package 0.01429267500406042 2.2203469947570738 0.0317346979923051
manually 4.8725028422933245E-4 1.4512139072192063 7.071043887701184E-4
gross 1.6241676140977748E-4 3.5553480614894135 5.77448117831641E-4
created 1.6241676140977748E-4 1.0704414117014134 1.7385762736745386E-4
particular 0.0011369173298684423 1.0704414117014134 0.001217003391572177
both 1.6241676140977748E-4 0.13434805253107854 2.1820375593808436E-5
market 0.006659087217800877 2.073743520565198 0.0138092389707931
important 0.002923501705375995 0.2669461739726028 7.804175948525013E-4
most 0.0011369173298684423 0.0771896386911299 8.77582379142292E-5
reutterer 1.6241676140977748E-4 5.1647859739235145 8.388478112593007E-4
effects 3.2483352281955497E-4 1.0216512475319812 3.318665738288066E-4
correlate 3.2483352281955497E-4 2.5998366164619773 8.445140868806163E-4
effect 4.8725028422933245E-4 0.758066726659261 3.693682280295246E-4
topic 0.002436251421146662 1.2729656758128876 0.0031012644367700687
job 0.004547669319473769 3.2188758248682006 0.014638382831948937
who 0.0022738346597368847 0.44628710262841953 0.0010147830821500524
crucial 1.6241676140977748E-4 1.4035858582299516 2.2796586945427182E-4
part 6.496670456391099E-4 0.5496654570822546 3.570995335924993E-4
values 3.2483352281955497E-4 0.5900749954201312 1.9167613949005397E-4
contribute 4.8725028422933245E-4 1.0704414117014134 5.215728821023615E-4
their 0.0021114178983271076 0.12136085700426753 2.562434856351272E-4
percent 1.6241676140977748E-4 2.5998366164619773 4.2225704344030815E-4
point 1.6241676140977748E-4 0.7703368192510752 1.2511561137746878E-4
database 6.496670456391099E-4 1.3581234841531944 8.823280715629004E-4
dinardo 1.6241676140977748E-4 5.1647859739235145 8.388478112593007E-4
september 0.0014617508526879974 2.2203469947570738 0.003245594112849385
relies 1.6241676140977748E-4 2.169053700369523 3.5229067733791184E-4
parallel 1.6241676140977748E-4 1.6990500711237875 2.7595421002497763E-4
seung 1.6241676140977748E-4 4.471638793363569 7.262690910124361E-4
possessing 3.2483352281955497E-4 4.471638793363569 0.0014525381820248721
mentioned 1.6241676140977748E-4 1.0376515888784226 1.6853201053734326E-4
matrices 1.6241676140977748E-4 2.8622008809294686 4.6486939758477643E-4
introduction 1.6241676140977748E-4 0.10219094089654716 1.6597521665835174E-5
adds 3.2483352281955497E-4 2.456735772821304 7.980301357223661E-4
uschi 0.0014617508526879974 5.1647859739235145 0.007549630301333706
applying 6.496670456391099E-4 1.1758019273592397 7.638797644042486E-4
process 0.001624167614097775 0.5013468798114469 8.142713656187216E-4
requirements 4.8725028422933245E-4 1.9459101490553132 9.48145273211944E-4
original 4.8725028422933245E-4 1.1944940603713923 5.820175704262103E-4
built 1.6241676140977748E-4 1.6094379124341003 2.6139969342765963E-4
hereafter 1.6241676140977748E-4 4.471638793363569 7.262690910124361E-4
also 0.005684586649342212 0.05279818556697083 3.0013586078349503E-4
approaches 4.8725028422933245E-4 0.9021060968821986 4.3955145211086496E-4
increase 1.6241676140977748E-4 0.5013468798114469 8.142713656187215E-5
posting 3.2483352281955497E-4 3.2188758248682006 0.0010455987737106385
differ 6.496670456391099E-4 1.5271998141971284 9.92171391390046E-4
diminish 1.6241676140977748E-4 4.0661736852554045 6.604147612888426E-4
economics 8.120838070488875E-4 3.7784916128036232 0.003068451853827857
third 1.6241676140977748E-4 1.0059028905638423 1.6337548977811309E-4
build 4.8725028422933245E-4 1.5271998141971284 7.441285435425345E-4
administrative 4.8725028422933245E-4 2.6798793241355137 0.0013057719623853403
uses 4.8725028422933245E-4 1.1394342831883648 5.551896783441764E-4
further 0.001624167614097775 0.27443684570176036 4.457314369039473E-4
simply 1.6241676140977748E-4 1.4512139072192063 2.3570146292337278E-4
extent 1.6241676140977748E-4 1.3805963400052528 2.2423198635784517E-4
been 8.120838070488875E-4 0.05279818556697083 4.2876551540499294E-5
mostly 1.6241676140977748E-4 1.1758019273592397 1.9096994110106216E-4
coherence 1.6241676140977748E-4 2.456735772821304 3.9901506786118305E-4
shahnaz 1.6241676140977748E-4 5.1647859739235145 8.388478112593007E-4
bring 1.6241676140977748E-4 1.9867321435755685 3.226786005482489E-4
advance 1.6241676140977748E-4 2.392197251683733 3.885329302718423E-4
offer 1.6241676140977748E-4 1.5271998141971284 2.480428478475115E-4
depending 1.6241676140977748E-4 1.2729656758128876 2.067509624513379E-4
manufacturing 8.120838070488875E-4 2.9675613965872945 0.0024099085565919233
sandoval 1.6241676140977748E-4 5.1647859739235145 8.388478112593007E-4
reflects 1.6241676140977748E-4 1.9867321435755685 3.226786005482489E-4
knowledge 0.0012993340912782199 0.8080771472339223 0.0010499621857838848
addition 3.2483352281955497E-4 0.8080771472339223 2.624905464459712E-4
databases 1.6241676140977748E-4 2.073743520565198 3.3681070660470974E-4
adequately 1.6241676140977748E-4 2.392197251683733 3.885329302718423E-4
profile 1.6241676140977748E-4 2.120263536200091 3.443663368848613E-4
impact 1.6241676140977748E-4 0.7827593392496325 1.2713323684418264E-4
personal 1.6241676140977748E-4 1.8325814637483102 2.976419463615901E-4
population 1.6241676140977748E-4 0.9751312318970885 1.5837765663425182E-4
extend 4.8725028422933245E-4 2.392197251683733 0.0011655987908155267
proxy 3.2483352281955497E-4 3.373026504695459 0.0010956720820839562
interpretation 0.0019490011369173298 1.4759065198095778 0.0028765434850925664
plans 4.8725028422933245E-4 3.0853444322436783 0.0015033349515561206
unsupervised 9.745005684586649E-4 2.0292917579943643 0.0019775459717339917
domain 1.6241676140977748E-4 1.1944940603713923 1.9400585680873675E-4
dealt 1.6241676140977748E-4 2.8622008809294686 4.6486939758477643E-4
windelband 1.6241676140977748E-4 5.1647859739235145 8.388478112593007E-4
competitive 1.6241676140977748E-4 2.5257286443082556 4.102206666084547E-4
millions 1.6241676140977748E-4 3.0853444322436783 5.011116505187069E-4
firms 6.496670456391099E-4 3.373026504695459 0.0021913441641679124
average 4.8725028422933245E-4 0.7459453661269161 3.6346209166489334E-4
compare 3.2483352281955497E-4 0.9306794693262548 3.023158906370813E-4
strong 1.6241676140977748E-4 1.2135422553420867 1.9709960294657895E-4
bodies 1.6241676140977748E-4 2.7668907011251433 4.4938942685157434E-4
technologist 1.6241676140977748E-4 5.1647859739235145 8.388478112593007E-4
equivalents 3.2483352281955497E-4 3.2188758248682006 0.0010455987737106385
moulding 1.6241676140977748E-4 5.1647859739235145 8.388478112593007E-4
how 0.0051973363651128795 0.5496654570822546 0.0028567962687399942
coding 1.6241676140977748E-4 2.2203469947570738 3.606215680943761E-4
see 6.496670456391099E-4 1.0376515888784226 6.74128042149373E-4
systems 4.8725028422933245E-4 0.8743265327751228 4.2601585160392536E-4
assembly 1.6241676140977748E-4 3.2188758248682006 5.227993868553193E-4
whom 4.8725028422933245E-4 2.2203469947570738 0.0010818647042831282
indicate 3.2483352281955497E-4 1.0704414117014134 3.477152547349077E-4
empirically 6.496670456391099E-4 3.0853444322436783 0.0020044466020748275
panel 6.496670456391099E-4 2.7668907011251433 0.0017975577074062974
compared 0.0011369173298684423 0.2669461739726028 3.0349573133152825E-4
sixty 1.6241676140977748E-4 5.1647859739235145 8.388478112593007E-4
set 6.496670456391099E-4 0.5596157879354227 3.635639356410087E-4
contain 0.0012993340912782199 1.4035858582299516 0.0018237269556341746
oval 3.2483352281955497E-4 5.1647859739235145 0.0016776956225186014
words 0.00324833522819555 0.9751312318970885 0.0031675531326850366
familiar 3.2483352281955497E-4 2.392197251683733 7.770658605436846E-4
procedure 3.2483352281955497E-4 1.1394342831883648 3.7012645222945096E-4
possible 6.496670456391099E-4 0.38566248081198473 2.5055220452297204E-4
sample 0.0014617508526879974 0.7221347174331975 0.0010555810389635825
taught 0.0011369173298684423 3.0853444322436783 0.0035077815536309477
series 1.6241676140977748E-4 1.1758019273592397 1.9096994110106216E-4
corresponds 1.6241676140977748E-4 1.7635885922613586 2.864363476143184E-4
did 1.6241676140977748E-4 0.5108256237659907 8.296664345720167E-5
represent 8.120838070488875E-4 0.8209805520698303 6.667050122379652E-4
syllabus 1.6241676140977748E-4 5.1647859739235145 8.388478112593007E-4
dig 1.6241676140977748E-4 4.0661736852554045 6.604147612888426E-4
quantities 4.8725028422933245E-4 3.0853444322436783 0.0015033349515561206
corpus 1.6241676140977748E-4 1.6094379124341003 2.6139969342765963E-4
language 3.2483352281955497E-4 0.6988778552689304 2.2701895574758174E-4
cappelli 1.6241676140977748E-4 5.1647859739235145 8.388478112593007E-4
developed 1.6241676140977748E-4 0.48265474679929443 7.839122085419756E-5
recommendations 3.2483352281955497E-4 2.0292917579943643 6.591819905779971E-4
dummies 3.2483352281955497E-4 5.1647859739235145 0.0016776956225186014
cognitively 0.0011369173298684423 5.1647859739235145 0.0058719346788151045
adding 6.496670456391099E-4 1.6682784124570338 0.0010838255075244657
exclude 1.6241676140977748E-4 2.331572629867298 3.786864755347243E-4
programming 3.2483352281955497E-4 1.79749014393704 5.838850556884977E-4
computational 1.6241676140977748E-4 1.3146383722134554 2.1351930683993103E-4
possibly 1.6241676140977748E-4 1.6384254493073527 2.661077552878598E-4
which 0.003735585512424882 0.023122417420854212 8.63757675295837E-5
needs 6.496670456391099E-4 1.1394342831883648 7.402529044589019E-4
typically 0.0011369173298684423 1.1394342831883648 0.0012954425828030783
patterns 3.2483352281955497E-4 1.3146383722134554 4.2703861367986205E-4
pathways 1.6241676140977748E-4 2.392197251683733 3.885329302718423E-4
brown 4.8725028422933245E-4 3.5553480614894135 0.0017323443534949228
regarding 3.2483352281955497E-4 0.758066726659261 2.462454853530164E-4
never 1.6241676140977748E-4 2.169053700369523 3.5229067733791184E-4
take 3.2483352281955497E-4 0.8743265327751228 2.840105677359502E-4
final 1.6241676140977748E-4 0.6988778552689304 1.1350947787379087E-4
helps 8.120838070488875E-4 1.6682784124570338 0.0013547818844055822
methodological 1.6241676140977748E-4 2.2203469947570738 3.606215680943761E-4
some 8.120838070488875E-4 0.2160260835453457 1.7543128434736535E-4
identifying 3.2483352281955497E-4 1.0216512475319812 3.318665738288066E-4
trained 6.496670456391099E-4 1.3805963400052528 8.969279454313807E-4
sources 1.6241676140977748E-4 1.293584963015623 2.1009988030138427E-4
analytical 1.6241676140977748E-4 1.9459101490553132 3.1604842440398134E-4
rather 0.0014617508526879974 0.758066726659261 0.001108104684088574
relates 1.6241676140977748E-4 2.0292917579943643 3.2959099528899856E-4
importance 0.0017865843755075525 0.9600933545325481 0.0017152877862364835
additional 0.0022738346597368847 0.5300569856938783 0.0012052619457063984
for 0.0180282605164853 0.017291497110061043 3.117356146202332E-4
back 1.6241676140977748E-4 1.6682784124570338 2.709563768811164E-4
training 0.011369173298684424 1.0059028905638423 0.011436284284467916
content 0.0021114178983271076 1.293584963015623 0.002731298443917996
primarily 4.8725028422933245E-4 1.4512139072192063 7.071043887701184E-4
random 1.6241676140977748E-4 1.2329603411991883 2.002534255642664E-4
related 9.745005684586649E-4 0.27443684570176036 2.674388621423684E-4
skill 0.0022738346597368847 3.2188758248682006 0.0073191914159744685
company 1.6241676140977748E-4 2.2203469947570738 3.606215680943761E-4
just 9.745005684586649E-4 1.3146383722134554 0.001281115841039586
human 1.6241676140977748E-4 0.9162907318741551 1.4882097318079504E-4
krueger 1.6241676140977748E-4 3.7784916128036232 6.136903707655714E-4
over 9.745005684586649E-4 0.3364722366212129 3.278923858579304E-4
digital 1.6241676140977748E-4 1.730798769438368 2.811107307842079E-4
statistically 4.8725028422933245E-4 1.1758019273592397 5.729098233031865E-4
kahn 6.496670456391099E-4 4.471638793363569 0.0029050763640497443
material 4.8725028422933245E-4 1.6384254493073527 7.983232658635793E-4
approximately 3.2483352281955497E-4 0.9452782687474074 3.0705807008199037E-4
although 1.6241676140977748E-4 0.4285875255290187 6.960979787705355E-5
management 1.6241676140977748E-4 0.9452782687474074 1.5352903504099518E-4
regression 0.0014617508526879974 1.3805963400052528 0.0020180878772206065
taddy 4.8725028422933245E-4 4.471638793363569 0.002178807273037308
comprehensive 3.2483352281955497E-4 1.3805963400052528 4.4846397271569035E-4
articles 1.6241676140977748E-4 1.6682784124570338 2.709563768811164E-4
humans 1.6241676140977748E-4 2.120263536200091 3.443663368848613E-4
significantly 4.8725028422933245E-4 0.5900749954201312 2.87514209235081E-4
showing 3.2483352281955497E-4 1.5012243277938677 4.876479869397004E-4
presents 1.6241676140977748E-4 1.1394342831883648 1.8506322611472548E-4
elaborate 4.8725028422933245E-4 2.9675613965872945 0.001445945133955154
explain 3.2483352281955497E-4 1.4759065198095778 4.794239141820944E-4
very 8.120838070488875E-4 0.5596157879354227 4.544549195512609E-4
expert 4.8725028422933245E-4 1.9459101490553132 9.48145273211944E-4
helping 1.6241676140977748E-4 2.6798793241355137 4.3525732079511344E-4
examinations 1.6241676140977748E-4 3.7784916128036232 6.136903707655714E-4
mechanical 1.6241676140977748E-4 2.120263536200091 3.443663368848613E-4
shedding 1.6241676140977748E-4 4.471638793363569 7.262690910124361E-4
relationships 0.0011369173298684423 1.5271998141971284 0.0017362999349325803
workplaces 1.6241676140977748E-4 4.0661736852554045 6.604147612888426E-4
four 0.002436251421146662 0.4643056081310978 0.0011311651976557522
recognise 3.2483352281955497E-4 2.8622008809294686 9.297387951695529E-4
context 8.120838070488875E-4 0.9162907318741551 7.441048659039752E-4
easily 1.6241676140977748E-4 1.4271163556401458 2.3178761663799672E-4
model 3.2483352281955497E-4 0.48265474679929443 1.5678244170839512E-4
text 0.002923501705375995 0.8607208807193443 0.002516318962635731
whereas 1.6241676140977748E-4 1.0872485300177945 1.7658738509303143E-4
tasks 6.496670456391099E-4 1.293584963015623 8.403995212055371E-4
emphasises 1.6241676140977748E-4 4.0661736852554045 6.604147612888426E-4
likely 1.6241676140977748E-4 0.5798184952529422 9.417224220447331E-5
giarolla 1.6241676140977748E-4 5.1647859739235145 8.388478112593007E-4
revolves 6.496670456391099E-4 4.471638793363569 0.0029050763640497443
large 6.496670456391099E-4 0.34450440831847723 2.238131611619147E-4
researchers 6.496670456391099E-4 1.1043429633770947 7.174552303895369E-4
lower 3.2483352281955497E-4 0.5300569856938783 1.7218027795805693E-4
electrical 1.6241676140977748E-4 3.0853444322436783 5.011116505187069E-4
assembling 1.6241676140977748E-4 5.1647859739235145 8.388478112593007E-4
sense 1.6241676140977748E-4 1.5271998141971284 2.480428478475115E-4
ordinary 1.6241676140977748E-4 3.373026504695459 5.478360410419781E-4
being 9.745005684586649E-4 0.48265474679929443 4.703473251251854E-4
resulting 8.120838070488875E-4 1.0059028905638423 8.168774488905655E-4
traditional 1.6241676140977748E-4 1.1758019273592397 1.9096994110106216E-4
contrast 6.496670456391099E-4 1.5538680612792897 0.0010094968726842876
exclusively 1.6241676140977748E-4 2.331572629867298 3.786864755347243E-4
curricula 0.00584700341075199 4.0661736852554045 0.023774931406398338
evaluate 4.8725028422933245E-4 0.758066726659261 3.693682280295246E-4
semantic 1.6241676140977748E-4 1.4512139072192063 2.3570146292337278E-4
diffusion 1.6241676140977748E-4 2.5257286443082556 4.102206666084547E-4
fabienne 0.0014617508526879974 5.1647859739235145 0.007549630301333706
focuses 3.2483352281955497E-4 1.5538680612792897 5.047484363421438E-4
mediamatic 1.6241676140977748E-4 5.1647859739235145 8.388478112593007E-4
mention 3.2483352281955497E-4 2.2744142160273495 7.388059821430402E-4
finishing 1.6241676140977748E-4 3.5553480614894135 5.77448117831641E-4
literature 8.120838070488875E-4 0.9306794693262548 7.557897265927033E-4
legally 3.2483352281955497E-4 4.0661736852554045 0.0013208295225776853
misses 1.6241676140977748E-4 4.471638793363569 7.262690910124361E-4
ability 1.6241676140977748E-4 0.8881198549074587 1.4424555057779092E-4
programme 1.6241676140977748E-4 3.7784916128036232 6.136903707655714E-4
together 4.8725028422933245E-4 1.1394342831883648 5.551896783441764E-4
table 0.00584700341075199 0.18805223150293962 0.0010995420389972106
may 0.0011369173298684423 0.15415067982725836 1.7525657930661173E-4
abstracts 1.6241676140977748E-4 2.7668907011251433 4.4938942685157434E-4
jstor 1.6241676140977748E-4 5.1647859739235145 8.388478112593007E-4
within 3.2483352281955497E-4 0.3127557100038969 1.0159353906249697E-4
topics 0.0027610849439662173 1.6384254493073527 0.004523831839893616
could 1.6241676140977748E-4 0.22314355131420976 3.624225293393045E-5
implementing 1.6241676140977748E-4 2.0292917579943643 3.2959099528899856E-4
change 6.496670456391099E-4 0.7104386776700063 4.6154859682962895E-4
positive 0.002436251421146662 0.6988778552689304 0.0017026421681068632
draw 1.6241676140977748E-4 1.9867321435755685 3.226786005482489E-4
defining 1.6241676140977748E-4 1.906689435902032 3.0967832319344355E-4
separations 3.2483352281955497E-4 5.1647859739235145 0.0016776956225186014
machine 4.8725028422933245E-4 1.0872485300177945 5.297621552790943E-4
able 9.745005684586649E-4 0.7703368192510752 7.506936682648126E-4
efficiently 3.2483352281955497E-4 2.0292917579943643 6.591819905779971E-4
complete 1.6241676140977748E-4 0.9600933545325481 1.5593525329422577E-4
workplace 3.2483352281955497E-4 2.9675613965872945 9.639634226367693E-4
return 1.6241676140977748E-4 2.0292917579943643 3.2959099528899856E-4
kriechel 1.6241676140977748E-4 5.1647859739235145 8.388478112593007E-4
codes 1.6241676140977748E-4 1.906689435902032 3.0967832319344355E-4
use 0.006009420172161767 0.20895891632225325 0.0012557219269000114
main 0.0027610849439662173 0.6004377824556778 0.001657859720926835
office 6.496670456391099E-4 2.456735772821304 0.0015960602714447322
while 8.120838070488875E-4 0.20895891632225325 1.6969215228378534E-4
second 6.496670456391099E-4 0.4643056081310978 3.016440527082006E-4
that 0.018353094039304855 0.017291497110061043 3.1735247254131843E-4
download 0.0012993340912782199 0.2595111954850846 3.371917433621369E-4
high 3.2483352281955497E-4 0.2521310881874621 8.19006295882612E-5
reviews 1.6241676140977748E-4 1.8689491079191851 3.035486613479268E-4
find 4.8725028422933245E-4 0.9306794693262548 4.534738359556219E-4
than 0.0027610849439662173 0.058840500022933395 1.6246361870876527E-4
continuous 1.6241676140977748E-4 1.1758019273592397 1.9096994110106216E-4
different 0.0055221698879324346 0.18805223150293962 0.0010384563701640323
communication 1.6241676140977748E-4 1.6384254493073527 2.661077552878598E-4
international 1.6241676140977748E-4 1.5538680612792897 2.523742181710719E-4
combine 4.8725028422933245E-4 1.8689491079191851 9.106459840437802E-4
semantically 1.6241676140977748E-4 2.456735772821304 3.9901506786118305E-4
lathing 1.6241676140977748E-4 5.1647859739235145 8.388478112593007E-4
level 6.496670456391099E-4 0.5798184952529422 3.7668896881789323E-4
occur 8.120838070488875E-4 1.3146383722134554 0.0010675965341996553
illustrate 3.2483352281955497E-4 2.2203469947570738 7.212431361887522E-4
ideas 1.6241676140977748E-4 2.2203469947570738 3.606215680943761E-4
includes 0.001624167614097775 0.8472978603872037 0.0013761537443352343
comprises 9.745005684586649E-4 2.5998366164619773 0.002533542260641849
schematic 4.8725028422933245E-4 2.6798793241355137 0.0013057719623853403
relevant 6.496670456391099E-4 0.7703368192510752 5.004624455098751E-4
coded 1.6241676140977748E-4 2.7668907011251433 4.4938942685157434E-4
task 3.2483352281955497E-4 1.2329603411991883 4.005068511285328E-4
piacc 1.6241676140977748E-4 5.1647859739235145 8.388478112593007E-4
background 1.6241676140977748E-4 1.6682784124570338 2.709563768811164E-4
survey 8.120838070488875E-4 1.5812670354674039 0.0012841213541232776
comprised 1.6241676140977748E-4 2.331572629867298 3.786864755347243E-4
present 6.496670456391099E-4 0.38566248081198473 2.5055220452297204E-4
errors 3.2483352281955497E-4 1.6990500711237875 5.519084200499553E-4
investigate 0.0014617508526879974 0.9600933545325481 0.0014034172796480318
total 6.496670456391099E-4 0.5108256237659907 3.318665738288067E-4
productivity 1.6241676140977748E-4 2.6798793241355137 4.3525732079511344E-4
unstructured 1.6241676140977748E-4 1.6990500711237875 2.7595421002497763E-4
men 3.2483352281955497E-4 2.392197251683733 7.770658605436846E-4
make 3.2483352281955497E-4 0.664976303593249 2.1600659528772095E-4
avenues 1.6241676140977748E-4 3.0853444322436783 5.011116505187069E-4
highly 1.6241676140977748E-4 0.9162907318741551 1.4882097318079504E-4
certainly 1.6241676140977748E-4 2.5257286443082556 4.102206666084547E-4
social 6.496670456391099E-4 1.0704414117014134 6.954305094698154E-4
control 0.00324833522819555 0.7459453661269161 0.002423080611099289
demanding 9.745005684586649E-4 2.9675613965872945 0.002891890267910308
structure 3.2483352281955497E-4 1.0216512475319812 3.318665738288066E-4
calculates 1.6241676140977748E-4 2.5998366164619773 4.2225704344030815E-4
conventional 1.6241676140977748E-4 1.7635885922613586 2.864363476143184E-4
due 0.0011369173298684423 0.20895891632225325 2.3756901319729943E-4
online 4.8725028422933245E-4 1.3581234841531944 6.617460536721753E-4
kiener 0.0014617508526879974 5.1647859739235145 0.007549630301333706
closest 1.6241676140977748E-4 2.8622008809294686 4.6486939758477643E-4
increasingly 1.6241676140977748E-4 1.730798769438368 2.811107307842079E-4
standardise 1.6241676140977748E-4 5.1647859739235145 8.388478112593007E-4
depend 3.2483352281955497E-4 1.7635885922613586 5.728726952286368E-4
vary 1.6241676140977748E-4 1.8325814637483102 2.976419463615901E-4
coherent 4.8725028422933245E-4 4.0661736852554045 0.001981244283866528
empirical 0.0025986681825564397 1.8325814637483102 0.004762271141785441
about 9.745005684586649E-4 0.377294231141468 3.6767344272353546E-4
objective 1.6241676140977748E-4 1.1944940603713923 1.9400585680873675E-4
cover 3.2483352281955497E-4 1.79749014393704 5.838850556884977E-4
firm 1.6241676140977748E-4 3.5553480614894135 5.77448117831641E-4
reflect 3.2483352281955497E-4 1.252762968495368 4.0693940831423354E-4
contribution 4.8725028422933245E-4 1.5538680612792897 7.571226545132157E-4
meaning 1.6241676140977748E-4 1.121734706088964 1.8218851812391813E-4
drawing 1.6241676140977748E-4 3.0853444322436783 5.011116505187069E-4
estimate 1.6241676140977748E-4 1.5812670354674039 2.5682427082465546E-4
diploma 1.6241676140977748E-4 4.471638793363569 7.262690910124361E-4
drawn 1.6241676140977748E-4 1.906689435902032 3.0967832319344355E-4
recent 4.8725028422933245E-4 0.5596157879354227 2.7267295173075655E-4
interpretations 1.6241676140977748E-4 3.2188758248682006 5.227993868553193E-4
they 0.0030859184667857724 0.167573700159399 5.171187758695113E-4
boxes 3.2483352281955497E-4 3.7784916128036232 0.0012273807415311428
based 9.745005684586649E-4 0.18805223150293962 1.832570064995351E-4
distinguish 1.6241676140977748E-4 1.906689435902032 3.0967832319344355E-4
them 8.120838070488875E-4 0.5696661237889241 4.626166345532923E-4
then 4.8725028422933245E-4 0.4285875255290187 2.0882939363116063E-4
execute 1.6241676140977748E-4 2.9675613965872945 4.8198171131838465E-4
substantial 1.6241676140977748E-4 1.5812670354674039 2.5682427082465546E-4
quality 1.6241676140977748E-4 0.8080771472339223 1.312452732229856E-4
schultheiss 3.2483352281955497E-4 5.1647859739235145 0.0016776956225186014
thereby 3.2483352281955497E-4 1.730798769438368 5.622214615684158E-4
cognitive 0.001624167614097775 2.120263536200091 0.003443663368848613
highest 4.8725028422933245E-4 1.0872485300177945 5.297621552790943E-4
adopt 1.6241676140977748E-4 2.331572629867298 3.786864755347243E-4
bundles 1.6241676140977748E-4 5.1647859739235145 8.388478112593007E-4
processing 3.2483352281955497E-4 0.7221347174331975 2.3457356421412943E-4
receives 1.6241676140977748E-4 2.5998366164619773 4.2225704344030815E-4
nevertheless 1.6241676140977748E-4 3.0853444322436783 5.011116505187069E-4
examine 1.6241676140977748E-4 1.4512139072192063 2.3570146292337278E-4
industry 3.2483352281955497E-4 1.9459101490553132 6.320968488079627E-4
executed 1.6241676140977748E-4 2.7668907011251433 4.4938942685157434E-4
extended 1.6241676140977748E-4 1.6682784124570338 2.709563768811164E-4
nonsignificant 1.6241676140977748E-4 5.1647859739235145 8.388478112593007E-4
into 4.8725028422933245E-4 0.10854016857520597 5.288622798856877E-5
outline 1.6241676140977748E-4 3.373026504695459 5.478360410419781E-4
current 1.6241676140977748E-4 0.4919571394616079 7.99020853437726E-5
apprenticeship 3.2483352281955497E-4 5.1647859739235145 0.0016776956225186014
variety 3.2483352281955497E-4 1.0872485300177945 3.5317477018606287E-4
identifiable 1.6241676140977748E-4 2.9675613965872945 4.8198171131838465E-4
perspective 6.496670456391099E-4 1.5538680612792897 0.0010094968726842876
supports 3.2483352281955497E-4 1.6990500711237875 5.519084200499553E-4
relationship 6.496670456391099E-4 0.9162907318741551 5.952838927231802E-4
workers 0.0064966704563911 2.7668907011251433 0.017975577074062974
unemployed 1.6241676140977748E-4 4.471638793363569 7.262690910124361E-4
variables 6.496670456391099E-4 0.9452782687474074 6.141161401639807E-4
necessary 1.6241676140977748E-4 0.8607208807193443 1.3979549792420728E-4
though 1.6241676140977748E-4 1.1043429633770947 1.7936380759738421E-4
one 0.002436251421146662 0.06491954609931569 1.581603364446541E-4
makes 1.6241676140977748E-4 1.0539121097502027 1.7117299167617388E-4
many 8.120838070488875E-4 0.20194134366360675 1.639932951629095E-4
single 0.0034107519896053274 0.6429973968744738 0.002193104650700658
actually 1.6241676140977748E-4 1.5812670354674039 2.5682427082465546E-4
connected 3.2483352281955497E-4 1.4512139072192063 4.7140292584674557E-4
evolve 1.6241676140977748E-4 3.5553480614894135 5.77448117831641E-4
extensive 8.120838070488875E-4 1.5271998141971284 0.0012402142392375576
simon 0.0014617508526879974 4.0661736852554045 0.0059437328515995844
texts 0.00324833522819555 1.4512139072192063 0.004714029258467456
increasing 3.2483352281955497E-4 0.9021060968821986 2.930343014072433E-4
associated 3.2483352281955497E-4 0.4373981552111735 1.4208158363201997E-4
fourth 4.8725028422933245E-4 2.0292917579943643 9.887729858669959E-4
vast 6.496670456391099E-4 1.8689491079191851 0.0012141946453917071
open 1.6241676140977748E-4 1.0872485300177945 1.7658738509303143E-4
but 0.0025986681825564397 0.083381608939051 2.1668113416027545E-4
commercial 1.6241676140977748E-4 2.5998366164619773 4.2225704344030815E-4
numbers 3.2483352281955497E-4 1.121734706088964 3.6437703624783626E-4
available 4.8725028422933245E-4 0.5696661237889241 2.7756998073197537E-4
project 0.0011369173298684423 1.79749014393704 0.0020435976949097416
contexts 3.2483352281955497E-4 2.0292917579943643 6.591819905779971E-4
mohrenweiser 4.8725028422933245E-4 5.1647859739235145 0.002516543433777902
descriptions 1.6241676140977748E-4 1.8325814637483102 2.976419463615901E-4
mainly 6.496670456391099E-4 1.0059028905638423 6.535019591124523E-4
frequency 1.6241676140977748E-4 1.121734706088964 1.8218851812391813E-4
zero 1.6241676140977748E-4 2.073743520565198 3.3681070660470974E-4
standardised 3.2483352281955497E-4 3.5553480614894135 0.001154896235663282
studying 1.6241676140977748E-4 1.9459101490553132 3.1604842440398134E-4
this 0.0055221698879324346 0.017291497110061043 9.54865846584498E-5
degree 3.2483352281955497E-4 1.2729656758128876 4.135019249026758E-4
borghans 1.6241676140977748E-4 5.1647859739235145 8.388478112593007E-4
finding 1.6241676140977748E-4 0.9751312318970885 1.5837765663425182E-4
look 8.120838070488875E-4 1.6682784124570338 0.0013547818844055822
modelling 9.745005684586649E-4 1.906689435902032 0.0018580699391606613
dense 1.6241676140977748E-4 2.456735772821304 3.9901506786118305E-4
extract 1.6241676140977748E-4 1.3805963400052528 2.2423198635784517E-4
coefficient 0.0021114178983271076 1.9867321435755685 0.004194821807127236
know 1.6241676140977748E-4 1.8689491079191851 3.035486613479268E-4
demonstrate 9.745005684586649E-4 1.293584963015623 0.0012605992818083057
organise 1.6241676140977748E-4 4.471638793363569 7.262690910124361E-4
support 1.6241676140977748E-4 0.7104386776700063 1.1538714920740724E-4
clematide 0.0014617508526879974 5.1647859739235145 0.007549630301333706
higher 0.002923501705375995 0.41985384556026406 0.0012274434335041015
changed 1.6241676140977748E-4 1.79749014393704 2.9194252784424884E-4
allow 1.6241676140977748E-4 1.252762968495368 2.0346970415711677E-4
doing 3.2483352281955497E-4 2.0292917579943643 6.591819905779971E-4
idea 1.6241676140977748E-4 1.3805963400052528 2.2423198635784517E-4
needed 3.2483352281955497E-4 0.8080771472339223 2.624905464459712E-4
changes 1.6241676140977748E-4 0.9021060968821986 1.4651715070362165E-4
detect 4.8725028422933245E-4 1.3146383722134554 6.40557920519793E-4
learning 0.0011369173298684423 0.9306794693262548 0.0010581056172297844
kashefpakdel 1.6241676140977748E-4 5.1647859739235145 8.388478112593007E-4
common 4.8725028422933245E-4 0.3526016185510966 1.718052388587445E-4
similarity 1.6241676140977748E-4 1.6094379124341003 2.6139969342765963E-4
themselves 1.6241676140977748E-4 1.6094379124341003 2.6139969342765963E-4
missing 1.6241676140977748E-4 1.6384254493073527 2.661077552878598E-4
definition 4.8725028422933245E-4 1.6990500711237875 8.278626300749329E-4
mandated 1.6241676140977748E-4 4.0661736852554045 6.604147612888426E-4
every 1.6241676140977748E-4 1.0539121097502027 1.7117299167617388E-4
collects 1.6241676140977748E-4 3.2188758248682006 5.227993868553193E-4
successful 1.6241676140977748E-4 1.3361445774344192 2.1701227504213402E-4
summary 6.496670456391099E-4 1.4271163556401458 9.271504665519869E-4
types 3.2483352281955497E-4 0.7459453661269161 2.4230806110992888E-4
characteristics 4.8725028422933245E-4 0.7703368192510752 3.753468341324063E-4
figure 4.8725028422933245E-4 0.20194134366360675 9.839597709774569E-5
previous 0.001624167614097775 0.32850406697203605 5.335456666753875E-4
apply 0.0012993340912782199 1.3146383722134554 0.0017081544547194482
recently 1.6241676140977748E-4 1.5271998141971284 2.480428478475115E-4
teach 1.6241676140977748E-4 3.7784916128036232 6.136903707655714E-4
argue 4.8725028422933245E-4 1.9867321435755685 9.680358016447467E-4
technology 3.2483352281955497E-4 1.5271998141971284 4.96085695695023E-4
indeed 4.8725028422933245E-4 2.2744142160273495 0.0011082089732145604
maier 3.2483352281955497E-4 4.471638793363569 0.0014525381820248721
ones 3.2483352281955497E-4 2.120263536200091 6.887326737697226E-4
deeper 1.6241676140977748E-4 2.169053700369523 3.5229067733791184E-4
step 1.6241676140977748E-4 1.0872485300177945 1.7658738509303143E-4
software 9.745005684586649E-4 1.157452788691043 0.0011279384005434883
closeness 1.6241676140977748E-4 4.0661736852554045 6.604147612888426E-4
reasoning 1.6241676140977748E-4 2.5257286443082556 4.102206666084547E-4
binding 1.6241676140977748E-4 2.8622008809294686 4.6486939758477643E-4
whole 3.2483352281955497E-4 1.252762968495368 4.0693940831423354E-4
during 4.8725028422933245E-4 0.28958865072236245 1.4110215237405998E-4
type 3.2483352281955497E-4 0.5203950747821414 1.6904176539942874E-4
displays 4.8725028422933245E-4 3.2188758248682006 0.0015683981605659576
beyond 3.2483352281955497E-4 1.5538680612792897 5.047484363421438E-4
consist 1.6241676140977748E-4 2.331572629867298 3.786864755347243E-4
preparation 1.6241676140977748E-4 2.169053700369523 3.5229067733791184E-4
positively 4.8725028422933245E-4 1.9867321435755685 9.680358016447467E-4
relate 3.2483352281955497E-4 2.0292917579943643 6.591819905779971E-4
terms 1.6241676140977748E-4 0.5696661237889241 9.252332691065845E-5
hernandez 1.6241676140977748E-4 5.1647859739235145 8.388478112593007E-4
dependent 1.6241676140977748E-4 1.4035858582299516 2.2796586945427182E-4
between 0.0030859184667857724 0.058840500022933395 1.8157698561567883E-4
still 0.0011369173298684423 0.5300569856938783 6.026309728531992E-4
efficiency 1.6241676140977748E-4 1.6384254493073527 2.661077552878598E-4
goal 1.6241676140977748E-4 1.4759065198095778 2.397119570910472E-4
natural 3.2483352281955497E-4 0.6429973968744738 2.0886710959053882E-4
method 0.0025986681825564397 0.4734380916943703 0.0012303085052963983
work 3.2483352281955497E-4 0.5696661237889241 1.850466538213169E-4
makers 3.2483352281955497E-4 3.5553480614894135 0.001154896235663282
trainings 3.2483352281955497E-4 5.1647859739235145 0.0016776956225186014
constitute 1.6241676140977748E-4 2.5998366164619773 4.2225704344030815E-4
focusing 4.8725028422933245E-4 1.6682784124570338 8.128691306433492E-4
baseline 1.6241676140977748E-4 1.5538680612792897 2.523742181710719E-4
innovative 3.2483352281955497E-4 3.2188758248682006 0.0010455987737106385
fail 1.6241676140977748E-4 2.9675613965872945 4.8198171131838465E-4
combinations 1.6241676140977748E-4 2.0292917579943643 3.2959099528899856E-4
knowing 1.6241676140977748E-4 2.7668907011251433 4.4938942685157434E-4
examples 1.6241676140977748E-4 1.1394342831883648 1.8506322611472548E-4
columbia 1.6241676140977748E-4 5.1647859739235145 8.388478112593007E-4
among 6.496670456391099E-4 0.32850406697203605 2.1341826667015497E-4
following 8.120838070488875E-4 0.2160260835453457 1.7543128434736535E-4
force 1.6241676140977748E-4 2.120263536200091 3.443663368848613E-4
word 4.8725028422933245E-4 1.1394342831883648 5.551896783441764E-4
surrounded 1.6241676140977748E-4 4.0661736852554045 6.604147612888426E-4
linguistics 1.6241676140977748E-4 3.0853444322436783 5.011116505187069E-4
gender 1.6241676140977748E-4 2.2744142160273495 3.694029910715201E-4
range 1.6241676140977748E-4 0.6988778552689304 1.1350947787379087E-4
distribution 1.6241676140977748E-4 0.9751312318970885 1.5837765663425182E-4
our 0.012018840344323534 0.19497267434751336 0.0023433454444885477
out 9.745005684586649E-4 0.368995428326773 3.5958625466308886E-4
foreign 1.6241676140977748E-4 2.120263536200091 3.443663368848613E-4
naturally 1.6241676140977748E-4 2.2744142160273495 3.694029910715201E-4
across 3.2483352281955497E-4 0.7703368192510752 2.5023122275493755E-4
federal 3.2483352281955497E-4 3.5553480614894135 0.001154896235663282
course 1.6241676140977748E-4 1.6990500711237875 2.7595421002497763E-4
power 6.496670456391099E-4 1.4759065198095778 9.588478283641889E-4
outlying 1.6241676140977748E-4 5.1647859739235145 8.388478112593007E-4
include 0.0017865843755075525 0.5013468798114469 8.956985021805938E-4
observation 1.6241676140977748E-4 1.5538680612792897 2.523742181710719E-4
aged 3.2483352281955497E-4 2.0292917579943643 6.591819905779971E-4
unnamed 1.6241676140977748E-4 4.471638793363569 7.262690910124361E-4
mentioning 3.2483352281955497E-4 2.8622008809294686 9.297387951695529E-4
lead 1.6241676140977748E-4 0.7703368192510752 1.2511561137746878E-4
pischke 4.8725028422933245E-4 5.1647859739235145 0.002516543433777902
expect 3.2483352281955497E-4 2.2203469947570738 7.212431361887522E-4
help 3.2483352281955497E-4 0.8743265327751228 2.840105677359502E-4
assess 1.6241676140977748E-4 0.9751312318970885 1.5837765663425182E-4
elements 1.6241676140977748E-4 1.5012243277938677 2.438239934698502E-4
cutting 3.2483352281955497E-4 3.5553480614894135 0.001154896235663282
first 0.0017865843755075525 0.167573700159399 2.993845544507697E-4
mathematical 1.6241676140977748E-4 2.2203469947570738 3.606215680943761E-4
zumbuehl 1.6241676140977748E-4 5.1647859739235145 8.388478112593007E-4
reveal 1.6241676140977748E-4 1.9867321435755685 3.226786005482489E-4
data 0.004222835796654215 0.167573700159399 7.076362196109103E-4
theoretical 3.2483352281955497E-4 1.5538680612792897 5.047484363421438E-4
prefer 1.6241676140977748E-4 2.7668907011251433 4.4938942685157434E-4
fewer 1.6241676140977748E-4 1.6384254493073527 2.661077552878598E-4
clearly 3.2483352281955497E-4 1.6384254493073527 5.322155105757196E-4
space 1.6241676140977748E-4 1.3146383722134554 2.1351930683993103E-4
growing 1.6241676140977748E-4 1.5012243277938677 2.438239934698502E-4
deciding 1.6241676140977748E-4 3.373026504695459 5.478360410419781E-4
nontechnical 0.0014617508526879974 5.1647859739235145 0.007549630301333706
should 0.0011369173298684423 0.368995428326773 4.19517297106937E-4
only 0.004060419035244438 0.10854016857520597 4.407185665714065E-4
create 1.6241676140977748E-4 1.0704414117014134 1.7385762736745386E-4
from 0.0055221698879324346 0.023122417420854212 1.2768591721764547E-4
development 1.6241676140977748E-4 0.6004377824556778 9.75211600545197E-5
vet 0.0034107519896053274 5.1647859739235145 0.017615804036445314
individual 6.496670456391099E-4 0.7221347174331975 4.6914712842825886E-4
like 3.2483352281955497E-4 0.7827593392496325 2.542664736883653E-4
insights 1.6241676140977748E-4 1.6990500711237875 2.7595421002497763E-4
comparing 8.120838070488875E-4 1.0539121097502027 8.558649583808695E-4
capture 3.2483352281955497E-4 1.293584963015623 4.2019976060276855E-4
published 0.001624167614097775 0.03488725900044054 5.6662756213156636E-5
competences 1.6241676140977748E-4 4.471638793363569 7.262690910124361E-4
histogram 1.6241676140977748E-4 3.0853444322436783 5.011116505187069E-4
techniques 1.6241676140977748E-4 0.9751312318970885 1.5837765663425182E-4
covered 1.6241676140977748E-4 1.79749014393704 2.9194252784424884E-4
factorisation 1.6241676140977748E-4 5.1647859739235145 8.388478112593007E-4
here 1.6241676140977748E-4 1.3361445774344192 2.1701227504213402E-4
weel 4.8725028422933245E-4 5.1647859739235145 0.002516543433777902
sociology 1.6241676140977748E-4 3.7784916128036232 6.136903707655714E-4
scientific 1.6241676140977748E-4 1.8325814637483102 2.976419463615901E-4
cad 1.6241676140977748E-4 5.1647859739235145 8.388478112593007E-4
link 6.496670456391099E-4 1.6384254493073527 0.0010644310211514391
balestra 1.6241676140977748E-4 5.1647859739235145 8.388478112593007E-4
according 1.6241676140977748E-4 0.4919571394616079 7.99020853437726E-5
numerical 1.6241676140977748E-4 1.6990500711237875 2.7595421002497763E-4
can 0.0021114178983271076 0.0958817717032825 2.024464888976243E-4
prescribed 1.6241676140977748E-4 2.456735772821304 3.9901506786118305E-4
paper 6.496670456391099E-4 0.9306794693262548 6.046317812741626E-4
wiederhold 8.120838070488875E-4 5.1647859739235145 0.004194239056296504
observations 8.120838070488875E-4 2.0292917579943643 0.001647954976444993
studies 0.002923501705375995 0.24480504809538922 7.156879755915228E-4
value 8.120838070488875E-4 0.6214911916535102 5.047029329653323E-4
considers 1.6241676140977748E-4 2.0292917579943643 3.2959099528899856E-4
orientation 1.6241676140977748E-4 2.6798793241355137 4.3525732079511344E-4
constructed 1.6241676140977748E-4 1.8325814637483102 2.976419463615901E-4
will 1.6241676140977748E-4 0.3526016185510966 5.726841295291483E-5
limited 3.2483352281955497E-4 0.5696661237889241 1.850466538213169E-4
studied 1.6241676140977748E-4 1.0539121097502027 1.7117299167617388E-4
match 3.2483352281955497E-4 2.2744142160273495 7.388059821430402E-4
instead 4.8725028422933245E-4 1.0376515888784226 5.055960316120298E-4
follow 1.6241676140977748E-4 1.4512139072192063 2.3570146292337278E-4
currently 4.8725028422933245E-4 1.4035858582299516 6.838976083628155E-4
corresponding 1.6241676140977748E-4 1.0872485300177945 1.7658738509303143E-4
emphasise 8.120838070488875E-4 4.471638793363569 0.0036313454550621804
variable 8.120838070488875E-4 1.3146383722134554 0.0010675965341996553
coefficients 0.0017865843755075525 2.120263536200091 0.0037880297057334743
arguments 1.6241676140977748E-4 3.2188758248682006 5.227993868553193E-4
growth 1.6241676140977748E-4 1.4512139072192063 2.3570146292337278E-4
category 3.2483352281955497E-4 1.252762968495368 4.0693940831423354E-4
tends 1.6241676140977748E-4 2.2744142160273495 3.694029910715201E-4
