vague 4.4004400440044003E-4 3.7784916128036232 0.0016627025798915834
references 4.4004400440044003E-4 2.169053700369523 9.544790760701972E-4
saved 2.2002200220022002E-4 3.5553480614894135 7.822547990075717E-4
leading 4.4004400440044003E-4 1.0704414117014134 4.7104132528115E-4
analyse 2.2002200220022002E-4 2.0292917579943643 4.4648883564232436E-4
accuracy 0.0011001100110011 1.0539121097502027 0.001159419262651488
ignoring 2.2002200220022002E-4 3.373026504695459 7.421400450375047E-4
resolution 2.2002200220022002E-4 2.331572629867298 5.129972782986354E-4
building 6.600660066006601E-4 1.4759065198095778 9.74195722646586E-4
without 0.0011001100110011 0.32850406697203605 3.6139061273051266E-4
these 0.007260726072607261 0.03488725900044054 2.5330683102630096E-4
score 0.0015401540154015402 1.121734706088964 0.0017276442117981844
would 8.800880088008801E-4 0.5013468798114469 4.412293771717904E-4
poor 4.4004400440044003E-4 1.0539121097502027 4.637677050605952E-4
mikolov 2.2002200220022002E-4 3.373026504695459 7.421400450375047E-4
absent 8.800880088008801E-4 2.9675613965872945 0.0026117152005168706
understanding 4.4004400440044003E-4 0.990398704027877 4.358190116734332E-4
definitions 2.2002200220022002E-4 1.79749014393704 3.9548738040418924E-4
moving 2.2002200220022002E-4 2.120263536200091 4.665046284268627E-4
devices 2.2002200220022002E-4 2.7668907011251433 6.087768319307246E-4
notably 6.600660066006601E-4 2.6798793241355137 0.0017688972436538043
noun 4.4004400440044003E-4 3.2188758248682006 0.0014164470076427724
require 2.2002200220022002E-4 1.121734706088964 2.468063159711692E-4
analysis 2.2002200220022002E-4 0.15415067982725836 3.391654121611845E-5
community 2.2002200220022002E-4 1.730798769438368 3.808138106575067E-4
version 4.4004400440044003E-4 1.3805963400052528 6.075231419165029E-4
contains 2.2002200220022002E-4 1.2135422553420867 2.670059967749366E-4
size 6.600660066006601E-4 0.127833371509885 8.437846304282838E-5
goodchild 2.2002200220022002E-4 4.0661736852554045 8.946476755237414E-4
extracts 2.2002200220022002E-4 3.2188758248682006 7.082235038213862E-4
metrics 4.4004400440044003E-4 2.073743520565198 9.125384028889759E-4
much 6.600660066006601E-4 0.7827593392496325 5.166728311878763E-4
appropriate 6.600660066006601E-4 1.0704414117014134 7.06561987921725E-4
accessible 2.2002200220022002E-4 2.331572629867298 5.129972782986354E-4
providing 0.0011001100110011 1.252762968495368 0.00137817708305321
statistical 2.2002200220022002E-4 0.653926467406664 1.4387821065053115E-4
achieve 4.4004400440044003E-4 1.0376515888784226 4.5661236034254016E-4
notable 2.2002200220022002E-4 2.392197251683733 5.263360289733185E-4
datasets 2.2002200220022002E-4 1.4512139072192063 3.192989894871741E-4
manual 2.2002200220022002E-4 1.4512139072192063 3.192989894871741E-4
example 0.0011001100110011 0.9162907318741551 0.0010080206071222829
result 2.2002200220022002E-4 0.4285875255290187 9.429868548493261E-5
same 4.4004400440044003E-4 0.2972515234679317 1.3080375070096005E-4
prepending 2.2002200220022002E-4 5.1647859739235145 0.001136366550918265
feeding 2.2002200220022002E-4 3.0853444322436783 6.788436594595552E-4
generalised 2.2002200220022002E-4 3.5553480614894135 7.822547990075717E-4
wikipedia 0.007920792079207921 2.6798793241355137 0.021226766923845654
after 2.2002200220022002E-4 0.12136085700426753 2.670205874681354E-5
resolved 2.2002200220022002E-4 2.456735772821304 5.405359236130482E-4
annotation 0.0037403740374037406 2.169053700369523 0.008113072146596676
learn 8.800880088008801E-4 1.4512139072192063 0.0012771959579486963
representing 2.2002200220022002E-4 1.3361445774344192 2.939812051560878E-4
querying 4.4004400440044003E-4 4.0661736852554045 0.0017892953510474827
accelerated 4.4004400440044003E-4 3.7784916128036232 0.0016627025798915834
violating 2.2002200220022002E-4 4.0661736852554045 8.946476755237414E-4
textual 2.2002200220022002E-4 1.9459101490553132 4.281430470968786E-4
logical 2.2002200220022002E-4 2.331572629867298 5.129972782986354E-4
the 0.06424642464246424 0.017291497110061043 0.001110916866036925
consisting 2.2002200220022002E-4 1.906689435902032 4.1951362726117317E-4
descent 2.2002200220022002E-4 3.373026504695459 7.421400450375047E-4
fast 2.2002200220022002E-4 2.0292917579943643 4.4648883564232436E-4
unrelated 0.0019801980198019802 2.456735772821304 0.004864823312517434
mordecai 2.2002200220022002E-4 5.1647859739235145 0.001136366550918265
obvious 2.2002200220022002E-4 2.0292917579943643 4.4648883564232436E-4
information 0.0039603960396039604 0.3049735695618419 0.0012078161170766017
combined 4.4004400440044003E-4 0.9600933545325481 4.224833243267538E-4
jeremy 0.0015401540154015402 5.1647859739235145 0.007954565856427856
returned 2.2002200220022002E-4 2.7668907011251433 6.087768319307246E-4
normality 2.2002200220022002E-4 3.5553480614894135 7.822547990075717E-4
standard 2.2002200220022002E-4 0.7827593392496325 1.722242770626254E-4
ryzen 2.2002200220022002E-4 5.1647859739235145 0.001136366550918265
achieves 2.2002200220022002E-4 2.5257286443082556 5.557158733351498E-4
good 4.4004400440044003E-4 0.8080771472339223 3.555895037332991E-4
infers 2.2002200220022002E-4 4.471638793363569 9.838589204320283E-4
act 2.2002200220022002E-4 1.4271163556401458 3.139969979406261E-4
excluding 4.4004400440044003E-4 2.120263536200091 9.330092568537254E-4
layers 6.600660066006601E-4 1.730798769438368 0.0011424414319725202
implement 6.600660066006601E-4 1.8325814637483102 0.0012096247285467395
gpe 4.4004400440044003E-4 5.1647859739235145 0.00227273310183653
contributed 2.2002200220022002E-4 1.5812670354674039 3.479135391567445E-4
need 2.2002200220022002E-4 0.5013468798114469 1.103073442929476E-4
its 0.0011001100110011 0.19497267434751336 2.144913909213568E-4
often 0.0033003300330033004 0.5900749954201312 0.0019474422291093439
gps 2.2002200220022002E-4 3.7784916128036232 8.313512899457917E-4
cardinal 2.2002200220022002E-4 5.1647859739235145 0.001136366550918265
gpu 4.4004400440044003E-4 4.0661736852554045 0.0017892953510474827
article 0.0011001100110011 1.5812670354674039 0.0017395676957837225
obtaining 2.2002200220022002E-4 2.0292917579943643 4.4648883564232436E-4
respect 4.4004400440044003E-4 1.5812670354674039 6.95827078313489E-4
shelf 2.2002200220022002E-4 5.1647859739235145 0.001136366550918265
volume 4.4004400440044003E-4 1.4512139072192063 6.385979789743482E-4
sang 2.2002200220022002E-4 5.1647859739235145 0.001136366550918265
purves 4.4004400440044003E-4 5.1647859739235145 0.00227273310183653
argmax 2.2002200220022002E-4 5.1647859739235145 0.001136366550918265
coleman 2.2002200220022002E-4 5.1647859739235145 0.001136366550918265
olympic 2.2002200220022002E-4 4.471638793363569 9.838589204320283E-4
aligning 2.2002200220022002E-4 4.471638793363569 9.838589204320283E-4
neural 4.4004400440044003E-4 1.5271998141971284 6.720351217589124E-4
shady 2.2002200220022002E-4 5.1647859739235145 0.001136366550918265
united 6.600660066006601E-4 1.5812670354674039 0.0010437406174702336
applied 8.800880088008801E-4 0.6109090823229731 5.376537578199984E-4
provided 0.0011001100110011 0.7104386776700063 7.815607015071576E-4
divided 2.2002200220022002E-4 1.1758019273592397 2.5870229424845755E-4
generalisable 6.600660066006601E-4 5.1647859739235145 0.003409099652754795
representation 4.4004400440044003E-4 1.2729656758128876 5.601609134490154E-4
remove 2.2002200220022002E-4 1.8689491079191851 4.112099247346942E-4
constituent 2.2002200220022002E-4 3.373026504695459 7.421400450375047E-4
provides 6.600660066006601E-4 0.6214911916535102 4.1022520901221797E-4
scope 4.4004400440044003E-4 1.9459101490553132 8.562860941937572E-4
end 2.2002200220022002E-4 1.1758019273592397 2.5870229424845755E-4
selecting 2.2002200220022002E-4 2.120263536200091 4.665046284268627E-4
identify 0.0019801980198019802 0.6214911916535102 0.0012306756270366538
mobile 2.2002200220022002E-4 2.331572629867298 5.129972782986354E-4
perform 4.4004400440044003E-4 0.9600933545325481 4.224833243267538E-4
multiple 4.4004400440044003E-4 0.5108256237659907 2.2478575303233915E-4
label 2.2002200220022002E-4 2.120263536200091 4.665046284268627E-4
improvement 2.2002200220022002E-4 1.157452788691043 2.5466508002003146E-4
better 0.0011001100110011 0.4285875255290187 4.71493427424663E-4
significance 8.800880088008801E-4 1.2329603411991883 0.0010851136116164473
noted 6.600660066006601E-4 1.157452788691043 7.639952400600945E-4
with 0.015621562156215622 0.017291497110061043 2.701201968788414E-4
china 2.2002200220022002E-4 2.6798793241355137 5.896324145512681E-4
referenced 2.2002200220022002E-4 3.7784916128036232 8.313512899457917E-4
moves 2.2002200220022002E-4 3.373026504695459 7.421400450375047E-4
there 6.600660066006601E-4 0.12136085700426753 8.010617624044061E-5
visited 2.2002200220022002E-4 3.2188758248682006 7.082235038213862E-4
well 6.600660066006601E-4 0.3127557100038969 2.0643941254382635E-4
geotxt 8.800880088008801E-4 5.1647859739235145 0.00454546620367306
suitable 8.800880088008801E-4 1.121734706088964 9.872252638846767E-4
collier 2.2002200220022002E-4 4.471638793363569 9.838589204320283E-4
hyperlinks 2.2002200220022002E-4 4.471638793363569 9.838589204320283E-4
taking 8.800880088008801E-4 1.3581234841531944 0.0011952681928740984
referred 2.2002200220022002E-4 1.4035858582299516 3.088197707876681E-4
named 0.0035203520352035203 1.9867321435755685 0.006993996545040505
smaller 6.600660066006601E-4 1.121734706088964 7.404189479135076E-4
called 2.2002200220022002E-4 1.2729656758128876 2.800804567245077E-4
considered 0.00286028602860286 0.32059888746492277 9.170045186015392E-4
optionally 2.2002200220022002E-4 4.471638793363569 9.838589204320283E-4
focus 6.600660066006601E-4 0.6874491594453075 4.5376182141604457E-4
entire 2.2002200220022002E-4 1.1944940603713923 2.6281497477918423E-4
accessed 2.2002200220022002E-4 2.8622008809294686 6.297471685213352E-4
approach 0.0017601760176017601 0.5398131606392429 9.501661793430017E-4
recognising 2.2002200220022002E-4 3.7784916128036232 8.313512899457917E-4
number 0.0022002200220022 0.167573700159399 3.6869901025170297E-4
buscaldi 2.2002200220022002E-4 5.1647859739235145 0.001136366550918265
passively 2.2002200220022002E-4 3.7784916128036232 8.313512899457917E-4
order 2.2002200220022002E-4 0.6214911916535102 1.36741736337406E-4
algorithm 2.2002200220022002E-4 1.0059028905638423 2.2132076800084538E-4
similar 0.0013201320132013201 0.20895891632225325 2.758533548808624E-4
mapping 6.600660066006601E-4 2.073743520565198 0.001368807604333464
considering 4.4004400440044003E-4 0.9162907318741551 4.0320824284891313E-4
testing 6.600660066006601E-4 1.293584963015623 8.538514607363849E-4
handle 2.2002200220022002E-4 1.8689491079191851 4.112099247346942E-4
relevance 4.4004400440044003E-4 2.073743520565198 9.125384028889759E-4
assisted 2.2002200220022002E-4 3.0853444322436783 6.788436594595552E-4
system 2.2002200220022002E-4 0.44628710262841953 9.819298187643993E-5
even 6.600660066006601E-4 0.377294231141468 2.490390964630152E-4
presenting 2.2002200220022002E-4 1.4759065198095778 3.24731907548862E-4
indication 2.2002200220022002E-4 2.0292917579943643 4.4648883564232436E-4
assumed 2.2002200220022002E-4 1.6094379124341003 3.541117519106931E-4
authors 0.0015401540154015402 0.023122417420854212 3.561208403651914E-5
larger 2.2002200220022002E-4 0.9162907318741551 2.0160412142445657E-4
morley 0.0015401540154015402 4.471638793363569 0.0068870124430241994
other 0.0024202420242024204 0.0408219945202552 9.879910664968256E-5
indicated 8.800880088008801E-4 1.3361445774344192 0.0011759248206243513
roth 2.2002200220022002E-4 5.1647859739235145 0.001136366550918265
city 2.2002200220022002E-4 2.5257286443082556 5.557158733351498E-4
against 0.0030803080308030805 0.9600933545325481 0.002957383270287277
locational 2.2002200220022002E-4 4.471638793363569 9.838589204320283E-4
exclusion 2.2002200220022002E-4 1.8689491079191851 4.112099247346942E-4
epoch 4.4004400440044003E-4 3.373026504695459 0.0014842800900750094
optimise 2.2002200220022002E-4 3.5553480614894135 7.822547990075717E-4
geotagged 2.2002200220022002E-4 5.1647859739235145 0.001136366550918265
batches 2.2002200220022002E-4 4.0661736852554045 8.946476755237414E-4
top 6.600660066006601E-4 1.5538680612792897 0.0010256554859929305
encourage 2.2002200220022002E-4 2.392197251683733 5.263360289733185E-4
have 0.0024202420242024204 0.028987536873252187 7.015685491876218E-5
stochastic 2.2002200220022002E-4 2.456735772821304 5.405359236130482E-4
decisions 4.4004400440044003E-4 1.6094379124341003 7.082235038213862E-4
alessia 0.0015401540154015402 5.1647859739235145 0.007954565856427856
particularly 4.4004400440044003E-4 0.9751312318970885 4.291006520999289E-4
produce 2.2002200220022002E-4 1.157452788691043 2.5466508002003146E-4
names 0.014081408140814081 1.8689491079191851 0.02631743518302043
future 8.800880088008801E-4 0.48265474679929443 4.2477865504888395E-4
requiring 2.2002200220022002E-4 2.120263536200091 4.665046284268627E-4
entity 0.0046204620462046205 2.331572629867298 0.010772942844271343
outputs 4.4004400440044003E-4 2.169053700369523 9.544790760701972E-4
almost 4.4004400440044003E-4 1.1043429633770947 4.8595949983590525E-4
untrained 2.2002200220022002E-4 4.0661736852554045 8.946476755237414E-4
precision 0.0013201320132013201 1.8689491079191851 0.002467259548408165
glove 6.600660066006601E-4 2.6798793241355137 0.0017688972436538043
pioneering 2.2002200220022002E-4 4.0661736852554045 8.946476755237414E-4
bordered 2.2002200220022002E-4 5.1647859739235145 0.001136366550918265
rowlatts 0.0013201320132013201 5.1647859739235145 0.00681819930550959
platforms 4.4004400440044003E-4 2.0292917579943643 8.929776712846487E-4
employed 2.2002200220022002E-4 1.4035858582299516 3.088197707876681E-4
pages 2.2002200220022002E-4 3.2188758248682006 7.082235038213862E-4
whether 2.2002200220022002E-4 0.5300569856938783 1.1662419927258048E-4
implemented 2.2002200220022002E-4 1.293584963015623 2.8461715357879495E-4
ner 0.008360836083608362 3.5553480614894135 0.029725682362287727
always 2.2002200220022002E-4 1.2729656758128876 2.800804567245077E-4
all 0.0033003300330033004 0.017291497110061043 5.706764722792424E-5
new 0.0011001100110011 0.38566248081198473 4.2427115600878406E-4
including 0.0011001100110011 0.2669461739726028 2.9367015838570163E-4
comparison 6.600660066006601E-4 0.758066726659261 5.003740770028126E-4
hutter 2.2002200220022002E-4 5.1647859739235145 0.001136366550918265
below 4.4004400440044003E-4 1.4035858582299516 6.176395415753362E-4
geotags 6.600660066006601E-4 5.1647859739235145 0.003409099652754795
differs 6.600660066006601E-4 1.8689491079191851 0.0012336297742040825
estate 2.2002200220022002E-4 5.1647859739235145 0.001136366550918265
cpu 2.2002200220022002E-4 3.373026504695459 7.421400450375047E-4
less 0.0011001100110011 0.368995428326773 4.059355647159219E-4
kumar 2.2002200220022002E-4 3.2188758248682006 7.082235038213862E-4
tool 2.2002200220022002E-4 1.1758019273592397 2.5870229424845755E-4
unit 2.2002200220022002E-4 1.5538680612792897 3.418851619976435E-4
substituted 2.2002200220022002E-4 3.7784916128036232 8.313512899457917E-4
improve 2.2002200220022002E-4 0.7104386776700063 1.5631214030143153E-4
were 0.0044004400440044 0.0958817717032825 4.2192198769321233E-4
october 0.0015401540154015402 2.0292917579943643 0.003125421849496271
basic 2.2002200220022002E-4 1.1944940603713923 2.6281497477918423E-4
constituted 2.2002200220022002E-4 3.5553480614894135 7.822547990075717E-4
boundary 2.2002200220022002E-4 2.456735772821304 5.405359236130482E-4
became 2.2002200220022002E-4 1.8689491079191851 4.112099247346942E-4
technique 2.2002200220022002E-4 1.1758019273592397 2.5870229424845755E-4
respective 2.2002200220022002E-4 1.9459101490553132 4.281430470968786E-4
media 4.4004400440044003E-4 1.5812670354674039 6.95827078313489E-4
around 4.4004400440044003E-4 1.0216512475319812 4.495715060646782E-4
simpler 4.4004400440044003E-4 3.0853444322436783 0.0013576873189191103
times 2.2002200220022002E-4 0.9600933545325481 2.112416621633769E-4
geoparsing 0.0013201320132013201 5.1647859739235145 0.00681819930550959
similarly 2.2002200220022002E-4 2.0292917579943643 4.4648883564232436E-4
and 0.025302530253025302 0.017291497110061043 4.375186287474191E-4
crf 8.800880088008801E-4 3.5553480614894135 0.003129019196030287
define 2.2002200220022002E-4 1.3146383722134554 2.8924936682364253E-4
chose 2.2002200220022002E-4 1.906689435902032 4.1951362726117317E-4
construction 0.0013201320132013201 1.730798769438368 0.0022848828639450403
working 2.2002200220022002E-4 1.5538680612792897 3.418851619976435E-4
tokens 0.0017601760176017601 2.120263536200091 0.0037320370274149016
lane 6.600660066006601E-4 4.471638793363569 0.0029515767612960852
direction 2.2002200220022002E-4 1.6682784124570338 3.6705795653620106E-4
performing 0.0024202420242024204 1.5812670354674039 0.00382704893072419
unnecessary 2.2002200220022002E-4 2.8622008809294686 6.297471685213352E-4
automatic 2.2002200220022002E-4 1.5812670354674039 3.479135391567445E-4
specific 0.0017601760176017601 0.40261203912575794 7.086680556669006E-4
despite 0.0015401540154015402 0.7221347174331975 0.0011121986847155956
any 0.0019801980198019802 0.2669461739726028 5.286062850942629E-4
followed 2.2002200220022002E-4 0.758066726659261 1.6679135900093752E-4
super 2.2002200220022002E-4 4.0661736852554045 8.946476755237414E-4
suggested 2.2002200220022002E-4 1.121734706088964 2.468063159711692E-4
consists 2.2002200220022002E-4 1.2135422553420867 2.670059967749366E-4
formally 2.2002200220022002E-4 3.5553480614894135 7.822547990075717E-4
hypothesis 4.4004400440044003E-4 1.9459101490553132 8.562860941937572E-4
forms 4.4004400440044003E-4 1.4512139072192063 6.385979789743482E-4
unlabelled 2.2002200220022002E-4 3.373026504695459 7.421400450375047E-4
geforce 2.2002200220022002E-4 5.1647859739235145 0.001136366550918265
developments 4.4004400440044003E-4 2.169053700369523 9.544790760701972E-4
tagger 2.2002200220022002E-4 4.0661736852554045 8.946476755237414E-4
accurate 4.4004400440044003E-4 1.3805963400052528 6.075231419165029E-4
distilbert 0.0024202420242024204 4.471638793363569 0.010822448124752313
csv 2.2002200220022002E-4 4.471638793363569 9.838589204320283E-4
led 4.4004400440044003E-4 1.3581234841531944 5.976340964370492E-4
decay 2.2002200220022002E-4 3.2188758248682006 7.082235038213862E-4
discussion 2.2002200220022002E-4 0.2595111954850846 5.7098172824001015E-5
johnson 2.2002200220022002E-4 4.0661736852554045 8.946476755237414E-4
defines 2.2002200220022002E-4 2.331572629867298 5.129972782986354E-4
english 6.600660066006601E-4 1.4512139072192063 9.578969684615223E-4
represented 2.2002200220022002E-4 0.8881198549074587 1.9540590867050795E-4
state 2.2002200220022002E-4 1.0376515888784226 2.2830618017127008E-4
defined 0.0011001100110011 0.5300569856938783 5.831209963629024E-4
fully 2.2002200220022002E-4 1.2729656758128876 2.800804567245077E-4
models 0.014521452145214522 0.7953381214564925 0.01154946446999527
discussing 2.2002200220022002E-4 2.073743520565198 4.5626920144448797E-4
using 0.007920792079207921 0.083381608939051 6.604483876360475E-4
containing 8.800880088008801E-4 1.4759065198095778 0.001298927630195448
expected 4.4004400440044003E-4 0.9600933545325481 4.224833243267538E-4
noting 2.2002200220022002E-4 2.331572629867298 5.129972782986354E-4
each 0.005500550055005501 0.13434805253107854 7.389881877397059E-4
footprints 2.2002200220022002E-4 4.471638793363569 9.838589204320283E-4
input 8.800880088008801E-4 1.0216512475319812 8.991430121293564E-4
bilstm 0.0011001100110011 3.5553480614894135 0.003911273995037858
alex 0.0015401540154015402 3.7784916128036232 0.005819459029620542
stanford 2.2002200220022002E-4 2.5257286443082556 5.557158733351498E-4
difference 4.4004400440044003E-4 0.6004377824556778 2.642190461851167E-4
complexity 4.4004400440044003E-4 1.6094379124341003 7.082235038213862E-4
sophisticated 2.2002200220022002E-4 2.073743520565198 4.5626920144448797E-4
increased 8.800880088008801E-4 0.4919571394616079 4.329655792841434E-4
housing 2.2002200220022002E-4 4.471638793363569 9.838589204320283E-4
frequently 4.4004400440044003E-4 1.157452788691043 5.093301600400629E-4
another 4.4004400440044003E-4 0.40261203912575794 1.7716701391672516E-4
document 2.2002200220022002E-4 1.4035858582299516 3.088197707876681E-4
automatically 2.2002200220022002E-4 1.4759065198095778 3.24731907548862E-4
indicative 2.2002200220022002E-4 2.9675613965872945 6.529288001292176E-4
giving 6.600660066006601E-4 2.456735772821304 0.0016216077708391446
networks 2.2002200220022002E-4 1.4759065198095778 3.24731907548862E-4
two 0.0013201320132013201 0.11492996667397702 1.517227282824779E-4
twaroch 2.2002200220022002E-4 5.1647859739235145 0.001136366550918265
worth 2.2002200220022002E-4 1.8325814637483102 4.0320824284891313E-4
default 2.2002200220022002E-4 2.5998366164619773 5.720212577474097E-4
found 0.0011001100110011 0.27443684570176036 3.019107213440708E-4
varying 4.4004400440044003E-4 2.073743520565198 9.125384028889759E-4
are 0.011661166116611662 0.028987536873252187 3.3802848279039955E-4
scenario 2.2002200220022002E-4 2.456735772821304 5.405359236130482E-4
taken 4.4004400440044003E-4 0.990398704027877 4.358190116734332E-4
reported 2.2002200220022002E-4 0.5300569856938783 1.1662419927258048E-4
pytorch 2.2002200220022002E-4 5.1647859739235145 0.001136366550918265
where 0.0017601760176017601 0.32850406697203605 5.782249803688203E-4
takes 4.4004400440044003E-4 1.3805963400052528 6.075231419165029E-4
popular 0.0019801980198019802 1.252762968495368 0.002480718749495778
demonstrating 8.800880088008801E-4 2.2203469947570738 0.001954100765462771
creation 2.2002200220022002E-4 1.9867321435755685 4.3712478406503154E-4
gives 0.0013201320132013201 1.3146383722134554 0.0017354962009418554
art 2.2002200220022002E-4 2.5998366164619773 5.720212577474097E-4
alternatively 2.2002200220022002E-4 4.0661736852554045 8.946476755237414E-4
gradient 2.2002200220022002E-4 2.5998366164619773 5.720212577474097E-4
gazetteer 4.4004400440044003E-4 4.0661736852554045 0.0017892953510474827
replaced 2.2002200220022002E-4 2.331572629867298 5.129972782986354E-4
cillian 0.0015401540154015402 5.1647859739235145 0.007954565856427856
team 2.2002200220022002E-4 2.073743520565198 4.5626920144448797E-4
describes 2.2002200220022002E-4 1.5012243277938677 3.3030238235288615E-4
abstractions 2.2002200220022002E-4 5.1647859739235145 0.001136366550918265
such 2.2002200220022002E-4 0.10219094089654716 2.2484255422782653E-5
automated 2.2002200220022002E-4 1.5538680612792897 3.418851619976435E-4
filling 2.2002200220022002E-4 3.0853444322436783 6.788436594595552E-4
nlp 0.0013201320132013201 0.41119578281714936 5.428327165902961E-4
speech 2.2002200220022002E-4 2.120263536200091 4.665046284268627E-4
metric 2.2002200220022002E-4 2.331572629867298 5.129972782986354E-4
loshchilov 2.2002200220022002E-4 5.1647859739235145 0.001136366550918265
rtx 2.2002200220022002E-4 4.471638793363569 9.838589204320283E-4
gritta 2.2002200220022002E-4 5.1647859739235145 0.001136366550918265
describe 2.2002200220022002E-4 1.0216512475319812 2.247857530323391E-4
dataset 0.0013201320132013201 1.2729656758128876 0.0016804827403470463
through 0.0030803080308030805 0.2595111954850846 7.993744195360143E-4
documents 2.2002200220022002E-4 1.6682784124570338 3.6705795653620106E-4
whitehall 2.2002200220022002E-4 5.1647859739235145 0.001136366550918265
developing 2.2002200220022002E-4 1.157452788691043 2.5466508002003146E-4
reflecting 4.4004400440044003E-4 2.2203469947570738 9.770503827313856E-4
had 4.4004400440044003E-4 0.32059888746492277 1.4107761824639066E-4
run 2.2002200220022002E-4 2.0292917579943643 4.4648883564232436E-4
granular 2.2002200220022002E-4 4.0661736852554045 8.946476755237414E-4
source 0.0013201320132013201 0.9452782687474074 0.0012478921039569735
research 0.0015401540154015402 0.41119578281714936 6.333048360220123E-4
unable 4.4004400440044003E-4 1.9459101490553132 8.562860941937572E-4
either 0.0011001100110011 0.7827593392496325 8.61121385313127E-4
has 0.0022002200220022 0.05279818556697083 1.161676250098368E-4
geographically 8.800880088008801E-4 3.7784916128036232 0.0033254051597831668
roberta 8.800880088008801E-4 4.0661736852554045 0.0035785907020949655
results 0.0037403740374037406 0.08961215868968714 3.3518299179860977E-4
those 6.600660066006601E-4 0.3364722366212129 2.2209388555855637E-4
given 0.0015401540154015402 0.3526016185510966 5.430607986485537E-4
last 2.2002200220022002E-4 0.7703368192510752 1.6949104934017056E-4
widely 2.2002200220022002E-4 1.0059028905638423 2.2132076800084538E-4
weight 8.800880088008801E-4 1.3361445774344192 0.0011759248206243513
significant 0.0011001100110011 0.377294231141468 4.150651607716919E-4
sharing 2.2002200220022002E-4 2.169053700369523 4.772395380350986E-4
expressions 2.2002200220022002E-4 1.8689491079191851 4.112099247346942E-4
worse 4.4004400440044003E-4 1.6094379124341003 7.082235038213862E-4
improving 2.2002200220022002E-4 1.3361445774344192 2.939812051560878E-4
suited 2.2002200220022002E-4 3.0853444322436783 6.788436594595552E-4
leads 2.2002200220022002E-4 1.1758019273592397 2.5870229424845755E-4
name 0.006600660066006601 1.8325814637483102 0.012096247285467394
overall 6.600660066006601E-4 0.7339691750802005 4.8446810236316867E-4
page 2.2002200220022002E-4 3.0853444322436783 6.788436594595552E-4
updated 4.4004400440044003E-4 2.073743520565198 9.125384028889759E-4
kiev 2.2002200220022002E-4 5.1647859739235145 0.001136366550918265
involving 4.4004400440044003E-4 1.5271998141971284 6.720351217589124E-4
full 0.0011001100110011 0.14750613710858965 1.6227297811726032E-4
benefits 2.2002200220022002E-4 1.6384254493073527 3.604896478123988E-4
memory 6.600660066006601E-4 2.073743520565198 0.001368807604333464
away 2.2002200220022002E-4 2.331572629867298 5.129972782986354E-4
hidden 4.4004400440044003E-4 1.730798769438368 7.616276213150134E-4
concept 4.4004400440044003E-4 1.3581234841531944 5.976340964370492E-4
parametric 2.2002200220022002E-4 3.2188758248682006 7.082235038213862E-4
show 4.4004400440044003E-4 0.6321864807702582 2.781898705259662E-4
anything 2.2002200220022002E-4 2.9675613965872945 6.529288001292176E-4
mirrored 2.2002200220022002E-4 4.0661736852554045 8.946476755237414E-4
conclusion 2.2002200220022002E-4 0.653926467406664 1.4387821065053115E-4
not 0.006160616061606161 0.03488725900044054 2.149270081435281E-4
central 2.2002200220022002E-4 1.3805963400052528 3.0376157095825143E-4
street 4.4004400440044003E-4 2.7668907011251433 0.0012175536638614492
stronger 2.2002200220022002E-4 2.2203469947570738 4.885251913656928E-4
now 2.2002200220022002E-4 1.4035858582299516 3.088197707876681E-4
derived 2.2002200220022002E-4 1.3581234841531944 2.988170482185246E-4
early 4.4004400440044003E-4 0.8340526336371831 3.670198607864392E-4
news 4.4004400440044003E-4 2.0292917579943643 8.929776712846487E-4
metynomic 2.2002200220022002E-4 5.1647859739235145 0.001136366550918265
overview 0.0015401540154015402 1.4271163556401458 0.002197978985584383
green 4.4004400440044003E-4 2.169053700369523 9.544790760701972E-4
learned 2.2002200220022002E-4 2.0292917579943643 4.4648883564232436E-4
effectively 2.2002200220022002E-4 1.6384254493073527 3.604896478123988E-4
appropriately 4.4004400440044003E-4 3.0853444322436783 0.0013576873189191103
was 0.00638063806380638 0.058840500022933395 3.7543993413972904E-4
libraries 2.2002200220022002E-4 3.0853444322436783 6.788436594595552E-4
yet 2.2002200220022002E-4 1.4271163556401458 3.139969979406261E-4
target 2.2002200220022002E-4 1.0704414117014134 2.35520662640575E-4
ensured 2.2002200220022002E-4 2.5998366164619773 5.720212577474097E-4
disciplines 2.2002200220022002E-4 2.5257286443082556 5.557158733351498E-4
refer 4.4004400440044003E-4 1.6682784124570338 7.341159130724021E-4
classed 2.2002200220022002E-4 4.471638793363569 9.838589204320283E-4
infrastructure 4.4004400440044003E-4 2.5998366164619773 0.0011440425154948194
typical 2.2002200220022002E-4 1.4512139072192063 3.192989894871741E-4
gazetter 2.2002200220022002E-4 5.1647859739235145 0.001136366550918265
short 2.2002200220022002E-4 1.157452788691043 2.5466508002003146E-4
time 2.2002200220022002E-4 0.20194134366360675 4.443153875986947E-5
rise 2.2002200220022002E-4 2.0292917579943643 4.4648883564232436E-4
reducing 2.2002200220022002E-4 1.5538680612792897 3.418851619976435E-4
quotation 2.2002200220022002E-4 4.0661736852554045 8.946476755237414E-4
contextual 6.600660066006601E-4 1.906689435902032 0.0012585408817835195
optimised 2.2002200220022002E-4 3.373026504695459 7.421400450375047E-4
discard 2.2002200220022002E-4 3.5553480614894135 7.822547990075717E-4
peters 2.2002200220022002E-4 3.7784916128036232 8.313512899457917E-4
gazetteers 4.4004400440044003E-4 5.1647859739235145 0.00227273310183653
usage 4.4004400440044003E-4 1.8689491079191851 8.224198494693884E-4
uppingham 2.2002200220022002E-4 5.1647859739235145 0.001136366550918265
fac 2.2002200220022002E-4 5.1647859739235145 0.001136366550918265
collected 2.2002200220022002E-4 0.8340526336371831 1.835099303932196E-4
extracting 2.2002200220022002E-4 2.0292917579943643 4.4648883564232436E-4
when 0.0022002200220022 0.14750613710858965 3.2454595623452063E-4
three 0.0017601760176017601 0.22314355131420976 3.9277192750575973E-4
continually 2.2002200220022002E-4 3.5553480614894135 7.822547990075717E-4
issues 6.600660066006601E-4 1.121734706088964 7.404189479135076E-4
required 2.2002200220022002E-4 0.5900749954201312 1.2982948194062291E-4
excluded 2.2002200220022002E-4 1.293584963015623 2.8461715357879495E-4
twitter 2.2002200220022002E-4 2.456735772821304 5.405359236130482E-4
identified 0.0015401540154015402 0.6321864807702582 9.736645468408818E-4
largely 2.2002200220022002E-4 1.79749014393704 3.9548738040418924E-4
far 2.2002200220022002E-4 1.3361445774344192 2.939812051560878E-4
specifically 2.2002200220022002E-4 1.3805963400052528 3.0376157095825143E-4
struggle 2.2002200220022002E-4 3.373026504695459 7.421400450375047E-4
promising 4.4004400440044003E-4 1.8325814637483102 8.064164856978263E-4
hardware 2.2002200220022002E-4 2.9675613965872945 6.529288001292176E-4
give 2.2002200220022002E-4 1.157452788691043 2.5466508002003146E-4
identifies 6.600660066006601E-4 2.0292917579943643 0.0013394665069269731
extraction 0.0044004400440044 1.3361445774344192 0.005879624103121756
provide 8.800880088008801E-4 0.44628710262841953 3.9277192750575973E-4
rely 6.600660066006601E-4 1.6094379124341003 0.0010623352557320794
stanza 0.0017601760176017601 5.1647859739235145 0.00909093240734612
style 2.2002200220022002E-4 2.9675613965872945 6.529288001292176E-4
minimise 2.2002200220022002E-4 2.9675613965872945 6.529288001292176E-4
primary 4.4004400440044003E-4 0.9306794693262548 4.0953992049560167E-4
loc 2.2002200220022002E-4 5.1647859739235145 0.001136366550918265
explicitly 0.0017601760176017601 1.5812670354674039 0.002783308313253956
log 2.2002200220022002E-4 1.9459101490553132 4.281430470968786E-4
imprecise 2.2002200220022002E-4 4.471638793363569 9.838589204320283E-4
methods 4.4004400440044003E-4 0.20194134366360675 8.886307751973894E-5
direct 2.2002200220022002E-4 0.990398704027877 2.179095058367166E-4
enabled 6.600660066006601E-4 2.392197251683733 0.0015790080869199556
layer 0.0011001100110011 1.6990500711237875 0.0018691419924354096
modern 6.600660066006601E-4 2.0292917579943643 0.0013394665069269731
web 2.2002200220022002E-4 1.6384254493073527 3.604896478123988E-4
low 6.600660066006601E-4 0.6761496041913742 4.463033691032173E-4
focussed 8.800880088008801E-4 4.471638793363569 0.003935435681728113
plateau 2.2002200220022002E-4 5.1647859739235145 0.001136366550918265
feeds 2.2002200220022002E-4 3.2188758248682006 7.082235038213862E-4
categories 2.2002200220022002E-4 1.0216512475319812 2.247857530323391E-4
embedding 4.4004400440044003E-4 1.9867321435755685 8.742495681300631E-4
contextually 2.2002200220022002E-4 5.1647859739235145 0.001136366550918265
nvidia 2.2002200220022002E-4 3.7784916128036232 8.313512899457917E-4
architecture 8.800880088008801E-4 1.79749014393704 0.001581949521616757
enables 6.600660066006601E-4 1.6990500711237875 0.001121485195461246
wealth 2.2002200220022002E-4 3.5553480614894135 7.822547990075717E-4
means 2.2002200220022002E-4 0.6988778552689304 1.5376850500966566E-4
reliance 2.2002200220022002E-4 4.0661736852554045 8.946476755237414E-4
suffers 2.2002200220022002E-4 2.6798793241355137 5.896324145512681E-4
entirety 2.2002200220022002E-4 4.471638793363569 9.838589204320283E-4
more 0.0035203520352035203 0.05279818556697083 1.858682000157389E-4
display 6.600660066006601E-4 0.167573700159399 1.1060970307551091E-4
unify 2.2002200220022002E-4 3.7784916128036232 8.313512899457917E-4
csvdisplay 8.800880088008801E-4 0.2669461739726028 2.349361267085613E-4
consistent 2.2002200220022002E-4 0.9306794693262548 2.0476996024780083E-4
great 0.0011001100110011 1.3361445774344192 0.001469906025780439
performed 4.4004400440044003E-4 0.4643056081310978 2.0431489906758978E-4
encountered 2.2002200220022002E-4 2.331572629867298 5.129972782986354E-4
pipeline 4.4004400440044003E-4 2.9675613965872945 0.0013058576002584353
sparql 2.2002200220022002E-4 4.471638793363569 9.838589204320283E-4
randomly 4.4004400440044003E-4 1.6384254493073527 7.209792956247976E-4
certain 2.2002200220022002E-4 0.8209805520698303 1.8063378483384606E-4
weissenbacher 2.2002200220022002E-4 5.1647859739235145 0.001136366550918265
outlines 4.4004400440044003E-4 3.7784916128036232 0.0016627025798915834
small 4.4004400440044003E-4 0.6214911916535102 2.73483472674812E-4
distinction 2.2002200220022002E-4 2.9675613965872945 6.529288001292176E-4
fed 4.4004400440044003E-4 1.9867321435755685 8.742495681300631E-4
before 6.600660066006601E-4 0.5203950747821414 3.4349509886609996E-4
uninterested 2.2002200220022002E-4 4.471638793363569 9.838589204320283E-4
replace 2.2002200220022002E-4 2.9675613965872945 6.529288001292176E-4
section 0.0011001100110011 0.7953381214564925 8.749594295450962E-4
simple 4.4004400440044003E-4 1.157452788691043 5.093301600400629E-4
used 0.00814081408140814 0.07103577311675174 5.782890220725664E-4
assumptions 2.2002200220022002E-4 2.392197251683733 5.263360289733185E-4
shows 8.800880088008801E-4 0.5596157879354227 4.925111444976217E-4
outlined 2.2002200220022002E-4 2.5257286443082556 5.557158733351498E-4
detailing 2.2002200220022002E-4 4.0661736852554045 8.946476755237414E-4
shown 2.2002200220022002E-4 0.3364722366212129 7.403129518618546E-5
presented 8.800880088008801E-4 0.4373981552111735 3.8494887147297996E-4
enrich 2.2002200220022002E-4 3.373026504695459 7.421400450375047E-4
propagate 2.2002200220022002E-4 4.0661736852554045 8.946476755237414E-4
consider 0.0026402640264026403 0.8080771472339223 0.002133537022399795
potential 2.2002200220022002E-4 0.44628710262841953 9.819298187643993E-5
ontologies 2.2002200220022002E-4 3.7784916128036232 8.313512899457917E-4
described 0.0011001100110011 0.44628710262841953 4.909649093821996E-4
combination 2.2002200220022002E-4 0.758066726659261 1.6679135900093752E-4
obtain 2.2002200220022002E-4 1.0872485300177945 2.3921859846376116E-4
otherwise 2.2002200220022002E-4 2.0292917579943643 4.4648883564232436E-4
england 2.2002200220022002E-4 5.1647859739235145 0.001136366550918265
adam 4.4004400440044003E-4 3.7784916128036232 0.0016627025798915834
manually 6.600660066006601E-4 1.4512139072192063 9.578969684615223E-4
suitability 2.2002200220022002E-4 3.2188758248682006 7.082235038213862E-4
workshop 2.2002200220022002E-4 3.373026504695459 7.421400450375047E-4
created 4.4004400440044003E-4 1.0704414117014134 4.7104132528115E-4
format 2.2002200220022002E-4 2.2203469947570738 4.885251913656928E-4
solely 4.4004400440044003E-4 2.073743520565198 9.125384028889759E-4
both 0.0024202420242024204 0.13434805253107854 3.251548026054706E-4
produced 6.600660066006601E-4 1.3581234841531944 8.964511446555739E-4
formal 4.4004400440044003E-4 2.2203469947570738 9.770503827313856E-4
most 8.800880088008801E-4 0.0771896386911299 6.793367541573587E-5
important 2.2002200220022002E-4 0.2669461739726028 5.8734031677140325E-5
phrase 4.4004400440044003E-4 2.7668907011251433 0.0012175536638614492
refers 4.4004400440044003E-4 1.5271998141971284 6.720351217589124E-4
perceived 2.2002200220022002E-4 1.730798769438368 3.808138106575067E-4
outside 2.2002200220022002E-4 1.4035858582299516 3.088197707876681E-4
who 2.2002200220022002E-4 0.44628710262841953 9.819298187643993E-5
classify 2.2002200220022002E-4 1.5271998141971284 3.360175608794562E-4
limitation 2.2002200220022002E-4 1.4035858582299516 3.088197707876681E-4
ease 2.2002200220022002E-4 2.6798793241355137 5.896324145512681E-4
relied 2.2002200220022002E-4 2.5998366164619773 5.720212577474097E-4
part 2.2002200220022002E-4 0.5496654570822546 1.2093849440753675E-4
values 2.2002200220022002E-4 0.5900749954201312 1.2982948194062291E-4
contribute 4.4004400440044003E-4 1.0704414117014134 4.7104132528115E-4
their 0.0022002200220022 0.12136085700426753 2.6702058746813536E-4
inspiration 2.2002200220022002E-4 3.373026504695459 7.421400450375047E-4
point 2.2002200220022002E-4 0.7703368192510752 1.6949104934017056E-4
general 0.0011001100110011 0.4734380916943703 5.208339842622335E-4
tend 2.2002200220022002E-4 1.4759065198095778 3.24731907548862E-4
database 2.2002200220022002E-4 1.3581234841531944 2.988170482185246E-4
east 2.2002200220022002E-4 2.9675613965872945 6.529288001292176E-4
along 2.2002200220022002E-4 1.2135422553420867 2.670059967749366E-4
baldridge 2.2002200220022002E-4 5.1647859739235145 0.001136366550918265
parallel 2.2002200220022002E-4 1.6990500711237875 3.7382839848708197E-4
reject 4.4004400440044003E-4 3.373026504695459 0.0014842800900750094
mentioned 4.4004400440044003E-4 1.0376515888784226 4.5661236034254016E-4
dimension 8.800880088008801E-4 1.8689491079191851 0.0016448396989387768
designed 4.4004400440044003E-4 1.0872485300177945 4.784371969275223E-4
introduction 2.2002200220022002E-4 0.10219094089654716 2.2484255422782653E-5
park 2.2002200220022002E-4 2.9675613965872945 6.529288001292176E-4
applying 2.2002200220022002E-4 1.1758019273592397 2.5870229424845755E-4
amount 6.600660066006601E-4 1.121734706088964 7.404189479135076E-4
process 6.600660066006601E-4 0.5013468798114469 3.309220328788428E-4
move 2.2002200220022002E-4 1.906689435902032 4.1951362726117317E-4
built 0.0017601760176017601 1.6094379124341003 0.002832894015285545
alternative 0.0011001100110011 1.3805963400052528 0.0015188078547912571
clear 4.4004400440044003E-4 1.0704414117014134 4.7104132528115E-4
also 0.0024202420242024204 0.05279818556697083 1.277843875108205E-4
enough 2.2002200220022002E-4 1.4512139072192063 3.192989894871741E-4
distils 2.2002200220022002E-4 5.1647859739235145 0.001136366550918265
kingdom 2.2002200220022002E-4 3.2188758248682006 7.082235038213862E-4
contained 4.4004400440044003E-4 1.730798769438368 7.616276213150134E-4
build 2.2002200220022002E-4 1.5271998141971284 3.360175608794562E-4
administrative 0.0015401540154015402 2.6798793241355137 0.0041274269018588775
various 8.800880088008801E-4 0.5798184952529422 5.102913049530844E-4
mean 8.800880088008801E-4 0.6214911916535102 5.46966945349624E-4
uses 8.800880088008801E-4 1.1394342831883648 0.0010028024494507062
further 8.800880088008801E-4 0.27443684570176036 2.4152857707525664E-4
simply 2.2002200220022002E-4 1.4512139072192063 3.192989894871741E-4
account 2.2002200220022002E-4 1.0539121097502027 2.318838525302976E-4
methodology 8.800880088008801E-4 1.3361445774344192 0.0011759248206243513
equivalent 2.2002200220022002E-4 1.7635885922613586 3.8802829312681157E-4
been 2.2002200220022002E-4 0.05279818556697083 1.161676250098368E-5
mostly 2.2002200220022002E-4 1.1758019273592397 2.5870229424845755E-4
projects 2.2002200220022002E-4 2.331572629867298 5.129972782986354E-4
bioul 4.4004400440044003E-4 5.1647859739235145 0.00227273310183653
reflected 2.2002200220022002E-4 1.9459101490553132 4.281430470968786E-4
evaluates 2.2002200220022002E-4 2.8622008809294686 6.297471685213352E-4
executing 2.2002200220022002E-4 4.471638793363569 9.838589204320283E-4
barbieri 2.2002200220022002E-4 5.1647859739235145 0.001136366550918265
extracted 0.0022002200220022 1.0704414117014134 0.00235520662640575
evaluation 0.0013201320132013201 0.7953381214564925 0.0010499513154541154
suffer 2.2002200220022002E-4 2.5257286443082556 5.557158733351498E-4
depending 2.2002200220022002E-4 1.2729656758128876 2.800804567245077E-4
complex 6.600660066006601E-4 0.8743265327751228 5.771132229538765E-4
evaluated 0.0019801980198019802 0.9600933545325481 0.0019011749594703923
railway 2.2002200220022002E-4 4.471638793363569 9.838589204320283E-4
strict 2.2002200220022002E-4 2.9675613965872945 6.529288001292176E-4
mirroring 2.2002200220022002E-4 4.471638793363569 9.838589204320283E-4
addition 2.2002200220022002E-4 0.8080771472339223 1.7779475186664956E-4
knowledge 2.2002200220022002E-4 0.8080771472339223 1.7779475186664956E-4
delimitation 2.2002200220022002E-4 5.1647859739235145 0.001136366550918265
past 4.4004400440044003E-4 1.293584963015623 5.692343071575899E-4
vernacular 2.2002200220022002E-4 4.471638793363569 9.838589204320283E-4
opportunity 4.4004400440044003E-4 1.6384254493073527 7.209792956247976E-4
accurately 2.2002200220022002E-4 2.073743520565198 4.5626920144448797E-4
tags 0.0011001100110011 2.5998366164619773 0.0028601062887370484
proxy 2.2002200220022002E-4 3.373026504695459 7.421400450375047E-4
domain 2.2002200220022002E-4 1.1944940603713923 2.6281497477918423E-4
intermediate 6.600660066006601E-4 2.2203469947570738 0.0014655755740970785
consideration 2.2002200220022002E-4 1.5812670354674039 3.479135391567445E-4
evaluating 2.2002200220022002E-4 1.4512139072192063 3.192989894871741E-4
greatly 6.600660066006601E-4 2.2203469947570738 0.0014655755740970785
relative 2.2002200220022002E-4 1.0539121097502027 2.318838525302976E-4
stems 2.2002200220022002E-4 3.0853444322436783 6.788436594595552E-4
montani 2.2002200220022002E-4 4.471638793363569 9.838589204320283E-4
deal 2.2002200220022002E-4 1.8689491079191851 4.112099247346942E-4
compare 2.2002200220022002E-4 0.9306794693262548 2.0476996024780083E-4
scheme 0.0019801980198019802 1.9867321435755685 0.0039341230565852845
how 2.2002200220022002E-4 0.5496654570822546 1.2093849440753675E-4
advertisements 2.2002200220022002E-4 5.1647859739235145 0.001136366550918265
systems 0.0017601760176017601 0.8743265327751228 0.0015389685945436705
segmentation 2.2002200220022002E-4 2.7668907011251433 6.087768319307246E-4
subsequent 2.2002200220022002E-4 1.3581234841531944 2.988170482185246E-4
indicate 2.2002200220022002E-4 1.0704414117014134 2.35520662640575E-4
embedded 2.2002200220022002E-4 1.8689491079191851 4.112099247346942E-4
paired 8.800880088008801E-4 2.331572629867298 0.0020519891131945416
compared 0.0024202420242024204 0.2669461739726028 6.460743484485436E-4
enabling 4.4004400440044003E-4 2.169053700369523 9.544790760701972E-4
contain 2.2002200220022002E-4 1.4035858582299516 3.088197707876681E-4
set 2.2002200220022002E-4 0.5596157879354227 1.2312778612440543E-4
advent 2.2002200220022002E-4 2.6798793241355137 5.896324145512681E-4
words 2.2002200220022002E-4 0.9751312318970885 2.1455032604996446E-4
possible 4.4004400440044003E-4 0.38566248081198473 1.6970846240351364E-4
phrases 2.2002200220022002E-4 2.169053700369523 4.772395380350986E-4
corresponds 2.2002200220022002E-4 1.7635885922613586 3.8802829312681157E-4
performs 8.800880088008801E-4 1.906689435902032 0.0016780545090446927
geonames 0.0013201320132013201 5.1647859739235145 0.00681819930550959
tailored 2.2002200220022002E-4 3.2188758248682006 7.082235038213862E-4
sometimes 2.2002200220022002E-4 1.9459101490553132 4.281430470968786E-4
quantities 2.2002200220022002E-4 3.0853444322436783 6.788436594595552E-4
corpus 0.0017601760176017601 1.6094379124341003 0.002832894015285545
language 0.0035203520352035203 0.6988778552689304 0.0024602960801546505
sites 2.2002200220022002E-4 2.120263536200091 4.665046284268627E-4
developed 2.2002200220022002E-4 0.48265474679929443 1.0619466376222099E-4
correctly 8.800880088008801E-4 2.0292917579943643 0.0017859553425692975
chinese 2.2002200220022002E-4 2.5998366164619773 5.720212577474097E-4
adding 2.2002200220022002E-4 1.6682784124570338 3.6705795653620106E-4
boundaries 2.2002200220022002E-4 2.7668907011251433 6.087768319307246E-4
spencefield 2.2002200220022002E-4 5.1647859739235145 0.001136366550918265
train 0.0011001100110011 1.9867321435755685 0.002185623920325158
computational 6.600660066006601E-4 1.3146383722134554 8.677481004709277E-4
which 0.007920792079207921 0.023122417420854212 1.831478607592413E-4
commonly 4.4004400440044003E-4 1.0216512475319812 4.495715060646782E-4
test 0.0026402640264026403 0.7104386776700063 0.0018757456836171786
typically 0.0011001100110011 1.1394342831883648 0.0012535030618133825
regarding 2.2002200220022002E-4 0.758066726659261 1.6679135900093752E-4
take 2.2002200220022002E-4 0.8743265327751228 1.9237107431795882E-4
metonyms 2.2002200220022002E-4 5.1647859739235145 0.001136366550918265
adjust 2.2002200220022002E-4 2.2203469947570738 4.885251913656928E-4
final 6.600660066006601E-4 0.6988778552689304 4.61305515028997E-4
relatively 6.600660066006601E-4 0.8209805520698303 5.419013545015382E-4
western 2.2002200220022002E-4 2.5998366164619773 5.720212577474097E-4
little 2.2002200220022002E-4 1.252762968495368 2.75635416610642E-4
however 4.4004400440044003E-4 1.9459101490553132 8.562860941937572E-4
some 0.0011001100110011 0.2160260835453457 2.376524571455948E-4
identifying 0.0011001100110011 1.0216512475319812 0.0011239287651616955
deep 0.0015401540154015402 1.4271163556401458 0.002197978985584383
trained 0.0035203520352035203 1.3805963400052528 0.004860185135332023
sources 0.0011001100110011 1.293584963015623 0.0014230857678939747
rather 6.600660066006601E-4 0.758066726659261 5.003740770028126E-4
relates 2.2002200220022002E-4 2.0292917579943643 4.4648883564232436E-4
importance 4.4004400440044003E-4 0.9600933545325481 4.224833243267538E-4
additional 8.800880088008801E-4 0.5300569856938783 4.664967970903219E-4
for 0.021122112211221122 0.017291497110061043 3.652329422587151E-4
training 0.004840484048404841 1.0059028905638423 0.004869056896018599
geopolitical 6.600660066006601E-4 5.1647859739235145 0.003409099652754795
papers 2.2002200220022002E-4 1.9867321435755685 4.3712478406503154E-4
primarily 0.0011001100110011 1.4512139072192063 0.0015964949474358704
content 6.600660066006601E-4 1.293584963015623 8.538514607363849E-4
miss 2.2002200220022002E-4 3.373026504695459 7.421400450375047E-4
random 6.600660066006601E-4 1.2329603411991883 8.138352087123356E-4
related 0.0019801980198019802 0.27443684570176036 5.434392984193275E-4
optimizer 2.2002200220022002E-4 3.2188758248682006 7.082235038213862E-4
rate 6.600660066006601E-4 0.7221347174331975 4.766565791638267E-4
captured 4.4004400440044003E-4 1.9459101490553132 8.562860941937572E-4
ignore 2.2002200220022002E-4 2.5257286443082556 5.557158733351498E-4
class 8.800880088008801E-4 1.3805963400052528 0.0012150462838330057
just 6.600660066006601E-4 1.3146383722134554 8.677481004709277E-4
over 0.0013201320132013201 0.3364722366212129 4.4418777111711273E-4
outperform 6.600660066006601E-4 2.5998366164619773 0.0017160637732422292
reichart 4.4004400440044003E-4 5.1647859739235145 0.00227273310183653
custom 6.600660066006601E-4 3.0853444322436783 0.0020365309783786653
length 2.2002200220022002E-4 1.2329603411991883 2.7127840290411183E-4
false 2.2002200220022002E-4 2.169053700369523 4.772395380350986E-4
specification 2.2002200220022002E-4 2.6798793241355137 5.896324145512681E-4
statistically 4.4004400440044003E-4 1.1758019273592397 5.174045884969151E-4
kept 2.2002200220022002E-4 2.2203469947570738 4.885251913656928E-4
existing 0.0013201320132013201 0.9452782687474074 0.0012478921039569735
approximately 2.2002200220022002E-4 0.9452782687474074 2.0798201732616224E-4
significantly 0.0013201320132013201 0.5900749954201312 7.789768916437376E-4
articles 0.0035203520352035203 1.6682784124570338 0.005872927304579217
showing 4.4004400440044003E-4 1.5012243277938677 6.606047647057723E-4
comprehensive 2.2002200220022002E-4 1.3805963400052528 3.0376157095825143E-4
subset 4.4004400440044003E-4 1.6990500711237875 7.476567969741639E-4
presents 0.0013201320132013201 1.1394342831883648 0.0015042036741760591
summaries 2.2002200220022002E-4 3.2188758248682006 7.082235038213862E-4
initialised 8.800880088008801E-4 3.7784916128036232 0.0033254051597831668
very 6.600660066006601E-4 0.5596157879354227 3.693833583732163E-4
select 2.2002200220022002E-4 1.8325814637483102 4.0320824284891313E-4
improves 2.2002200220022002E-4 2.2203469947570738 4.885251913656928E-4
bio 2.2002200220022002E-4 3.7784916128036232 8.313512899457917E-4
improved 2.2002200220022002E-4 0.8607208807193443 1.8937753151140687E-4
output 8.800880088008801E-4 1.1944940603713923 0.001051259899116737
four 2.2002200220022002E-4 0.4643056081310978 1.0215744953379489E-4
recognise 4.4004400440044003E-4 2.8622008809294686 0.0012594943370426704
context 0.0011001100110011 0.9162907318741551 0.0010080206071222829
model 0.014961496149614962 0.48265474679929443 0.007221237135831028
majority 2.2002200220022002E-4 0.9452782687474074 2.0798201732616224E-4
text 0.005500550055005501 0.8607208807193443 0.004734438287785172
usually 2.2002200220022002E-4 0.9600933545325481 2.112416621633769E-4
spatial 6.600660066006601E-4 2.120263536200091 0.0013995138852805882
tasks 6.600660066006601E-4 1.293584963015623 8.538514607363849E-4
validation 0.0011001100110011 1.8325814637483102 0.0020160412142445658
crown 2.2002200220022002E-4 5.1647859739235145 0.001136366550918265
sentence 4.4004400440044003E-4 1.6094379124341003 7.082235038213862E-4
reduce 2.2002200220022002E-4 0.8340526336371831 1.835099303932196E-4
likely 8.800880088008801E-4 0.5798184952529422 5.102913049530844E-4
python 0.0011001100110011 2.120263536200091 0.0023325231421343134
large 0.0033003300330033004 0.34450440831847723 0.0011369782452755025
issue 8.800880088008801E-4 1.3805963400052528 0.0012150462838330057
made 4.4004400440044003E-4 0.6109090823229731 2.688268789099992E-4
lower 4.4004400440044003E-4 0.5300569856938783 2.3324839854516096E-4
hollenstein 2.2002200220022002E-4 5.1647859739235145 0.001136366550918265
schemes 0.0011001100110011 3.0853444322436783 0.003394218297297776
being 0.0013201320132013201 0.48265474679929443 6.37167982573326E-4
classification 0.0015401540154015402 0.9751312318970885 0.0015018522823497514
traditional 6.600660066006601E-4 1.1758019273592397 7.761068827453727E-4
field 6.600660066006601E-4 0.8472978603872037 5.592725151070652E-4
explored 2.2002200220022002E-4 1.5538680612792897 3.418851619976435E-4
singh 2.2002200220022002E-4 3.373026504695459 7.421400450375047E-4
evaluate 4.4004400440044003E-4 0.758066726659261 3.3358271800187504E-4
encoded 2.2002200220022002E-4 2.456735772821304 5.405359236130482E-4
semantic 0.0011001100110011 1.4512139072192063 0.0015964949474358704
paragraph 2.2002200220022002E-4 3.5553480614894135 7.822547990075717E-4
works 2.2002200220022002E-4 1.3805963400052528 3.0376157095825143E-4
brought 2.2002200220022002E-4 2.456735772821304 5.405359236130482E-4
britain 4.4004400440044003E-4 5.1647859739235145 0.00227273310183653
inference 2.2002200220022002E-4 2.5257286443082556 5.557158733351498E-4
chunks 2.2002200220022002E-4 3.7784916128036232 8.313512899457917E-4
sequences 2.2002200220022002E-4 2.2203469947570738 4.885251913656928E-4
summer 2.2002200220022002E-4 3.7784916128036232 8.313512899457917E-4
mention 6.600660066006601E-4 2.2744142160273495 0.0015012635089289436
eight 2.2002200220022002E-4 1.7635885922613586 3.8802829312681157E-4
literature 2.2002200220022002E-4 0.9306794693262548 2.0476996024780083E-4
library 4.4004400440044003E-4 1.79749014393704 7.909747608083785E-4
file 2.2002200220022002E-4 2.7668907011251433 6.087768319307246E-4
known 6.600660066006601E-4 0.8607208807193443 5.681325945342206E-4
misses 2.2002200220022002E-4 4.471638793363569 9.838589204320283E-4
ability 0.0019801980198019802 0.8881198549074587 0.0017586531780345717
map 2.2002200220022002E-4 1.9867321435755685 4.3712478406503154E-4
table 0.0030803080308030805 0.18805223150293962 5.79258798908945E-4
speriosu 2.2002200220022002E-4 5.1647859739235145 0.001136366550918265
may 0.0044004400440044 0.15415067982725836 6.783308243223689E-4
within 0.0017601760176017601 0.3127557100038969 5.505051001168703E-4
abstracts 6.600660066006601E-4 2.7668907011251433 0.001826330495792174
could 8.800880088008801E-4 0.22314355131420976 1.9638596375287987E-4
gathered 2.2002200220022002E-4 2.120263536200091 4.665046284268627E-4
off 2.2002200220022002E-4 2.392197251683733 5.263360289733185E-4
geoparser 4.4004400440044003E-4 5.1647859739235145 0.00227273310183653
computation 2.2002200220022002E-4 2.5257286443082556 5.557158733351498E-4
generalisability 2.2002200220022002E-4 4.471638793363569 9.838589204320283E-4
places 6.600660066006601E-4 2.392197251683733 0.0015790080869199556
entities 0.004180418041804181 2.392197251683733 0.010000384550493053
deriving 2.2002200220022002E-4 3.2188758248682006 7.082235038213862E-4
able 4.4004400440044003E-4 0.7703368192510752 3.389820986803411E-4
gpus 2.2002200220022002E-4 4.0661736852554045 8.946476755237414E-4
report 2.2002200220022002E-4 1.0059028905638423 2.2132076800084538E-4
facilities 2.2002200220022002E-4 2.8622008809294686 6.297471685213352E-4
complete 2.2002200220022002E-4 0.9600933545325481 2.112416621633769E-4
hinders 2.2002200220022002E-4 3.7784916128036232 8.313512899457917E-4
compensate 2.2002200220022002E-4 3.0853444322436783 6.788436594595552E-4
improvements 4.4004400440044003E-4 1.6990500711237875 7.476567969741639E-4
bidirectional 6.600660066006601E-4 2.2744142160273495 0.0015012635089289436
instance 2.2002200220022002E-4 2.2203469947570738 4.885251913656928E-4
adjustments 2.2002200220022002E-4 3.373026504695459 7.421400450375047E-4
dimensional 2.2002200220022002E-4 3.0853444322436783 6.788436594595552E-4
use 0.0044004400440044 0.20895891632225325 9.195111829362079E-4
recognition 0.0033003300330033004 1.6384254493073527 0.005407344717185982
several 6.600660066006601E-4 0.3526016185510966 2.3274034227795156E-4
annotations 2.2002200220022002E-4 2.8622008809294686 6.297471685213352E-4
main 2.2002200220022002E-4 0.6004377824556778 1.3210952309255836E-4
british 2.2002200220022002E-4 3.2188758248682006 7.082235038213862E-4
while 0.004180418041804181 0.20895891632225325 8.735356237893976E-4
northern 2.2002200220022002E-4 3.373026504695459 7.421400450375047E-4
humberstone 2.2002200220022002E-4 5.1647859739235145 0.001136366550918265
second 4.4004400440044003E-4 0.4643056081310978 2.0431489906758978E-4
stands 2.2002200220022002E-4 2.6798793241355137 5.896324145512681E-4
confused 2.2002200220022002E-4 3.5553480614894135 7.822547990075717E-4
that 0.016721672167216723 0.017291497110061043 2.8914274595481614E-4
suggests 2.2002200220022002E-4 1.157452788691043 2.5466508002003146E-4
high 0.0011001100110011 0.2521310881874621 2.7737193419962824E-4
download 8.800880088008801E-4 0.2595111954850846 2.2839269129600406E-4
faster 2.2002200220022002E-4 1.8325814637483102 4.0320824284891313E-4
geographic 0.007920792079207921 2.392197251683733 0.01894809704303947
concentrated 2.2002200220022002E-4 2.9675613965872945 6.529288001292176E-4
than 0.0019801980198019802 0.058840500022933395 1.1651584162957108E-4
limit 2.2002200220022002E-4 1.79749014393704 3.9548738040418924E-4
directly 6.600660066006601E-4 0.7703368192510752 5.084731480205117E-4
different 2.2002200220022002E-4 0.18805223150293962 4.1375628493496066E-5
calculated 2.2002200220022002E-4 0.9021060968821986 1.9848318963304698E-4
selected 6.600660066006601E-4 0.758066726659261 5.003740770028126E-4
workflow 2.2002200220022002E-4 2.7668907011251433 6.087768319307246E-4
concentrates 4.4004400440044003E-4 4.471638793363569 0.0019677178408640567
adjusted 4.4004400440044003E-4 1.8325814637483102 8.064164856978263E-4
difficult 2.2002200220022002E-4 0.7703368192510752 1.6949104934017056E-4
weights 0.0015401540154015402 1.9867321435755685 0.003059873488455221
labelled 0.0037403740374037406 2.120263536200091 0.007930578683256667
chosen 4.4004400440044003E-4 1.252762968495368 5.51270833221284E-4
relevant 4.4004400440044003E-4 0.7703368192510752 3.389820986803411E-4
headquarters 2.2002200220022002E-4 4.471638793363569 9.838589204320283E-4
task 0.0019801980198019802 1.2329603411991883 0.0024415056261370065
null 8.800880088008801E-4 3.7784916128036232 0.0033254051597831668
karimzadeh 0.0011001100110011 5.1647859739235145 0.005681832754591325
position 2.2002200220022002E-4 1.2729656758128876 2.800804567245077E-4
present 0.0026402640264026403 0.38566248081198473 0.0010182507744210818
since 2.2002200220022002E-4 0.377294231141468 8.301303215433838E-5
borders 2.2002200220022002E-4 4.0661736852554045 8.946476755237414E-4
scores 8.800880088008801E-4 1.6094379124341003 0.0014164470076427724
spatialml 2.2002200220022002E-4 5.1647859739235145 0.001136366550918265
transformer 0.005940594059405941 2.7668907011251433 0.016436974462129564
mixed 2.2002200220022002E-4 1.9459101490553132 4.281430470968786E-4
best 0.0026402640264026403 0.6988778552689304 0.001845222060115988
appears 6.600660066006601E-4 1.4271163556401458 9.419909938218785E-4
total 0.0011001100110011 0.5108256237659907 5.619643825808478E-4
unstructured 0.00286028602860286 1.6990500711237875 0.004859769180332065
misidentified 2.2002200220022002E-4 5.1647859739235145 0.001136366550918265
nouns 4.4004400440044003E-4 2.7668907011251433 0.0012175536638614492
physical 2.2002200220022002E-4 1.3146383722134554 2.8924936682364253E-4
included 2.2002200220022002E-4 0.41985384556026406 9.237708373163125E-5
highly 4.4004400440044003E-4 0.9162907318741551 4.0320824284891313E-4
allows 2.2002200220022002E-4 1.2135422553420867 2.670059967749366E-4
plays 2.2002200220022002E-4 1.79749014393704 3.9548738040418924E-4
sports 2.2002200220022002E-4 4.471638793363569 9.838589204320283E-4
social 6.600660066006601E-4 1.0704414117014134 7.06561987921725E-4
relying 2.2002200220022002E-4 2.5257286443082556 5.557158733351498E-4
bert 0.0015401540154015402 2.392197251683733 0.0036843522028132303
processed 2.2002200220022002E-4 1.6990500711237875 3.7382839848708197E-4
due 0.0011001100110011 0.20895891632225325 2.2987779573405197E-4
conform 2.2002200220022002E-4 4.0661736852554045 8.946476755237414E-4
online 6.600660066006601E-4 1.3581234841531944 8.964511446555739E-4
suburb 6.600660066006601E-4 5.1647859739235145 0.003409099652754795
clustering 2.2002200220022002E-4 2.2744142160273495 5.004211696429812E-4
properties 2.2002200220022002E-4 1.6094379124341003 3.541117519106931E-4
architectures 8.800880088008801E-4 2.7668907011251433 0.0024351073277228985
pustejovsky 4.4004400440044003E-4 5.1647859739235145 0.00227273310183653
about 2.2002200220022002E-4 0.377294231141468 8.301303215433838E-5
ontonotes 2.2002200220022002E-4 3.7784916128036232 8.313512899457917E-4
parsing 2.2002200220022002E-4 2.6798793241355137 5.896324145512681E-4
observed 4.4004400440044003E-4 0.6988778552689304 3.075370100193313E-4
character 2.2002200220022002E-4 2.331572629867298 5.129972782986354E-4
geography 0.0011001100110011 4.0661736852554045 0.004473238377618706
meaning 8.800880088008801E-4 1.121734706088964 9.872252638846767E-4
corpora 0.0015401540154015402 2.2744142160273495 0.0035029481875008687
recent 8.800880088008801E-4 0.5596157879354227 4.925111444976217E-4
they 0.0024202420242024204 0.167573700159399 4.0556891127687333E-4
based 0.0035203520352035203 0.18805223150293962 6.620100558959371E-4
distinguish 4.4004400440044003E-4 1.906689435902032 8.390272545223463E-4
them 0.0013201320132013201 0.5696661237889241 7.520344868500649E-4
then 0.0017601760176017601 0.4285875255290187 7.543894838794609E-4
substantial 2.2002200220022002E-4 1.5812670354674039 3.479135391567445E-4
benefit 2.2002200220022002E-4 1.293584963015623 2.8461715357879495E-4
something 2.2002200220022002E-4 2.169053700369523 4.772395380350986E-4
undertaken 2.2002200220022002E-4 2.5998366164619773 5.720212577474097E-4
concepts 4.4004400440044003E-4 1.79749014393704 7.909747608083785E-4
cognitive 2.2002200220022002E-4 2.120263536200091 4.665046284268627E-4
stopping 4.4004400440044003E-4 3.2188758248682006 0.0014164470076427724
unique 6.600660066006601E-4 1.157452788691043 7.639952400600945E-4
processing 0.0019801980198019802 0.7221347174331975 0.0014299697374914801
subsets 2.2002200220022002E-4 2.9675613965872945 6.529288001292176E-4
access 2.2002200220022002E-4 1.252762968495368 2.75635416610642E-4
examine 2.2002200220022002E-4 1.4512139072192063 3.192989894871741E-4
believe 4.4004400440044003E-4 1.5538680612792897 6.83770323995287E-4
long 2.2002200220022002E-4 0.7827593392496325 1.722242770626254E-4
outlining 2.2002200220022002E-4 4.471638793363569 9.838589204320283E-4
softmax 2.2002200220022002E-4 2.6798793241355137 5.896324145512681E-4
into 0.0017601760176017601 0.10854016857520597 1.9104980167252976E-4
referring 2.2002200220022002E-4 2.2744142160273495 5.004211696429812E-4
current 2.2002200220022002E-4 0.4919571394616079 1.0824139482103585E-4
nominal 2.2002200220022002E-4 2.8622008809294686 6.297471685213352E-4
variety 4.4004400440044003E-4 1.0872485300177945 4.784371969275223E-4
identifiable 2.2002200220022002E-4 2.9675613965872945 6.529288001292176E-4
vector 2.2002200220022002E-4 1.3146383722134554 2.8924936682364253E-4
preferred 2.2002200220022002E-4 2.2744142160273495 5.004211696429812E-4
stopped 2.2002200220022002E-4 3.2188758248682006 7.082235038213862E-4
necessary 2.2002200220022002E-4 0.8607208807193443 1.8937753151140687E-4
decision 2.2002200220022002E-4 1.157452788691043 2.5466508002003146E-4
one 6.600660066006601E-4 0.06491954609931569 4.285118554410277E-5
coordinates 4.4004400440044003E-4 2.7668907011251433 0.0012175536638614492
makes 2.2002200220022002E-4 1.0539121097502027 2.318838525302976E-4
many 0.0011001100110011 0.20194134366360675 2.2215769379934735E-4
single 0.0017601760176017601 0.6429973968744738 0.0011317885973588097
appear 4.4004400440044003E-4 1.4512139072192063 6.385979789743482E-4
hill 8.800880088008801E-4 4.471638793363569 0.003935435681728113
lstm 6.600660066006601E-4 2.456735772821304 0.0016216077708391446
residential 2.2002200220022002E-4 3.373026504695459 7.421400450375047E-4
texts 2.2002200220022002E-4 1.4512139072192063 3.192989894871741E-4
associated 0.0019801980198019802 0.4373981552111735 8.66134960814205E-4
showed 2.2002200220022002E-4 0.5398131606392429 1.1877077241787522E-4
progress 4.4004400440044003E-4 1.79749014393704 7.909747608083785E-4
assist 2.2002200220022002E-4 2.5257286443082556 5.557158733351498E-4
open 6.600660066006601E-4 1.0872485300177945 7.176557953912835E-4
partially 2.2002200220022002E-4 2.169053700369523 4.772395380350986E-4
but 8.800880088008801E-4 0.083381608939051 7.338315418178306E-5
embeddings 8.800880088008801E-4 2.2203469947570738 0.001954100765462771
country 2.2002200220022002E-4 2.456735772821304 5.405359236130482E-4
separate 8.800880088008801E-4 1.3146383722134554 0.0011569974672945701
conditional 4.4004400440044003E-4 2.120263536200091 9.330092568537254E-4
numbers 2.2002200220022002E-4 1.121734706088964 2.468063159711692E-4
rules 2.2002200220022002E-4 1.79749014393704 3.9548738040418924E-4
delozier 2.2002200220022002E-4 5.1647859739235145 0.001136366550918265
contexts 4.4004400440044003E-4 2.0292917579943643 8.929776712846487E-4
inside 6.600660066006601E-4 1.906689435902032 0.0012585408817835195
descriptions 2.2002200220022002E-4 1.8325814637483102 4.0320824284891313E-4
ambiguity 2.2002200220022002E-4 2.9675613965872945 6.529288001292176E-4
associating 2.2002200220022002E-4 4.471638793363569 9.838589204320283E-4
metonymic 6.600660066006601E-4 5.1647859739235145 0.003409099652754795
roughly 2.2002200220022002E-4 1.9459101490553132 4.281430470968786E-4
written 4.4004400440044003E-4 1.121734706088964 4.936126319423383E-4
five 2.2002200220022002E-4 0.9021060968821986 1.9848318963304698E-4
treated 2.2002200220022002E-4 1.0216512475319812 2.247857530323391E-4
coordinate 2.2002200220022002E-4 2.5998366164619773 5.720212577474097E-4
solutions 4.4004400440044003E-4 1.4271163556401458 6.279939958812522E-4
query 4.4004400440044003E-4 2.5257286443082556 0.0011114317466702996
this 0.009240924092409241 0.017291497110061043 1.5978941223818787E-4
reasonably 2.2002200220022002E-4 3.0853444322436783 6.788436594595552E-4
collection 0.0015401540154015402 1.0216512475319812 0.0015735002712263739
disambiguate 2.2002200220022002E-4 5.1647859739235145 0.001136366550918265
extract 0.0015401540154015402 1.3805963400052528 0.0021263309967077602
achieving 2.2002200220022002E-4 2.2203469947570738 4.885251913656928E-4
once 2.2002200220022002E-4 1.4271163556401458 3.139969979406261E-4
demonstrate 6.600660066006601E-4 1.293584963015623 8.538514607363849E-4
region 2.2002200220022002E-4 1.9867321435755685 4.3712478406503154E-4
higher 4.4004400440044003E-4 0.41985384556026406 1.847541674632625E-4
allow 2.2002200220022002E-4 1.252762968495368 2.75635416610642E-4
questionnaire 2.2002200220022002E-4 2.456735772821304 5.405359236130482E-4
reasons 2.2002200220022002E-4 1.3581234841531944 2.988170482185246E-4
sequential 2.2002200220022002E-4 2.169053700369523 4.772395380350986E-4
proper 2.2002200220022002E-4 1.5538680612792897 3.418851619976435E-4
learning 0.0013201320132013201 0.9306794693262548 0.001228619761486805
speed 2.2002200220022002E-4 1.8689491079191851 4.112099247346942E-4
recognised 2.2002200220022002E-4 3.7784916128036232 8.313512899457917E-4
gao 4.4004400440044003E-4 3.7784916128036232 0.0016627025798915834
common 4.4004400440044003E-4 0.3526016185510966 1.5516022818530103E-4
throughout 2.2002200220022002E-4 1.4759065198095778 3.24731907548862E-4
missing 2.2002200220022002E-4 1.6384254493073527 3.604896478123988E-4
every 6.600660066006601E-4 1.0539121097502027 6.956515575908929E-4
dror 2.2002200220022002E-4 5.1647859739235145 0.001136366550918265
singleton 0.0015401540154015402 5.1647859739235145 0.007954565856427856
summary 2.2002200220022002E-4 1.4271163556401458 3.139969979406261E-4
types 2.2002200220022002E-4 0.7459453661269161 1.6412439298722027E-4
figure 0.00286028602860286 0.20194134366360675 5.776100038783031E-4
cases 2.2002200220022002E-4 0.6004377824556778 1.3210952309255836E-4
previous 6.600660066006601E-4 0.32850406697203605 2.1683436763830763E-4
apply 2.2002200220022002E-4 1.3146383722134554 2.8924936682364253E-4
recently 2.2002200220022002E-4 1.5271998141971284 3.360175608794562E-4
separated 2.2002200220022002E-4 2.169053700369523 4.772395380350986E-4
separates 2.2002200220022002E-4 3.5553480614894135 7.822547990075717E-4
location 8.800880088008801E-4 1.4512139072192063 0.0012771959579486963
step 2.2002200220022002E-4 1.0872485300177945 2.3921859846376116E-4
base 4.4004400440044003E-4 1.5538680612792897 6.83770323995287E-4
tagging 4.4004400440044003E-4 2.392197251683733 0.001052672057946637
simplistic 4.4004400440044003E-4 4.471638793363569 0.0019677178408640567
software 2.2002200220022002E-4 1.157452788691043 2.5466508002003146E-4
during 4.4004400440044003E-4 0.28958865072236245 1.2743174949278875E-4
consist 2.2002200220022002E-4 2.331572629867298 5.129972782986354E-4
relation 4.4004400440044003E-4 1.3361445774344192 5.879624103121757E-4
annotated 0.0022002200220022 1.9459101490553132 0.004281430470968786
selects 4.4004400440044003E-4 2.8622008809294686 0.0012594943370426704
loss 2.2002200220022002E-4 0.9162907318741551 2.0160412142445657E-4
relate 0.0013201320132013201 2.0292917579943643 0.0026789330138539463
organisational 4.4004400440044003E-4 4.0661736852554045 0.0017892953510474827
berragan 0.0015401540154015402 5.1647859739235145 0.007954565856427856
problem 2.2002200220022002E-4 0.9162907318741551 2.0160412142445657E-4
terms 4.4004400440044003E-4 0.5696661237889241 2.5067816228335494E-4
road 0.0013201320132013201 3.2188758248682006 0.0042493410229283175
review 2.2002200220022002E-4 0.5696661237889241 1.2533908114167747E-4
between 0.0022002200220022 0.058840500022933395 1.2946204625507898E-4
attempts 4.4004400440044003E-4 1.8325814637483102 8.064164856978263E-4
transformers 4.4004400440044003E-4 3.0853444322436783 0.0013576873189191103
goal 2.2002200220022002E-4 1.4759065198095778 3.24731907548862E-4
natural 0.0022002200220022 0.6429973968744738 0.0014147357466985121
teams 2.2002200220022002E-4 2.9675613965872945 6.529288001292176E-4
method 6.600660066006601E-4 0.4734380916943703 3.125003905573401E-4
relating 4.4004400440044003E-4 2.392197251683733 0.001052672057946637
work 0.0026402640264026403 0.5696661237889241 0.0015040689737001298
overhead 2.2002200220022002E-4 3.7784916128036232 8.313512899457917E-4
reduced 2.2002200220022002E-4 0.9452782687474074 2.0798201732616224E-4
dbpedia 0.0011001100110011 4.0661736852554045 0.004473238377618706
baseline 8.800880088008801E-4 1.5538680612792897 0.001367540647990574
doccano 2.2002200220022002E-4 5.1647859739235145 0.001136366550918265
churches 2.2002200220022002E-4 5.1647859739235145 0.001136366550918265
exist 4.4004400440044003E-4 1.5271998141971284 6.720351217589124E-4
itself 2.2002200220022002E-4 1.7635885922613586 3.8802829312681157E-4
books 2.2002200220022002E-4 2.6798793241355137 5.896324145512681E-4
examples 2.2002200220022002E-4 1.1394342831883648 2.5070061236267654E-4
following 0.0011001100110011 0.2160260835453457 2.376524571455948E-4
labelling 6.600660066006601E-4 2.392197251683733 0.0015790080869199556
word 8.800880088008801E-4 1.1394342831883648 0.0010028024494507062
neighbouring 2.2002200220022002E-4 3.373026504695459 7.421400450375047E-4
regions 6.600660066006601E-4 2.0292917579943643 0.0013394665069269731
range 4.4004400440044003E-4 0.6988778552689304 3.075370100193313E-4
our 0.005280528052805281 0.19497267434751336 0.001029558676422513
derive 2.2002200220022002E-4 2.6798793241355137 5.896324145512681E-4
outputting 2.2002200220022002E-4 5.1647859739235145 0.001136366550918265
out 4.4004400440044003E-4 0.368995428326773 1.6237422588636876E-4
recall 8.800880088008801E-4 1.8689491079191851 0.0016448396989387768
place 0.02706270627062706 1.3805963400052528 0.03736267322786493
demonstrated 4.4004400440044003E-4 0.8607208807193443 3.7875506302281374E-4
regular 2.2002200220022002E-4 1.9459101490553132 4.281430470968786E-4
include 8.800880088008801E-4 0.5013468798114469 4.412293771717904E-4
alongside 4.4004400440044003E-4 3.2188758248682006 0.0014164470076427724
abstract 4.4004400440044003E-4 2.169053700369523 9.544790760701972E-4
suggest 2.2002200220022002E-4 1.0059028905638423 2.2132076800084538E-4
token 0.0026402640264026403 2.456735772821304 0.0064864310833565786
expect 2.2002200220022002E-4 2.2203469947570738 4.885251913656928E-4
elements 2.2002200220022002E-4 1.5012243277938677 3.3030238235288615E-4
located 2.2002200220022002E-4 1.730798769438368 3.808138106575067E-4
runs 2.2002200220022002E-4 2.5998366164619773 5.720212577474097E-4
first 0.0011001100110011 0.167573700159399 1.8434950512585149E-4
span 6.600660066006601E-4 2.9675613965872945 0.0019587864003876533
dimensions 2.2002200220022002E-4 2.331572629867298 5.129972782986354E-4
imbalance 2.2002200220022002E-4 2.9675613965872945 6.529288001292176E-4
data 0.007700770077007701 0.167573700159399 0.0012904465358809605
perfect 2.2002200220022002E-4 2.9675613965872945 6.529288001292176E-4
space 2.2002200220022002E-4 1.3146383722134554 2.8924936682364253E-4
reference 2.2002200220022002E-4 1.4759065198095778 3.24731907548862E-4
spacy 0.0024202420242024204 3.5553480614894135 0.00860480278908329
optimisation 2.2002200220022002E-4 3.0853444322436783 6.788436594595552E-4
describing 4.4004400440044003E-4 1.6990500711237875 7.476567969741639E-4
only 0.00286028602860286 0.10854016857520597 3.104559277178609E-4
should 0.0011001100110011 0.368995428326773 4.059355647159219E-4
create 6.600660066006601E-4 1.0704414117014134 7.06561987921725E-4
from 0.012981298129812982 0.023122417420854212 3.001589940220899E-4
tag 6.600660066006601E-4 3.0853444322436783 0.0020365309783786653
development 6.600660066006601E-4 0.6004377824556778 3.963285692776751E-4
demonstrates 6.600660066006601E-4 2.120263536200091 0.0013995138852805882
like 0.0015401540154015402 0.7827593392496325 0.0012055699394383779
bottom 4.4004400440044003E-4 2.7668907011251433 0.0012175536638614492
tokenisation 2.2002200220022002E-4 5.1647859739235145 0.001136366550918265
proposes 2.2002200220022002E-4 2.456735772821304 5.405359236130482E-4
capture 2.2002200220022002E-4 1.293584963015623 2.8461715357879495E-4
allennlp 6.600660066006601E-4 5.1647859739235145 0.003409099652754795
sequentially 2.2002200220022002E-4 3.5553480614894135 7.822547990075717E-4
published 0.0015401540154015402 0.03488725900044054 5.3731752035882025E-5
towards 0.0013201320132013201 1.5012243277938677 0.001981814294117317
sequence 0.0015401540154015402 1.4271163556401458 0.002197978985584383
techniques 6.600660066006601E-4 0.9751312318970885 6.436509781498934E-4
hills 2.2002200220022002E-4 5.1647859739235145 0.001136366550918265
cleaned 2.2002200220022002E-4 2.5998366164619773 5.720212577474097E-4
ground 8.800880088008801E-4 2.169053700369523 0.0019089581521403943
potentially 2.2002200220022002E-4 1.1394342831883648 2.5070061236267654E-4
note 2.2002200220022002E-4 1.0872485300177945 2.3921859846376116E-4
purpose 4.4004400440044003E-4 1.0539121097502027 4.637677050605952E-4
instances 6.600660066006601E-4 1.9459101490553132 0.0012844291412906358
line 2.2002200220022002E-4 1.0059028905638423 2.2132076800084538E-4
scientific 2.2002200220022002E-4 1.8325814637483102 4.0320824284891313E-4
frequent 2.2002200220022002E-4 1.4271163556401458 3.139969979406261E-4
link 4.4004400440044003E-4 1.6384254493073527 7.209792956247976E-4
chapeltown 2.2002200220022002E-4 5.1647859739235145 0.001136366550918265
network 2.2002200220022002E-4 1.0704414117014134 2.35520662640575E-4
inclusion 2.2002200220022002E-4 1.3581234841531944 2.988170482185246E-4
can 4.4004400440044003E-4 0.0958817717032825 4.219219876932123E-5
numerical 2.2002200220022002E-4 1.6990500711237875 3.7382839848708197E-4
targeting 2.2002200220022002E-4 2.456735772821304 5.405359236130482E-4
operations 4.4004400440044003E-4 1.9459101490553132 8.562860941937572E-4
paper 0.0024202420242024204 0.9306794693262548 0.0022524695627258095
floating 2.2002200220022002E-4 3.5553480614894135 7.822547990075717E-4
vgi 8.800880088008801E-4 4.0661736852554045 0.0035785907020949655
studies 4.4004400440044003E-4 0.24480504809538922 1.0772499366133739E-4
predictor 2.2002200220022002E-4 2.392197251683733 5.263360289733185E-4
considers 6.600660066006601E-4 2.0292917579943643 0.0013394665069269731
aims 4.4004400440044003E-4 1.4271163556401458 6.279939958812522E-4
constructed 8.800880088008801E-4 1.8325814637483102 0.0016128329713956525
limited 0.0011001100110011 0.5696661237889241 6.266954057083874E-4
will 6.600660066006601E-4 0.3526016185510966 2.3274034227795156E-4
advantage 2.2002200220022002E-4 1.4271163556401458 3.139969979406261E-4
implementation 4.4004400440044003E-4 1.4035858582299516 6.176395415753362E-4
allowing 2.2002200220022002E-4 1.5538680612792897 3.418851619976435E-4
instead 2.2002200220022002E-4 1.0376515888784226 2.2830618017127008E-4
follow 2.2002200220022002E-4 1.4512139072192063 3.192989894871741E-4
passive 4.4004400440044003E-4 3.2188758248682006 0.0014164470076427724
calafiore 0.0015401540154015402 5.1647859739235145 0.007954565856427856
performance 0.0011001100110011 0.7703368192510752 8.474552467008528E-4
corresponding 2.2002200220022002E-4 1.0872485300177945 2.3921859846376116E-4
ambassador 4.4004400440044003E-4 5.1647859739235145 0.00227273310183653
locations 8.800880088008801E-4 2.2744142160273495 0.002001684678571925
informal 0.0015401540154015402 3.373026504695459 0.005194980315262533
capitalisation 2.2002200220022002E-4 4.471638793363569 9.838589204320283E-4
normally 2.2002200220022002E-4 2.2744142160273495 5.004211696429812E-4
