functions 1.838235294117647E-4 1.3805963400052528 2.537860919127303E-4
leading 1.838235294117647E-4 1.0704414117014134 1.9677231832746568E-4
accuracy 0.0016544117647058823 1.0539121097502027 0.0017436045933367323
explanation 3.676470588235294E-4 1.8689491079191851 6.871136426173475E-4
tokenization 1.838235294117647E-4 2.8622008809294686 5.26139867817917E-4
tolls 1.838235294117647E-4 5.1647859739235145 9.49409186382999E-4
building 1.838235294117647E-4 1.4759065198095778 2.713063455532312E-4
these 0.0023897058823529414 0.03488725900044054 8.337028805252336E-5
begins 1.838235294117647E-4 3.373026504695459 6.200416368925476E-4
score 7.352941176470588E-4 1.121734706088964 8.248049309477676E-4
introduced 1.838235294117647E-4 1.0059028905638423 1.849086195889416E-4
would 1.838235294117647E-4 0.5013468798114469 9.215935290651596E-5
quantile 0.004227941176470588 5.1647859739235145 0.021836411286808976
fluctuate 1.838235294117647E-4 4.0661736852554045 7.474583980248905E-4
calculate 3.676470588235294E-4 1.6682784124570338 6.133376516386154E-4
because 3.676470588235294E-4 0.34450440831847723 1.266560324700284E-4
assigning 1.838235294117647E-4 2.5257286443082556 4.642883537331352E-4
shortest 1.838235294117647E-4 2.8622008809294686 5.26139867817917E-4
zerom 1.838235294117647E-4 5.1647859739235145 9.49409186382999E-4
thus 0.0011029411764705882 0.8881198549074587 9.795439576185205E-4
appendix 3.676470588235294E-4 2.456735772821304 9.032116811843029E-4
narrative 1.838235294117647E-4 2.8622008809294686 5.26139867817917E-4
biased 1.838235294117647E-4 2.456735772821304 4.5160584059215144E-4
raw 1.838235294117647E-4 2.2744142160273495 4.1809084853443925E-4
investment 1.838235294117647E-4 3.0853444322436783 5.671589029859703E-4
google 3.676470588235294E-4 1.9867321435755685 7.304162292557237E-4
economy 0.003860294117647059 2.9675613965872945 0.011455659803002423
indicators 0.004411764705882353 1.9459101490553132 0.008584897716420499
analysis 0.003860294117647059 0.15415067982725836 5.950669625684606E-4
packages 1.838235294117647E-4 3.7784916128036232 6.945756641183131E-4
capitalize 1.838235294117647E-4 4.471638793363569 8.219924252506561E-4
contains 5.514705882352941E-4 1.2135422553420867 6.692328614018861E-4
sorted 1.838235294117647E-4 3.2188758248682006 5.91705114865478E-4
correlation 1.838235294117647E-4 1.3805963400052528 2.537860919127303E-4
selection 0.0011029411764705882 1.1043429633770947 0.0012180253272541484
size 0.001286764705882353 0.127833371509885 1.6449147069286672E-4
left 0.0014705882352941176 1.2729656758128876 0.001872008346783658
object 1.838235294117647E-4 2.169053700369523 3.987231066855741E-4
newspaper 1.838235294117647E-4 4.0661736852554045 7.474583980248905E-4
statistical 0.0014705882352941176 0.653926467406664 9.616565697156824E-4
providing 3.676470588235294E-4 1.252762968495368 4.605746207703559E-4
role 1.838235294117647E-4 0.6761496041913742 1.2429220665282614E-4
least 7.352941176470588E-4 0.653926467406664 4.808282848578412E-4
datasets 0.001286764705882353 1.4512139072192063 0.0018673708364953022
uncertainty 1.838235294117647E-4 2.073743520565198 3.8120285304507314E-4
weekly 9.191176470588235E-4 3.2188758248682006 0.0029585255743273904
example 5.514705882352941E-4 0.9162907318741551 5.053073889011885E-4
result 7.352941176470588E-4 0.4285875255290187 3.151378864183961E-4
same 1.838235294117647E-4 0.2972515234679317 5.464182416689921E-5
aspect 3.676470588235294E-4 1.6682784124570338 6.133376516386154E-4
after 9.191176470588235E-4 0.12136085700426753 1.1154490533480471E-4
policy 0.0022058823529411764 2.169053700369523 0.00478467728022689
saint 1.838235294117647E-4 5.1647859739235145 9.49409186382999E-4
density 0.0014705882352941176 2.5257286443082556 0.0037143068298650817
kernel 3.676470588235294E-4 2.9675613965872945 0.0010910152193335642
namely 5.514705882352941E-4 2.073743520565198 0.0011436085591352194
representing 1.838235294117647E-4 1.3361445774344192 2.456148120283859E-4
union 3.676470588235294E-4 2.7668907011251433 0.001017239228354832
the 0.15128676470588234 0.017291497110061043 0.0026159746547022495
cfnai 0.0011029411764705882 5.1647859739235145 0.005696455118297994
norway 1.838235294117647E-4 4.0661736852554045 7.474583980248905E-4
days 0.0011029411764705882 1.1043429633770947 0.0012180253272541484
penalization 1.838235294117647E-4 4.471638793363569 8.219924252506561E-4
information 0.004411764705882353 0.3049735695618419 0.0013454716304198908
adrian 1.838235294117647E-4 5.1647859739235145 9.49409186382999E-4
leverages 1.838235294117647E-4 3.5553480614894135 6.535566289502598E-4
normality 1.838235294117647E-4 3.5553480614894135 6.535566289502598E-4
novel 1.838235294117647E-4 1.3805963400052528 2.537860919127303E-4
discuss 1.838235294117647E-4 1.4759065198095778 2.713063455532312E-4
recessions 0.0011029411764705882 5.1647859739235145 0.005696455118297994
reports 3.676470588235294E-4 1.0539121097502027 3.8746768740816274E-4
evidence 7.352941176470588E-4 0.9306794693262548 6.843231392104815E-4
official 0.0011029411764705882 2.392197251683733 0.002638452851121764
historical 1.838235294117647E-4 2.392197251683733 4.3974214185362733E-4
specifications 1.838235294117647E-4 3.7784916128036232 6.945756641183131E-4
tetlock 5.514705882352941E-4 5.1647859739235145 0.002848227559148997
compute 5.514705882352941E-4 2.2203469947570738 0.0012244560632851508
analytics 1.838235294117647E-4 2.8622008809294686 5.26139867817917E-4
belonging 1.838235294117647E-4 2.120263536200091 3.8975432650736967E-4
syntactic 1.838235294117647E-4 2.2203469947570738 4.081520210950503E-4
tenses 7.352941176470588E-4 5.1647859739235145 0.003797636745531996
post 3.676470588235294E-4 1.9867321435755685 7.304162292557237E-4
excluding 1.838235294117647E-4 2.120263536200091 3.8975432650736967E-4
implement 1.838235294117647E-4 1.8325814637483102 3.368715926007923E-4
assigns 1.838235294117647E-4 2.6798793241355137 4.926248757602047E-4
weighted 5.514705882352941E-4 1.9459101490553132 0.0010731122145525623
polarity 1.838235294117647E-4 2.7668907011251433 5.08619614177416E-4
contributed 1.838235294117647E-4 1.5812670354674039 2.906740874020963E-4
area 7.352941176470588E-4 0.9600933545325481 7.059509959798148E-4
making 1.838235294117647E-4 1.0704414117014134 1.9677231832746568E-4
cpiaucsl 3.676470588235294E-4 5.1647859739235145 0.001898818372765998
finite 1.838235294117647E-4 2.331572629867298 4.285979099020768E-4
adj 3.676470588235294E-4 5.1647859739235145 0.001898818372765998
its 7.352941176470588E-4 0.19497267434751336 1.4336226054964218E-4
often 3.676470588235294E-4 0.5900749954201312 2.169393365515188E-4
newspapers 1.838235294117647E-4 3.373026504695459 6.200416368925476E-4
check 1.838235294117647E-4 2.0292917579943643 3.7303157316072874E-4
list 1.838235294117647E-4 1.3581234841531944 2.496550522340431E-4
article 9.191176470588235E-4 1.5812670354674039 0.0014533704370104815
respect 3.676470588235294E-4 1.5812670354674039 5.813481748041926E-4
governmental 1.838235294117647E-4 3.7784916128036232 6.945756641183131E-4
volume 5.514705882352941E-4 1.4512139072192063 8.003017870694152E-4
ads 3.676470588235294E-4 3.7784916128036232 0.0013891513282366262
tails 3.676470588235294E-4 4.0661736852554045 0.001494916796049781
materials 3.676470588235294E-4 1.4512139072192063 5.335345247129435E-4
exchange 1.838235294117647E-4 1.8325814637483102 3.368715926007923E-4
parsed 1.838235294117647E-4 3.0853444322436783 5.671589029859703E-4
useful 7.352941176470588E-4 0.9162907318741551 6.737431852015846E-4
aligning 1.838235294117647E-4 4.471638793363569 8.219924252506561E-4
technical 1.838235294117647E-4 2.0292917579943643 3.7303157316072874E-4
production 5.514705882352941E-4 1.6094379124341003 8.875576722982171E-4
united 5.514705882352941E-4 1.5812670354674039 8.720222622062889E-4
applied 1.838235294117647E-4 0.6109090823229731 1.1229946366231124E-4
smallest 1.838235294117647E-4 2.6798793241355137 4.926248757602047E-4
provided 0.0016544117647058823 0.7104386776700063 0.0011753581064393487
tois 1.838235294117647E-4 5.1647859739235145 9.49409186382999E-4
unites 1.838235294117647E-4 4.0661736852554045 7.474583980248905E-4
previously 1.838235294117647E-4 0.8340526336371831 1.5331849883036455E-4
constituent 1.838235294117647E-4 3.373026504695459 6.200416368925476E-4
provides 0.0011029411764705882 0.6214911916535102 6.854682260884304E-4
standardized 1.838235294117647E-4 2.120263536200091 3.8975432650736967E-4
end 0.001286764705882353 1.1758019273592397 0.0015129804212343158
projection 1.838235294117647E-4 2.456735772821304 4.5160584059215144E-4
hard 1.838235294117647E-4 1.8689491079191851 3.4355682130867376E-4
sampled 1.838235294117647E-4 2.9675613965872945 5.455076096667821E-4
selecting 1.838235294117647E-4 2.120263536200091 3.8975432650736967E-4
identify 7.352941176470588E-4 0.6214911916535102 4.569788173922869E-4
hollrah 1.838235294117647E-4 5.1647859739235145 9.49409186382999E-4
perform 3.676470588235294E-4 0.9600933545325481 3.529754979899074E-4
multiple 0.0011029411764705882 0.5108256237659907 5.634106144477839E-4
agencies 3.676470588235294E-4 2.9675613965872945 0.0010910152193335642
message 1.838235294117647E-4 2.8622008809294686 5.26139867817917E-4
significance 0.0027573529411764708 1.2329603411991883 0.003399706823159527
better 3.676470588235294E-4 0.4285875255290187 1.5756894320919805E-4
with 0.007904411764705882 0.017291497110061043 1.3667911318614428E-4
horizon 0.001286764705882353 2.6798793241355137 0.003448374130321433
vintages 5.514705882352941E-4 5.1647859739235145 0.002848227559148997
yekutieli 3.676470588235294E-4 5.1647859739235145 0.001898818372765998
uniqueness 1.838235294117647E-4 3.5553480614894135 6.535566289502598E-4
there 5.514705882352941E-4 0.12136085700426753 6.692694320088282E-5
detected 1.838235294117647E-4 1.5271998141971284 2.807352599627074E-4
well 7.352941176470588E-4 0.3127557100038969 2.2996743382639479E-4
happens 3.676470588235294E-4 2.8622008809294686 0.001052279735635834
taking 3.676470588235294E-4 1.3581234841531944 4.993101044680862E-4
smaller 0.001838235294117647 1.121734706088964 0.002062012327369419
moreira 5.514705882352941E-4 5.1647859739235145 0.002848227559148997
tendency 1.838235294117647E-4 2.2744142160273495 4.1809084853443925E-4
considered 1.838235294117647E-4 0.32059888746492277 5.893361901928727E-5
release 0.0029411764705882353 2.392197251683733 0.007035874269658037
averaging 3.676470588235294E-4 3.0853444322436783 0.0011343178059719406
focus 1.838235294117647E-4 0.6874491594453075 1.263693307803874E-4
favorable 1.838235294117647E-4 2.5257286443082556 4.642883537331352E-4
approach 0.004044117647058824 0.5398131606392429 0.002183067929055762
years 3.676470588235294E-4 0.7104386776700063 2.6119069031985527E-4
variation 1.838235294117647E-4 1.4035858582299516 2.580121062922705E-4
number 0.0023897058823529414 0.167573700159399 4.004518569985639E-4
shorten 1.838235294117647E-4 4.0661736852554045 7.474583980248905E-4
lags 5.514705882352941E-4 4.471638793363569 0.0024659772757519684
pairwise 1.838235294117647E-4 2.6798793241355137 4.926248757602047E-4
noninflected 1.838235294117647E-4 5.1647859739235145 9.49409186382999E-4
decline 1.838235294117647E-4 2.2203469947570738 4.081520210950503E-4
brave 3.676470588235294E-4 5.1647859739235145 0.001898818372765998
flow 9.191176470588235E-4 1.5012243277938677 0.0013798017718693637
order 3.676470588235294E-4 0.6214911916535102 2.2848940869614346E-4
algorithm 3.676470588235294E-4 1.0059028905638423 3.698172391778832E-4
shorter 3.676470588235294E-4 2.120263536200091 7.795086530147393E-4
similar 7.352941176470588E-4 0.20895891632225325 1.536462620016568E-4
period 0.0016544117647058823 0.8472978603872037 0.0014017795484347118
considering 1.838235294117647E-4 0.9162907318741551 1.6843579630039616E-4
testing 0.0011029411764705882 1.293584963015623 0.0014267481209731137
specify 1.838235294117647E-4 2.7668907011251433 5.08619614177416E-4
understand 1.838235294117647E-4 1.121734706088964 2.062012327369419E-4
slowly 1.838235294117647E-4 2.9675613965872945 5.455076096667821E-4
relevance 3.676470588235294E-4 2.073743520565198 7.624057060901463E-4
jointly 1.838235294117647E-4 2.8622008809294686 5.26139867817917E-4
million 3.676470588235294E-4 1.5012243277938677 5.519207087477455E-4
likelihood 1.838235294117647E-4 1.7635885922613586 3.2418907945980853E-4
even 3.676470588235294E-4 0.377294231141468 1.387111143902456E-4
strongly 3.676470588235294E-4 1.6990500711237875 6.24650761442569E-4
analyze 1.838235294117647E-4 1.5271998141971284 2.807352599627074E-4
driven 1.838235294117647E-4 2.392197251683733 4.3974214185362733E-4
authors 0.001286764705882353 0.023122417420854212 2.9753110651834464E-5
larger 1.838235294117647E-4 0.9162907318741551 1.6843579630039616E-4
hypotheses 3.676470588235294E-4 2.7668907011251433 0.001017239228354832
hochberg 3.676470588235294E-4 5.1647859739235145 0.001898818372765998
other 0.0014705882352941176 0.0408219945202552 6.0032344882728235E-5
aim 1.838235294117647E-4 1.0376515888784226 1.9074477736735708E-4
tone 5.514705882352941E-4 3.5553480614894135 0.0019606698868507794
optimism 1.838235294117647E-4 4.471638793363569 8.219924252506561E-4
koenker 1.838235294117647E-4 5.1647859739235145 9.49409186382999E-4
local 3.676470588235294E-4 1.0704414117014134 3.9354463665493137E-4
toi 5.514705882352941E-4 5.1647859739235145 0.002848227559148997
segments 1.838235294117647E-4 2.456735772821304 4.5160584059215144E-4
top 1.838235294117647E-4 1.5538680612792897 2.856375112645753E-4
indicates 3.676470588235294E-4 1.0376515888784226 3.8148955473471416E-4
bybee 1.838235294117647E-4 5.1647859739235145 9.49409186382999E-4
have 0.0014705882352941176 0.028987536873252187 4.26287306959591E-5
recessionary 7.352941176470588E-4 5.1647859739235145 0.003797636745531996
decisions 1.838235294117647E-4 1.6094379124341003 2.95852557432739E-4
outcome 3.676470588235294E-4 1.3361445774344192 4.912296240567718E-4
robust 3.676470588235294E-4 1.6682784124570338 6.133376516386154E-4
particularly 1.838235294117647E-4 0.9751312318970885 1.792520646869648E-4
question 1.838235294117647E-4 1.2329603411991883 2.2664712154396843E-4
television 1.838235294117647E-4 3.5553480614894135 6.535566289502598E-4
discussed 5.514705882352941E-4 1.0216512475319812 5.634106144477838E-4
disregards 1.838235294117647E-4 5.1647859739235145 9.49409186382999E-4
noisy 1.838235294117647E-4 3.2188758248682006 5.91705114865478E-4
produce 7.352941176470588E-4 1.157452788691043 8.510682269787081E-4
inconsistent 3.676470588235294E-4 2.6798793241355137 9.852497515204094E-4
powerful 5.514705882352941E-4 2.0292917579943643 0.0011190947194821862
future 5.514705882352941E-4 0.48265474679929443 2.6616989713196384E-4
prat 1.838235294117647E-4 5.1647859739235145 9.49409186382999E-4
measuring 5.514705882352941E-4 1.8689491079191851 0.001030670463926021
fuel 1.838235294117647E-4 3.5553480614894135 6.535566289502598E-4
findings 1.838235294117647E-4 0.7459453661269161 1.3712230994980076E-4
giannone 3.676470588235294E-4 5.1647859739235145 0.001898818372765998
volatility 1.838235294117647E-4 4.471638793363569 8.219924252506561E-4
body 3.676470588235294E-4 1.5012243277938677 5.519207087477455E-4
correspond 3.676470588235294E-4 1.9459101490553132 7.154081430350417E-4
lag 1.838235294117647E-4 3.7784916128036232 6.945756641183131E-4
earlier 3.676470588235294E-4 1.5012243277938677 5.519207087477455E-4
quaedvlieg 5.514705882352941E-4 5.1647859739235145 0.002848227559148997
discusses 1.838235294117647E-4 2.2744142160273495 4.1809084853443925E-4
function 0.0011029411764705882 0.6321864807702582 6.972645008495495E-4
implemented 1.838235294117647E-4 1.293584963015623 2.3779135349551894E-4
modified 3.676470588235294E-4 1.8325814637483102 6.737431852015846E-4
bureau 1.838235294117647E-4 4.0661736852554045 7.474583980248905E-4
stock 7.352941176470588E-4 3.373026504695459 0.0024801665475701904
complement 3.676470588235294E-4 2.392197251683733 8.794842837072547E-4
maintained 1.838235294117647E-4 2.5257286443082556 4.642883537331352E-4
cpi 9.191176470588235E-4 5.1647859739235145 0.004747045931914995
all 0.005147058823529412 0.017291497110061043 8.900035277237301E-5
counting 5.514705882352941E-4 2.120263536200091 0.001169262979522109
new 1.838235294117647E-4 0.38566248081198473 7.089383838455602E-5
comparison 3.676470588235294E-4 0.758066726659261 2.787010024482577E-4
including 3.676470588235294E-4 0.2669461739726028 9.814197572522161E-5
lagged 3.676470588235294E-4 3.7784916128036232 0.0013891513282366262
real 9.191176470588235E-4 1.3361445774344192 0.0012280740601419294
less 1.838235294117647E-4 0.368995428326773 6.783004197183327E-5
corrects 1.838235294117647E-4 4.471638793363569 8.219924252506561E-4
markets 1.838235294117647E-4 3.373026504695459 6.200416368925476E-4
were 3.676470588235294E-4 0.0958817717032825 3.525065136150092E-5
improve 1.838235294117647E-4 0.7104386776700063 1.3059534515992764E-4
monthly 0.004411764705882353 2.8622008809294686 0.012627356827630009
financial 0.00625 1.8689491079191851 0.011680931924494908
media 7.352941176470588E-4 1.5812670354674039 0.0011626963496083852
around 1.838235294117647E-4 1.0216512475319812 1.8780353814926124E-4
represents 0.0014705882352941176 0.9751312318970885 0.0014340165174957183
similarly 9.191176470588235E-4 2.0292917579943643 0.0018651578658036437
and 0.04522058823529412 0.017291497110061043 7.819316707858487E-4
negatively 1.838235294117647E-4 1.8689491079191851 3.4355682130867376E-4
design 1.838235294117647E-4 1.0376515888784226 1.9074477736735708E-4
friday 1.838235294117647E-4 4.471638793363569 8.219924252506561E-4
predict 5.514705882352941E-4 1.2729656758128876 7.020031300438718E-4
tokens 0.001286764705882353 2.120263536200091 0.0027282802855515876
possibility 3.676470588235294E-4 1.252762968495368 4.605746207703559E-4
economists 3.676470588235294E-4 4.471638793363569 0.0016439848505013122
direction 1.838235294117647E-4 1.6682784124570338 3.066688258193077E-4
comments 1.838235294117647E-4 2.5257286443082556 4.642883537331352E-4
gneiting 1.838235294117647E-4 5.1647859739235145 9.49409186382999E-4
rates 1.838235294117647E-4 1.2329603411991883 2.2664712154396843E-4
employment 5.514705882352941E-4 2.8622008809294686 0.0015784196034537511
specific 1.838235294117647E-4 0.40261203912575794 7.400956601576433E-5
any 3.676470588235294E-4 0.2669461739726028 9.814197572522161E-5
followed 9.191176470588235E-4 0.758066726659261 6.967525061206443E-4
despite 1.838235294117647E-4 0.7221347174331975 1.3274535246933776E-4
formulated 1.838235294117647E-4 1.7635885922613586 3.2418907945980853E-4
horizons 0.0029411764705882353 3.7784916128036232 0.01111321062589301
industrial 9.191176470588235E-4 2.2744142160273495 0.0020904542426721964
application 0.002022058823529412 1.0376515888784226 0.002098192551040928
conduct 1.838235294117647E-4 1.6990500711237875 3.123253807212845E-4
consists 5.514705882352941E-4 1.2135422553420867 6.692328614018861E-4
until 3.676470588235294E-4 1.0376515888784226 3.8148955473471416E-4
interested 3.676470588235294E-4 1.8689491079191851 6.871136426173475E-4
strategy 1.838235294117647E-4 1.2135422553420867 2.2307762046729535E-4
wall 1.838235294117647E-4 3.0853444322436783 5.671589029859703E-4
sport 1.838235294117647E-4 3.7784916128036232 6.945756641183131E-4
hypothesis 9.191176470588235E-4 1.9459101490553132 0.001788520357587604
extending 1.838235294117647E-4 2.392197251683733 4.3974214185362733E-4
entails 3.676470588235294E-4 3.373026504695459 0.0012400832737850952
reason 1.838235294117647E-4 1.0059028905638423 1.849086195889416E-4
cluster 3.676470588235294E-4 2.2203469947570738 8.163040421901006E-4
spurious 1.838235294117647E-4 4.0661736852554045 7.474583980248905E-4
developments 1.838235294117647E-4 2.169053700369523 3.987231066855741E-4
accurate 0.0016544117647058823 1.3805963400052528 0.0022840748272145725
shift 1.838235294117647E-4 1.9867321435755685 3.6520811462786184E-4
led 1.838235294117647E-4 1.3581234841531944 2.496550522340431E-4
discussion 7.352941176470588E-4 0.2595111954850846 1.9081705550373868E-4
concern 1.838235294117647E-4 1.6384254493073527 3.011811487697339E-4
companies 1.838235294117647E-4 2.073743520565198 3.8120285304507314E-4
tagged 1.838235294117647E-4 3.373026504695459 6.200416368925476E-4
nonfarm 7.352941176470588E-4 5.1647859739235145 0.003797636745531996
lesser 1.838235294117647E-4 3.7784916128036232 6.945756641183131E-4
represented 1.838235294117647E-4 0.8881198549074587 1.6325732626975344E-4
proxies 1.838235294117647E-4 3.7784916128036232 6.945756641183131E-4
state 0.0022058823529411764 1.0376515888784226 0.002288937328408285
giacomini 1.838235294117647E-4 5.1647859739235145 9.49409186382999E-4
defined 0.0014705882352941176 0.5300569856938783 7.794955671968798E-4
events 1.838235294117647E-4 1.4759065198095778 2.713063455532312E-4
element 1.838235294117647E-4 1.8325814637483102 3.368715926007923E-4
models 9.191176470588235E-4 0.7953381214564925 7.310093028092762E-4
using 0.002022058823529412 0.083381608939051 1.6860251807528697E-4
separately 5.514705882352941E-4 2.331572629867298 0.0012857937297062305
subsampled 3.676470588235294E-4 5.1647859739235145 0.001898818372765998
expected 3.676470588235294E-4 0.9600933545325481 3.529754979899074E-4
sampling 3.676470588235294E-4 1.8689491079191851 6.871136426173475E-4
want 1.838235294117647E-4 1.9867321435755685 3.6520811462786184E-4
forecast 0.0023897058823529414 3.5553480614894135 0.008496236176353379
refine 1.838235294117647E-4 3.373026504695459 6.200416368925476E-4
monitoring 3.676470588235294E-4 1.8325814637483102 6.737431852015846E-4
each 0.0023897058823529414 0.13434805253107854 3.2105233141618036E-4
input 3.676470588235294E-4 1.0216512475319812 3.756070762985225E-4
induce 1.838235294117647E-4 2.456735772821304 4.5160584059215144E-4
dictionary 0.001838235294117647 2.2203469947570738 0.0040815202109505035
pooling 3.676470588235294E-4 3.373026504695459 0.0012400832737850952
slow 3.676470588235294E-4 2.7668907011251433 0.001017239228354832
creating 3.676470588235294E-4 1.79749014393704 6.608419646827353E-4
difference 7.352941176470588E-4 0.6004377824556778 4.4149836945270424E-4
predictors 0.002022058823529412 2.2203469947570738 0.004489672232045554
hussain 1.838235294117647E-4 4.0661736852554045 7.474583980248905E-4
dispersed 1.838235294117647E-4 3.2188758248682006 5.91705114865478E-4
panels 3.676470588235294E-4 5.1647859739235145 0.001898818372765998
frequently 1.838235294117647E-4 1.157452788691043 2.1276705674467704E-4
another 3.676470588235294E-4 0.40261203912575794 1.4801913203152866E-4
availability 7.352941176470588E-4 1.6384254493073527 0.0012047245950789357
two 0.0014705882352941176 0.11492996667397702 1.690146568734956E-4
tradeoff 1.838235294117647E-4 4.471638793363569 8.219924252506561E-4
colors 7.352941176470588E-4 3.373026504695459 0.0024801665475701904
found 1.838235294117647E-4 0.27443684570176036 5.0447949577529475E-5
gray 3.676470588235294E-4 5.1647859739235145 0.001898818372765998
are 0.009926470588235294 0.028987536873252187 2.877439321977239E-4
does 7.352941176470588E-4 0.5696661237889241 4.1887214984479714E-4
reported 9.191176470588235E-4 0.5300569856938783 4.8718472949804985E-4
ingredients 1.838235294117647E-4 5.1647859739235145 9.49409186382999E-4
where 9.191176470588235E-4 0.32850406697203605 3.0193388508459193E-4
expectations 3.676470588235294E-4 2.120263536200091 7.795086530147393E-4
situation 3.676470588235294E-4 1.7635885922613586 6.483781589196171E-4
occurred 3.676470588235294E-4 1.3581234841531944 4.993101044680862E-4
forecasting 0.005698529411764706 3.2188758248682006 0.01834285856082982
arx 5.514705882352941E-4 5.1647859739235145 0.002848227559148997
regressions 3.676470588235294E-4 4.0661736852554045 0.001494916796049781
describes 1.838235294117647E-4 1.5012243277938677 2.7596035437387276E-4
fitted 1.838235294117647E-4 3.5553480614894135 6.535566289502598E-4
such 0.002022058823529412 0.10219094089654716 2.0663609372463583E-4
standing 1.838235294117647E-4 4.0661736852554045 7.474583980248905E-4
wilson 1.838235294117647E-4 3.5553480614894135 6.535566289502598E-4
absolute 1.838235294117647E-4 2.120263536200091 3.8975432650736967E-4
summarizes 3.676470588235294E-4 2.120263536200091 7.795086530147393E-4
describe 1.838235294117647E-4 1.0216512475319812 1.8780353814926124E-4
dataset 5.514705882352941E-4 1.2729656758128876 7.020031300438718E-4
shifted 1.838235294117647E-4 2.7668907011251433 5.08619614177416E-4
through 1.838235294117647E-4 0.2595111954850846 4.770426387593467E-5
insurance 1.838235294117647E-4 2.2744142160273495 4.1809084853443925E-4
barbaglia 0.001286764705882353 5.1647859739235145 0.006645864304680993
becoming 3.676470588235294E-4 2.392197251683733 8.794842837072547E-4
strength 1.838235294117647E-4 1.9867321435755685 3.6520811462786184E-4
granular 3.676470588235294E-4 4.0661736852554045 0.001494916796049781
remains 1.838235294117647E-4 1.4512139072192063 2.6676726235647173E-4
source 3.676470588235294E-4 0.9452782687474074 3.4752877527478214E-4
guided 1.838235294117647E-4 2.392197251683733 4.3974214185362733E-4
domestic 1.838235294117647E-4 2.7668907011251433 5.08619614177416E-4
vulnerable 7.352941176470588E-4 2.6798793241355137 0.0019704995030408188
continue 3.676470588235294E-4 2.2203469947570738 8.163040421901006E-4
unrestricted 1.838235294117647E-4 5.1647859739235145 9.49409186382999E-4
bias 3.676470588235294E-4 1.5271998141971284 5.614705199254148E-4
tile 1.838235294117647E-4 5.1647859739235145 9.49409186382999E-4
has 0.0011029411764705882 0.05279818556697083 5.823329290474724E-5
expansions 3.676470588235294E-4 3.7784916128036232 0.0013891513282366262
results 0.0029411764705882353 0.08961215868968714 2.6356517261672685E-4
those 9.191176470588235E-4 0.3364722366212129 3.092575704239089E-4
estimates 7.352941176470588E-4 2.2203469947570738 0.0016326080843802012
given 0.0016544117647058823 0.3526016185510966 5.833482659852702E-4
statistic 3.676470588235294E-4 2.9675613965872945 0.0010910152193335642
last 5.514705882352941E-4 0.7703368192510752 4.248180988516959E-4
hansen 3.676470588235294E-4 5.1647859739235145 0.001898818372765998
might 0.0016544117647058823 0.7339691750802005 0.0012142872381841552
verbal 0.0014705882352941176 2.9675613965872945 0.004364060877334257
develop 1.838235294117647E-4 1.157452788691043 2.1276705674467704E-4
significant 0.004044117647058824 0.377294231141468 0.0015258222582927015
surprising 3.676470588235294E-4 2.6798793241355137 9.852497515204094E-4
monteforte 1.838235294117647E-4 5.1647859739235145 9.49409186382999E-4
improving 1.838235294117647E-4 1.3361445774344192 2.456148120283859E-4
longer 3.676470588235294E-4 1.1758019273592397 4.3228012035266165E-4
measure 0.003860294117647059 1.0216512475319812 0.003943874301134486
median 7.352941176470588E-4 1.79749014393704 0.0013216839293654706
detecting 1.838235294117647E-4 2.392197251683733 4.3974214185362733E-4
overall 7.352941176470588E-4 0.7339691750802005 5.396832169707357E-4
neighborhood 1.838235294117647E-4 4.0661736852554045 7.474583980248905E-4
assume 1.838235294117647E-4 1.730798769438368 3.181615384997E-4
fields 1.838235294117647E-4 1.4759065198095778 2.713063455532312E-4
updated 3.676470588235294E-4 2.073743520565198 7.624057060901463E-4
parameters 3.676470588235294E-4 1.2135422553420867 4.461552409345907E-4
full 0.001286764705882353 0.14750613710858965 1.8980569113237638E-4
arxs 5.514705882352941E-4 5.1647859739235145 0.002848227559148997
concept 5.514705882352941E-4 1.3581234841531944 7.489651567021292E-4
nearly 1.838235294117647E-4 2.120263536200091 3.8975432650736967E-4
aspects 9.191176470588235E-4 1.0872485300177945 9.9930931067812E-4
show 0.001286764705882353 0.6321864807702582 8.13475250991141E-4
penalized 0.001286764705882353 4.471638793363569 0.005753946976754592
augmented 1.838235294117647E-4 2.8622008809294686 5.26139867817917E-4
recession 0.0016544117647058823 4.471638793363569 0.007397931827255904
conclusion 1.838235294117647E-4 0.653926467406664 1.202070712144603E-4
not 0.0027573529411764708 0.03488725900044054 9.619648621445002E-5
negative 0.0016544117647058823 0.6429973968744738 0.0010637824580643866
shapiro 1.838235294117647E-4 5.1647859739235145 9.49409186382999E-4
central 7.352941176470588E-4 1.3805963400052528 0.0010151443676509212
street 1.838235294117647E-4 2.7668907011251433 5.08619614177416E-4
early 5.514705882352941E-4 0.8340526336371831 4.599554964910936E-4
news 0.005698529411764706 2.0292917579943643 0.01156397876798259
introduce 3.676470588235294E-4 1.7635885922613586 6.483781589196171E-4
was 0.001286764705882353 0.058840500022933395 7.571387870598047E-5
estimated 1.838235294117647E-4 1.3805963400052528 2.537860919127303E-4
algaba 1.838235294117647E-4 5.1647859739235145 9.49409186382999E-4
way 5.514705882352941E-4 0.9306794693262548 5.13242354407861E-4
realization 1.838235294117647E-4 4.0661736852554045 7.474583980248905E-4
target 5.514705882352941E-4 1.0704414117014134 5.903169549823971E-4
equal 1.838235294117647E-4 1.3805963400052528 2.537860919127303E-4
what 1.838235294117647E-4 0.8209805520698303 1.509155426598953E-4
refer 7.352941176470588E-4 1.6682784124570338 0.0012266753032772308
detailed 1.838235294117647E-4 1.1394342831883648 2.094548314684494E-4
watson 1.838235294117647E-4 4.471638793363569 8.219924252506561E-4
dirichlet 1.838235294117647E-4 2.456735772821304 4.5160584059215144E-4
figas 0.0011029411764705882 5.1647859739235145 0.005696455118297994
typical 3.676470588235294E-4 1.4512139072192063 5.335345247129435E-4
short 3.676470588235294E-4 1.157452788691043 4.2553411348935407E-4
delivers 7.352941176470588E-4 3.373026504695459 0.0024801665475701904
time 0.0011029411764705882 0.20194134366360675 2.227294231583898E-4
interpretable 1.838235294117647E-4 3.5553480614894135 6.535566289502598E-4
finance 5.514705882352941E-4 3.7784916128036232 0.0020837269923549393
pricing 1.838235294117647E-4 4.471638793363569 8.219924252506561E-4
applications 5.514705882352941E-4 1.2135422553420867 6.692328614018861E-4
modeling 1.838235294117647E-4 2.169053700369523 3.987231066855741E-4
indpro 9.191176470588235E-4 5.1647859739235145 0.004747045931914995
collected 3.676470588235294E-4 0.8340526336371831 3.066369976607291E-4
when 0.002573529411764706 0.14750613710858965 3.7961138226475275E-4
three 0.0011029411764705882 0.22314355131420976 2.4611421100831956E-4
consistency 1.838235294117647E-4 2.456735772821304 4.5160584059215144E-4
measures 0.00625 1.2329603411991883 0.007706002132494927
identified 1.838235294117647E-4 0.6321864807702582 1.1621075014159157E-4
her 1.838235294117647E-4 2.073743520565198 3.8120285304507314E-4
confirming 1.838235294117647E-4 2.9675613965872945 5.455076096667821E-4
fluctuations 1.838235294117647E-4 3.373026504695459 6.200416368925476E-4
specifically 1.838235294117647E-4 1.3805963400052528 2.537860919127303E-4
enter 1.838235294117647E-4 2.5257286443082556 4.642883537331352E-4
case 0.0016544117647058823 0.38566248081198473 6.380445454610041E-4
promising 3.676470588235294E-4 1.8325814637483102 6.737431852015846E-4
crises 1.838235294117647E-4 3.7784916128036232 6.945756641183131E-4
identifies 1.838235294117647E-4 2.0292917579943643 3.7303157316072874E-4
having 1.838235294117647E-4 0.8340526336371831 1.5331849883036455E-4
depends 1.838235294117647E-4 1.6682784124570338 3.066688258193077E-4
double 0.001838235294117647 2.6798793241355137 0.004926248757602047
conclusions 1.838235294117647E-4 1.0872485300177945 1.99861862135624E-4
welsch 1.838235294117647E-4 5.1647859739235145 9.49409186382999E-4
dates 5.514705882352941E-4 2.7668907011251433 0.0015258588425322481
marcellino 1.838235294117647E-4 5.1647859739235145 9.49409186382999E-4
infancy 1.838235294117647E-4 4.471638793363569 8.219924252506561E-4
davis 7.352941176470588E-4 4.471638793363569 0.0032879697010026244
lowest 0.0011029411764705882 1.6094379124341003 0.0017751153445964341
provide 0.0022058823529411764 0.44628710262841953 9.844568440332783E-4
latent 1.838235294117647E-4 2.0292917579943643 3.7303157316072874E-4
rely 1.838235294117647E-4 1.6094379124341003 2.95852557432739E-4
card 3.676470588235294E-4 3.373026504695459 0.0012400832737850952
explicitly 1.838235294117647E-4 1.5812670354674039 2.906740874020963E-4
computed 1.838235294117647E-4 1.730798769438368 3.181615384997E-4
methods 5.514705882352941E-4 0.20194134366360675 1.113647115791949E-4
sentences 1.838235294117647E-4 1.5812670354674039 2.906740874020963E-4
exercise 5.514705882352941E-4 2.7668907011251433 0.0015258588425322481
formation 1.838235294117647E-4 2.073743520565198 3.8120285304507314E-4
expansionary 3.676470588235294E-4 5.1647859739235145 0.001898818372765998
linguistic 1.838235294117647E-4 1.79749014393704 3.3042098234136764E-4
ways 1.838235294117647E-4 1.4035858582299516 2.580121062922705E-4
estimator 3.676470588235294E-4 4.471638793363569 0.0016439848505013122
low 5.514705882352941E-4 0.6761496041913742 3.728766199584784E-4
categories 1.838235294117647E-4 1.0216512475319812 1.8780353814926124E-4
phases 3.676470588235294E-4 2.392197251683733 8.794842837072547E-4
more 0.003860294117647059 0.05279818556697083 2.0381652516661533E-4
display 0.0011029411764705882 0.167573700159399 1.8482393399933716E-4
csvdisplay 1.838235294117647E-4 0.2669461739726028 4.907098786261081E-5
electricity 1.838235294117647E-4 3.7784916128036232 6.945756641183131E-4
consistent 5.514705882352941E-4 0.9306794693262548 5.13242354407861E-4
great 9.191176470588235E-4 1.3361445774344192 0.0012280740601419294
performed 3.676470588235294E-4 0.4643056081310978 1.707005912246683E-4
inaccurate 1.838235294117647E-4 2.9675613965872945 5.455076096667821E-4
backcasting 1.838235294117647E-4 5.1647859739235145 9.49409186382999E-4
january 1.838235294117647E-4 1.3581234841531944 2.496550522340431E-4
organized 1.838235294117647E-4 1.6990500711237875 3.123253807212845E-4
mcmahon 1.838235294117647E-4 5.1647859739235145 9.49409186382999E-4
summarize 1.838235294117647E-4 2.6798793241355137 4.926248757602047E-4
accounts 3.676470588235294E-4 1.8689491079191851 6.871136426173475E-4
broadly 1.838235294117647E-4 2.6798793241355137 4.926248757602047E-4
prevalent 1.838235294117647E-4 2.5998366164619773 4.779111427319811E-4
choice 3.676470588235294E-4 1.6682784124570338 6.133376516386154E-4
certain 0.0016544117647058823 0.8209805520698303 0.0013582398839390576
economic 0.009191176470588236 1.6990500711237875 0.015616269036064223
levels 1.838235294117647E-4 0.9452782687474074 1.7376438763739107E-4
statistics 5.514705882352941E-4 1.5538680612792897 8.56912533793726E-4
augments 1.838235294117647E-4 4.0661736852554045 7.474583980248905E-4
indicator 0.0033088235294117647 2.120263536200091 0.007015577877132654
brownlees 1.838235294117647E-4 5.1647859739235145 9.49409186382999E-4
small 1.838235294117647E-4 0.6214911916535102 1.1424470434807173E-4
categorizing 1.838235294117647E-4 4.0661736852554045 7.474583980248905E-4
fed 7.352941176470588E-4 1.9867321435755685 0.0014608324585114474
before 3.676470588235294E-4 0.5203950747821414 1.9132171866990494E-4
section 0.0014705882352941176 0.7953381214564925 0.001169614884494842
simple 1.838235294117647E-4 1.157452788691043 2.1276705674467704E-4
used 0.003125 0.07103577311675174 2.2198679098984922E-4
payems 3.676470588235294E-4 5.1647859739235145 0.001898818372765998
pessimistic 1.838235294117647E-4 4.471638793363569 8.219924252506561E-4
looks 1.838235294117647E-4 3.2188758248682006 5.91705114865478E-4
shows 0.001838235294117647 0.5596157879354227 0.0010287054925283506
major 3.676470588235294E-4 0.7104386776700063 2.6119069031985527E-4
denote 9.191176470588235E-4 2.331572629867298 0.002142989549510384
luca 0.001286764705882353 4.471638793363569 0.005753946976754592
presented 1.838235294117647E-4 0.4373981552111735 8.040407264911277E-5
percentage 1.838235294117647E-4 1.3146383722134554 2.4166146548041458E-4
omitting 1.838235294117647E-4 3.5553480614894135 6.535566289502598E-4
few 3.676470588235294E-4 0.6988778552689304 2.5694038796651855E-4
consider 0.001286764705882353 0.8080771472339223 0.0010398051526907088
potential 5.514705882352941E-4 0.44628710262841953 2.4611421100831956E-4
day 0.0016544117647058823 1.4271163556401458 0.0023610380883752414
keeps 1.838235294117647E-4 4.0661736852554045 7.474583980248905E-4
regressors 5.514705882352941E-4 4.471638793363569 0.0024659772757519684
group 1.838235294117647E-4 0.6321864807702582 1.1621075014159157E-4
obtain 7.352941176470588E-4 1.0872485300177945 7.99447448542496E-4
crisis 3.676470588235294E-4 2.6798793241355137 9.852497515204094E-4
particular 5.514705882352941E-4 1.0704414117014134 5.903169549823971E-4
done 1.838235294117647E-4 0.9452782687474074 1.7376438763739107E-4
both 7.352941176470588E-4 0.13434805253107854 9.87853327434401E-5
produced 3.676470588235294E-4 1.3581234841531944 4.993101044680862E-4
most 0.0022058823529411764 0.0771896386911299 1.7027126181866887E-4
market 3.676470588235294E-4 2.073743520565198 7.624057060901463E-4
important 0.0011029411764705882 0.2669461739726028 2.944259271756648E-4
square 1.838235294117647E-4 2.9675613965872945 5.455076096667821E-4
effects 1.838235294117647E-4 1.0216512475319812 1.8780353814926124E-4
refers 1.838235294117647E-4 1.5271998141971284 2.807352599627074E-4
asymptotic 1.838235294117647E-4 4.471638793363569 8.219924252506561E-4
effect 3.676470588235294E-4 0.758066726659261 2.787010024482577E-4
daily 9.191176470588235E-4 1.6384254493073527 0.0015059057438486698
keep 1.838235294117647E-4 1.906689435902032 3.5049438159963825E-4
produces 1.838235294117647E-4 2.073743520565198 3.8120285304507314E-4
topic 0.001286764705882353 1.2729656758128876 0.001638007303435701
forecasts 0.0033088235294117647 3.7784916128036232 0.012502361954129635
who 5.514705882352941E-4 0.44628710262841953 2.4611421100831956E-4
shutdowns 1.838235294117647E-4 4.471638793363569 8.219924252506561E-4
relied 1.838235294117647E-4 2.5998366164619773 4.779111427319811E-4
values 0.001286764705882353 0.5900749954201312 7.592876779303158E-4
contribute 3.676470588235294E-4 1.0704414117014134 3.9354463665493137E-4
their 0.001286764705882353 0.12136085700426753 1.561628674687266E-4
why 1.838235294117647E-4 1.4271163556401458 2.623375653750268E-4
outliers 1.838235294117647E-4 4.0661736852554045 7.474583980248905E-4
sporadically 1.838235294117647E-4 5.1647859739235145 9.49409186382999E-4
point 3.676470588235294E-4 0.7703368192510752 2.832120659011306E-4
banking 3.676470588235294E-4 3.7784916128036232 0.0013891513282366262
tend 1.838235294117647E-4 1.4759065198095778 2.713063455532312E-4
general 1.838235294117647E-4 0.4734380916943703 8.702906097322983E-5
adjective 1.838235294117647E-4 4.0661736852554045 7.474583980248905E-4
along 3.676470588235294E-4 1.2135422553420867 4.461552409345907E-4
billion 3.676470588235294E-4 3.5553480614894135 0.0013071132579005197
loughran 3.676470588235294E-4 5.1647859739235145 0.001898818372765998
mentioned 3.676470588235294E-4 1.0376515888784226 3.8148955473471416E-4
designed 5.514705882352941E-4 1.0872485300177945 5.99585586406872E-4
introduction 1.838235294117647E-4 0.10219094089654716 1.8785099429512347E-5
rest 3.676470588235294E-4 1.7635885922613586 6.483781589196171E-4
process 1.838235294117647E-4 0.5013468798114469 9.215935290651596E-5
alternative 0.002573529411764706 1.3805963400052528 0.003553005286778224
also 0.002573529411764706 0.05279818556697083 1.358776834444102E-4
forecasters 1.838235294117647E-4 5.1647859739235145 9.49409186382999E-4
approaches 1.838235294117647E-4 0.9021060968821986 1.6582832663275708E-4
increase 3.676470588235294E-4 0.5013468798114469 1.8431870581303193E-4
kingdom 1.838235294117647E-4 3.2188758248682006 5.91705114865478E-4
outperforms 1.838235294117647E-4 2.5257286443082556 4.642883537331352E-4
economics 0.0011029411764705882 3.7784916128036232 0.0041674539847098785
third 3.676470588235294E-4 1.0059028905638423 3.698172391778832E-4
matters 1.838235294117647E-4 3.373026504695459 6.200416368925476E-4
build 3.676470588235294E-4 1.5271998141971284 5.614705199254148E-4
variance 1.838235294117647E-4 1.9459101490553132 3.5770407151752083E-4
various 1.838235294117647E-4 0.5798184952529422 1.0658428221561437E-4
mean 9.191176470588235E-4 0.6214911916535102 5.712235217403586E-4
attention 1.838235294117647E-4 1.157452788691043 2.1276705674467704E-4
determining 1.838235294117647E-4 1.5538680612792897 2.856375112645753E-4
uses 1.838235294117647E-4 1.1394342831883648 2.094548314684494E-4
further 3.676470588235294E-4 0.27443684570176036 1.0089589915505895E-4
methodology 7.352941176470588E-4 1.3361445774344192 9.824592481135436E-4
account 7.352941176470588E-4 1.0539121097502027 7.749353748163255E-4
simply 1.838235294117647E-4 1.4512139072192063 2.6676726235647173E-4
extent 3.676470588235294E-4 1.3805963400052528 5.075721838254606E-4
been 9.191176470588235E-4 0.05279818556697083 4.852774408728936E-5
mostly 7.352941176470588E-4 1.1758019273592397 8.645602407053233E-4
souza 1.838235294117647E-4 5.1647859739235145 9.49409186382999E-4
outlets 1.838235294117647E-4 4.471638793363569 8.219924252506561E-4
evaluates 3.676470588235294E-4 2.8622008809294686 0.001052279735635834
areas 3.676470588235294E-4 1.1758019273592397 4.3228012035266165E-4
equity 1.838235294117647E-4 3.7784916128036232 6.945756641183131E-4
extracted 3.676470588235294E-4 1.0704414117014134 3.9354463665493137E-4
advance 1.838235294117647E-4 2.392197251683733 4.3974214185362733E-4
analyzing 3.676470588235294E-4 1.6094379124341003 5.91705114865478E-4
evaluation 7.352941176470588E-4 0.7953381214564925 5.84807442247421E-4
path 1.838235294117647E-4 2.2203469947570738 4.081520210950503E-4
butters 1.838235294117647E-4 5.1647859739235145 9.49409186382999E-4
depending 1.838235294117647E-4 1.2729656758128876 2.3400104334795726E-4
complex 1.838235294117647E-4 0.8743265327751228 1.6072178911307405E-4
manufacturing 0.001286764705882353 2.9675613965872945 0.0038185532676674743
assumption 3.676470588235294E-4 1.9867321435755685 7.304162292557237E-4
diverse 1.838235294117647E-4 1.7635885922613586 3.2418907945980853E-4
pseudo 1.838235294117647E-4 4.0661736852554045 7.474583980248905E-4
chicago 3.676470588235294E-4 4.471638793363569 0.0016439848505013122
synchronize 1.838235294117647E-4 4.471638793363569 8.219924252506561E-4
jump 1.838235294117647E-4 4.471638793363569 8.219924252506561E-4
happen 1.838235294117647E-4 3.5553480614894135 6.535566289502598E-4
past 1.838235294117647E-4 1.293584963015623 2.3779135349551894E-4
impact 1.838235294117647E-4 0.7827593392496325 1.4388958442088833E-4
personal 1.838235294117647E-4 1.8325814637483102 3.368715926007923E-4
accurately 1.838235294117647E-4 2.073743520565198 3.8120285304507314E-4
whose 1.838235294117647E-4 1.730798769438368 3.181615384997E-4
nfci 3.676470588235294E-4 5.1647859739235145 0.001898818372765998
population 1.838235294117647E-4 0.9751312318970885 1.792520646869648E-4
extend 1.838235294117647E-4 2.392197251683733 4.3974214185362733E-4
proxy 1.838235294117647E-4 3.373026504695459 6.200416368925476E-4
delay 1.838235294117647E-4 2.2744142160273495 4.1809084853443925E-4
route 1.838235294117647E-4 3.2188758248682006 5.91705114865478E-4
unsupervised 1.838235294117647E-4 2.0292917579943643 3.7303157316072874E-4
assigned 3.676470588235294E-4 1.3805963400052528 5.075721838254606E-4
simultaneously 1.838235294117647E-4 2.169053700369523 3.987231066855741E-4
payroll 5.514705882352941E-4 5.1647859739235145 0.002848227559148997
jones 1.838235294117647E-4 3.7784916128036232 6.945756641183131E-4
relative 0.0022058823529411764 1.0539121097502027 0.0023248061244489763
indp 5.514705882352941E-4 5.1647859739235145 0.002848227559148997
average 0.0011029411764705882 0.7459453661269161 8.227338596988045E-4
strong 3.676470588235294E-4 1.2135422553420867 4.461552409345907E-4
compare 1.838235294117647E-4 0.9306794693262548 1.7108078480262037E-4
affect 1.838235294117647E-4 0.990398704027877 1.820585852992421E-4
gutknecht 1.838235294117647E-4 5.1647859739235145 9.49409186382999E-4
how 1.838235294117647E-4 0.5496654570822546 1.0104144431659091E-4
see 1.838235294117647E-4 1.0376515888784226 1.9074477736735708E-4
journal 1.838235294117647E-4 2.392197251683733 4.3974214185362733E-4
tkacz 1.838235294117647E-4 5.1647859739235145 9.49409186382999E-4
philadelphia 3.676470588235294E-4 5.1647859739235145 0.001898818372765998
national 3.676470588235294E-4 1.293584963015623 4.7558270699103787E-4
term 9.191176470588235E-4 1.1944940603713923 0.0010978805701942944
indicate 9.191176470588235E-4 1.0704414117014134 9.838615916373285E-4
embedded 1.838235294117647E-4 1.8689491079191851 3.4355682130867376E-4
mind 1.838235294117647E-4 2.8622008809294686 5.26139867817917E-4
contain 5.514705882352941E-4 1.4035858582299516 7.740363188768115E-4
set 0.0014705882352941176 0.5596157879354227 8.229643940226804E-4
business 0.0014705882352941176 2.073743520565198 0.003049622824360585
complicates 1.838235294117647E-4 5.1647859739235145 9.49409186382999E-4
summing 1.838235294117647E-4 3.7784916128036232 6.945756641183131E-4
tail 0.0011029411764705882 3.2188758248682006 0.0035502306891928683
parsimonious 1.838235294117647E-4 4.471638793363569 8.219924252506561E-4
words 0.0022058823529411764 0.9751312318970885 0.0021510247762435777
predictive 7.352941176470588E-4 1.5012243277938677 0.001103841417495491
column 3.676470588235294E-4 2.6798793241355137 9.852497515204094E-4
involve 3.676470588235294E-4 1.8325814637483102 6.737431852015846E-4
procedure 0.001286764705882353 1.1394342831883648 0.0014661838202791458
possible 5.514705882352941E-4 0.38566248081198473 2.1268151515366806E-4
sample 0.001286764705882353 0.7221347174331975 9.292174672853644E-4
transition 1.838235294117647E-4 2.331572629867298 4.285979099020768E-4
answer 1.838235294117647E-4 1.79749014393704 3.3042098234136764E-4
stage 3.676470588235294E-4 1.6990500711237875 6.24650761442569E-4
series 0.001286764705882353 1.1758019273592397 0.0015129804212343158
shrinkage 3.676470588235294E-4 5.1647859739235145 0.001898818372765998
corresponds 7.352941176470588E-4 1.7635885922613586 0.0012967563178392341
essential 3.676470588235294E-4 1.252762968495368 4.605746207703559E-4
represent 1.838235294117647E-4 0.8209805520698303 1.509155426598953E-4
quarter 5.514705882352941E-4 3.2188758248682006 0.0017751153445964341
questions 1.838235294117647E-4 1.1944940603713923 2.1957611403885887E-4
maag 1.838235294117647E-4 5.1647859739235145 9.49409186382999E-4
language 1.838235294117647E-4 0.6988778552689304 1.2847019398325927E-4
developed 1.838235294117647E-4 0.48265474679929443 8.872329904398795E-5
scotti 1.838235294117647E-4 5.1647859739235145 9.49409186382999E-4
meaningful 1.838235294117647E-4 1.730798769438368 3.181615384997E-4
galbraith 1.838235294117647E-4 5.1647859739235145 9.49409186382999E-4
aggregating 1.838235294117647E-4 3.373026504695459 6.200416368925476E-4
exclude 1.838235294117647E-4 2.331572629867298 4.285979099020768E-4
talk 1.838235294117647E-4 2.456735772821304 4.5160584059215144E-4
zimmermann 1.838235294117647E-4 5.1647859739235145 9.49409186382999E-4
signal 1.838235294117647E-4 2.331572629867298 4.285979099020768E-4
which 0.0034926470588235296 0.023122417420854212 8.075844319783641E-5
searches 1.838235294117647E-4 2.5998366164619773 4.779111427319811E-4
test 0.0014705882352941176 0.7104386776700063 0.001044762761279421
typically 7.352941176470588E-4 1.1394342831883648 8.378193258737976E-4
patterns 1.838235294117647E-4 1.3146383722134554 2.4166146548041458E-4
count 1.838235294117647E-4 1.6990500711237875 3.123253807212845E-4
trough 1.838235294117647E-4 5.1647859739235145 9.49409186382999E-4
blinder 1.838235294117647E-4 5.1647859739235145 9.49409186382999E-4
nowcasting 9.191176470588235E-4 5.1647859739235145 0.004747045931914995
graph 1.838235294117647E-4 2.169053700369523 3.987231066855741E-4
regarding 1.838235294117647E-4 0.758066726659261 1.3935050122412885E-4
take 5.514705882352941E-4 0.8743265327751228 4.8216536733922214E-4
month 9.191176470588235E-4 2.169053700369523 0.0019936155334278707
adjust 3.676470588235294E-4 2.2203469947570738 8.163040421901006E-4
macroeconomic 0.006066176470588235 4.471638793363569 0.02712575003327165
final 1.838235294117647E-4 0.6988778552689304 1.2847019398325927E-4
parts 1.838235294117647E-4 1.4035858582299516 2.580121062922705E-4
helps 1.838235294117647E-4 1.6682784124570338 3.066688258193077E-4
some 0.0011029411764705882 0.2160260835453457 2.3826406273383716E-4
beginning 7.352941176470588E-4 1.6990500711237875 0.001249301522885138
rather 9.191176470588235E-4 0.758066726659261 6.967525061206443E-4
relates 3.676470588235294E-4 2.0292917579943643 7.460631463214575E-4
additional 3.676470588235294E-4 0.5300569856938783 1.9487389179921995E-4
for 0.01838235294117647 0.017291497110061043 3.178584027584751E-4
explained 1.838235294117647E-4 1.6094379124341003 2.95852557432739E-4
states 3.676470588235294E-4 1.293584963015623 4.7558270699103787E-4
related 0.001838235294117647 0.27443684570176036 5.044794957752948E-4
rate 0.001286764705882353 0.7221347174331975 9.292174672853644E-4
plot 1.838235294117647E-4 2.331572629867298 4.285979099020768E-4
confirms 1.838235294117647E-4 2.6798793241355137 4.926248757602047E-4
krueger 1.838235294117647E-4 3.7784916128036232 6.945756641183131E-4
views 1.838235294117647E-4 2.392197251683733 4.3974214185362733E-4
deteriorating 3.676470588235294E-4 5.1647859739235145 0.001898818372765998
notice 1.838235294117647E-4 2.6798793241355137 4.926248757602047E-4
over 0.0011029411764705882 0.3364722366212129 3.711090845086907E-4
outperform 1.838235294117647E-4 2.5998366164619773 4.779111427319811E-4
six 0.0011029411764705882 0.9162907318741551 0.001010614777802377
komunjer 1.838235294117647E-4 5.1647859739235145 9.49409186382999E-4
captures 1.838235294117647E-4 2.6798793241355137 4.926248757602047E-4
false 1.838235294117647E-4 2.169053700369523 3.987231066855741E-4
augmenting 1.838235294117647E-4 3.7784916128036232 6.945756641183131E-4
specification 7.352941176470588E-4 2.6798793241355137 0.0019704995030408188
monitor 1.838235294117647E-4 2.2744142160273495 4.1809084853443925E-4
obviously 1.838235294117647E-4 2.8622008809294686 5.26139867817917E-4
parse 1.838235294117647E-4 3.7784916128036232 6.945756641183131E-4
statistically 3.676470588235294E-4 1.1758019273592397 4.3228012035266165E-4
concerns 3.676470588235294E-4 1.906689435902032 7.009887631992765E-4
existing 1.838235294117647E-4 0.9452782687474074 1.7376438763739107E-4
although 0.0011029411764705882 0.4285875255290187 4.7270682962759415E-4
form 1.838235294117647E-4 0.664976303593249 1.222382911017002E-4
regression 0.0016544117647058823 1.3805963400052528 0.0022840748272145725
adverb 3.676470588235294E-4 5.1647859739235145 0.001898818372765998
taddy 1.838235294117647E-4 4.471638793363569 8.219924252506561E-4
comprehensive 1.838235294117647E-4 1.3805963400052528 2.537860919127303E-4
appealing 1.838235294117647E-4 3.5553480614894135 6.535566289502598E-4
articles 0.0034926470588235296 1.6682784124570338 0.005826707690566846
significantly 0.0014705882352941176 0.5900749954201312 8.677573462060752E-4
subset 3.676470588235294E-4 1.6990500711237875 6.24650761442569E-4
assign 7.352941176470588E-4 1.9459101490553132 0.0014308162860700833
presents 1.838235294117647E-4 1.1394342831883648 2.094548314684494E-4
explain 1.838235294117647E-4 1.4759065198095778 2.713063455532312E-4
very 0.0011029411764705882 0.5596157879354227 6.172232955170102E-4
select 5.514705882352941E-4 1.8325814637483102 0.001010614777802377
manzan 0.001838235294117647 5.1647859739235145 0.00949409186382999
improves 1.838235294117647E-4 2.2203469947570738 4.081520210950503E-4
cambria 3.676470588235294E-4 4.471638793363569 0.0016439848505013122
delayed 1.838235294117647E-4 2.169053700369523 3.987231066855741E-4
construct 0.0011029411764705882 1.79749014393704 0.001982525894048206
tracking 1.838235294117647E-4 2.5257286443082556 4.642883537331352E-4
output 3.676470588235294E-4 1.1944940603713923 4.3915222807771774E-4
improved 1.838235294117647E-4 0.8607208807193443 1.582207501322324E-4
four 9.191176470588235E-4 0.4643056081310978 4.2675147806167077E-4
advances 1.838235294117647E-4 2.169053700369523 3.987231066855741E-4
model 0.0014705882352941176 0.48265474679929443 7.097863923519036E-4
mimic 1.838235294117647E-4 3.2188758248682006 5.91705114865478E-4
text 0.0033088235294117647 0.8607208807193443 0.002847973502380183
sentence 3.676470588235294E-4 1.6094379124341003 5.91705114865478E-4
reduce 1.838235294117647E-4 0.8340526336371831 1.5331849883036455E-4
encouraging 7.352941176470588E-4 3.0853444322436783 0.002268635611943881
likely 3.676470588235294E-4 0.5798184952529422 2.1316856443122874E-4
python 1.838235294117647E-4 2.120263536200091 3.8975432650736967E-4
large 0.0014705882352941176 0.34450440831847723 5.066241298801136E-4
issue 1.838235294117647E-4 1.3805963400052528 2.537860919127303E-4
dependency 1.838235294117647E-4 2.120263536200091 3.8975432650736967E-4
made 1.838235294117647E-4 0.6109090823229731 1.1229946366231124E-4
smoothed 5.514705882352941E-4 4.0661736852554045 0.0022423751940746717
verb 1.838235294117647E-4 3.0853444322436783 5.671589029859703E-4
robustness 1.838235294117647E-4 2.392197251683733 4.3974214185362733E-4
index 0.0016544117647058823 1.5538680612792897 0.0025707376013811775
sense 5.514705882352941E-4 1.5271998141971284 8.422057798881222E-4
being 7.352941176470588E-4 0.48265474679929443 3.548931961759518E-4
transactions 1.838235294117647E-4 3.7784916128036232 6.945756641183131E-4
resulting 3.676470588235294E-4 1.0059028905638423 3.698172391778832E-4
vintage 1.838235294117647E-4 5.1647859739235145 9.49409186382999E-4
reached 3.676470588235294E-4 1.9459101490553132 7.154081430350417E-4
opens 1.838235294117647E-4 2.7668907011251433 5.08619614177416E-4
interval 7.352941176470588E-4 1.79749014393704 0.0013216839293654706
benjamini 3.676470588235294E-4 5.1647859739235145 0.001898818372765998
evaluate 9.191176470588235E-4 0.758066726659261 6.967525061206443E-4
become 5.514705882352941E-4 0.8607208807193443 4.746622503966972E-4
semantic 1.838235294117647E-4 1.4512139072192063 2.6676726235647173E-4
diffusion 1.838235294117647E-4 2.5257286443082556 4.642883537331352E-4
inference 1.838235294117647E-4 2.5257286443082556 4.642883537331352E-4
chunks 1.838235294117647E-4 3.7784916128036232 6.945756641183131E-4
weekend 1.838235294117647E-4 5.1647859739235145 9.49409186382999E-4
quarterly 0.001286764705882353 4.471638793363569 0.005753946976754592
inflation 0.001838235294117647 3.7784916128036232 0.006945756641183131
cycle 7.352941176470588E-4 2.392197251683733 0.0017589685674145093
dow 1.838235294117647E-4 5.1647859739235145 9.49409186382999E-4
mention 1.838235294117647E-4 2.2744142160273495 4.1809084853443925E-4
literature 3.676470588235294E-4 0.9306794693262548 3.4216156960524075E-4
nber 9.191176470588235E-4 5.1647859739235145 0.004747045931914995
government 5.514705882352941E-4 2.331572629867298 0.0012857937297062305
dependence 3.676470588235294E-4 2.5998366164619773 9.558222854639622E-4
december 3.676470588235294E-4 1.3361445774344192 4.912296240567718E-4
periods 5.514705882352941E-4 1.906689435902032 0.0010514831447989148
ability 1.838235294117647E-4 0.8881198549074587 1.6325732626975344E-4
elimination 1.838235294117647E-4 3.373026504695459 6.200416368925476E-4
predicting 7.352941176470588E-4 2.169053700369523 0.0015948924267422963
together 3.676470588235294E-4 1.1394342831883648 4.189096629368988E-4
table 0.0016544117647058823 0.18805223150293962 3.111158241776575E-4
characterized 1.838235294117647E-4 1.7635885922613586 3.2418907945980853E-4
may 0.001838235294117647 0.15415067982725836 2.833652202706955E-4
within 3.676470588235294E-4 0.3127557100038969 1.1498371691319739E-4
could 0.0014705882352941176 0.22314355131420976 3.281522813444261E-4
topics 1.838235294117647E-4 1.6384254493073527 3.011811487697339E-4
change 3.676470588235294E-4 0.7104386776700063 2.6119069031985527E-4
discarding 1.838235294117647E-4 5.1647859739235145 9.49409186382999E-4
positive 9.191176470588235E-4 0.6988778552689304 6.423509699162963E-4
sergio 0.001286764705882353 5.1647859739235145 0.006645864304680993
forecaster 1.838235294117647E-4 5.1647859739235145 9.49409186382999E-4
corrected 7.352941176470588E-4 2.5257286443082556 0.0018571534149325409
quantiles 0.001838235294117647 5.1647859739235145 0.00949409186382999
deriving 5.514705882352941E-4 3.2188758248682006 0.0017751153445964341
machine 1.838235294117647E-4 1.0872485300177945 1.99861862135624E-4
discovery 1.838235294117647E-4 2.9675613965872945 5.455076096667821E-4
able 1.838235294117647E-4 0.7703368192510752 1.416060329505653E-4
report 7.352941176470588E-4 1.0059028905638423 7.396344783557664E-4
transaction 1.838235294117647E-4 3.5553480614894135 6.535566289502598E-4
improvements 1.838235294117647E-4 1.6990500711237875 3.123253807212845E-4
pessimism 1.838235294117647E-4 5.1647859739235145 9.49409186382999E-4
negation 3.676470588235294E-4 3.0853444322436783 0.0011343178059719406
instance 1.838235294117647E-4 2.2203469947570738 4.081520210950503E-4
use 0.0027573529411764708 0.20895891632225325 5.761734825062131E-4
several 7.352941176470588E-4 0.3526016185510966 2.592658959934534E-4
political 3.676470588235294E-4 2.169053700369523 7.974462133711482E-4
main 3.676470588235294E-4 0.6004377824556778 2.2074918472635212E-4
while 0.002573529411764706 0.20895891632225325 5.377619170057988E-4
heterogeneous 1.838235294117647E-4 3.0853444322436783 5.671589029859703E-4
aspa 5.514705882352941E-4 5.1647859739235145 0.002848227559148997
second 0.0011029411764705882 0.4643056081310978 5.121017736740049E-4
that 0.025919117647058825 0.017291497110061043 4.4818034788944984E-4
suggests 5.514705882352941E-4 1.157452788691043 6.383011702340311E-4
high 5.514705882352941E-4 0.2521310881874621 1.3904287951514455E-4
download 1.838235294117647E-4 0.2595111954850846 4.770426387593467E-5
geographic 1.838235294117647E-4 2.392197251683733 4.3974214185362733E-4
split 1.838235294117647E-4 1.6384254493073527 3.011811487697339E-4
reviews 1.838235294117647E-4 1.8689491079191851 3.4355682130867376E-4
find 0.0029411764705882353 0.9306794693262548 0.002737292556841926
concentrated 5.514705882352941E-4 2.9675613965872945 0.001636522829000346
continuous 1.838235294117647E-4 1.1758019273592397 2.1614006017633082E-4
than 0.0016544117647058823 0.058840500022933395 9.734641547911774E-5
publication 3.676470588235294E-4 2.073743520565198 7.624057060901463E-4
supplementary 9.191176470588235E-4 2.5257286443082556 0.0023214417686656763
credit 3.676470588235294E-4 2.8622008809294686 0.001052279735635834
different 0.0027573529411764708 0.18805223150293962 5.185263736294291E-4
communication 1.838235294117647E-4 1.6384254493073527 3.011811487697339E-4
mamaysky 1.838235294117647E-4 5.1647859739235145 9.49409186382999E-4
international 1.838235294117647E-4 1.5538680612792897 2.856375112645753E-4
calculated 7.352941176470588E-4 0.9021060968821986 6.633133065310283E-4
stationarity 1.838235294117647E-4 5.1647859739235145 9.49409186382999E-4
selected 0.001838235294117647 0.758066726659261 0.0013935050122412887
semantically 3.676470588235294E-4 2.456735772821304 9.032116811843029E-4
workflow 1.838235294117647E-4 2.7668907011251433 5.08619614177416E-4
level 9.191176470588235E-4 0.5798184952529422 5.329214110780719E-4
enriching 1.838235294117647E-4 4.471638793363569 8.219924252506561E-4
occur 1.838235294117647E-4 1.3146383722134554 2.4166146548041458E-4
adjusted 9.191176470588235E-4 1.8325814637483102 0.0016843579630039616
follows 1.838235294117647E-4 2.073743520565198 3.8120285304507314E-4
difficult 1.838235294117647E-4 0.7703368192510752 1.416060329505653E-4
includes 0.001286764705882353 0.8472978603872037 0.001090272982115887
weights 1.838235294117647E-4 1.9867321435755685 3.6520811462786184E-4
expansion 3.676470588235294E-4 2.456735772821304 9.032116811843029E-4
relevant 0.002573529411764706 0.7703368192510752 0.0019824844613079142
null 5.514705882352941E-4 3.7784916128036232 0.0020837269923549393
fiscal 3.676470588235294E-4 4.471638793363569 0.0016439848505013122
focused 1.838235294117647E-4 1.0704414117014134 1.9677231832746568E-4
true 3.676470588235294E-4 1.1394342831883648 4.189096629368988E-4
survey 1.838235294117647E-4 1.5812670354674039 2.906740874020963E-4
present 1.838235294117647E-4 0.38566248081198473 7.089383838455602E-5
tense 7.352941176470588E-4 4.0661736852554045 0.002989833592099562
errors 1.838235294117647E-4 1.6990500711237875 3.123253807212845E-4
bok 1.838235294117647E-4 5.1647859739235145 9.49409186382999E-4
since 0.001286764705882353 0.377294231141468 4.854889003658595E-4
problems 1.838235294117647E-4 1.1758019273592397 2.1614006017633082E-4
sentiment 0.021875 1.906689435902032 0.04170883141035695
shades 1.838235294117647E-4 5.1647859739235145 9.49409186382999E-4
scores 5.514705882352941E-4 1.6094379124341003 8.875576722982171E-4
surveys 1.838235294117647E-4 2.5998366164619773 4.779111427319811E-4
appears 1.838235294117647E-4 1.4271163556401458 2.623375653750268E-4
sentiments 1.838235294117647E-4 2.456735772821304 4.5160584059215144E-4
investigate 3.676470588235294E-4 0.9600933545325481 3.529754979899074E-4
total 3.676470588235294E-4 0.5108256237659907 1.878035381492613E-4
considerable 1.838235294117647E-4 1.7635885922613586 3.2418907945980853E-4
consumers 1.838235294117647E-4 2.7668907011251433 5.08619614177416E-4
transformed 1.838235294117647E-4 1.8325814637483102 3.368715926007923E-4
louis 1.838235294117647E-4 5.1647859739235145 9.49409186382999E-4
tibshirani 1.838235294117647E-4 5.1647859739235145 9.49409186382999E-4
included 1.838235294117647E-4 0.41985384556026406 7.717901572798971E-5
consumer 5.514705882352941E-4 2.6798793241355137 0.001477874627280614
allows 5.514705882352941E-4 1.2135422553420867 6.692328614018861E-4
opposed 1.838235294117647E-4 2.6798793241355137 4.926248757602047E-4
determine 1.838235294117647E-4 0.7221347174331975 1.3274535246933776E-4
nature 1.838235294117647E-4 1.0216512475319812 1.8780353814926124E-4
equation 0.002022058823529412 1.7635885922613586 0.0035660798740578944
interesting 3.676470588235294E-4 1.6682784124570338 6.133376516386154E-4
relying 1.838235294117647E-4 2.5257286443082556 4.642883537331352E-4
control 3.676470588235294E-4 0.7459453661269161 2.742446198996015E-4
consoli 0.001286764705882353 5.1647859739235145 0.006645864304680993
calculates 1.838235294117647E-4 2.5998366164619773 4.779111427319811E-4
rapidly 1.838235294117647E-4 1.906689435902032 3.5049438159963825E-4
intensity 3.676470588235294E-4 2.9675613965872945 0.0010910152193335642
due 7.352941176470588E-4 0.20895891632225325 1.536462620016568E-4
evident 1.838235294117647E-4 2.2203469947570738 4.081520210950503E-4
online 1.838235294117647E-4 1.3581234841531944 2.496550522340431E-4
clustering 1.838235294117647E-4 2.2744142160273495 4.1809084853443925E-4
properties 1.838235294117647E-4 1.6094379124341003 2.95852557432739E-4
increasingly 1.838235294117647E-4 1.730798769438368 3.181615384997E-4
depend 7.352941176470588E-4 1.7635885922613586 0.0012967563178392341
nation 1.838235294117647E-4 4.471638793363569 8.219924252506561E-4
vary 3.676470588235294E-4 1.8325814637483102 6.737431852015846E-4
about 0.004595588235294118 0.377294231141468 0.0017338889298780698
empirical 0.0011029411764705882 1.8325814637483102 0.002021229555604754
objective 1.838235294117647E-4 1.1944940603713923 2.1957611403885887E-4
bank 1.838235294117647E-4 3.2188758248682006 5.91705114865478E-4
reflect 1.838235294117647E-4 1.252762968495368 2.3028731038517795E-4
contribution 3.676470588235294E-4 1.5538680612792897 5.712750225291506E-4
meaning 1.838235294117647E-4 1.121734706088964 2.062012327369419E-4
estimate 0.0014705882352941176 1.5812670354674039 0.0023253926992167703
recent 0.001286764705882353 0.5596157879354227 7.200938447698453E-4
released 9.191176470588235E-4 2.2203469947570738 0.0020407601054752518
they 9.191176470588235E-4 0.167573700159399 1.5401994499944762E-4
trends 1.838235294117647E-4 1.7635885922613586 3.2418907945980853E-4
moderate 1.838235294117647E-4 2.073743520565198 3.8120285304507314E-4
based 0.004779411764705883 0.18805223150293962 8.987790476243439E-4
them 5.514705882352941E-4 0.5696661237889241 3.1415411238359784E-4
then 0.0022058823529411764 0.4285875255290187 9.454136592551883E-4
benefit 1.838235294117647E-4 1.293584963015623 2.3779135349551894E-4
labor 3.676470588235294E-4 3.2188758248682006 0.001183410229730956
scalar 1.838235294117647E-4 4.0661736852554045 7.474583980248905E-4
sebastiano 0.001286764705882353 5.1647859739235145 0.006645864304680993
highest 1.838235294117647E-4 1.0872485300177945 1.99861862135624E-4
processing 3.676470588235294E-4 0.7221347174331975 2.6549070493867553E-4
consistently 1.838235294117647E-4 2.331572629867298 4.285979099020768E-4
except 3.676470588235294E-4 1.3805963400052528 5.075721838254606E-4
obtained 9.191176470588235E-4 0.6004377824556778 5.518729618158803E-4
sebastiani 1.838235294117647E-4 5.1647859739235145 9.49409186382999E-4
asymmetric 1.838235294117647E-4 3.5553480614894135 6.535566289502598E-4
conditions 3.676470588235294E-4 1.0376515888784226 3.8148955473471416E-4
interpreted 1.838235294117647E-4 1.7635885922613586 3.2418907945980853E-4
starting 5.514705882352941E-4 1.3146383722134554 7.249843964412438E-4
fact 7.352941176470588E-4 0.990398704027877 7.282343411969684E-4
activity 9.191176470588235E-4 1.3805963400052528 0.0012689304595636514
examine 1.838235294117647E-4 1.4512139072192063 2.6676726235647173E-4
global 3.676470588235294E-4 1.6682784124570338 6.133376516386154E-4
eliminate 1.838235294117647E-4 2.392197251683733 4.3974214185362733E-4
midas 1.838235294117647E-4 5.1647859739235145 9.49409186382999E-4
neighboring 3.676470588235294E-4 4.0661736852554045 0.001494916796049781
long 7.352941176470588E-4 0.7827593392496325 5.755583376835533E-4
seem 9.191176470588235E-4 1.6094379124341003 0.0014792627871636952
mcdonald 3.676470588235294E-4 5.1647859739235145 0.001898818372765998
into 7.352941176470588E-4 0.10854016857520597 7.98089474817691E-5
current 5.514705882352941E-4 0.4919571394616079 2.712998930854455E-4
min 3.676470588235294E-4 2.169053700369523 7.974462133711482E-4
vector 3.676470588235294E-4 1.3146383722134554 4.8332293096082916E-4
mix 1.838235294117647E-4 2.6798793241355137 4.926248757602047E-4
key 1.838235294117647E-4 1.0216512475319812 1.8780353814926124E-4
calendar 1.838235294117647E-4 3.373026504695459 6.200416368925476E-4
variables 0.005698529411764706 0.9452782687474074 0.005386696016759123
kato 5.514705882352941E-4 4.471638793363569 0.0024659772757519684
lasso 0.003676470588235294 5.1647859739235145 0.01898818372765998
one 0.001286764705882353 0.06491954609931569 8.35361806425018E-5
makes 1.838235294117647E-4 1.0539121097502027 1.9373384370408137E-4
many 3.676470588235294E-4 0.20194134366360675 7.42431410527966E-5
releases 3.676470588235294E-4 3.5553480614894135 0.0013071132579005197
single 1.838235294117647E-4 0.6429973968744738 1.1819805089604298E-4
appear 1.838235294117647E-4 1.4512139072192063 2.6676726235647173E-4
extensive 1.838235294117647E-4 1.5271998141971284 2.807352599627074E-4
thorsrud 1.838235294117647E-4 5.1647859739235145 9.49409186382999E-4
associated 0.0011029411764705882 0.4373981552111735 4.8242443589467665E-4
infrequent 1.838235294117647E-4 3.5553480614894135 6.535566289502598E-4
open 1.838235294117647E-4 1.0872485300177945 1.99861862135624E-4
but 5.514705882352941E-4 0.083381608939051 4.5982504929623715E-5
calculation 1.838235294117647E-4 1.8689491079191851 3.4355682130867376E-4
separate 1.838235294117647E-4 1.3146383722134554 2.4166146548041458E-4
conditional 0.0016544117647058823 2.120263536200091 0.003507788938566327
available 0.003676470588235294 0.5696661237889241 0.0020943607492239858
express 1.838235294117647E-4 1.8689491079191851 3.4355682130867376E-4
rules 1.838235294117647E-4 1.79749014393704 3.3042098234136764E-4
frequency 7.352941176470588E-4 1.121734706088964 8.248049309477676E-4
presentation 3.676470588235294E-4 1.6990500711237875 6.24650761442569E-4
zero 1.838235294117647E-4 2.073743520565198 3.8120285304507314E-4
darker 9.191176470588235E-4 4.0661736852554045 0.0037372919901244527
details 7.352941176470588E-4 1.5012243277938677 0.001103841417495491
sector 0.0034926470588235296 2.2203469947570738 0.007754888400805957
extreme 3.676470588235294E-4 2.392197251683733 8.794842837072547E-4
this 0.0058823529411764705 0.017291497110061043 1.0171468888271202E-4
collection 1.838235294117647E-4 1.0216512475319812 1.8780353814926124E-4
finding 1.838235294117647E-4 0.9751312318970885 1.792520646869648E-4
sections 1.838235294117647E-4 1.6094379124341003 2.95852557432739E-4
schumacher 3.676470588235294E-4 5.1647859739235145 0.001898818372765998
extract 1.838235294117647E-4 1.3805963400052528 2.537860919127303E-4
achieving 1.838235294117647E-4 2.2203469947570738 4.081520210950503E-4
especially 1.838235294117647E-4 0.7104386776700063 1.3059534515992764E-4
once 1.838235294117647E-4 1.4271163556401458 2.623375653750268E-4
coefficient 5.514705882352941E-4 1.9867321435755685 0.0010956243438835856
systematically 1.838235294117647E-4 2.392197251683733 4.3974214185362733E-4
support 1.838235294117647E-4 0.7104386776700063 1.3059534515992764E-4
internet 1.838235294117647E-4 2.2744142160273495 4.1809084853443925E-4
alfred 3.676470588235294E-4 4.471638793363569 0.0016439848505013122
higher 3.676470588235294E-4 0.41985384556026406 1.5435803145597942E-4
ranges 3.676470588235294E-4 2.2744142160273495 8.361816970688785E-4
needed 1.838235294117647E-4 0.8080771472339223 1.4854359324152982E-4
detect 5.514705882352941E-4 1.3146383722134554 7.249843964412438E-4
learning 1.838235294117647E-4 0.9306794693262548 1.7108078480262037E-4
graphs 1.838235294117647E-4 2.7668907011251433 5.08619614177416E-4
common 3.676470588235294E-4 0.3526016185510966 1.296329479967267E-4
multiplied 1.838235294117647E-4 3.0853444322436783 5.671589029859703E-4
interest 0.0022058823529411764 1.0539121097502027 0.0023248061244489763
uneven 1.838235294117647E-4 4.0661736852554045 7.474583980248905E-4
collects 1.838235294117647E-4 3.2188758248682006 5.91705114865478E-4
successful 1.838235294117647E-4 1.3361445774344192 2.456148120283859E-4
coverage 9.191176470588235E-4 2.5257286443082556 0.0023214417686656763
allocation 1.838235294117647E-4 2.120263536200091 3.8975432650736967E-4
figure 0.002022058823529412 0.20194134366360675 4.0833727579038135E-4
cases 1.838235294117647E-4 0.6004377824556778 1.1037459236317606E-4
wide 5.514705882352941E-4 1.3361445774344192 7.368444360851576E-4
previous 3.676470588235294E-4 0.32850406697203605 1.2077355403383678E-4
recently 1.838235294117647E-4 1.5271998141971284 2.807352599627074E-4
dramatic 1.838235294117647E-4 3.373026504695459 6.200416368925476E-4
qualitatively 1.838235294117647E-4 2.8622008809294686 5.26139867817917E-4
argue 1.838235294117647E-4 1.9867321435755685 3.6520811462786184E-4
consumption 1.838235294117647E-4 2.2203469947570738 4.081520210950503E-4
predictability 5.514705882352941E-4 5.1647859739235145 0.002848227559148997
superior 1.838235294117647E-4 2.120263536200091 3.8975432650736967E-4
money 1.838235294117647E-4 3.0853444322436783 5.671589029859703E-4
step 9.191176470588235E-4 1.0872485300177945 9.9930931067812E-4
location 3.676470588235294E-4 1.4512139072192063 5.335345247129435E-4
base 1.838235294117647E-4 1.5538680612792897 2.856375112645753E-4
tested 1.838235294117647E-4 1.3581234841531944 2.496550522340431E-4
whole 1.838235294117647E-4 1.252762968495368 2.3028731038517795E-4
during 0.003125 0.28958865072236245 9.049645335073827E-4
propagated 1.838235294117647E-4 4.0661736852554045 7.474583980248905E-4
beyond 1.838235294117647E-4 1.5538680612792897 2.856375112645753E-4
selects 1.838235294117647E-4 2.8622008809294686 5.26139867817917E-4
loss 0.0014705882352941176 0.9162907318741551 0.0013474863704031692
reliable 1.838235294117647E-4 1.6990500711237875 3.123253807212845E-4
macroeconomists 1.838235294117647E-4 5.1647859739235145 9.49409186382999E-4
relate 3.676470588235294E-4 2.0292917579943643 7.460631463214575E-4
road 3.676470588235294E-4 3.2188758248682006 0.001183410229730956
terms 0.001286764705882353 0.5696661237889241 7.33026262228395E-4
price 5.514705882352941E-4 2.331572629867298 0.0012857937297062305
preliminary 1.838235294117647E-4 2.120263536200091 3.8975432650736967E-4
dependent 0.001286764705882353 1.4035858582299516 0.0018060847440458936
between 0.0023897058823529414 0.058840500022933395 1.4061148902539232E-4
still 1.838235294117647E-4 0.5300569856938783 9.743694589960997E-5
researcher 9.191176470588235E-4 2.392197251683733 0.002198710709268137
goal 0.001286764705882353 1.4759065198095778 0.0018991444188726184
natural 1.838235294117647E-4 0.6429973968744738 1.1819805089604298E-4
method 5.514705882352941E-4 0.4734380916943703 2.610871829196895E-4
arising 1.838235294117647E-4 2.9675613965872945 5.455076096667821E-4
arise 3.676470588235294E-4 2.2744142160273495 8.361816970688785E-4
work 1.838235294117647E-4 0.5696661237889241 1.0471803746119929E-4
varian 1.838235294117647E-4 5.1647859739235145 9.49409186382999E-4
baseline 1.838235294117647E-4 1.5538680612792897 2.856375112645753E-4
benchmark 5.514705882352941E-4 2.6798793241355137 0.001477874627280614
gdp 0.0014705882352941176 3.7784916128036232 0.005556605312946505
toward 1.838235294117647E-4 1.6094379124341003 2.95852557432739E-4
combinations 3.676470588235294E-4 2.0292917579943643 7.460631463214575E-4
timeliness 1.838235294117647E-4 4.0661736852554045 7.474583980248905E-4
among 0.001286764705882353 0.32850406697203605 4.227074391184287E-4
delays 1.838235294117647E-4 3.0853444322436783 5.671589029859703E-4
following 0.001286764705882353 0.2160260835453457 2.7797473985614337E-4
unemployment 0.001286764705882353 5.1647859739235145 0.006645864304680993
bimodality 5.514705882352941E-4 4.0661736852554045 0.0022423751940746717
word 1.838235294117647E-4 1.1394342831883648 2.094548314684494E-4
steel 1.838235294117647E-4 3.7784916128036232 6.945756641183131E-4
columns 1.838235294117647E-4 2.9675613965872945 5.455076096667821E-4
james 1.838235294117647E-4 4.0661736852554045 7.474583980248905E-4
range 3.676470588235294E-4 0.6988778552689304 2.5694038796651855E-4
distribution 0.001286764705882353 0.9751312318970885 0.0012547644528087536
our 0.006985294117647059 0.19497267434751336 0.0013619414752216008
across 7.352941176470588E-4 0.7703368192510752 5.664241318022612E-4
optimally 1.838235294117647E-4 4.0661736852554045 7.474583980248905E-4
feature 3.676470588235294E-4 1.4035858582299516 5.16024212584541E-4
federal 5.514705882352941E-4 3.5553480614894135 0.0019606698868507794
power 5.514705882352941E-4 1.4759065198095778 8.139190366596936E-4
event 1.838235294117647E-4 1.8325814637483102 3.368715926007923E-4
include 7.352941176470588E-4 0.5013468798114469 3.6863741162606386E-4
continued 1.838235294117647E-4 1.906689435902032 3.5049438159963825E-4
suggest 1.838235294117647E-4 1.0059028905638423 1.849086195889416E-4
lead 5.514705882352941E-4 0.7703368192510752 4.248180988516959E-4
token 0.001286764705882353 2.456735772821304 0.00316124088414506
expect 1.838235294117647E-4 2.2203469947570738 4.081520210950503E-4
highlights 1.838235294117647E-4 1.7635885922613586 3.2418907945980853E-4
assess 1.838235294117647E-4 0.9751312318970885 1.792520646869648E-4
asset 1.838235294117647E-4 3.2188758248682006 5.91705114865478E-4
minimum 1.838235294117647E-4 1.3361445774344192 2.456148120283859E-4
first 0.002573529411764706 0.167573700159399 4.3125584599845333E-4
date 0.0016544117647058823 1.8689491079191851 0.0030920113917780635
data 9.191176470588235E-4 0.167573700159399 1.5401994499944762E-4
own 1.838235294117647E-4 1.3361445774344192 2.456148120283859E-4
reference 0.0016544117647058823 1.4759065198095778 0.0024417571099790807
only 0.0023897058823529414 0.10854016857520597 2.5937907931574956E-4
should 3.676470588235294E-4 0.368995428326773 1.3566008394366654E-4
create 5.514705882352941E-4 1.0704414117014134 5.903169549823971E-4
from 0.005147058823529412 0.023122417420854212 1.1901244260733786E-4
development 1.838235294117647E-4 0.6004377824556778 1.1037459236317606E-4
asymptotically 1.838235294117647E-4 4.471638793363569 8.219924252506561E-4
individual 7.352941176470588E-4 0.7221347174331975 5.309814098773511E-4
xiu 1.838235294117647E-4 5.1647859739235145 9.49409186382999E-4
insights 1.838235294117647E-4 1.6990500711237875 3.123253807212845E-4
capture 0.0011029411764705882 1.293584963015623 0.0014267481209731137
comparing 1.838235294117647E-4 1.0539121097502027 1.9373384370408137E-4
published 0.0014705882352941176 0.03488725900044054 5.1304792647706676E-5
lows 1.838235294117647E-4 5.1647859739235145 9.49409186382999E-4
regards 1.838235294117647E-4 2.456735772821304 4.5160584059215144E-4
rejection 1.838235294117647E-4 3.7784916128036232 6.945756641183131E-4
histogram 3.676470588235294E-4 3.0853444322436783 0.0011343178059719406
estimation 3.676470588235294E-4 2.456735772821304 9.032116811843029E-4
core 1.838235294117647E-4 1.5271998141971284 2.807352599627074E-4
proposed 0.002573529411764706 0.7459453661269161 0.0019197123392972104
techniques 1.838235294117647E-4 0.9751312318970885 1.792520646869648E-4
seems 0.0011029411764705882 1.4271163556401458 0.001574025392250161
week 5.514705882352941E-4 2.073743520565198 0.0011436085591352194
rejected 1.838235294117647E-4 3.7784916128036232 6.945756641183131E-4
frequent 3.676470588235294E-4 1.4271163556401458 5.246751307500536E-4
chunk 1.838235294117647E-4 5.1647859739235145 9.49409186382999E-4
recovery 1.838235294117647E-4 2.2203469947570738 4.081520210950503E-4
conveyed 1.838235294117647E-4 3.7784916128036232 6.945756641183131E-4
error 5.514705882352941E-4 1.5538680612792897 8.56912533793726E-4
aggregate 5.514705882352941E-4 2.5998366164619773 0.0014337334281959433
can 0.001286764705882353 0.0958817717032825 1.2337727976525324E-4
array 1.838235294117647E-4 3.2188758248682006 5.91705114865478E-4
parameter 1.838235294117647E-4 1.6094379124341003 2.95852557432739E-4
predictor 0.0011029411764705882 2.392197251683733 0.002638452851121764
disappointing 1.838235294117647E-4 5.1647859739235145 9.49409186382999E-4
track 5.514705882352941E-4 2.5998366164619773 0.0014337334281959433
value 0.0014705882352941176 0.6214911916535102 9.139576347845738E-4
considers 1.838235294117647E-4 2.0292917579943643 3.7303157316072874E-4
carried 1.838235294117647E-4 1.121734706088964 2.062012327369419E-4
monetary 0.0034926470588235296 3.373026504695459 0.011780791100958405
constructed 5.514705882352941E-4 1.8325814637483102 0.001010614777802377
will 3.676470588235294E-4 0.3526016185510966 1.296329479967267E-4
limited 1.838235294117647E-4 0.5696661237889241 1.0471803746119929E-4
advantage 5.514705882352941E-4 1.4271163556401458 7.870126961250805E-4
verified 1.838235294117647E-4 2.2744142160273495 4.1809084853443925E-4
econometric 1.838235294117647E-4 5.1647859739235145 9.49409186382999E-4
instead 3.676470588235294E-4 1.0376515888784226 3.8148955473471416E-4
played 1.838235294117647E-4 2.7668907011251433 5.08619614177416E-4
factors 1.838235294117647E-4 0.6321864807702582 1.1621075014159157E-4
contrasting 1.838235294117647E-4 4.0661736852554045 7.474583980248905E-4
performance 5.514705882352941E-4 0.7703368192510752 4.248180988516959E-4
carries 1.838235294117647E-4 2.6798793241355137 4.926248757602047E-4
response 1.838235294117647E-4 1.1758019273592397 2.1614006017633082E-4
variable 0.0016544117647058823 1.3146383722134554 0.0021749531893237315
stages 1.838235294117647E-4 1.906689435902032 3.5049438159963825E-4
challenge 1.838235294117647E-4 1.4271163556401458 2.623375653750268E-4
growth 7.352941176470588E-4 1.4512139072192063 0.001067069049425887
category 1.838235294117647E-4 1.252762968495368 2.3028731038517795E-4
normally 1.838235294117647E-4 2.2744142160273495 4.1809084853443925E-4
