been 9.794319294809011E-4 0.05279818556697083 5.17122287629489E-5
mostly 4.897159647404506E-4 1.1758019273592397 5.758089752004112E-4
year 9.794319294809011E-4 1.3146383722134554 0.0012875987974666557
areas 4.897159647404506E-4 1.1758019273592397 5.758089752004112E-4
ambiguous 4.897159647404506E-4 2.5998366164619773 0.001273181496798226
perpetual 9.794319294809011E-4 5.1647859739235145 0.0050585562917958024
without 4.897159647404506E-4 0.32850406697203605 1.6087368607837222E-4
viewing 4.897159647404506E-4 3.373026504695459 0.0016518249288420466
these 0.002938295788442703 0.03488725900044054 1.0250908619130423E-4
would 0.005876591576885406 0.5013468798114469 0.0029462108509977288
depending 4.897159647404506E-4 1.2729656758128876 6.233916140121878E-4
complex 9.794319294809011E-4 0.8743265327751228 8.563433229922849E-4
record 4.897159647404506E-4 1.8689491079191851 9.152542154354481E-4
absent 9.794319294809011E-4 2.9675613965872945 0.0029065243845125314
because 0.0053868756121449556 0.34450440831847723 0.0018558023954472328
investing 4.897159647404506E-4 4.0661736852554045 0.0019912701690770833
moving 4.897159647404506E-4 2.120263536200091 0.0010383269031342267
reflects 4.897159647404506E-4 1.9867321435755685 9.729344483719729E-4
definitions 4.897159647404506E-4 1.79749014393704 8.80259619949579E-4
investigated 4.897159647404506E-4 1.3581234841531944 6.650947522787436E-4
addition 4.897159647404506E-4 0.8080771472339223 3.957282797423714E-4
fictitious 4.897159647404506E-4 5.1647859739235145 0.0025292781458979012
knowledge 4.897159647404506E-4 0.8080771472339223 3.957282797423714E-4
audience 4.897159647404506E-4 3.2188758248682006 0.0015763348799550444
agreement 0.0039177277179236044 1.906689435902032 0.007469890052505513
past 4.897159647404506E-4 1.293584963015623 6.33489208136936E-4
impact 9.794319294809011E-4 0.7827593392496325 7.666594899604628E-4
active 4.897159647404506E-4 1.1944940603713923 5.849628111515144E-4
reserves 4.897159647404506E-4 4.471638793363569 0.0021898329056628646
require 4.897159647404506E-4 1.121734706088964 5.493313937752028E-4
analysis 9.794319294809011E-4 0.15415067982725836 1.5098009777400427E-4
version 4.897159647404506E-4 1.3805963400052528 6.761000685628075E-4
easy 4.897159647404506E-4 1.5538680612792897 7.609539967087609E-4
selection 4.897159647404506E-4 1.1043429633770947 5.40814379714542E-4
size 0.0039177277179236044 0.127833371509885 5.00816342839902E-4
interpretation 4.897159647404506E-4 1.4759065198095778 7.227749852152682E-4
trying 4.897159647404506E-4 2.5998366164619773 0.001273181496798226
science 9.794319294809011E-4 1.7635885922613586 0.0017273149777290485
partnering 4.897159647404506E-4 5.1647859739235145 0.0025292781458979012
garnered 4.897159647404506E-4 4.471638793363569 0.0021898329056628646
looking 4.897159647404506E-4 1.6990500711237875 8.320519447227167E-4
much 4.897159647404506E-4 0.7827593392496325 3.833297449802314E-4
statute 4.897159647404506E-4 5.1647859739235145 0.0025292781458979012
appropriate 4.897159647404506E-4 1.0704414117014134 5.242122486294875E-4
chapter 9.794319294809011E-4 3.2188758248682006 0.0031526697599100887
role 0.004407443682664055 0.6761496041913742 0.0029800913015290732
least 4.897159647404506E-4 0.653926467406664 3.202382308553693E-4
manual 0.0014691478942213516 1.4512139072192063 0.002132047855855837
example 0.0019588638589618022 0.9162907318741551 0.0017948887989699415
how 0.0014691478942213516 0.5496654570822546 8.07539848798611E-4
same 9.794319294809011E-4 0.2972515234679317 2.9113763317133374E-4
systems 9.794319294809011E-4 0.8743265327751228 8.563433229922849E-4
negotiates 9.794319294809011E-4 5.1647859739235145 0.0050585562917958024
vpat 4.897159647404506E-4 5.1647859739235145 0.0025292781458979012
positives 4.897159647404506E-4 3.373026504695459 0.0016518249288420466
after 9.794319294809011E-4 0.12136085700426753 1.1886469833914548E-4
poses 4.897159647404506E-4 2.8622008809294686 0.0014016654656853421
omission 4.897159647404506E-4 4.0661736852554045 0.0019912701690770833
computers 0.0014691478942213516 2.9675613965872945 0.004359786576768797
agreed 4.897159647404506E-4 2.2744142160273495 0.0011138169520212289
website 4.897159647404506E-4 2.9675613965872945 0.0014532621922562657
licensed 4.897159647404506E-4 4.0661736852554045 0.0019912701690770833
address 4.897159647404506E-4 1.0872485300177945 5.32442962790301E-4
contain 0.0014691478942213516 1.4035858582299516 0.002062075207977402
learn 0.002448579823702253 1.4512139072192063 0.0035534130930930615
words 4.897159647404506E-4 0.9751312318970885 4.775373319770267E-4
staff 0.0014691478942213516 2.2744142160273495 0.0033414508560636867
right 4.897159647404506E-4 1.4759065198095778 7.227749852152682E-4
possible 4.897159647404506E-4 0.38566248081198473 1.888650738550366E-4
faced 4.897159647404506E-4 2.456735772821304 0.0012031027290995613
sample 4.897159647404506E-4 0.7221347174331975 3.5364089982037095E-4
the 0.08863858961802155 0.017291497110061043 0.0015326939162199065
suite 4.897159647404506E-4 3.5553480614894135 0.001741110705920379
perceptions 4.897159647404506E-4 2.5998366164619773 0.001273181496798226
unrelated 4.897159647404506E-4 2.456735772821304 0.0012031027290995613
precedented 4.897159647404506E-4 5.1647859739235145 0.0025292781458979012
days 9.794319294809011E-4 1.1043429633770947 0.001081628759429084
information 0.0019588638589618022 0.3049735695618419 5.974017033532653E-4
combined 4.897159647404506E-4 0.9600933545325481 4.701730433558022E-4
ancillary 4.897159647404506E-4 4.0661736852554045 0.0019912701690770833
did 4.897159647404506E-4 0.5108256237659907 2.5015946315670457E-4
discuss 4.897159647404506E-4 1.4759065198095778 7.227749852152682E-4
addressing 4.897159647404506E-4 2.120263536200091 0.0010383269031342267
subscriptions 0.0014691478942213516 5.1647859739235145 0.007587834437693703
transferred 4.897159647404506E-4 2.392197251683733 0.0011714971849577536
evidence 4.897159647404506E-4 0.9306794693262548 4.557685941852374E-4
resolve 4.897159647404506E-4 2.8622008809294686 0.0014016654656853421
added 9.794319294809011E-4 1.1758019273592397 0.0011516179504008225
language 0.006366307541625857 0.6988778552689304 0.0044492713606738956
promise 4.897159647404506E-4 2.9675613965872945 0.0014532621922562657
developed 4.897159647404506E-4 0.48265474679929443 2.3636373496537435E-4
recommendations 4.897159647404506E-4 2.0292917579943643 9.93776571006055E-4
red 4.897159647404506E-4 1.9459101490553132 9.529432659428566E-4
institution 4.897159647404506E-4 2.456735772821304 0.0012031027290995613
act 0.0014691478942213516 1.4271163556401458 0.0020966449886975695
redline 0.0014691478942213516 5.1647859739235145 0.007587834437693703
adding 9.794319294809011E-4 1.6682784124570338 0.0016339651444241272
legal 0.004407443682664055 2.7668907011251433 0.012194914941295931
helped 4.897159647404506E-4 2.5998366164619773 0.001273181496798226
export 9.794319294809011E-4 3.7784916128036232 0.0037007753308556544
others 4.897159647404506E-4 1.1758019273592397 5.758089752004112E-4
conversation 4.897159647404506E-4 2.5998366164619773 0.001273181496798226
train 4.897159647404506E-4 1.9867321435755685 9.729344483719729E-4
ada 0.002938295788442703 5.1647859739235145 0.015175668875387406
area 9.794319294809011E-4 0.9600933545325481 9.403460867116044E-4
add 9.794319294809011E-4 1.7635885922613586 0.0017273149777290485
which 4.897159647404506E-4 0.023122417420854212 1.1323416954385022E-5
making 9.794319294809011E-4 1.0704414117014134 0.001048424497258975
commonly 4.897159647404506E-4 1.0216512475319812 5.00318926313409E-4
need 0.0019588638589618022 0.5013468798114469 9.820702836659096E-4
typically 4.897159647404506E-4 1.1394342831883648 5.579991592499338E-4
agreements 9.794319294809011E-4 3.7784916128036232 0.0037007753308556544
its 0.0014691478942213516 0.19497267434751336 2.864436939483546E-4
often 9.794319294809011E-4 0.5900749954201312 5.77938291302773E-4
list 9.794319294809011E-4 1.3581234841531944 0.0013301895045574872
users 4.897159647404506E-4 1.4759065198095778 7.227749852152682E-4
andrew 4.897159647404506E-4 4.0661736852554045 0.0019912701690770833
regarding 9.794319294809011E-4 0.758066726659261 7.424747567671508E-4
lack 9.794319294809011E-4 0.6988778552689304 6.845032862575225E-4
volume 4.897159647404506E-4 1.4512139072192063 7.106826186186123E-4
take 4.897159647404506E-4 0.8743265327751228 4.2817166149614245E-4
useful 4.897159647404506E-4 0.9162907318741551 4.487221997424854E-4
duties 4.897159647404506E-4 4.0661736852554045 0.0019912701690770833
some 0.004407443682664055 0.2160260835453457 9.521227972125912E-4
virtual 9.794319294809011E-4 2.5998366164619773 0.002546362993596452
opted 4.897159647404506E-4 3.373026504695459 0.0016518249288420466
trained 0.0014691478942213516 1.3805963400052528 0.0020283002056884223
provided 9.794319294809011E-4 0.7104386776700063 6.958263248481943E-4
additional 9.794319294809011E-4 0.5300569856938783 5.191547362329856E-4
for 0.01762977473065622 0.017291497110061043 3.048451988061692E-4
training 9.794319294809011E-4 1.0059028905638423 9.852134089753598E-4
content 9.794319294809011E-4 1.293584963015623 0.001266978416273872
states 4.897159647404506E-4 1.293584963015623 6.33489208136936E-4
expanded 4.897159647404506E-4 2.2744142160273495 0.0011138169520212289
perhaps 4.897159647404506E-4 1.9459101490553132 9.529432659428566E-4
related 0.0019588638589618022 0.27443684570176036 5.37584418612655E-4
reenvision 4.897159647404506E-4 5.1647859739235145 0.0025292781458979012
provider 4.897159647404506E-4 2.7668907011251433 0.0013549905490328812
provides 4.897159647404506E-4 0.6214911916535102 3.04354158498291E-4
captured 4.897159647404506E-4 1.9459101490553132 9.529432659428566E-4
client 4.897159647404506E-4 3.7784916128036232 0.0018503876654278272
ignore 9.794319294809011E-4 2.5257286443082556 0.0024737792794400156
company 9.794319294809011E-4 2.2203469947570738 0.002174678741192041
ensuring 4.897159647404506E-4 2.331572629867298 0.0011418083397978932
human 9.794319294809011E-4 0.9162907318741551 8.974443994849708E-4
selecting 0.0014691478942213516 2.120263536200091 0.00311498070940268
over 0.0019588638589618022 0.3364722366212129 6.591033038613378E-4
pilot 9.794319294809011E-4 3.7784916128036232 0.0037007753308556544
capabilities 9.794319294809011E-4 2.6798793241355137 0.0026247593772140195
identify 4.897159647404506E-4 0.6214911916535102 3.04354158498291E-4
custom 9.794319294809011E-4 3.0853444322436783 0.0030218848503855813
perform 0.0014691478942213516 0.9600933545325481 0.0014105191300674066
false 0.0019588638589618022 2.169053700369523 0.0042488809018012205
length 4.897159647404506E-4 1.2329603411991883 6.038003629770756E-4
reviewing 9.794319294809011E-4 2.9675613965872945 0.0029065243845125314
considerations 4.897159647404506E-4 2.392197251683733 0.0011714971849577536
noted 9.794319294809011E-4 1.157452788691043 0.001133646218110718
with 0.015181194906953967 0.017291497110061043 2.6250558786086796E-4
existing 4.897159647404506E-4 0.9452782687474074 4.629178593278195E-4
modify 4.897159647404506E-4 2.9675613965872945 0.0014532621922562657
form 4.897159647404506E-4 0.664976303593249 3.2564951204370666E-4
approximately 4.897159647404506E-4 0.9452782687474074 4.629178593278195E-4
assistive 9.794319294809011E-4 5.1647859739235145 0.0050585562917958024
there 0.0068560235063663075 0.12136085700426753 8.320528883740183E-4
interpret 0.0014691478942213516 2.120263536200091 0.00311498070940268
automate 4.897159647404506E-4 3.5553480614894135 0.001741110705920379
family 4.897159647404506E-4 1.9867321435755685 9.729344483719729E-4
wade 4.897159647404506E-4 5.1647859739235145 0.0025292781458979012
prompt 4.897159647404506E-4 2.331572629867298 0.0011418083397978932
significantly 4.897159647404506E-4 0.5900749954201312 2.889691456513865E-4
upcoming 4.897159647404506E-4 3.0853444322436783 0.0015109424251927906
referred 4.897159647404506E-4 1.4035858582299516 6.87358402659134E-4
presents 4.897159647404506E-4 1.1394342831883648 5.579991592499338E-4
explain 4.897159647404506E-4 1.4759065198095778 7.227749852152682E-4
expert 4.897159647404506E-4 1.9459101490553132 9.529432659428566E-4
illustrates 4.897159647404506E-4 2.073743520565198 0.0010155453087978444
education 0.0014691478942213516 1.730798769438368 0.002542799367441285
placed 4.897159647404506E-4 2.120263536200091 0.0010383269031342267
considered 4.897159647404506E-4 0.32059888746492277 1.5700239346959978E-4
redlining 0.0014691478942213516 5.1647859739235145 0.007587834437693703
improves 4.897159647404506E-4 2.2203469947570738 0.0010873393705960206
american 9.794319294809011E-4 2.169053700369523 0.0021244404509006103
convert 4.897159647404506E-4 2.120263536200091 0.0010383269031342267
entire 4.897159647404506E-4 1.1944940603713923 5.849628111515144E-4
hope 4.897159647404506E-4 2.9675613965872945 0.0014532621922562657
years 4.897159647404506E-4 0.7104386776700063 3.4791316242409716E-4
legislative 4.897159647404506E-4 5.1647859739235145 0.0025292781458979012
scholarly 9.794319294809011E-4 3.373026504695459 0.003303649857684093
number 4.897159647404506E-4 0.167573700159399 8.206351623868708E-5
rehabilitation 4.897159647404506E-4 3.373026504695459 0.0016518249288420466
appeared 4.897159647404506E-4 1.79749014393704 8.80259619949579E-4
balance 4.897159647404506E-4 2.2744142160273495 0.0011138169520212289
context 4.897159647404506E-4 0.9162907318741551 4.487221997424854E-4
easily 4.897159647404506E-4 1.4271163556401458 6.988816628991899E-4
text 0.004897159647404506 0.8607208807193443 0.00421508756473724
per 9.794319294809011E-4 0.7339691750802005 7.188728453283061E-4
manipulation 4.897159647404506E-4 3.0853444322436783 0.0015109424251927906
tasks 4.897159647404506E-4 1.293584963015623 6.33489208136936E-4
gauge 4.897159647404506E-4 3.2188758248682006 0.0015763348799550444
similar 9.794319294809011E-4 0.20895891632225325 2.0466103459574266E-4
encouraging 4.897159647404506E-4 3.0853444322436783 0.0015109424251927906
partnership 4.897159647404506E-4 5.1647859739235145 0.0025292781458979012
large 4.897159647404506E-4 0.34450440831847723 1.6870930867702119E-4
made 4.897159647404506E-4 0.6109090823229731 2.991719306184981E-4
understand 9.794319294809011E-4 1.121734706088964 0.0010986627875504056
being 4.897159647404506E-4 0.48265474679929443 2.3636373496537435E-4
relevance 9.794319294809011E-4 2.073743520565198 0.0020310906175956887
intelligence 0.004407443682664055 1.9459101490553132 0.00857648939348571
sifters 0.005876591576885406 5.1647859739235145 0.030351337750774813
traditional 4.897159647404506E-4 1.1758019273592397 5.758089752004112E-4
illustrated 0.0019588638589618022 1.8325814637483102 0.003589777597939883
system 4.897159647404506E-4 0.44628710262841953 2.1855391901489694E-4
million 4.897159647404506E-4 1.5012243277938677 7.351735199774083E-4
field 4.897159647404506E-4 0.8472978603872037 4.1493528912203904E-4
john 4.897159647404506E-4 2.9675613965872945 0.0014532621922562657
begin 9.794319294809011E-4 2.5998366164619773 0.002546362993596452
authors 0.0039177277179236044 0.023122417420854212 9.058733563508017E-5
become 4.897159647404506E-4 0.8607208807193443 4.2150875647372396E-4
alluded 4.897159647404506E-4 4.471638793363569 0.0021898329056628646
algorithms 4.897159647404506E-4 1.1758019273592397 5.758089752004112E-4
other 0.0019588638589618022 0.0408219945202552 7.996472971646464E-5
indicated 9.794319294809011E-4 1.3361445774344192 0.0013086626615420364
turnaround 4.897159647404506E-4 5.1647859739235145 0.0025292781458979012
focuses 9.794319294809011E-4 1.5538680612792897 0.0015219079934175217
subscription 9.794319294809011E-4 4.471638793363569 0.004379665811325729
functionality 4.897159647404506E-4 3.0853444322436783 0.0015109424251927906
distilled 4.897159647404506E-4 4.0661736852554045 0.0019912701690770833
synergistically 4.897159647404506E-4 5.1647859739235145 0.0025292781458979012
products 4.897159647404506E-4 1.9867321435755685 9.729344483719729E-4
library 0.0019588638589618022 1.79749014393704 0.003521038479798316
erb 0.0039177277179236044 5.1647859739235145 0.02023422516718321
known 4.897159647404506E-4 0.8607208807193443 4.2150875647372396E-4
top 9.794319294809011E-4 1.5538680612792897 0.0015219079934175217
initialism 4.897159647404506E-4 5.1647859739235145 0.0025292781458979012
rights 4.897159647404506E-4 3.2188758248682006 0.0015763348799550444
have 0.00881488736532811 0.028987536873252187 2.555218725360134E-4
member 4.897159647404506E-4 2.5998366164619773 0.001273181496798226
december 0.0014691478942213516 1.3361445774344192 0.0019629939923130543
ability 0.002938295788442703 0.8881198549074587 0.0026095588293069305
map 4.897159647404506E-4 1.9867321435755685 9.729344483719729E-4
outcome 4.897159647404506E-4 1.3361445774344192 6.543313307710182E-4
table 4.897159647404506E-4 0.18805223150293962 9.209217997205662E-5
statewide 4.897159647404506E-4 4.471638793363569 0.0021898329056628646
product 4.897159647404506E-4 1.5538680612792897 7.609539967087609E-4
robust 4.897159647404506E-4 1.6682784124570338 8.169825722120636E-4
may 0.002938295788442703 0.15415067982725836 4.5294029332201277E-4
question 9.794319294809011E-4 1.2329603411991883 0.0012076007259541513
within 4.897159647404506E-4 0.3127557100038969 1.5316146425264297E-4
could 0.0014691478942213516 0.22314355131420976 3.278308785223454E-4
forward 9.794319294809011E-4 1.8689491079191851 0.0018305084308708963
defining 4.897159647404506E-4 1.906689435902032 9.337362565631891E-4
disabilities 9.794319294809011E-4 4.0661736852554045 0.003982540338154167
corporate 4.897159647404506E-4 3.5553480614894135 0.001741110705920379
discovery 4.897159647404506E-4 2.9675613965872945 0.0014532621922562657
machine 4.897159647404506E-4 1.0872485300177945 5.32442962790301E-4
attorneys 9.794319294809011E-4 5.1647859739235145 0.0050585562917958024
statutes 4.897159647404506E-4 5.1647859739235145 0.0025292781458979012
usc 4.897159647404506E-4 5.1647859739235145 0.0025292781458979012
minor 4.897159647404506E-4 2.0292917579943643 9.93776571006055E-4
arrow 4.897159647404506E-4 4.471638793363569 0.0021898329056628646
use 0.002938295788442703 0.20895891632225325 6.13983103787228E-4
subject 4.897159647404506E-4 1.2135422553420867 5.942910163281522E-4
several 4.897159647404506E-4 0.3526016185510966 1.7267464179779462E-4
screen 4.897159647404506E-4 2.8622008809294686 0.0014016654656853421
traction 4.897159647404506E-4 3.2188758248682006 0.0015763348799550444
serve 9.794319294809011E-4 1.730798769438368 0.00169519957829419
while 0.0014691478942213516 0.20895891632225325 3.06991551893614E-4
upon 4.897159647404506E-4 1.5538680612792897 7.609539967087609E-4
professionally 4.897159647404506E-4 4.471638793363569 0.0021898329056628646
that 0.02056807051909892 0.017291497110061043 3.5565273194053073E-4
solution 9.794319294809011E-4 1.293584963015623 0.001266978416273872
academic 9.794319294809011E-4 1.7635885922613586 0.0017273149777290485
find 0.002448579823702253 0.9306794693262548 0.002278842970926187
members 4.897159647404506E-4 1.8689491079191851 9.152542154354481E-4
negotiation 4.897159647404506E-4 3.373026504695459 0.0016518249288420466
than 9.794319294809011E-4 0.058840500022933395 5.763026446908266E-5
west 4.897159647404506E-4 2.6798793241355137 0.0013123796886070098
host 4.897159647404506E-4 2.5257286443082556 0.0012368896397200078
modified 4.897159647404506E-4 1.8325814637483102 8.974443994849708E-4
expressed 4.897159647404506E-4 1.1758019273592397 5.758089752004112E-4
directly 4.897159647404506E-4 0.7703368192510752 3.7724623861463036E-4
regardless 0.0014691478942213516 1.79749014393704 0.0026407788598487364
all 0.006366307541625857 0.017291497110061043 1.1008298845778332E-4
new 0.0014691478942213516 0.38566248081198473 5.665952215651097E-4
law 0.0014691478942213516 2.9675613965872945 0.004359786576768797
read 9.794319294809011E-4 1.7635885922613586 0.0017273149777290485
including 9.794319294809011E-4 0.2669461739726028 2.614556062415307E-4
below 4.897159647404506E-4 1.4035858582299516 6.87358402659134E-4
conducted 4.897159647404506E-4 0.664976303593249 3.2564951204370666E-4
shall 4.897159647404506E-4 3.7784916128036232 0.0018503876654278272
includes 0.0019588638589618022 0.8472978603872037 0.0016597411564881562
positions 4.897159647404506E-4 2.120263536200091 0.0010383269031342267
less 4.897159647404506E-4 0.368995428326773 1.8070295216786144E-4
comprises 4.897159647404506E-4 2.5998366164619773 0.001273181496798226
experiences 4.897159647404506E-4 1.79749014393704 8.80259619949579E-4
tool 9.794319294809011E-4 1.1758019273592397 0.0011516179504008225
expansion 4.897159647404506E-4 2.456735772821304 0.0012031027290995613
relevant 4.897159647404506E-4 0.7703368192510752 3.7724623861463036E-4
license 0.002448579823702253 3.7784916128036232 0.009251938327139136
unit 0.002448579823702253 1.5538680612792897 0.0038047699835438045
task 4.897159647404506E-4 1.2329603411991883 6.038003629770756E-4
fiscal 4.897159647404506E-4 4.471638793363569 0.0021898329056628646
were 0.004407443682664055 0.0958817717032825 4.2259350897626963E-4
improve 9.794319294809011E-4 0.7104386776700063 6.958263248481943E-4
strengths 4.897159647404506E-4 2.331572629867298 0.0011418083397978932
prediction 4.897159647404506E-4 1.6384254493073527 8.023630995628564E-4
mapped 4.897159647404506E-4 2.169053700369523 0.0010622202254503051
present 9.794319294809011E-4 0.38566248081198473 3.777301477100732E-4
problems 4.897159647404506E-4 1.1758019273592397 5.758089752004112E-4
flvc 0.011753183153770812 5.1647859739235145 0.060702675501549626
locate 9.794319294809011E-4 3.373026504695459 0.003303649857684093
university 9.794319294809011E-4 1.121734706088964 0.0010986627875504056
appears 4.897159647404506E-4 1.4271163556401458 6.988816628991899E-4
contracts 0.004897159647404506 4.471638793363569 0.021898329056628644
teaches 4.897159647404506E-4 4.0661736852554045 0.0019912701690770833
flagged 0.0014691478942213516 3.7784916128036232 0.005551162996283481
and 0.03525954946131244 0.017291497110061043 6.096903976123384E-4
working 0.002448579823702253 1.5538680612792897 0.0038047699835438045
included 0.0019588638589618022 0.41985384556026406 8.224365241141314E-4
possibility 4.897159647404506E-4 1.252762968495368 6.134980257078199E-4
brief 4.897159647404506E-4 2.2203469947570738 0.0010873393705960206
processes 4.897159647404506E-4 1.293584963015623 6.33489208136936E-4
opposed 4.897159647404506E-4 2.6798793241355137 0.0013123796886070098
determine 4.897159647404506E-4 0.7221347174331975 3.5364089982037095E-4
problematic 9.794319294809011E-4 2.5257286443082556 0.0024737792794400156
performing 4.897159647404506E-4 1.5812670354674039 7.74371711786192E-4
relying 4.897159647404506E-4 2.5257286443082556 0.0012368896397200078
automatic 4.897159647404506E-4 1.5812670354674039 7.74371711786192E-4
sought 4.897159647404506E-4 2.2744142160273495 0.0011138169520212289
specific 0.0014691478942213516 0.40261203912575794 5.914966294697717E-4
any 0.0034280117531831538 0.2669461739726028 9.150946218453572E-4
despite 4.897159647404506E-4 0.7221347174331975 3.5364089982037095E-4
intelligent 9.794319294809011E-4 2.5998366164619773 0.002546362993596452
legalsifter 0.004897159647404506 5.1647859739235145 0.025292781458979015
application 0.0019588638589618022 1.0376515888784226 0.0020326181956482323
due 4.897159647404506E-4 0.20895891632225325 1.0233051729787133E-4
engage 4.897159647404506E-4 2.073743520565198 0.0010155453087978444
unfamiliar 4.897159647404506E-4 3.5553480614894135 0.001741110705920379
interested 9.794319294809011E-4 1.8689491079191851 0.0018305084308708963
caught 4.897159647404506E-4 5.1647859739235145 0.0025292781458979012
accessibility 0.004407443682664055 2.8622008809294686 0.01261498919116808
clauses 0.002448579823702253 4.0661736852554045 0.009956350845385419
about 0.0014691478942213516 0.377294231141468 5.543010251833516E-4
empirical 4.897159647404506E-4 1.8325814637483102 8.974443994849708E-4
discussion 0.0014691478942213516 0.2595111954850846 3.812603263737776E-4
expedient 4.897159647404506E-4 4.471638793363569 0.0021898329056628646
decided 9.794319294809011E-4 2.2203469947570738 0.002174678741192041
above 4.897159647404506E-4 0.9021060968821986 4.4177575753290825E-4
state 0.0014691478942213516 1.0376515888784226 0.0015244636467361742
recent 4.897159647404506E-4 0.5596157879354227 2.740527854727829E-4
defined 4.897159647404506E-4 0.5300569856938783 2.595773681164928E-4
they 0.0039177277179236044 0.167573700159399 6.565081299094967E-4
proposal 4.897159647404506E-4 2.6798793241355137 0.0013123796886070098
based 4.897159647404506E-4 0.18805223150293962 9.209217997205662E-5
using 0.004407443682664055 0.083381608939051 3.67499745568785E-4
ensuing 4.897159647404506E-4 5.1647859739235145 0.0025292781458979012
expediently 4.897159647404506E-4 5.1647859739235145 0.0025292781458979012
them 0.0014691478942213516 0.5696661237889241 8.369237861737376E-4
received 4.897159647404506E-4 0.9452782687474074 4.629178593278195E-4
then 4.897159647404506E-4 0.4285875255290187 2.0988615354016585E-4
testament 4.897159647404506E-4 5.1647859739235145 0.0025292781458979012
each 0.002448579823702253 0.13434805253107854 3.289619307812893E-4
benefit 9.794319294809011E-4 1.293584963015623 0.001266978416273872
concepts 0.005876591576885406 1.79749014393704 0.010563115439394945
twelve 4.897159647404506E-4 2.9675613965872945 0.0014532621922562657
unique 4.897159647404506E-4 1.157452788691043 5.66823109055359E-4
consistently 0.0014691478942213516 2.331572629867298 0.0034254250193936795
processing 4.897159647404506E-4 0.7221347174331975 3.5364089982037095E-4
must 9.794319294809011E-4 1.0376515888784226 0.0010163090978241162
programs 4.897159647404506E-4 2.392197251683733 0.0011714971849577536
items 4.897159647404506E-4 1.906689435902032 9.337362565631891E-4
invested 4.897159647404506E-4 4.471638793363569 0.0021898329056628646
checklists 9.794319294809011E-4 5.1647859739235145 0.0050585562917958024
checking 4.897159647404506E-4 2.8622008809294686 0.0014016654656853421
access 9.794319294809011E-4 1.252762968495368 0.0012269960514156397
frequently 4.897159647404506E-4 1.157452788691043 5.66823109055359E-4
automatically 9.794319294809011E-4 1.4759065198095778 0.0014455499704305365
document 0.007345739471106758 1.4035858582299516 0.01031037603988701
another 9.794319294809011E-4 0.40261203912575794 3.9433108631318115E-4
two 0.002448579823702253 0.11492996667397702 2.8141519753667243E-4
referring 9.794319294809011E-4 2.2744142160273495 0.0022276339040424578
promote 4.897159647404506E-4 2.073743520565198 0.0010155453087978444
into 0.002448579823702253 0.10854016857520597 2.6576926683449066E-4
current 0.0019588638589618022 0.4919571394616079 9.636770606495748E-4
are 0.011263467189030362 0.028987536873252187 3.2650017046268376E-4
variety 4.897159647404506E-4 1.0872485300177945 5.32442962790301E-4
does 0.004897159647404506 0.5696661237889241 0.002789745953912459
spreadsheet 4.897159647404506E-4 4.471638793363569 0.0021898329056628646
relationship 4.897159647404506E-4 0.9162907318741551 4.487221997424854E-4
takes 4.897159647404506E-4 1.3805963400052528 6.761000685628075E-4
key 9.794319294809011E-4 1.0216512475319812 0.001000637852626818
preferred 0.0019588638589618022 2.2744142160273495 0.0044552678080849156
calendar 4.897159647404506E-4 3.373026504695459 0.0016518249288420466
clause 9.794319294809011E-4 4.0661736852554045 0.003982540338154167
exported 4.897159647404506E-4 4.0661736852554045 0.0019912701690770833
middle 4.897159647404506E-4 2.2744142160273495 0.0011138169520212289
necessary 0.0014691478942213516 0.8607208807193443 0.0012645262694211718
decision 4.897159647404506E-4 1.157452788691043 5.66823109055359E-4
correspondence 4.897159647404506E-4 3.2188758248682006 0.0015763348799550444
manages 4.897159647404506E-4 4.0661736852554045 0.0019912701690770833
one 0.002938295788442703 0.06491954609931569 1.907528288912312E-4
noticed 4.897159647404506E-4 2.7668907011251433 0.0013549905490328812
checklist 0.0019588638589618022 4.471638793363569 0.008759331622651459
services 4.897159647404506E-4 1.6682784124570338 8.169825722120636E-4
team 9.794319294809011E-4 2.073743520565198 0.0020310906175956887
reviewer 4.897159647404506E-4 3.7784916128036232 0.0018503876654278272
many 9.794319294809011E-4 0.20194134366360675 1.977877998664121E-4
such 0.0014691478942213516 0.10219094089654716 1.5013360562666085E-4
face 4.897159647404506E-4 2.2203469947570738 0.0010873393705960206
nlp 0.0014691478942213516 0.41119578281714936 6.041074184385152E-4
rachel 0.0039177277179236044 4.471638793363569 0.017518663245302917
handled 4.897159647404506E-4 2.9675613965872945 0.0014532621922562657
associated 0.002448579823702253 0.4373981552111735 0.0010710042977746658
assist 0.0014691478942213516 2.5257286443082556 0.0037106689191600227
understood 4.897159647404506E-4 2.120263536200091 0.0010383269031342267
but 0.0039177277179236044 0.083381608939051 3.266664405055867E-4
through 4.897159647404506E-4 0.2595111954850846 1.2708677545792587E-4
deterrent 4.897159647404506E-4 5.1647859739235145 0.0025292781458979012
florida 0.0039177277179236044 4.471638793363569 0.017518663245302917
documents 4.897159647404506E-4 1.6682784124570338 8.169825722120636E-4
invest 9.794319294809011E-4 3.5553480614894135 0.003482221411840758
available 9.794319294809011E-4 0.5696661237889241 5.579491907824918E-4
remains 4.897159647404506E-4 1.4512139072192063 7.106826186186123E-4
rules 4.897159647404506E-4 1.79749014393704 8.80259619949579E-4
had 4.897159647404506E-4 0.32059888746492277 1.5700239346959978E-4
confine 4.897159647404506E-4 5.1647859739235145 0.0025292781458979012
microsoft 4.897159647404506E-4 3.2188758248682006 0.0015763348799550444
challenging 4.897159647404506E-4 1.5538680612792897 7.609539967087609E-4
lifecycle 4.897159647404506E-4 5.1647859739235145 0.0025292781458979012
presentation 9.794319294809011E-4 1.6990500711237875 0.0016641038894454334
budgetary 4.897159647404506E-4 4.0661736852554045 0.0019912701690770833
features 4.897159647404506E-4 0.8340526336371831 4.084488901259467E-4
either 0.002938295788442703 0.7827593392496325 0.0022999784698813884
view 9.794319294809011E-4 1.4035858582299516 0.001374716805318268
funded 4.897159647404506E-4 3.5553480614894135 0.001741110705920379
continue 4.897159647404506E-4 2.2203469947570738 0.0010873393705960206
has 0.002448579823702253 0.05279818556697083 1.2928057190737227E-4
five 9.794319294809011E-4 0.9021060968821986 8.835515150658165E-4
those 0.002448579823702253 0.3364722366212129 8.238791298266722E-4
termination 9.794319294809011E-4 3.7784916128036232 0.0037007753308556544
offers 4.897159647404506E-4 1.6682784124570338 8.169825722120636E-4
ensure 9.794319294809011E-4 1.4035858582299516 0.001374716805318268
involves 4.897159647404506E-4 1.6094379124341003 7.881674399775222E-4
campus 9.794319294809011E-4 5.1647859739235145 0.0050585562917958024
this 0.013222331047992164 0.017291497110061043 2.286338991046269E-4
engineering 4.897159647404506E-4 2.0292917579943643 9.93776571006055E-4
bears 4.897159647404506E-4 4.0661736852554045 0.0019912701690770833
sharing 4.897159647404506E-4 2.169053700369523 0.0010622202254503051
look 4.897159647404506E-4 1.6682784124570338 8.169825722120636E-4
downloaded 4.897159647404506E-4 2.6798793241355137 0.0013123796886070098
technologies 4.897159647404506E-4 1.8689491079191851 9.152542154354481E-4
enhanced 4.897159647404506E-4 1.8325814637483102 8.974443994849708E-4
suited 4.897159647404506E-4 3.0853444322436783 0.0015109424251927906
especially 9.794319294809011E-4 0.7104386776700063 6.958263248481943E-4
once 9.794319294809011E-4 1.4271163556401458 0.0013977633257983798
procurement 0.0014691478942213516 5.1647859739235145 0.007587834437693703
solve 9.794319294809011E-4 1.730798769438368 0.00169519957829419
name 4.897159647404506E-4 1.8325814637483102 8.974443994849708E-4
involving 9.794319294809011E-4 1.5271998141971284 0.001495788260721967
higher 9.794319294809011E-4 0.41985384556026406 4.112182620570657E-4
full 0.0039177277179236044 0.14750613710858965 5.778888819141612E-4
universality 4.897159647404506E-4 4.471638793363569 0.0021898329056628646
next 4.897159647404506E-4 0.8080771472339223 3.957282797423714E-4
oversees 4.897159647404506E-4 5.1647859739235145 0.0025292781458979012
records 9.794319294809011E-4 1.3581234841531944 0.0013301895045574872
needed 0.0014691478942213516 0.8080771472339223 0.001187184839227114
absence 0.0019588638589618022 1.3581234841531944 0.0026603790091149744
concept 0.0014691478942213516 1.3581234841531944 0.0019952842568362306
changes 4.897159647404506E-4 0.9021060968821986 4.4177575753290825E-4
interlibrary 4.897159647404506E-4 5.1647859739235145 0.0025292781458979012
privacy 4.897159647404506E-4 2.5998366164619773 0.001273181496798226
learning 9.794319294809011E-4 0.9306794693262548 9.115371883704748E-4
spreadsheets 4.897159647404506E-4 5.1647859739235145 0.0025292781458979012
conclusion 4.897159647404506E-4 0.653926467406664 3.202382308553693E-4
not 0.01028403525954946 0.03488725900044054 3.587818016695648E-4
proprietary 4.897159647404506E-4 4.471638793363569 0.0021898329056628646
common 4.897159647404506E-4 0.3526016185510966 1.7267464179779462E-4
interest 9.794319294809011E-4 1.0539121097502027 0.0010322351711559282
throughout 4.897159647404506E-4 1.4759065198095778 7.227749852152682E-4
missing 9.794319294809011E-4 1.6384254493073527 0.0016047261991257128
definition 0.0014691478942213516 1.6990500711237875 0.00249615583416815
derived 4.897159647404506E-4 1.3581234841531944 6.650947522787436E-4
archival 9.794319294809011E-4 5.1647859739235145 0.0050585562917958024
rutter 4.897159647404506E-4 5.1647859739235145 0.0025292781458979012
allocation 4.897159647404506E-4 2.120263536200091 0.0010383269031342267
types 9.794319294809011E-4 0.7459453661269161 7.306027092330227E-4
figure 0.012242899118511263 0.20194134366360675 0.002472347498330151
appropriately 4.897159647404506E-4 3.0853444322436783 0.0015109424251927906
libraries 0.0014691478942213516 3.0853444322436783 0.0045328272755783714
was 0.005876591576885406 0.058840500022933395 3.4578158681449595E-4
technology 0.002448579823702253 1.5271998141971284 0.0037394706518049177
editing 9.794319294809011E-4 3.0853444322436783 0.0030218848503855813
demonstrably 4.897159647404506E-4 4.471638793363569 0.0021898329056628646
artificial 0.004407443682664055 1.5012243277938677 0.006616561679796675
what 9.794319294809011E-4 0.8209805520698303 8.040945661800493E-4
detailed 4.897159647404506E-4 1.1394342831883648 5.579991592499338E-4
initiating 9.794319294809011E-4 3.373026504695459 0.003303649857684093
comment 4.897159647404506E-4 3.0853444322436783 0.0015109424251927906
risk 0.0019588638589618022 0.8209805520698303 0.0016081891323600987
conducts 4.897159647404506E-4 3.5553480614894135 0.001741110705920379
time 9.794319294809011E-4 0.20194134366360675 1.977877998664121E-4
applications 0.0014691478942213516 1.2135422553420867 0.0017828730489844564
measured 4.897159647404506E-4 1.0704414117014134 5.242122486294875E-4
software 0.01028403525954946 1.157452788691043 0.011903285290162538
developers 4.897159647404506E-4 3.7784916128036232 0.0018503876654278272
usage 4.897159647404506E-4 1.8689491079191851 9.152542154354481E-4
anonymized 4.897159647404506E-4 3.5553480614894135 0.001741110705920379
program 4.897159647404506E-4 1.8689491079191851 9.152542154354481E-4
during 4.897159647404506E-4 0.28958865072236245 1.418161854663871E-4
type 0.002938295788442703 0.5203950747821414 0.0015290746565586916
when 9.794319294809011E-4 0.14750613710858965 1.444722204785403E-4
three 0.0019588638589618022 0.22314355131420976 4.371078380297939E-4
april 0.0039177277179236044 1.906689435902032 0.007469890052505513
required 0.0014691478942213516 0.5900749954201312 8.669074369541594E-4
problem 9.794319294809011E-4 0.9162907318741551 8.974443994849708E-4
terms 0.002448579823702253 0.5696661237889241 0.0013948729769562296
review 0.015670910871694418 0.5696661237889241 0.008927187052519868
enable 0.0014691478942213516 1.5012243277938677 0.0022055205599322246
price 4.897159647404506E-4 2.331572629867298 0.0011418083397978932
authorized 4.897159647404506E-4 4.0661736852554045 0.0019912701690770833
broad 4.897159647404506E-4 1.4759065198095778 7.227749852152682E-4
catch 9.794319294809011E-4 3.0853444322436783 0.0030218848503855813
presence 0.0019588638589618022 0.9751312318970885 0.0019101493279081068
greater 4.897159647404506E-4 0.8743265327751228 4.2817166149614245E-4
dependent 4.897159647404506E-4 1.4035858582299516 6.87358402659134E-4
case 9.794319294809011E-4 0.38566248081198473 3.777301477100732E-4
layperson 4.897159647404506E-4 4.471638793363569 0.0021898329056628646
inability 4.897159647404506E-4 3.0853444322436783 0.0015109424251927906
mccarthy 4.897159647404506E-4 4.0661736852554045 0.0019912701690770833
item 4.897159647404506E-4 2.7668907011251433 0.0013549905490328812
having 4.897159647404506E-4 0.8340526336371831 4.084488901259467E-4
natural 9.794319294809011E-4 0.6429973968744738 6.297721810719626E-4
method 9.794319294809011E-4 0.4734380916943703 4.637003836379729E-4
negatives 4.897159647404506E-4 4.0661736852554045 0.0019912701690770833
work 0.002448579823702253 0.5696661237889241 0.0013948729769562296
contract 0.013712047012732615 3.5553480614894135 0.048751099765770606
reduced 4.897159647404506E-4 0.9452782687474074 4.629178593278195E-4
provisions 9.794319294809011E-4 4.471638793363569 0.004379665811325729
itself 4.897159647404506E-4 1.7635885922613586 8.636574888645243E-4
examples 4.897159647404506E-4 1.1394342831883648 5.579991592499338E-4
provide 4.897159647404506E-4 0.44628710262841953 2.1855391901489694E-4
mellon 4.897159647404506E-4 4.0661736852554045 0.0019912701690770833
saas 4.897159647404506E-4 5.1647859739235145 0.0025292781458979012
rely 4.897159647404506E-4 1.6094379124341003 7.881674399775222E-4
determined 4.897159647404506E-4 1.0376515888784226 5.081545489120581E-4
among 4.897159647404506E-4 0.32850406697203605 1.6087368607837222E-4
following 0.0014691478942213516 0.2160260835453457 3.173742657375304E-4
logging 4.897159647404506E-4 5.1647859739235145 0.0025292781458979012
word 0.0014691478942213516 1.1394342831883648 0.0016739974777498013
explicitly 4.897159647404506E-4 1.5812670354674039 7.74371711786192E-4
flag 0.0019588638589618022 4.471638793363569 0.008759331622651459
methods 0.0014691478942213516 0.20194134366360675 2.9668169979961813E-4
sentences 0.0014691478942213516 1.5812670354674039 0.0023231151353585756
confidentiality 4.897159647404506E-4 3.2188758248682006 0.0015763348799550444
teaching 4.897159647404506E-4 2.392197251683733 0.0011714971849577536
foundation 4.897159647404506E-4 2.2744142160273495 0.0011138169520212289
our 4.897159647404506E-4 0.19497267434751336 9.54812313161182E-5
carnegie 4.897159647404506E-4 4.471638793363569 0.0021898329056628646
out 4.897159647404506E-4 0.368995428326773 1.8070295216786144E-4
gain 4.897159647404506E-4 1.5812670354674039 7.74371711786192E-4
capacity 4.897159647404506E-4 1.7635885922613586 8.636574888645243E-4
computer 9.794319294809011E-4 1.5538680612792897 0.0015219079934175217
fall 4.897159647404506E-4 2.456735772821304 0.0012031027290995613
web 9.794319294809011E-4 1.6384254493073527 0.0016047261991257128
writing 4.897159647404506E-4 2.392197251683733 0.0011714971849577536
reduces 9.794319294809011E-4 2.0292917579943643 0.00198755314201211
precise 4.897159647404506E-4 2.2744142160273495 0.0011138169520212289
demonstrated 4.897159647404506E-4 0.8607208807193443 4.2150875647372396E-4
licensing 0.0014691478942213516 4.0661736852554045 0.0059738105072312505
enables 0.0014691478942213516 1.6990500711237875 0.00249615583416815
established 4.897159647404506E-4 1.4271163556401458 6.988816628991899E-4
include 0.002448579823702253 0.5013468798114469 0.001227587854582387
means 4.897159647404506E-4 0.6988778552689304 3.4225164312876125E-4
funding 4.897159647404506E-4 2.9675613965872945 0.0014532621922562657
alongside 4.897159647404506E-4 3.2188758248682006 0.0015763348799550444
sifter 0.00881488736532811 5.1647859739235145 0.04552700662616223
efficient 4.897159647404506E-4 1.3581234841531944 6.650947522787436E-4
initial 4.897159647404506E-4 0.6988778552689304 3.4225164312876125E-4
more 0.002938295788442703 0.05279818556697083 1.551366862888467E-4
display 0.004897159647404506 0.167573700159399 8.206351623868709E-4
consistent 4.897159647404506E-4 0.9306794693262548 4.557685941852374E-4
performed 4.897159647404506E-4 0.4643056081310978 2.2737786882032213E-4
great 4.897159647404506E-4 1.3361445774344192 6.543313307710182E-4
help 0.0039177277179236044 0.8743265327751228 0.0034253732919691396
sifted 0.004407443682664055 5.1647859739235145 0.022763503313081114
organization 9.794319294809011E-4 1.7635885922613586 0.0017273149777290485
first 4.897159647404506E-4 0.167573700159399 8.206351623868708E-5
specifics 4.897159647404506E-4 4.471638793363569 0.0021898329056628646
quick 4.897159647404506E-4 2.7668907011251433 0.0013549905490328812
data 0.002938295788442703 0.167573700159399 4.923810974321224E-4
section 4.897159647404506E-4 0.7953381214564925 3.894897754439239E-4
used 0.0014691478942213516 0.07103577311675174 1.0436205648886152E-4
experience 0.002448579823702253 1.2135422553420867 0.002971455081640761
translate 4.897159647404506E-4 3.0853444322436783 0.0015109424251927906
reference 4.897159647404506E-4 1.4759065198095778 7.227749852152682E-4
outlined 4.897159647404506E-4 2.5257286443082556 0.0012368896397200078
shows 9.794319294809011E-4 0.5596157879354227 5.481055709455658E-4
presented 9.794319294809011E-4 0.4373981552111735 4.284017191098663E-4
only 9.794319294809011E-4 0.10854016857520597 1.0630770673379625E-4
should 4.897159647404506E-4 0.368995428326773 1.8070295216786144E-4
few 0.0019588638589618022 0.6988778552689304 0.001369006572515045
compels 4.897159647404506E-4 5.1647859739235145 0.0025292781458979012
from 0.0034280117531831538 0.023122417420854212 7.926391868069515E-5
uploading 4.897159647404506E-4 5.1647859739235145 0.0025292781458979012
pointing 4.897159647404506E-4 2.8622008809294686 0.0014016654656853421
consider 4.897159647404506E-4 0.8080771472339223 3.957282797423714E-4
potential 0.0014691478942213516 0.44628710262841953 6.556617570446908E-4
group 4.897159647404506E-4 0.6321864807702582 3.095918123262773E-4
enumerated 4.897159647404506E-4 4.471638793363569 0.0021898329056628646
combination 4.897159647404506E-4 0.758066726659261 3.712373783835754E-4
configured 0.0014691478942213516 3.7784916128036232 0.005551162996283481
development 0.0014691478942213516 0.6004377824556778 8.821319037056971E-4
borne 4.897159647404506E-4 4.0661736852554045 0.0019912701690770833
like 4.897159647404506E-4 0.7827593392496325 3.833297449802314E-4
created 4.897159647404506E-4 1.0704414117014134 5.242122486294875E-4
crafted 4.897159647404506E-4 5.1647859739235145 0.0025292781458979012
published 0.0039177277179236044 0.03488725900044054 1.3667878158840564E-4
posed 4.897159647404506E-4 2.8622008809294686 0.0014016654656853421
both 4.897159647404506E-4 0.13434805253107854 6.579238615625786E-5
most 0.0019588638589618022 0.0771896386911299 1.5120399351837394E-4
important 9.794319294809011E-4 0.2669461739726028 2.614556062415307E-4
addressed 4.897159647404506E-4 1.4271163556401458 6.988816628991899E-4
proposed 9.794319294809011E-4 0.7459453661269161 7.306027092330227E-4
countless 4.897159647404506E-4 4.0661736852554045 0.0019912701690770833
provision 4.897159647404506E-4 3.0853444322436783 0.0015109424251927906
flagging 9.794319294809011E-4 4.0661736852554045 0.003982540338154167
who 4.897159647404506E-4 0.44628710262841953 2.1855391901489694E-4
potentially 4.897159647404506E-4 1.1394342831883648 5.579991592499338E-4
note 9.794319294809011E-4 1.0872485300177945 0.001064885925580602
request 4.897159647404506E-4 2.6798793241355137 0.0013123796886070098
week 4.897159647404506E-4 2.073743520565198 0.0010155453087978444
critical 4.897159647404506E-4 1.2135422553420867 5.942910163281522E-4
challenges 4.897159647404506E-4 1.3581234841531944 6.650947522787436E-4
advice 0.002448579823702253 2.7668907011251433 0.006774952745164407
professionals 9.794319294809011E-4 2.2744142160273495 0.0022276339040424578
their 0.0019588638589618022 0.12136085700426753 2.3772939667829096E-4
interact 4.897159647404506E-4 2.2744142160273495 0.0011138169520212289
founders 4.897159647404506E-4 5.1647859739235145 0.0025292781458979012
protract 4.897159647404506E-4 5.1647859739235145 0.0025292781458979012
can 0.005876591576885406 0.0958817717032825 5.634580119683594E-4
general 0.002448579823702253 0.4734380916943703 0.0011592509590949323
database 9.794319294809011E-4 1.3581234841531944 0.0013301895045574872
sifting 4.897159647404506E-4 5.1647859739235145 0.0025292781458979012
public 0.002448579823702253 1.3361445774344192 0.003271656653855091
ready 4.897159647404506E-4 2.8622008809294686 0.0014016654656853421
observations 4.897159647404506E-4 2.0292917579943643 9.93776571006055E-4
biologically 4.897159647404506E-4 4.471638793363569 0.0021898329056628646
studies 9.794319294809011E-4 0.24480504809538922 2.3976988060273185E-4
introduction 4.897159647404506E-4 0.10219094089654716 5.004453520888696E-5
process 0.002448579823702253 0.5013468798114469 0.001227587854582387
will 0.004407443682664055 0.3526016185510966 0.0015540717761801516
built 0.0019588638589618022 1.6094379124341003 0.0031526697599100887
implementation 9.794319294809011E-4 1.4035858582299516 0.001374716805318268
stephen 4.897159647404506E-4 3.2188758248682006 0.0015763348799550444
colleges 4.897159647404506E-4 5.1647859739235145 0.0025292781458979012
also 0.004407443682664055 0.05279818556697083 2.3270502943327007E-4
enough 4.897159647404506E-4 1.4512139072192063 7.106826186186123E-4
instead 4.897159647404506E-4 1.0376515888784226 5.081545489120581E-4
seeking 4.897159647404506E-4 2.392197251683733 0.0011714971849577536
governing 9.794319294809011E-4 3.7784916128036232 0.0037007753308556544
performance 9.794319294809011E-4 0.7703368192510752 7.544924772292607E-4
currently 9.794319294809011E-4 1.4035858582299516 0.001374716805318268
someone 4.897159647404506E-4 2.6798793241355137 0.0013123796886070098
variance 4.897159647404506E-4 1.9459101490553132 9.529432659428566E-4
build 9.794319294809011E-4 1.5271998141971284 0.001495788260721967
valued 4.897159647404506E-4 3.5553480614894135 0.001741110705920379
challenge 4.897159647404506E-4 1.4271163556401458 6.988816628991899E-4
aptly 4.897159647404506E-4 4.471638793363569 0.0021898329056628646
uses 4.897159647404506E-4 1.1394342831883648 5.579991592499338E-4
latter 4.897159647404506E-4 1.8325814637483102 8.974443994849708E-4
sophie 4.897159647404506E-4 5.1647859739235145 0.0025292781458979012
user 0.0034280117531831538 1.6990500711237875 0.005824363613059017
