optimal 4.424778761061947E-4 1.2329603411991883 5.455576730969859E-4
leading 4.424778761061947E-4 1.0704414117014134 4.736466423457581E-4
allowed 4.424778761061947E-4 1.4512139072192063 6.421300474421267E-4
datalink 4.424778761061947E-4 5.1647859739235145 0.002285303528284741
accuracy 4.424778761061947E-4 1.0539121097502027 4.663327919248684E-4
spontaneous 0.004424778761061947 2.7668907011251433 0.012242879208518333
without 4.424778761061947E-4 0.32850406697203605 1.4535578184603364E-4
these 0.003982300884955752 0.03488725900044054 1.389315623911349E-4
acuity 4.424778761061947E-4 1.5271998141971284 6.757521301757205E-4
outcomes 8.849557522123894E-4 1.1043429633770947 9.77294657855836E-4
perinatal 4.424778761061947E-4 5.1647859739235145 0.002285303528284741
poor 8.849557522123894E-4 1.0539121097502027 9.326655838497368E-4
near 4.424778761061947E-4 2.073743520565198 9.175856285686717E-4
diagnostic 4.424778761061947E-4 2.120263536200091 9.381697062832261E-4
multisite 4.424778761061947E-4 4.471638793363569 0.0019786012360015794
mainstay 8.849557522123894E-4 4.471638793363569 0.003957202472003159
unlikely 4.424778761061947E-4 2.456735772821304 0.0010870512269120815
successfully 4.424778761061947E-4 1.5538680612792897 6.875522395041105E-4
cdc 4.424778761061947E-4 4.0661736852554045 0.00179919189613071
vietnam 4.424778761061947E-4 4.471638793363569 0.0019786012360015794
google 4.424778761061947E-4 1.9867321435755685 8.79085019281225E-4
community 0.002654867256637168 1.730798769438368 0.0045950409808098265
analysis 4.424778761061947E-4 0.15415067982725836 6.820826541029131E-5
apparent 8.849557522123894E-4 2.2203469947570738 0.0019649088449177642
innovations 4.424778761061947E-4 3.7784916128036232 0.0016718989437184174
size 4.424778761061947E-4 0.127833371509885 5.656343872118805E-5
exposure 4.424778761061947E-4 2.120263536200091 9.381697062832261E-4
weeks 4.424778761061947E-4 1.730798769438368 7.658401634683044E-4
role 0.001327433628318584 0.6761496041913742 8.975437223779303E-4
independent 4.424778761061947E-4 1.0059028905638423 4.450897745857709E-4
achieve 4.424778761061947E-4 1.0376515888784226 4.591378711851427E-4
yellow 4.424778761061947E-4 3.2188758248682006 0.0014242813384372568
datasets 8.849557522123894E-4 1.4512139072192063 0.0012842600948842534
manual 4.424778761061947E-4 1.4512139072192063 6.421300474421267E-4
uppsala 4.424778761061947E-4 5.1647859739235145 0.002285303528284741
example 4.424778761061947E-4 0.9162907318741551 4.054383769354669E-4
result 4.424778761061947E-4 0.4285875255290187 1.8964049802168968E-4
same 0.001327433628318584 0.2972515234679317 3.945816683202633E-4
aspect 4.424778761061947E-4 1.6682784124570338 7.381762886978025E-4
after 8.849557522123894E-4 0.12136085700426753 1.073989884993518E-4
linked 4.424778761061947E-4 1.730798769438368 7.658401634683044E-4
brands 4.424778761061947E-4 3.7784916128036232 0.0016718989437184174
address 4.424778761061947E-4 1.0872485300177945 4.81083420361856E-4
learn 4.424778761061947E-4 1.4512139072192063 6.421300474421267E-4
the 0.048672566371681415 0.017291497110061043 8.416215407551835E-4
trials 8.849557522123894E-4 2.2744142160273495 0.002012755943387035
exciting 4.424778761061947E-4 3.5553480614894135 0.0015731628590661122
severe 0.001327433628318584 1.157452788691043 0.0015364417548996148
unprecedented 4.424778761061947E-4 3.7784916128036232 0.0016718989437184174
pfizer 4.424778761061947E-4 5.1647859739235145 0.002285303528284741
days 4.424778761061947E-4 1.1043429633770947 4.88647328927918E-4
illustration 4.424778761061947E-4 3.373026504695459 0.0014924896038475482
emerge 4.424778761061947E-4 2.6798793241355137 0.0011857873115643865
information 0.002654867256637168 0.3049735695618419 8.096643439694918E-4
combined 8.849557522123894E-4 0.9600933545325481 8.496401367544673E-4
characterization 4.424778761061947E-4 2.456735772821304 0.0010870512269120815
novel 0.0022123893805309734 1.3805963400052528 0.00305441668142755
reports 0.0022123893805309734 1.0539121097502027 0.002331663959624342
notes 4.424778761061947E-4 2.331572629867298 0.0010316693052510168
powered 4.424778761061947E-4 3.373026504695459 0.0014924896038475482
evidence 4.424778761061947E-4 0.9306794693262548 4.118050749231216E-4
historical 4.424778761061947E-4 2.392197251683733 0.0010584943591520942
pandemic 0.0022123893805309734 2.9675613965872945 0.006565401319883394
vaccinated 4.424778761061947E-4 4.471638793363569 0.0019786012360015794
analyses 0.0017699115044247787 0.9021060968821986 0.0015966479590835373
post 4.424778761061947E-4 1.9867321435755685 8.79085019281225E-4
exceed 4.424778761061947E-4 3.0853444322436783 0.001365196651435256
serious 8.849557522123894E-4 2.120263536200091 0.0018763394125664522
contributed 4.424778761061947E-4 1.5812670354674039 6.996756794103556E-4
need 4.424778761061947E-4 0.5013468798114469 2.2183490257143666E-4
european 4.424778761061947E-4 2.456735772821304 0.0010870512269120815
its 8.849557522123894E-4 0.19497267434751336 1.7254218968806493E-4
often 0.0035398230088495575 0.5900749954201312 0.0020887610457349776
list 4.424778761061947E-4 1.3581234841531944 6.009395947580506E-4
lack 4.424778761061947E-4 0.6988778552689304 3.0923798905704885E-4
tests 4.424778761061947E-4 1.3581234841531944 6.009395947580506E-4
harm 4.424778761061947E-4 3.5553480614894135 0.0015731628590661122
eudravigilance 4.424778761061947E-4 5.1647859739235145 0.002285303528284741
vaccines 0.00752212389380531 4.471638793363569 0.033636221012026846
young 8.849557522123894E-4 1.9459101490553132 0.0017220443796949674
united 8.849557522123894E-4 1.5812670354674039 0.0013993513588207113
searching 8.849557522123894E-4 1.9459101490553132 0.0017220443796949674
authorizations 4.424778761061947E-4 5.1647859739235145 0.002285303528284741
representation 4.424778761061947E-4 1.2729656758128876 5.632591485897733E-4
expanded 4.424778761061947E-4 2.2744142160273495 0.0010063779716935175
previously 8.849557522123894E-4 0.8340526336371831 7.380996757851177E-4
provider 4.424778761061947E-4 2.7668907011251433 0.0012242879208518333
responsible 8.849557522123894E-4 1.6682784124570338 0.001476352577395605
surveillance 0.019469026548672566 2.7668907011251433 0.053868668517480664
hard 4.424778761061947E-4 1.8689491079191851 8.269686318226483E-4
identify 4.424778761061947E-4 0.6214911916535102 2.7499610250155315E-4
allaying 4.424778761061947E-4 5.1647859739235145 0.002285303528284741
multiple 0.0022123893805309734 0.5108256237659907 0.0011301451853229882
perform 4.424778761061947E-4 0.9600933545325481 4.2482006837723363E-4
agencies 4.424778761061947E-4 2.9675613965872945 0.001313080263976679
significance 4.424778761061947E-4 1.2329603411991883 5.455576730969859E-4
special 0.0017699115044247787 1.4512139072192063 0.002568520189768507
with 0.01592920353982301 0.017291497110061043 2.754397769744237E-4
vaccinees 8.849557522123894E-4 5.1647859739235145 0.004570607056569482
arises 4.424778761061947E-4 2.6798793241355137 0.0011857873115643865
there 8.849557522123894E-4 0.12136085700426753 1.073989884993518E-4
automate 4.424778761061947E-4 3.5553480614894135 0.0015731628590661122
well 0.0022123893805309734 0.3127557100038969 6.919374115130462E-4
detected 8.849557522123894E-4 1.5271998141971284 0.001351504260351441
age 8.849557522123894E-4 0.9751312318970885 8.629479928292819E-4
taking 4.424778761061947E-4 1.3581234841531944 6.009395947580506E-4
ausvaxsafety 4.424778761061947E-4 5.1647859739235145 0.002285303528284741
vectored 8.849557522123894E-4 5.1647859739235145 0.004570607056569482
considered 4.424778761061947E-4 0.32059888746492277 1.4185791480748793E-4
focus 8.849557522123894E-4 0.6874491594453075 6.083620880046968E-4
entire 4.424778761061947E-4 1.1944940603713923 5.285371948545983E-4
number 8.849557522123894E-4 0.167573700159399 1.4829530987557434E-4
responding 4.424778761061947E-4 2.7668907011251433 0.0012242879208518333
shorter 8.849557522123894E-4 2.120263536200091 0.0018763394125664522
order 4.424778761061947E-4 0.6214911916535102 2.7499610250155315E-4
similar 0.003097345132743363 0.20895891632225325 6.472178824140588E-4
testing 4.424778761061947E-4 1.293584963015623 5.723827269980633E-4
understand 4.424778761061947E-4 1.121734706088964 4.963427903048513E-4
distributed 4.424778761061947E-4 1.6094379124341003 7.121406692186284E-4
putative 4.424778761061947E-4 3.373026504695459 0.0014924896038475482
underlying 4.424778761061947E-4 1.293584963015623 5.723827269980633E-4
confirmation 8.849557522123894E-4 2.9675613965872945 0.002626160527953358
aggregated 4.424778761061947E-4 2.8622008809294686 0.0012664605667829507
thousands 4.424778761061947E-4 2.6798793241355137 0.0011857873115643865
system 8.849557522123894E-4 0.44628710262841953 3.9494433860922084E-4
million 4.424778761061947E-4 1.5012243277938677 6.642585521211804E-4
likelihood 4.424778761061947E-4 1.7635885922613586 7.803489346289197E-4
even 0.00663716814159292 0.377294231141468 0.0025041652509389467
vaccination 0.003982300884955752 3.5553480614894135 0.014158465731595009
authors 8.849557522123894E-4 0.023122417420854212 2.0462316301640897E-5
women 8.849557522123894E-4 2.169053700369523 0.001919516548999578
other 0.002654867256637168 0.0408219945202552 1.0837697660244744E-4
indicated 4.424778761061947E-4 1.3361445774344192 5.912144147939908E-4
respectively 4.424778761061947E-4 1.9459101490553132 8.610221898474837E-4
categorized 4.424778761061947E-4 1.8325814637483102 8.108767538709338E-4
protection 4.424778761061947E-4 2.073743520565198 9.175856285686717E-4
local 0.001327433628318584 1.0704414117014134 0.0014209399270372744
conjunction 4.424778761061947E-4 2.392197251683733 0.0010584943591520942
era 4.424778761061947E-4 2.5257286443082556 0.0011175790461540954
cominarty 4.424778761061947E-4 5.1647859739235145 0.002285303528284741
syndrome 8.849557522123894E-4 2.8622008809294686 0.0025329211335659014
aesi 0.0035398230088495575 5.1647859739235145 0.018282428226277927
have 0.011061946902654867 0.028987536873252187 3.206585937306658E-4
electronic 4.424778761061947E-4 1.730798769438368 7.658401634683044E-4
share 4.424778761061947E-4 1.4035858582299516 6.210556894822795E-4
outcome 8.849557522123894E-4 1.3361445774344192 0.0011824288295879816
robust 4.424778761061947E-4 1.6682784124570338 7.381762886978025E-4
implications 4.424778761061947E-4 2.120263536200091 9.381697062832261E-4
vaccinating 4.424778761061947E-4 5.1647859739235145 0.002285303528284741
demographic 4.424778761061947E-4 1.906689435902032 8.436678919920495E-4
future 4.424778761061947E-4 0.48265474679929443 2.1356404725632496E-4
attributes 4.424778761061947E-4 2.392197251683733 0.0010584943591520942
communities 4.424778761061947E-4 2.5998366164619773 0.0011503701842752111
covid 4.424778761061947E-4 3.7784916128036232 0.0016718989437184174
upon 0.003982300884955752 1.5538680612792897 0.006187970155536994
trial 8.849557522123894E-4 2.2203469947570738 0.0019649088449177642
spur 4.424778761061947E-4 4.0661736852554045 0.00179919189613071
platforms 4.424778761061947E-4 2.0292917579943643 8.979167070771524E-4
employed 4.424778761061947E-4 1.4035858582299516 6.210556894822795E-4
points 4.424778761061947E-4 0.9751312318970885 4.3147399641464094E-4
whether 0.003982300884955752 0.5300569856938783 0.0021108464032057097
members 4.424778761061947E-4 1.8689491079191851 8.269686318226483E-4
visualize 4.424778761061947E-4 2.7668907011251433 0.0012242879208518333
implemented 4.424778761061947E-4 1.293584963015623 5.723827269980633E-4
pregnant 8.849557522123894E-4 3.7784916128036232 0.003343797887436835
all 0.0017699115044247787 0.017291497110061043 3.060441966382486E-5
settings 0.0035398230088495575 2.0292917579943643 0.007183333656617219
new 8.849557522123894E-4 0.38566248081198473 3.4129423080706613E-4
including 0.0022123893805309734 0.2669461739726028 5.905888804703601E-4
comparison 4.424778761061947E-4 0.758066726659261 3.3542775515896505E-4
already 8.849557522123894E-4 1.157452788691043 0.0010242945032664097
conducted 4.424778761061947E-4 0.664976303593249 2.942373024748889E-4
real 4.424778761061947E-4 1.3361445774344192 5.912144147939908E-4
less 8.849557522123894E-4 0.368995428326773 3.265446268378522E-4
clinical 0.004424778761061947 0.9452782687474074 0.004182647206846936
were 8.849557522123894E-4 0.0958817717032825 8.485112540113496E-5
basic 4.424778761061947E-4 1.1944940603713923 5.285371948545983E-4
coupled 4.424778761061947E-4 2.7668907011251433 0.0012242879208518333
complication 4.424778761061947E-4 2.331572629867298 0.0010316693052510168
elderly 4.424778761061947E-4 2.6798793241355137 0.0011857873115643865
jurisdictional 4.424778761061947E-4 4.471638793363569 0.0019786012360015794
inactivate 4.424778761061947E-4 5.1647859739235145 0.002285303528284741
media 0.003982300884955752 1.5812670354674039 0.0062970811146932015
and 0.04070796460176991 0.017291497110061043 7.039016522679717E-4
influences 4.424778761061947E-4 2.2744142160273495 0.0010063779716935175
working 4.424778761061947E-4 1.5538680612792897 6.875522395041105E-4
predict 4.424778761061947E-4 1.2729656758128876 5.632591485897733E-4
saying 4.424778761061947E-4 3.373026504695459 0.0014924896038475482
department 4.424778761061947E-4 1.79749014393704 7.953496212110796E-4
possibility 4.424778761061947E-4 1.252762968495368 5.543198975643222E-4
rates 0.004424778761061947 1.2329603411991883 0.0054555767309698595
specific 0.001327433628318584 0.40261203912575794 5.344407599014486E-4
despite 4.424778761061947E-4 0.7221347174331975 3.1952863603238824E-4
surveilling 4.424778761061947E-4 4.471638793363569 0.0019786012360015794
risks 4.424778761061947E-4 2.073743520565198 9.175856285686717E-4
conduct 4.424778761061947E-4 1.6990500711237875 7.517920668689325E-4
reliant 4.424778761061947E-4 5.1647859739235145 0.002285303528284741
syndromic 0.0022123893805309734 5.1647859739235145 0.011426517641423705
until 4.424778761061947E-4 1.0376515888784226 4.591378711851427E-4
respond 0.001327433628318584 2.2203469947570738 0.0029473632673766466
hypothesis 8.849557522123894E-4 1.9459101490553132 0.0017220443796949674
credited 4.424778761061947E-4 3.5553480614894135 0.0015731628590661122
forms 4.424778761061947E-4 1.4512139072192063 6.421300474421267E-4
quietly 4.424778761061947E-4 5.1647859739235145 0.002285303528284741
spurious 0.001327433628318584 4.0661736852554045 0.00539757568839213
benchmarking 4.424778761061947E-4 4.0661736852554045 0.00179919189613071
uncertain 4.424778761061947E-4 2.9675613965872945 0.001313080263976679
identification 4.424778761061947E-4 1.3146383722134554 5.816983947847148E-4
events 0.004424778761061947 1.4759065198095778 0.0065305598221662734
defined 4.424778761061947E-4 0.5300569856938783 2.3453848924507887E-4
models 4.424778761061947E-4 0.7953381214564925 3.5191952276835954E-4
using 0.002654867256637168 0.083381608939051 2.213671033780115E-4
expected 0.001327433628318584 0.9600933545325481 0.001274460205131701
pregnancy 4.424778761061947E-4 4.0661736852554045 0.00179919189613071
primum 4.424778761061947E-4 5.1647859739235145 0.002285303528284741
noting 4.424778761061947E-4 2.331572629867298 0.0010316693052510168
completed 4.424778761061947E-4 2.169053700369523 9.59758274499789E-4
countries 0.001327433628318584 1.7635885922613586 0.002341046803886759
monitoring 4.424778761061947E-4 1.8325814637483102 8.108767538709338E-4
each 8.849557522123894E-4 0.13434805253107854 1.1889208188591022E-4
reassurance 4.424778761061947E-4 5.1647859739235145 0.002285303528284741
recipients 8.849557522123894E-4 3.5553480614894135 0.0031463257181322244
offering 4.424778761061947E-4 2.392197251683733 0.0010584943591520942
disproportionality 8.849557522123894E-4 5.1647859739235145 0.004570607056569482
populations 0.001327433628318584 2.331572629867298 0.00309500791575305
associations 4.424778761061947E-4 2.120263536200091 9.381697062832261E-4
systemic 4.424778761061947E-4 1.5271998141971284 6.757521301757205E-4
increased 0.002654867256637168 0.4919571394616079 0.0013060809012255077
doses 4.424778761061947E-4 2.6798793241355137 0.0011857873115643865
networks 0.0017699115044247787 1.4759065198095778 0.002612223928866509
increases 4.424778761061947E-4 1.1394342831883648 5.04174461587772E-4
mandating 4.424778761061947E-4 4.0661736852554045 0.00179919189613071
routine 8.849557522123894E-4 2.2744142160273495 0.002012755943387035
are 0.01327433628318584 0.028987536873252187 3.847903124767989E-4
reported 4.424778761061947E-4 0.5300569856938783 2.3453848924507887E-4
where 0.0035398230088495575 0.32850406697203605 0.0011628462547682691
mechanism 4.424778761061947E-4 1.4512139072192063 6.421300474421267E-4
emerging 4.424778761061947E-4 2.0292917579943643 8.979167070771524E-4
legislation 4.424778761061947E-4 3.7784916128036232 0.0016718989437184174
receive 8.849557522123894E-4 1.8325814637483102 0.0016217535077418675
detection 0.003097345132743363 1.5271998141971284 0.004730264911230043
occurred 4.424778761061947E-4 1.3581234841531944 6.009395947580506E-4
summarized 4.424778761061947E-4 1.4271163556401458 6.314674140000645E-4
politicians 4.424778761061947E-4 3.373026504695459 0.0014924896038475482
team 4.424778761061947E-4 2.073743520565198 9.175856285686717E-4
such 0.005752212389380531 0.10219094089654716 5.878239963075722E-4
automated 0.0017699115044247787 1.5538680612792897 0.002750208958016442
resulted 4.424778761061947E-4 1.3361445774344192 5.912144147939908E-4
through 4.424778761061947E-4 0.2595111954850846 1.1482796260401973E-4
principle 4.424778761061947E-4 2.331572629867298 0.0010316693052510168
medical 4.424778761061947E-4 0.9600933545325481 4.2482006837723363E-4
becoming 4.424778761061947E-4 2.392197251683733 0.0010584943591520942
had 8.849557522123894E-4 0.32059888746492277 2.8371582961497587E-4
remains 8.849557522123894E-4 1.4512139072192063 0.0012842600948842534
source 4.424778761061947E-4 0.9452782687474074 4.182647206846935E-4
verificatory 4.424778761061947E-4 5.1647859739235145 0.002285303528284741
individuals 8.849557522123894E-4 1.4759065198095778 0.0013061119644332546
research 4.424778761061947E-4 0.41119578281714936 1.8194503664475636E-4
participant 4.424778761061947E-4 2.7668907011251433 0.0012242879208518333
sciences 4.424778761061947E-4 2.456735772821304 0.0010870512269120815
mother 4.424778761061947E-4 3.5553480614894135 0.0015731628590661122
either 4.424778761061947E-4 0.7827593392496325 3.463536899334657E-4
differing 0.0017699115044247787 2.7668907011251433 0.004897151683407333
bias 4.424778761061947E-4 1.5271998141971284 6.757521301757205E-4
reactogenicity 0.0017699115044247787 5.1647859739235145 0.009141214113138963
has 0.007079646017699115 0.05279818556697083 3.737924641909439E-4
helpful 4.424778761061947E-4 2.2203469947570738 9.824544224588821E-4
those 0.001327433628318584 0.3364722366212129 4.4664456188656576E-4
involves 8.849557522123894E-4 1.6094379124341003 0.0014242813384372568
widely 8.849557522123894E-4 1.0059028905638423 8.901795491715418E-4
telephone 4.424778761061947E-4 3.373026504695459 0.0014924896038475482
downloaded 4.424778761061947E-4 2.6798793241355137 0.0011857873115643865
technologies 4.424778761061947E-4 1.8689491079191851 8.269686318226483E-4
signals 0.0017699115044247787 2.5998366164619773 0.004601480737100845
suited 4.424778761061947E-4 3.0853444322436783 0.001365196651435256
institutional 4.424778761061947E-4 1.3361445774344192 5.912144147939908E-4
involved 4.424778761061947E-4 1.1043429633770947 4.88647328927918E-4
detecting 0.0017699115044247787 2.392197251683733 0.004233977436608377
parties 4.424778761061947E-4 3.5553480614894135 0.0015731628590661122
receipt 4.424778761061947E-4 4.471638793363569 0.0019786012360015794
full 4.424778761061947E-4 0.14750613710858965 6.526820226043789E-5
nipah 4.424778761061947E-4 5.1647859739235145 0.002285303528284741
asking 4.424778761061947E-4 3.2188758248682006 0.0014242813384372568
absence 4.424778761061947E-4 1.3581234841531944 6.009395947580506E-4
concept 4.424778761061947E-4 1.3581234841531944 6.009395947580506E-4
generating 4.424778761061947E-4 1.9867321435755685 8.79085019281225E-4
non 4.424778761061947E-4 3.373026504695459 0.0014924896038475482
augmented 4.424778761061947E-4 2.8622008809294686 0.0012664605667829507
conclusion 4.424778761061947E-4 0.653926467406664 2.8934799442772747E-4
not 0.003097345132743363 0.03488725900044054 1.0805788185977158E-4
minimal 4.424778761061947E-4 1.906689435902032 8.436678919920495E-4
thrombosis 4.424778761061947E-4 3.7784916128036232 0.0016718989437184174
central 4.424778761061947E-4 1.3805963400052528 6.108833362855101E-4
surrogate 4.424778761061947E-4 3.7784916128036232 0.0016718989437184174
early 4.424778761061947E-4 0.8340526336371831 3.6904983789255887E-4
severity 0.0017699115044247787 2.0292917579943643 0.0035916668283086095
disease 8.849557522123894E-4 1.2729656758128876 0.0011265182971795466
appropriately 4.424778761061947E-4 3.0853444322436783 0.001365196651435256
target 4.424778761061947E-4 1.0704414117014134 4.736466423457581E-4
what 8.849557522123894E-4 0.8209805520698303 7.265314620086994E-4
timely 8.849557522123894E-4 2.6798793241355137 0.002371574623128773
african 4.424778761061947E-4 3.0853444322436783 0.001365196651435256
typical 4.424778761061947E-4 1.4512139072192063 6.421300474421267E-4
short 4.424778761061947E-4 1.157452788691043 5.121472516332048E-4
risk 0.0022123893805309734 0.8209805520698303 0.0018163286550217485
time 0.0017699115044247787 0.20194134366360675 3.574183073692155E-4
window 4.424778761061947E-4 2.2744142160273495 0.0010063779716935175
attempted 4.424778761061947E-4 1.906689435902032 8.436678919920495E-4
play 4.424778761061947E-4 1.2729656758128876 5.632591485897733E-4
meningococcal 4.424778761061947E-4 5.1647859739235145 0.002285303528284741
collected 4.424778761061947E-4 0.8340526336371831 3.6904983789255887E-4
program 4.424778761061947E-4 1.8689491079191851 8.269686318226483E-4
complementary 4.424778761061947E-4 2.073743520565198 9.175856285686717E-4
when 4.424778761061947E-4 0.14750613710858965 6.526820226043789E-5
jim 8.849557522123894E-4 4.0661736852554045 0.00359838379226142
excluded 4.424778761061947E-4 1.293584963015623 5.723827269980633E-4
conjugate 4.424778761061947E-4 4.471638793363569 0.0019786012360015794
confirming 4.424778761061947E-4 2.9675613965872945 0.001313080263976679
largely 4.424778761061947E-4 1.79749014393704 7.953496212110796E-4
broad 4.424778761061947E-4 1.4759065198095778 6.530559822166273E-4
greater 8.849557522123894E-4 0.8743265327751228 7.737402944912592E-4
case 0.001327433628318584 0.38566248081198473 5.119413462105992E-4
resultant 4.424778761061947E-4 3.0853444322436783 0.001365196651435256
having 8.849557522123894E-4 0.8340526336371831 7.380996757851177E-4
probability 8.849557522123894E-4 1.4271163556401458 0.001262934828000129
provide 4.424778761061947E-4 0.44628710262841953 1.9747216930461042E-4
utilize 4.424778761061947E-4 2.0292917579943643 8.979167070771524E-4
card 8.849557522123894E-4 3.373026504695459 0.0029849792076950964
requires 4.424778761061947E-4 0.8881198549074587 3.929733871271941E-4
primary 0.0022123893805309734 0.9306794693262548 0.002059025374615608
care 0.001327433628318584 1.1758019273592397 0.0015607990186184597
purely 4.424778761061947E-4 2.6798793241355137 0.0011857873115643865
damage 4.424778761061947E-4 1.8325814637483102 8.108767538709338E-4
infection 4.424778761061947E-4 1.8689491079191851 8.269686318226483E-4
study 4.424778761061947E-4 0.15415067982725836 6.820826541029131E-5
methods 4.424778761061947E-4 0.20194134366360675 8.935457684230388E-5
fever 8.849557522123894E-4 4.471638793363569 0.003957202472003159
babies 4.424778761061947E-4 5.1647859739235145 0.002285303528284741
clothier 8.849557522123894E-4 5.1647859739235145 0.004570607056569482
enabled 4.424778761061947E-4 2.392197251683733 0.0010584943591520942
unknown 4.424778761061947E-4 1.79749014393704 7.953496212110796E-4
aided 4.424778761061947E-4 4.471638793363569 0.0019786012360015794
modern 4.424778761061947E-4 2.0292917579943643 8.979167070771524E-4
emergent 4.424778761061947E-4 3.2188758248682006 0.0014242813384372568
means 4.424778761061947E-4 0.6988778552689304 3.0923798905704885E-4
sentinel 8.849557522123894E-4 3.7784916128036232 0.003343797887436835
initial 8.849557522123894E-4 0.6988778552689304 6.184759781140977E-4
more 0.003982300884955752 0.05279818556697083 2.1025826110740597E-4
display 4.424778761061947E-4 0.167573700159399 7.414765493778717E-5
csvdisplay 4.424778761061947E-4 0.2669461739726028 1.1811777609407203E-4
causality 4.424778761061947E-4 3.373026504695459 0.0014924896038475482
organization 8.849557522123894E-4 1.7635885922613586 0.0015606978692578393
summarize 4.424778761061947E-4 2.6798793241355137 0.0011857873115643865
levels 8.849557522123894E-4 0.9452782687474074 8.36529441369387E-4
invaluable 4.424778761061947E-4 4.471638793363569 0.0019786012360015794
used 0.0022123893805309734 0.07103577311675174 1.5715879008130918E-4
experience 0.001327433628318584 1.2135422553420867 0.0016108967991266638
major 0.001327433628318584 0.7104386776700063 9.430601915973536E-4
prompting 4.424778761061947E-4 3.5553480614894135 0.0015731628590661122
theoretically 4.424778761061947E-4 2.7668907011251433 0.0012242879208518333
few 4.424778761061947E-4 0.6988778552689304 3.0923798905704885E-4
worldwide 4.424778761061947E-4 2.7668907011251433 0.0012242879208518333
feasible 4.424778761061947E-4 2.331572629867298 0.0010316693052510168
potential 0.005309734513274336 0.44628710262841953 0.002369666031655325
described 8.849557522123894E-4 0.44628710262841953 3.9494433860922084E-4
group 0.001327433628318584 0.6321864807702582 8.391855939428206E-4
otherwise 4.424778761061947E-4 2.0292917579943643 8.979167070771524E-4
marked 4.424778761061947E-4 1.79749014393704 7.953496212110796E-4
particular 4.424778761061947E-4 1.0704414117014134 4.736466423457581E-4
both 0.0022123893805309734 0.13434805253107854 2.972302047147755E-4
most 0.0022123893805309734 0.0771896386911299 1.7077353692727853E-4
important 8.849557522123894E-4 0.2669461739726028 2.3623555218814406E-4
market 4.424778761061947E-4 2.073743520565198 9.175856285686717E-4
refers 4.424778761061947E-4 1.5271998141971284 6.757521301757205E-4
immunosuppressed 4.424778761061947E-4 4.471638793363569 0.0019786012360015794
who 0.0017699115044247787 0.44628710262841953 7.898886772184417E-4
tens 4.424778761061947E-4 4.471638793363569 0.0019786012360015794
politics 4.424778761061947E-4 3.2188758248682006 0.0014242813384372568
classify 4.424778761061947E-4 1.5271998141971284 6.757521301757205E-4
pathology 4.424778761061947E-4 3.0853444322436783 0.001365196651435256
critical 0.001327433628318584 1.2135422553420867 0.0016108967991266638
thrombocytopenia 4.424778761061947E-4 5.1647859739235145 0.002285303528284741
unexpected 0.001327433628318584 2.169053700369523 0.002879274823499367
part 0.001327433628318584 0.5496654570822546 7.296444120560901E-4
contribute 8.849557522123894E-4 1.0704414117014134 9.472932846915162E-4
their 0.0017699115044247787 0.12136085700426753 2.147979769987036E-4
why 0.001327433628318584 1.4271163556401458 0.0018944022420001936
integrated 4.424778761061947E-4 1.6384254493073527 7.249670129678552E-4
general 4.424778761061947E-4 0.4734380916943703 2.0948588128069483E-4
database 4.424778761061947E-4 1.3581234841531944 6.009395947580506E-4
causing 4.424778761061947E-4 1.7635885922613586 7.803489346289197E-4
september 8.849557522123894E-4 2.2203469947570738 0.0019649088449177642
relies 8.849557522123894E-4 2.169053700369523 0.001919516548999578
patient 4.424778761061947E-4 0.9751312318970885 4.3147399641464094E-4
reject 4.424778761061947E-4 3.373026504695459 0.0014924896038475482
induced 4.424778761061947E-4 2.392197251683733 0.0010584943591520942
sheer 4.424778761061947E-4 3.5553480614894135 0.0015731628590661122
relief 4.424778761061947E-4 4.471638793363569 0.0019786012360015794
hospital 8.849557522123894E-4 1.4512139072192063 0.0012842600948842534
introduction 0.0017699115044247787 0.10219094089654716 1.8086892194079144E-4
process 4.424778761061947E-4 0.5013468798114469 2.2183490257143666E-4
built 4.424778761061947E-4 1.6094379124341003 7.121406692186284E-4
solicited 0.0017699115044247787 5.1647859739235145 0.009141214113138963
also 0.00752212389380531 0.05279818556697083 3.9715449320287794E-4
approaches 4.424778761061947E-4 0.9021060968821986 3.991619897708843E-4
increase 0.001327433628318584 0.5013468798114469 6.6550470771431E-4
kingdom 4.424778761061947E-4 3.2188758248682006 0.0014242813384372568
seeking 4.424778761061947E-4 2.392197251683733 0.0010584943591520942
contained 4.424778761061947E-4 1.730798769438368 7.658401634683044E-4
build 4.424778761061947E-4 1.5271998141971284 6.757521301757205E-4
organizations 4.424778761061947E-4 2.5998366164619773 0.0011503701842752111
attention 4.424778761061947E-4 1.157452788691043 5.121472516332048E-4
investigation 0.0017699115044247787 2.169053700369523 0.003839033097999156
antenatal 4.424778761061947E-4 5.1647859739235145 0.002285303528284741
determining 4.424778761061947E-4 1.5538680612792897 6.875522395041105E-4
further 4.424778761061947E-4 0.27443684570176036 1.2143223261139839E-4
methodology 4.424778761061947E-4 1.3361445774344192 5.912144147939908E-4
been 0.007079646017699115 0.05279818556697083 3.737924641909439E-4
complex 4.424778761061947E-4 0.8743265327751228 3.868701472456296E-4
diverse 4.424778761061947E-4 1.7635885922613586 7.803489346289197E-4
buttery 8.849557522123894E-4 5.1647859739235145 0.004570607056569482
prevention 4.424778761061947E-4 2.331572629867298 0.0010316693052510168
active 0.003097345132743363 1.1944940603713923 0.0036997603639821884
whose 4.424778761061947E-4 1.730798769438368 7.658401634683044E-4
population 8.849557522123894E-4 0.9751312318970885 8.629479928292819E-4
symptoms 4.424778761061947E-4 1.8325814637483102 8.108767538709338E-4
profiling 4.424778761061947E-4 4.471638793363569 0.0019786012360015794
mentions 4.424778761061947E-4 2.9675613965872945 0.001313080263976679
consideration 4.424778761061947E-4 1.5812670354674039 6.996756794103556E-4
looking 4.424778761061947E-4 1.6990500711237875 7.517920668689325E-4
strong 4.424778761061947E-4 1.2135422553420867 5.369655997088879E-4
vitt 4.424778761061947E-4 5.1647859739235145 0.002285303528284741
scheme 4.424778761061947E-4 1.9867321435755685 8.79085019281225E-4
bodies 4.424778761061947E-4 2.7668907011251433 0.0012242879208518333
utilizing 0.0017699115044247787 2.073743520565198 0.0036703425142746867
proven 4.424778761061947E-4 1.9459101490553132 8.610221898474837E-4
linkage 8.849557522123894E-4 3.5553480614894135 0.0031463257181322244
coding 4.424778761061947E-4 2.2203469947570738 9.824544224588821E-4
search 8.849557522123894E-4 1.1043429633770947 9.77294657855836E-4
adoption 4.424778761061947E-4 2.331572629867298 0.0010316693052510168
responsibility 4.424778761061947E-4 2.7668907011251433 0.0012242879208518333
systems 0.011061946902654867 0.8743265327751228 0.00967175368114074
whom 4.424778761061947E-4 2.2203469947570738 9.824544224588821E-4
subsequent 8.849557522123894E-4 1.3581234841531944 0.0012018791895161013
national 0.0022123893805309734 1.293584963015623 0.0028619136349903166
term 4.424778761061947E-4 1.1944940603713923 5.285371948545983E-4
poses 4.424778761061947E-4 2.8622008809294686 0.0012664605667829507
enabling 4.424778761061947E-4 2.169053700369523 9.59758274499789E-4
set 4.424778761061947E-4 0.5596157879354227 2.476176052811605E-4
emergence 8.849557522123894E-4 2.6798793241355137 0.002371574623128773
advent 8.849557522123894E-4 2.6798793241355137 0.002371574623128773
benefited 4.424778761061947E-4 3.7784916128036232 0.0016718989437184174
possible 8.849557522123894E-4 0.38566248081198473 3.4129423080706613E-4
involve 4.424778761061947E-4 1.8325814637483102 8.108767538709338E-4
breathe 4.424778761061947E-4 4.471638793363569 0.0019786012360015794
sample 4.424778761061947E-4 0.7221347174331975 3.1952863603238824E-4
advantages 8.849557522123894E-4 1.6094379124341003 0.0014242813384372568
accrual 4.424778761061947E-4 5.1647859739235145 0.002285303528284741
represent 0.001327433628318584 0.8209805520698303 0.001089797193013049
visualization 4.424778761061947E-4 2.456735772821304 0.0010870512269120815
collaborations 4.424778761061947E-4 3.5553480614894135 0.0015731628590661122
sometimes 4.424778761061947E-4 1.9459101490553132 8.610221898474837E-4
questions 4.424778761061947E-4 1.1944940603713923 5.285371948545983E-4
emergency 0.0017699115044247787 2.0292917579943643 0.0035916668283086095
developed 0.001327433628318584 0.48265474679929443 6.406921417689749E-4
differentiate 4.424778761061947E-4 2.6798793241355137 0.0011857873115643865
prior 0.0017699115044247787 0.8209805520698303 0.0014530629240173988
rare 0.004424778761061947 1.906689435902032 0.008436678919920495
contact 4.424778761061947E-4 2.2744142160273495 0.0010063779716935175
signal 0.007079646017699115 2.331572629867298 0.01650670888401627
which 0.0017699115044247787 0.023122417420854212 4.0924632603281794E-5
disadvantage 4.424778761061947E-4 2.9675613965872945 0.001313080263976679
bayesian 4.424778761061947E-4 2.5998366164619773 0.0011503701842752111
rapidity 8.849557522123894E-4 5.1647859739235145 0.004570607056569482
typically 0.0017699115044247787 1.1394342831883648 0.002016697846351088
varied 8.849557522123894E-4 1.7635885922613586 0.0015606978692578393
publicly 8.849557522123894E-4 2.6798793241355137 0.002371574623128773
regarding 4.424778761061947E-4 0.758066726659261 3.3542775515896505E-4
never 4.424778761061947E-4 2.169053700369523 9.59758274499789E-4
immunization 0.0022123893805309734 4.471638793363569 0.009893006180007897
varies 4.424778761061947E-4 2.456735772821304 0.0010870512269120815
carry 4.424778761061947E-4 2.392197251683733 0.0010584943591520942
little 4.424778761061947E-4 1.252762968495368 5.543198975643222E-4
influenza 0.002654867256637168 4.0661736852554045 0.01079515137678426
some 0.001327433628318584 0.2160260835453457 2.867602878920518E-4
identifying 4.424778761061947E-4 1.0216512475319812 4.520580741291952E-4
sources 0.0017699115044247787 1.293584963015623 0.002289530907992253
additional 4.424778761061947E-4 0.5300569856938783 2.3453848924507887E-4
regulatory 4.424778761061947E-4 2.2203469947570738 9.824544224588821E-4
for 0.015486725663716814 0.017291497110061043 2.677886720584675E-4
overwhelmed 4.424778761061947E-4 4.471638793363569 0.0019786012360015794
capable 4.424778761061947E-4 2.073743520565198 9.175856285686717E-4
pharmacovigilance 0.0017699115044247787 5.1647859739235145 0.009141214113138963
primarily 8.849557522123894E-4 1.4512139072192063 0.0012842600948842534
burden 4.424778761061947E-4 2.073743520565198 9.175856285686717E-4
related 0.001327433628318584 0.27443684570176036 3.6429669783419517E-4
rate 0.001327433628318584 0.7221347174331975 9.585859080971647E-4
datalinkage 0.002654867256637168 5.1647859739235145 0.013711821169708446
reporting 0.003982300884955752 1.6384254493073527 0.006524703116710696
views 4.424778761061947E-4 2.392197251683733 0.0010584943591520942
over 4.424778761061947E-4 0.3364722366212129 1.4888152062885525E-4
visualizations 4.424778761061947E-4 4.0661736852554045 0.00179919189613071
monitor 8.849557522123894E-4 2.2744142160273495 0.002012755943387035
statistically 4.424778761061947E-4 1.1758019273592397 5.202663395394866E-4
concerns 0.0017699115044247787 1.906689435902032 0.003374671567968198
existing 4.424778761061947E-4 0.9452782687474074 4.182647206846935E-4
although 4.424778761061947E-4 0.4285875255290187 1.8964049802168968E-4
avoid 4.424778761061947E-4 1.252762968495368 5.543198975643222E-4
manifestations 4.424778761061947E-4 3.373026504695459 0.0014924896038475482
very 4.424778761061947E-4 0.5596157879354227 2.476176052811605E-4
advanced 4.424778761061947E-4 1.4512139072192063 6.421300474421267E-4
delayed 4.424778761061947E-4 2.169053700369523 9.59758274499789E-4
registries 8.849557522123894E-4 4.471638793363569 0.003957202472003159
nations 4.424778761061947E-4 3.0853444322436783 0.001365196651435256
balance 4.424778761061947E-4 2.2744142160273495 0.0010063779716935175
differentiating 0.001327433628318584 3.5553480614894135 0.004719488577198337
model 4.424778761061947E-4 0.48265474679929443 2.1356404725632496E-4
validation 0.001327433628318584 1.8325814637483102 0.002432630261612801
reduce 4.424778761061947E-4 0.8340526336371831 3.6904983789255887E-4
accompanies 4.424778761061947E-4 4.0661736852554045 0.00179919189613071
likely 0.003097345132743363 0.5798184952529422 0.001795897994146281
large 0.002654867256637168 0.34450440831847723 9.146134734118864E-4
adjunctive 4.424778761061947E-4 3.7784916128036232 0.0016718989437184174
maturity 4.424778761061947E-4 4.0661736852554045 0.00179919189613071
frail 4.424778761061947E-4 4.0661736852554045 0.00179919189613071
being 0.0022123893805309734 0.48265474679929443 0.0010678202362816248
classification 4.424778761061947E-4 0.9751312318970885 4.3147399641464094E-4
aimed 4.424778761061947E-4 1.8325814637483102 8.108767538709338E-4
diagnoses 4.424778761061947E-4 2.6798793241355137 0.0011857873115643865
traditional 4.424778761061947E-4 1.1758019273592397 5.202663395394866E-4
field 4.424778761061947E-4 0.8472978603872037 3.7491055769345294E-4
messages 8.849557522123894E-4 2.5257286443082556 0.0022351580923081907
whereby 4.424778761061947E-4 2.9675613965872945 0.001313080263976679
accrue 4.424778761061947E-4 5.1647859739235145 0.002285303528284741
world 8.849557522123894E-4 1.4035858582299516 0.001242111378964559
known 0.0022123893805309734 0.8607208807193443 0.001904249736104744
sms 8.849557522123894E-4 3.5553480614894135 0.0031463257181322244
coalition 4.424778761061947E-4 4.471638793363569 0.0019786012360015794
periods 4.424778761061947E-4 1.906689435902032 8.436678919920495E-4
ability 0.001327433628318584 0.8881198549074587 0.0011789201613815823
together 4.424778761061947E-4 1.1394342831883648 5.04174461587772E-4
table 0.001327433628318584 0.18805223150293962 2.496268559773535E-4
illness 0.001327433628318584 2.8622008809294686 0.003799381700348852
may 0.00752212389380531 0.15415067982725836 0.0011595405119749522
within 0.003097345132743363 0.3127557100038969 9.687123761182647E-4
could 4.424778761061947E-4 0.22314355131420976 9.873608465230521E-5
change 4.424778761061947E-4 0.7104386776700063 3.1435339719911785E-4
health 0.0035398230088495575 0.990398704027877 0.0035058361204526618
places 4.424778761061947E-4 2.392197251683733 0.0010584943591520942
overlapping 4.424778761061947E-4 2.6798793241355137 0.0011857873115643865
machine 4.424778761061947E-4 1.0872485300177945 4.81083420361856E-4
able 0.001327433628318584 0.7703368192510752 0.001022570999005852
report 8.849557522123894E-4 1.0059028905638423 8.901795491715418E-4
facilities 4.424778761061947E-4 2.8622008809294686 0.0012664605667829507
improvements 4.424778761061947E-4 1.6990500711237875 7.517920668689325E-4
codes 8.849557522123894E-4 1.906689435902032 0.001687335783984099
sigh 4.424778761061947E-4 5.1647859739235145 0.002285303528284741
use 0.001327433628318584 0.20895891632225325 2.77379092463168E-4
solitary 4.424778761061947E-4 5.1647859739235145 0.002285303528284741
political 8.849557522123894E-4 2.169053700369523 0.001919516548999578
while 4.424778761061947E-4 0.20895891632225325 9.245969748772268E-5
posts 4.424778761061947E-4 2.9675613965872945 0.001313080263976679
that 0.005309734513274336 0.017291497110061043 9.181325899147456E-5
circulating 4.424778761061947E-4 3.0853444322436783 0.001365196651435256
suggests 4.424778761061947E-4 1.157452788691043 5.121472516332048E-4
download 4.424778761061947E-4 0.2595111954850846 1.1482796260401973E-4
high 4.424778761061947E-4 0.2521310881874621 1.115624284015319E-4
than 0.0017699115044247787 0.058840500022933395 1.0414247791669627E-4
sufficient 8.849557522123894E-4 1.5012243277938677 0.0013285171042423608
widespread 8.849557522123894E-4 1.9867321435755685 0.00175817003856245
brighton 4.424778761061947E-4 5.1647859739235145 0.002285303528284741
administered 4.424778761061947E-4 2.331572629867298 0.0010316693052510168
different 0.001327433628318584 0.18805223150293962 2.496268559773535E-4
international 0.0022123893805309734 1.5538680612792897 0.003437761197520552
communication 4.424778761061947E-4 1.6384254493073527 7.249670129678552E-4
chronic 4.424778761061947E-4 1.8325814637483102 8.108767538709338E-4
calculated 4.424778761061947E-4 0.9021060968821986 3.991619897708843E-4
selected 4.424778761061947E-4 0.758066726659261 3.3542775515896505E-4
combine 4.424778761061947E-4 1.8689491079191851 8.269686318226483E-4
level 8.849557522123894E-4 0.5798184952529422 5.131137126132231E-4
occur 0.0035398230088495575 1.3146383722134554 0.004653587158277718
adjusted 4.424778761061947E-4 1.8325814637483102 8.108767538709338E-4
difficult 4.424778761061947E-4 0.7703368192510752 3.4085699966861737E-4
diagnosis 4.424778761061947E-4 1.4512139072192063 6.421300474421267E-4
includes 4.424778761061947E-4 0.8472978603872037 3.7491055769345294E-4
establish 4.424778761061947E-4 1.7635885922613586 7.803489346289197E-4
expansion 4.424778761061947E-4 2.456735772821304 0.0010870512269120815
chosen 4.424778761061947E-4 1.252762968495368 5.543198975643222E-4
datalinking 4.424778761061947E-4 5.1647859739235145 0.002285303528284741
specialist 4.424778761061947E-4 2.9675613965872945 0.001313080263976679
background 4.424778761061947E-4 1.6682784124570338 7.381762886978025E-4
focused 4.424778761061947E-4 1.0704414117014134 4.736466423457581E-4
true 8.849557522123894E-4 1.1394342831883648 0.001008348923175544
present 8.849557522123894E-4 0.38566248081198473 3.4129423080706613E-4
behind 4.424778761061947E-4 1.6682784124570338 7.381762886978025E-4
best 8.849557522123894E-4 0.6988778552689304 6.184759781140977E-4
investigate 8.849557522123894E-4 0.9600933545325481 8.496401367544673E-4
uncommon 0.0017699115044247787 2.9675613965872945 0.005252321055906716
repeat 4.424778761061947E-4 2.9675613965872945 0.001313080263976679
threats 4.424778761061947E-4 3.7784916128036232 0.0016718989437184174
consumers 4.424778761061947E-4 2.7668907011251433 0.0012242879208518333
capacities 4.424778761061947E-4 3.5553480614894135 0.0015731628590661122
included 0.001327433628318584 0.41985384556026406 5.573281135755717E-4
experienced 4.424778761061947E-4 1.6094379124341003 7.121406692186284E-4
consumer 4.424778761061947E-4 2.6798793241355137 0.0011857873115643865
allows 8.849557522123894E-4 1.2135422553420867 0.0010739311994177759
opposed 4.424778761061947E-4 2.6798793241355137 0.0011857873115643865
chance 8.849557522123894E-4 2.2744142160273495 0.002012755943387035
determine 0.001327433628318584 0.7221347174331975 9.585859080971647E-4
nature 8.849557522123894E-4 1.0216512475319812 9.041161482583904E-4
social 0.003097345132743363 1.0704414117014134 0.003315526496420307
raised 8.849557522123894E-4 2.7668907011251433 0.0024485758417036665
coronavirus 4.424778761061947E-4 3.373026504695459 0.0014924896038475482
cardiologists 4.424778761061947E-4 5.1647859739235145 0.002285303528284741
adenoviral 8.849557522123894E-4 5.1647859739235145 0.004570607056569482
families 4.424778761061947E-4 3.2188758248682006 0.0014242813384372568
rapidly 0.001327433628318584 1.906689435902032 0.0025310036759761487
due 0.0017699115044247787 0.20895891632225325 3.698387899508907E-4
convulsions 4.424778761061947E-4 5.1647859739235145 0.002285303528284741
online 4.424778761061947E-4 1.3581234841531944 6.009395947580506E-4
increasingly 4.424778761061947E-4 1.730798769438368 7.658401634683044E-4
inform 8.849557522123894E-4 2.7668907011251433 0.0024485758417036665
about 4.424778761061947E-4 0.377294231141468 1.6694435006259646E-4
facilitated 4.424778761061947E-4 2.7668907011251433 0.0012242879208518333
observed 0.0017699115044247787 0.6988778552689304 0.0012369519562281954
ongoing 4.424778761061947E-4 2.2203469947570738 9.824544224588821E-4
reassure 4.424778761061947E-4 5.1647859739235145 0.002285303528284741
drawing 4.424778761061947E-4 3.0853444322436783 0.001365196651435256
recent 4.424778761061947E-4 0.5596157879354227 2.476176052811605E-4
temporal 4.424778761061947E-4 2.169053700369523 9.59758274499789E-4
they 0.003097345132743363 0.167573700159399 5.190335845645102E-4
based 4.424778761061947E-4 0.18805223150293962 8.320895199245116E-5
mali 4.424778761061947E-4 4.471638793363569 0.0019786012360015794
methodologies 8.849557522123894E-4 2.5998366164619773 0.0023007403685504223
diseases 4.424778761061947E-4 1.8689491079191851 8.269686318226483E-4
them 4.424778761061947E-4 0.5696661237889241 2.5206465654377175E-4
mrna 8.849557522123894E-4 4.0661736852554045 0.00359838379226142
benefit 8.849557522123894E-4 1.293584963015623 0.0011447654539961266
unique 8.849557522123894E-4 1.157452788691043 0.0010242945032664097
programs 4.424778761061947E-4 2.392197251683733 0.0010584943591520942
interpreted 4.424778761061947E-4 1.7635885922613586 7.803489346289197E-4
infectious 4.424778761061947E-4 2.7668907011251433 0.0012242879208518333
strengthening 4.424778761061947E-4 3.2188758248682006 0.0014242813384372568
access 8.849557522123894E-4 1.252762968495368 0.0011086397951286444
examine 4.424778761061947E-4 1.4512139072192063 6.421300474421267E-4
global 0.003982300884955752 1.6682784124570338 0.006643586598280223
seen 4.424778761061947E-4 0.8472978603872037 3.7491055769345294E-4
excess 4.424778761061947E-4 2.9675613965872945 0.001313080263976679
actively 4.424778761061947E-4 2.2744142160273495 0.0010063779716935175
specificity 4.424778761061947E-4 2.6798793241355137 0.0011857873115643865
identifiable 4.424778761061947E-4 2.9675613965872945 0.001313080263976679
operating 4.424778761061947E-4 1.6990500711237875 7.517920668689325E-4
relationship 8.849557522123894E-4 0.9162907318741551 8.108767538709338E-4
febrile 8.849557522123894E-4 5.1647859739235145 0.004570607056569482
workers 8.849557522123894E-4 2.7668907011251433 0.0024485758417036665
key 4.424778761061947E-4 1.0216512475319812 4.520580741291952E-4
participants 8.849557522123894E-4 1.6094379124341003 0.0014242813384372568
childhood 4.424778761061947E-4 3.7784916128036232 0.0016718989437184174
though 4.424778761061947E-4 1.1043429633770947 4.88647328927918E-4
rarer 4.424778761061947E-4 4.471638793363569 0.0019786012360015794
one 8.849557522123894E-4 0.06491954609931569 5.74509257516068E-5
lmic 8.849557522123894E-4 5.1647859739235145 0.004570607056569482
many 0.004424778761061947 0.20194134366360675 8.935457684230387E-4
triggering 4.424778761061947E-4 3.373026504695459 0.0014924896038475482
single 4.424778761061947E-4 0.6429973968744738 2.845121225108291E-4
confirm 0.001327433628318584 1.8325814637483102 0.002432630261612801
controlled 4.424778761061947E-4 1.5271998141971284 6.757521301757205E-4
appear 4.424778761061947E-4 1.4512139072192063 6.421300474421267E-4
diary 8.849557522123894E-4 4.471638793363569 0.003957202472003159
extensive 4.424778761061947E-4 1.5271998141971284 6.757521301757205E-4
lassa 4.424778761061947E-4 5.1647859739235145 0.002285303528284741
collaboration 4.424778761061947E-4 2.392197251683733 0.0010584943591520942
associated 0.001327433628318584 0.4373981552111735 5.806170201918232E-4
increasing 8.849557522123894E-4 0.9021060968821986 7.983239795417686E-4
assist 4.424778761061947E-4 2.5257286443082556 0.0011175790461540954
unvalidated 4.424778761061947E-4 5.1647859739235145 0.002285303528284741
adverse 0.003982300884955752 2.073743520565198 0.008258270657118046
ratio 4.424778761061947E-4 1.1758019273592397 5.202663395394866E-4
calculation 4.424778761061947E-4 1.8689491079191851 8.269686318226483E-4
but 4.424778761061947E-4 0.083381608939051 3.689451722966858E-5
abortion 4.424778761061947E-4 5.1647859739235145 0.002285303528284741
willing 4.424778761061947E-4 2.8622008809294686 0.0012664605667829507
rapid 0.003097345132743363 1.906689435902032 0.005905675243944347
available 8.849557522123894E-4 0.5696661237889241 5.041293130875435E-4
project 4.424778761061947E-4 1.79749014393704 7.953496212110796E-4
presentation 8.849557522123894E-4 1.6990500711237875 0.001503584133737865
funded 4.424778761061947E-4 3.5553480614894135 0.0015731628590661122
unusual 4.424778761061947E-4 3.373026504695459 0.0014924896038475482
maxsprt 4.424778761061947E-4 5.1647859739235145 0.002285303528284741
treated 4.424778761061947E-4 1.0216512475319812 4.520580741291952E-4
coincidental 8.849557522123894E-4 5.1647859739235145 0.004570607056569482
myocarditis 8.849557522123894E-4 5.1647859739235145 0.004570607056569482
epidemic 4.424778761061947E-4 3.7784916128036232 0.0016718989437184174
this 0.003982300884955752 0.017291497110061043 6.885994424360593E-5
nocere 4.424778761061947E-4 5.1647859739235145 0.002285303528284741
enhanced 0.001327433628318584 1.8325814637483102 0.002432630261612801
discrete 4.424778761061947E-4 2.392197251683733 0.0010584943591520942
incompletely 4.424778761061947E-4 5.1647859739235145 0.002285303528284741
especially 0.001327433628318584 0.7104386776700063 9.430601915973536E-4
vital 4.424778761061947E-4 2.2203469947570738 9.824544224588821E-4
support 4.424778761061947E-4 0.7104386776700063 3.1435339719911785E-4
internet 8.849557522123894E-4 2.2744142160273495 0.002012755943387035
allow 0.0022123893805309734 1.252762968495368 0.002771599487821611
reasons 4.424778761061947E-4 1.3581234841531944 6.009395947580506E-4
records 4.424778761061947E-4 1.3581234841531944 6.009395947580506E-4
needed 4.424778761061947E-4 0.8080771472339223 3.575562598380187E-4
sequential 4.424778761061947E-4 2.169053700369523 9.59758274499789E-4
changes 0.001327433628318584 0.9021060968821986 0.001197485969312653
detect 0.004424778761061947 1.3146383722134554 0.0058169839478471475
privacy 4.424778761061947E-4 2.5998366164619773 0.0011503701842752111
learning 4.424778761061947E-4 0.9306794693262548 4.118050749231216E-4
common 0.002654867256637168 0.3526016185510966 9.36110491728575E-4
interest 0.001327433628318584 1.0539121097502027 0.0013989983757746053
vigibase 8.849557522123894E-4 5.1647859739235145 0.004570607056569482
unvaccinated 4.424778761061947E-4 5.1647859739235145 0.002285303528284741
causal 0.001327433628318584 2.5257286443082556 0.003352737138462286
virtue 4.424778761061947E-4 3.7784916128036232 0.0016718989437184174
successful 4.424778761061947E-4 1.3361445774344192 5.912144147939908E-4
normal 4.424778761061947E-4 1.4035858582299516 6.210556894822795E-4
figure 8.849557522123894E-4 0.20194134366360675 1.7870915368460775E-4
types 4.424778761061947E-4 0.7459453661269161 3.300643212950956E-4
cases 4.424778761061947E-4 0.6004377824556778 2.656804347149017E-4
previous 4.424778761061947E-4 0.32850406697203605 1.4535578184603364E-4
recently 4.424778761061947E-4 1.5271998141971284 6.757521301757205E-4
hazel 8.849557522123894E-4 5.1647859739235145 0.004570607056569482
hematologists 4.424778761061947E-4 5.1647859739235145 0.002285303528284741
vaccine 0.02079646017699115 4.0661736852554045 0.08456201911814337
healthy 0.001327433628318584 2.456735772821304 0.003261153680736244
step 4.424778761061947E-4 1.0872485300177945 4.81083420361856E-4
trend 4.424778761061947E-4 1.5271998141971284 6.757521301757205E-4
reliably 4.424778761061947E-4 2.9675613965872945 0.001313080263976679
whole 4.424778761061947E-4 1.252762968495368 5.543198975643222E-4
during 4.424778761061947E-4 0.28958865072236245 1.2813657111608958E-4
type 4.424778761061947E-4 0.5203950747821414 2.302633074257263E-4
revolution 4.424778761061947E-4 4.0661736852554045 0.00179919189613071
terms 8.849557522123894E-4 0.5696661237889241 5.041293130875435E-4
children 4.424778761061947E-4 2.392197251683733 0.0010584943591520942
disadvantages 4.424778761061947E-4 2.5998366164619773 0.0011503701842752111
safety 0.019469026548672566 1.8325814637483102 0.03567857717032109
review 0.001327433628318584 0.5696661237889241 7.561939696313152E-4
justify 4.424778761061947E-4 3.373026504695459 0.0014924896038475482
enable 4.424778761061947E-4 1.5012243277938677 6.642585521211804E-4
voluntary 4.424778761061947E-4 3.5553480614894135 0.0015731628590661122
workforce 4.424778761061947E-4 4.0661736852554045 0.00179919189613071
proof 4.424778761061947E-4 2.7668907011251433 0.0012242879208518333
between 0.002654867256637168 0.058840500022933395 1.562137168750444E-4
provisional 4.424778761061947E-4 5.1647859739235145 0.002285303528284741
phase 4.424778761061947E-4 1.5538680612792897 6.875522395041105E-4
relating 4.424778761061947E-4 2.392197251683733 0.0010584943591520942
rightly 4.424778761061947E-4 5.1647859739235145 0.002285303528284741
arise 4.424778761061947E-4 2.2744142160273495 0.0010063779716935175
collaborative 4.424778761061947E-4 2.392197251683733 0.0010584943591520942
reduced 4.424778761061947E-4 0.9452782687474074 4.182647206846935E-4
bespoke 4.424778761061947E-4 4.471638793363569 0.0019786012360015794
toward 4.424778761061947E-4 1.6094379124341003 7.121406692186284E-4
examples 8.849557522123894E-4 1.1394342831883648 0.001008348923175544
following 0.00752212389380531 0.2160260835453457 0.001624974964721627
substantially 4.424778761061947E-4 2.5257286443082556 0.0011175790461540954
seasonal 8.849557522123894E-4 3.373026504695459 0.0029849792076950964
iii 4.424778761061947E-4 2.9675613965872945 0.001313080263976679
range 4.424778761061947E-4 0.6988778552689304 3.0923798905704885E-4
out 4.424778761061947E-4 0.368995428326773 1.632723134189261E-4
capacity 8.849557522123894E-4 1.7635885922613586 0.0015606978692578393
reposting 4.424778761061947E-4 5.1647859739235145 0.002285303528284741
across 8.849557522123894E-4 0.7703368192510752 6.817139993372347E-4
polarization 4.424778761061947E-4 5.1647859739235145 0.002285303528284741
place 4.424778761061947E-4 1.3805963400052528 6.108833362855101E-4
event 0.002654867256637168 1.8325814637483102 0.004865260523225602
demonstrated 4.424778761061947E-4 0.8607208807193443 3.808499472209488E-4
regular 4.424778761061947E-4 1.9459101490553132 8.610221898474837E-4
established 0.001327433628318584 1.4271163556401458 0.0018944022420001936
include 8.849557522123894E-4 0.5013468798114469 4.436698051428733E-4
hesitancy 4.424778761061947E-4 5.1647859739235145 0.002285303528284741
help 4.424778761061947E-4 0.8743265327751228 3.868701472456296E-4
massive 0.001327433628318584 2.120263536200091 0.002814509118849678
preparedness 4.424778761061947E-4 3.5553480614894135 0.0015731628590661122
assess 4.424778761061947E-4 0.9751312318970885 4.3147399641464094E-4
responses 4.424778761061947E-4 1.6384254493073527 7.249670129678552E-4
first 0.001327433628318584 0.167573700159399 2.2244296481336152E-4
voice 4.424778761061947E-4 2.7668907011251433 0.0012242879208518333
categorical 4.424778761061947E-4 2.0292917579943643 8.979167070771524E-4
data 0.00752212389380531 0.167573700159399 0.001260510133942382
sped 4.424778761061947E-4 4.471638793363569 0.0019786012360015794
maurice 4.424778761061947E-4 4.471638793363569 0.0019786012360015794
temporally 4.424778761061947E-4 4.0661736852554045 0.00179919189613071
lifesaving 4.424778761061947E-4 4.471638793363569 0.0019786012360015794
only 8.849557522123894E-4 0.10854016857520597 9.605324652673095E-5
from 0.007079646017699115 0.023122417420854212 1.6369853041312717E-4
mechanisms 4.424778761061947E-4 1.4759065198095778 6.530559822166273E-4
development 8.849557522123894E-4 0.6004377824556778 5.313608694298034E-4
viruses 4.424778761061947E-4 4.471638793363569 0.0019786012360015794
bench 4.424778761061947E-4 5.1647859739235145 0.002285303528284741
individual 0.0017699115044247787 0.7221347174331975 0.001278114544129553
like 0.001327433628318584 0.7827593392496325 0.001039061069800397
resource 8.849557522123894E-4 1.5812670354674039 0.0013993513588207113
patients 4.424778761061947E-4 0.9452782687474074 4.182647206846935E-4
profiles 8.849557522123894E-4 2.6798793241355137 0.002371574623128773
capture 4.424778761061947E-4 1.293584963015623 5.723827269980633E-4
published 0.001327433628318584 0.03488725900044054 4.6310520797044964E-5
judged 4.424778761061947E-4 2.8622008809294686 0.0012664605667829507
posed 4.424778761061947E-4 2.8622008809294686 0.0012664605667829507
blueprint 4.424778761061947E-4 5.1647859739235145 0.002285303528284741
respondents 8.849557522123894E-4 2.7668907011251433 0.0024485758417036665
proposed 4.424778761061947E-4 0.7459453661269161 3.300643212950956E-4
council 4.424778761061947E-4 3.7784916128036232 0.0016718989437184174
techniques 8.849557522123894E-4 0.9751312318970885 8.629479928292819E-4
provision 4.424778761061947E-4 3.0853444322436783 0.001365196651435256
intervention 4.424778761061947E-4 1.79749014393704 7.953496212110796E-4
clinically 4.424778761061947E-4 2.2744142160273495 0.0010063779716935175
potentially 0.0017699115044247787 1.1394342831883648 0.002016697846351088
death 4.424778761061947E-4 2.2203469947570738 9.824544224588821E-4
challenges 8.849557522123894E-4 1.3581234841531944 0.0012018791895161013
advice 4.424778761061947E-4 2.7668907011251433 0.0012242879208518333
scale 4.424778761061947E-4 1.4271163556401458 6.314674140000645E-4
deployed 8.849557522123894E-4 3.0853444322436783 0.002730393302870512
aefi 0.009734513274336283 5.1647859739235145 0.0502766776222643
platform 4.424778761061947E-4 1.8325814637483102 8.108767538709338E-4
network 8.849557522123894E-4 1.0704414117014134 9.472932846915162E-4
aggregate 4.424778761061947E-4 2.5998366164619773 0.0011503701842752111
can 0.003097345132743363 0.0958817717032825 2.9697893890397235E-4
inclusion 4.424778761061947E-4 1.3581234841531944 6.009395947580506E-4
public 0.0017699115044247787 1.3361445774344192 0.002364857659175963
validated 4.424778761061947E-4 1.9867321435755685 8.79085019281225E-4
eligible 4.424778761061947E-4 2.7668907011251433 0.0012242879208518333
observations 4.424778761061947E-4 2.0292917579943643 8.979167070771524E-4
studies 8.849557522123894E-4 0.24480504809538922 2.1664163548264532E-4
greatest 4.424778761061947E-4 2.6798793241355137 0.0011857873115643865
epidemiological 8.849557522123894E-4 3.2188758248682006 0.0028485626768745137
limited 8.849557522123894E-4 0.5696661237889241 5.041293130875435E-4
will 0.001327433628318584 0.3526016185510966 4.680552458642875E-4
studied 4.424778761061947E-4 1.0539121097502027 4.663327919248684E-4
advantage 4.424778761061947E-4 1.4271163556401458 6.314674140000645E-4
implementation 0.003097345132743363 1.4035858582299516 0.0043473898263759565
confidence 0.001327433628318584 1.906689435902032 0.0025310036759761487
groups 4.424778761061947E-4 0.8472978603872037 3.7491055769345294E-4
resources 4.424778761061947E-4 1.3805963400052528 6.108833362855101E-4
allowing 0.0017699115044247787 1.5538680612792897 0.002750208958016442
really 4.424778761061947E-4 2.5998366164619773 0.0011503701842752111
factors 0.001327433628318584 0.6321864807702582 8.391855939428206E-4
currently 4.424778761061947E-4 1.4035858582299516 6.210556894822795E-4
response 0.002654867256637168 1.1758019273592397 0.0031215980372369194
compliance 4.424778761061947E-4 2.9675613965872945 0.001313080263976679
responsive 4.424778761061947E-4 3.373026504695459 0.0014924896038475482
challenge 8.849557522123894E-4 1.4271163556401458 0.001262934828000129
providers 8.849557522123894E-4 2.169053700369523 0.001919516548999578
