cancel 1.5353907569476432E-4 3.7784916128036232 5.801461097502877E-4
functions 6.141563027790573E-4 1.3805963400052528 8.479019438079244E-4
references 3.0707815138952864E-4 2.169053700369523 6.660690005740897E-4
year 1.5353907569476432E-4 1.3146383722134554 2.0184836054252349E-4
upload 1.5353907569476432E-4 4.471638793363569 6.865712871738936E-4
leading 4.6061722708429296E-4 1.0704414117014134 4.93063754814101E-4
objects 3.0707815138952864E-4 2.169053700369523 6.660690005740897E-4
tiling 6.141563027790573E-4 5.1647859739235145 0.0031719858583899984
analyse 1.5353907569476432E-4 2.0292917579943643 3.1157558083745807E-4
scenarios 3.0707815138952864E-4 1.9867321435755685 6.100820339553412E-4
resolution 0.0030707815138952864 2.331572629867298 0.007159750130100715
grids 3.0707815138952864E-4 4.471638793363569 0.0013731425743477872
without 7.676953784738216E-4 0.32850406697203605 2.5219105402428686E-4
building 4.6061722708429296E-4 1.4759065198095778 6.798279685903168E-4
involuntary 1.5353907569476432E-4 4.471638793363569 6.865712871738936E-4
these 0.0032243205895900505 0.03488725900044054 1.1248770750948124E-4
giulia 9.212344541685859E-4 4.471638793363569 0.0041194277230433615
properly 6.141563027790573E-4 2.169053700369523 0.0013321380011481795
introduced 1.5353907569476432E-4 1.0059028905638423 1.5444540005586402E-4
would 0.0010747735298633502 0.5013468798114469 5.388343557009256E-4
poor 3.0707815138952864E-4 1.0539121097502027 3.2363338238913027E-4
wasted 1.5353907569476432E-4 4.0661736852554045 6.243165492484884E-4
visual 6.141563027790573E-4 1.157452788691043 7.108569253438004E-4
understanding 9.212344541685859E-4 0.990398704027877 9.123894095143961E-4
combinatorial 1.5353907569476432E-4 3.5553480614894135 5.458848551342567E-4
because 0.001996007984031936 0.34450440831847723 6.876335495378786E-4
near 1.5353907569476432E-4 2.073743520565198 3.18400663375587E-4
ten 4.6061722708429296E-4 2.0292917579943643 9.347267425123742E-4
definitions 1.5353907569476432E-4 1.79749014393704 2.75984975270542E-4
unlikely 1.5353907569476432E-4 2.456735772821304 3.772049397852455E-4
successfully 1.5353907569476432E-4 1.5538680612792897 2.3857946588043755E-4
thus 9.212344541685859E-4 0.8881198549074587 8.181666097719564E-4
dealing 3.0707815138952864E-4 2.169053700369523 6.660690005740897E-4
excellent 1.5353907569476432E-4 2.169053700369523 3.330345002870449E-4
squares 4.6061722708429296E-4 3.373026504695459 0.0015536741154746473
require 0.0021495470597267005 1.121734706088964 0.002411221539266927
google 1.5353907569476432E-4 1.9867321435755685 3.050410169776706E-4
adaptability 1.5353907569476432E-4 5.1647859739235145 7.929964645974996E-4
inspired 1.5353907569476432E-4 2.2744142160273495 3.4921145647587125E-4
analysis 0.001996007984031936 0.15415067982725836 3.076859876791584E-4
version 6.141563027790573E-4 1.3805963400052528 8.479019438079244E-4
contains 7.676953784738216E-4 1.2135422553420867 9.316307810088183E-4
size 9.212344541685859E-4 0.127833371509885 1.1776450622743896E-4
selection 1.5353907569476432E-4 1.1043429633770947 1.695597978469361E-4
left 6.141563027790573E-4 1.2729656758128876 7.81799893021887E-4
extracts 1.5353907569476432E-4 3.2188758248682006 4.942232189264856E-4
much 3.0707815138952864E-4 0.7827593392496325 2.4036829087966606E-4
object 4.6061722708429296E-4 2.169053700369523 9.991035008611346E-4
statistical 4.6061722708429296E-4 0.653926467406664 3.012097961338849E-4
providing 3.0707815138952864E-4 1.252762968495368 3.8469613649481596E-4
role 1.5353907569476432E-4 0.6761496041913742 1.0381538525892433E-4
criterion 1.5353907569476432E-4 2.5257286443082556 3.877980415028797E-4
achieve 1.5353907569476432E-4 1.0376515888784226 1.593200658495966E-4
least 1.5353907569476432E-4 0.653926467406664 1.0040326537796162E-4
turn 1.5353907569476432E-4 1.730798769438368 2.6574524327320254E-4
uncertainty 1.5353907569476432E-4 2.073743520565198 3.18400663375587E-4
manual 3.0707815138952864E-4 1.4512139072192063 4.456360838996488E-4
matrix 3.0707815138952864E-4 1.5012243277938677 4.6099319139992866E-4
measurement 1.5353907569476432E-4 1.79749014393704 2.75984975270542E-4
example 9.212344541685859E-4 0.9162907318741551 8.441185922378214E-4
realising 1.5353907569476432E-4 5.1647859739235145 7.929964645974996E-4
result 0.0010747735298633502 0.4285875255290187 4.606345276682221E-4
same 0.0013818516812528789 0.2972515234679317 4.10757517459141E-4
jpeg 1.5353907569476432E-4 5.1647859739235145 7.929964645974996E-4
after 3.0707815138952864E-4 0.12136085700426753 3.7267267619919404E-5
computers 3.0707815138952864E-4 2.9675613965872945 9.112732677989542E-4
perceptive 1.5353907569476432E-4 5.1647859739235145 7.929964645974996E-4
winners 1.5353907569476432E-4 5.1647859739235145 7.929964645974996E-4
website 1.5353907569476432E-4 2.9675613965872945 4.556366338994771E-4
address 4.6061722708429296E-4 1.0872485300177945 5.008054030482702E-4
sets 1.5353907569476432E-4 1.3146383722134554 2.0184836054252349E-4
learn 1.5353907569476432E-4 1.4512139072192063 2.228180419498244E-4
probabilistic 3.0707815138952864E-4 2.5257286443082556 7.755960830057594E-4
highlighted 1.5353907569476432E-4 1.6990500711237875 2.608705774794699E-4
signify 1.5353907569476432E-4 4.471638793363569 6.865712871738936E-4
representing 6.141563027790573E-4 1.3361445774344192 8.206016136554087E-4
combines 4.6061722708429296E-4 2.2744142160273495 0.0010476343694276137
queries 1.5353907569476432E-4 3.5553480614894135 5.458848551342567E-4
violating 1.5353907569476432E-4 4.0661736852554045 6.243165492484884E-4
congruence 1.5353907569476432E-4 5.1647859739235145 7.929964645974996E-4
textual 0.0013818516812528789 1.9459101490553132 0.002688959211039125
logical 0.001996007984031936 2.331572629867298 0.004653837584565465
the 0.14401965300168892 0.017291497110061043 0.0024903154136706983
component 7.676953784738216E-4 1.3361445774344192 0.001025752017069261
deepens 3.0707815138952864E-4 5.1647859739235145 0.0015859929291949992
executions 1.5353907569476432E-4 5.1647859739235145 7.929964645974996E-4
linelist 1.5353907569476432E-4 5.1647859739235145 7.929964645974996E-4
mello 9.212344541685859E-4 5.1647859739235145 0.004757978787584998
information 0.0030707815138952864 0.3049735695618419 9.365071996371623E-4
combined 4.6061722708429296E-4 0.9600933545325481 4.422355387068393E-4
exploit 1.5353907569476432E-4 2.456735772821304 3.772049397852455E-4
novel 1.5353907569476432E-4 1.3805963400052528 2.119754859519811E-4
adopted 3.0707815138952864E-4 1.5538680612792897 4.771589317608751E-4
discuss 3.0707815138952864E-4 1.4759065198095778 4.5321864572687786E-4
addressing 1.5353907569476432E-4 2.120263536200091 3.2554330357747443E-4
reports 3.0707815138952864E-4 1.0539121097502027 3.2363338238913027E-4
organised 0.0010747735298633502 3.0853444322436783 0.0033160465262867724
correct 0.0010747735298633502 1.7635885922613586 0.001895458336531477
generates 1.5353907569476432E-4 2.2203469947570738 3.409100252966488E-4
converting 1.5353907569476432E-4 2.6798793241355137 4.1146619440127647E-4
inputs 1.5353907569476432E-4 1.906689435902032 2.927513336253696E-4
good 6.141563027790573E-4 0.8080771472339223 4.962856731054337E-4
predefined 1.5353907569476432E-4 2.2203469947570738 3.409100252966488E-4
empty 1.5353907569476432E-4 3.0853444322436783 4.7372093232668174E-4
analyses 1.5353907569476432E-4 0.9021060968821986 1.3850853629390427E-4
belonging 3.0707815138952864E-4 2.120263536200091 6.510866071549489E-4
assessment 1.5353907569476432E-4 1.3146383722134554 2.0184836054252349E-4
act 1.5353907569476432E-4 1.4271163556401458 2.1911812615386855E-4
generated 3.0707815138952864E-4 1.1758019273592397 3.610630822537202E-4
layers 4.6061722708429296E-4 1.730798769438368 7.972357298196075E-4
besides 3.0707815138952864E-4 1.8689491079191851 5.739134371009321E-4
others 1.5353907569476432E-4 1.1758019273592397 1.805315411268601E-4
area 0.001996007984031936 0.9600933545325481 0.0019163540010629701
analysed 1.5353907569476432E-4 1.8325814637483102 2.813728640792738E-4
making 4.6061722708429296E-4 1.0704414117014134 4.93063754814101E-4
tracing 1.5353907569476432E-4 3.5553480614894135 5.458848551342567E-4
pose 3.0707815138952864E-4 2.6798793241355137 8.229323888025529E-4
need 0.0012283126055581146 0.5013468798114469 6.158106922296293E-4
finite 4.6061722708429296E-4 2.331572629867298 0.0010739625195151073
its 0.003377859665284815 0.19497267434751336 6.585903325111767E-4
originally 1.5353907569476432E-4 2.5257286443082556 3.877980415028797E-4
often 7.676953784738216E-4 0.5900749954201312 4.529978469369962E-4
characterised 3.0707815138952864E-4 2.9675613965872945 9.112732677989542E-4
check 1.5353907569476432E-4 2.0292917579943643 3.1157558083745807E-4
list 9.212344541685859E-4 1.3581234841531944 0.0012511501466174063
distorted 3.0707815138952864E-4 3.373026504695459 0.0010357827436497649
respect 1.5353907569476432E-4 1.5812670354674039 2.427862790522653E-4
users 1.5353907569476432E-4 1.4759065198095778 2.2660932286343893E-4
lack 1.5353907569476432E-4 0.6988778552689304 1.0730505992153085E-4
pristem 7.676953784738216E-4 5.1647859739235145 0.003964982322987498
external 3.0707815138952864E-4 1.4759065198095778 4.5321864572687786E-4
predicates 4.6061722708429296E-4 3.7784916128036232 0.0017404383292508629
tests 3.0707815138952864E-4 1.3581234841531944 4.170500488724687E-4
mitra 3.0707815138952864E-4 5.1647859739235145 0.0015859929291949992
therefore 0.0013818516812528789 1.1394342831883648 0.0015745291799010108
useful 4.6061722708429296E-4 0.9162907318741551 4.220592961189107E-4
manuals 1.5353907569476432E-4 5.1647859739235145 7.929964645974996E-4
ascribable 3.0707815138952864E-4 5.1647859739235145 0.0015859929291949992
jaffar 1.5353907569476432E-4 5.1647859739235145 7.929964645974996E-4
manning 1.5353907569476432E-4 3.5553480614894135 5.458848551342567E-4
fukui 1.5353907569476432E-4 5.1647859739235145 7.929964645974996E-4
neural 9.212344541685859E-4 1.5271998141971284 0.0014069090872382574
technical 1.5353907569476432E-4 2.0292917579943643 3.1157558083745807E-4
applied 6.141563027790573E-4 0.6109090823229731 3.7519366333362393E-4
notations 1.5353907569476432E-4 4.471638793363569 6.865712871738936E-4
smallest 1.5353907569476432E-4 2.6798793241355137 4.1146619440127647E-4
provided 0.0016889298326424075 0.7104386776700063 0.0011998810769798971
searching 1.5353907569476432E-4 1.9459101490553132 2.9877324567101387E-4
divided 1.5353907569476432E-4 1.1758019273592397 1.805315411268601E-4
choose 1.5353907569476432E-4 1.8689491079191851 2.8695671855046603E-4
paola 9.212344541685859E-4 5.1647859739235145 0.004757978787584998
interface 9.212344541685859E-4 2.073743520565198 0.001910403980253522
representation 6.141563027790573E-4 1.2729656758128876 7.81799893021887E-4
artefacts 1.5353907569476432E-4 4.0661736852554045 6.243165492484884E-4
skipped 1.5353907569476432E-4 4.0661736852554045 6.243165492484884E-4
jigsaws 1.5353907569476432E-4 5.1647859739235145 7.929964645974996E-4
precisely 1.5353907569476432E-4 2.5998366164619773 3.991765110489755E-4
compiled 1.5353907569476432E-4 3.2188758248682006 4.942232189264856E-4
accomplish 1.5353907569476432E-4 3.373026504695459 5.178913718248824E-4
previously 3.0707815138952864E-4 0.8340526336371831 2.56119340898874E-4
envisage 1.5353907569476432E-4 5.1647859739235145 7.929964645974996E-4
functionalities 3.0707815138952864E-4 4.0661736852554045 0.0012486330984969767
provides 6.141563027790573E-4 0.6214911916535102 3.8169273247567033E-4
root 1.5353907569476432E-4 2.2744142160273495 3.4921145647587125E-4
responsible 1.5353907569476432E-4 1.6682784124570338 2.5614592545018176E-4
scope 1.5353907569476432E-4 1.9459101490553132 2.9877324567101387E-4
enumerate 1.5353907569476432E-4 4.471638793363569 6.865712871738936E-4
surveillance 1.5353907569476432E-4 2.7668907011251433 4.248258407991929E-4
ensuring 1.5353907569476432E-4 2.331572629867298 3.5798750650503576E-4
lines 6.141563027790573E-4 1.9459101490553132 0.0011950929826840555
capabilities 1.5353907569476432E-4 2.6798793241355137 4.1146619440127647E-4
identify 0.0021495470597267005 0.6214911916535102 0.0013359245636648462
blocks 1.5353907569476432E-4 2.6798793241355137 4.1146619440127647E-4
perform 7.676953784738216E-4 0.9600933545325481 7.370592311780655E-4
multiple 4.6061722708429296E-4 0.5108256237659907 2.3529508234269495E-4
prolog 0.0036849378166743437 4.471638793363569 0.016477710892173446
better 1.5353907569476432E-4 0.4285875255290187 6.580493252403173E-5
with 0.012743743282665438 0.017291497110061043 2.2035840014356925E-4
modify 1.5353907569476432E-4 2.9675613965872945 4.556366338994771E-4
truth 3.0707815138952864E-4 2.6798793241355137 8.229323888025529E-4
there 4.6061722708429296E-4 0.12136085700426753 5.59009014298791E-5
arises 1.5353907569476432E-4 2.6798793241355137 4.1146619440127647E-4
translation 6.141563027790573E-4 1.9867321435755685 0.0012201640679106824
achieved 3.0707815138952864E-4 1.121734706088964 3.444602198952753E-4
well 6.141563027790573E-4 0.3127557100038969 1.9208089052903234E-4
syntax 1.5353907569476432E-4 2.9675613965872945 4.556366338994771E-4
suitable 6.141563027790573E-4 1.121734706088964 6.889204397905506E-4
happens 1.5353907569476432E-4 2.8622008809294686 4.394596777106508E-4
albeit 1.5353907569476432E-4 2.8622008809294686 4.394596777106508E-4
referred 1.5353907569476432E-4 1.4035858582299516 2.155052753308693E-4
tries 1.5353907569476432E-4 2.7668907011251433 4.248258407991929E-4
smaller 3.0707815138952864E-4 1.121734706088964 3.444602198952753E-4
irrelevant 1.5353907569476432E-4 2.392197251683733 3.6729575490307583E-4
considered 0.0012283126055581146 0.32059888746492277 3.9379565480107204E-4
vqa 4.6061722708429296E-4 4.471638793363569 0.0020597138615216807
focus 9.212344541685859E-4 0.6874491594453075 6.33301851170251E-4
pilp 1.5353907569476432E-4 5.1647859739235145 7.929964645974996E-4
arithmetic 1.5353907569476432E-4 4.471638793363569 6.865712871738936E-4
changing 1.5353907569476432E-4 1.6682784124570338 2.5614592545018176E-4
approach 0.001996007984031936 0.5398131606392429 0.001077471378521443
recognising 1.5353907569476432E-4 3.7784916128036232 5.801461097502877E-4
variation 1.5353907569476432E-4 1.4035858582299516 2.155052753308693E-4
number 0.003531398740979579 0.167573700159399 5.917695537641912E-4
experiencing 1.5353907569476432E-4 2.8622008809294686 4.394596777106508E-4
experiment 4.6061722708429296E-4 1.730798769438368 7.972357298196075E-4
concise 1.5353907569476432E-4 3.5553480614894135 5.458848551342567E-4
flow 1.5353907569476432E-4 1.5012243277938677 2.3049659569996433E-4
order 0.0018424689083371719 0.6214911916535102 0.001145078197427011
algorithm 6.141563027790573E-4 1.0059028905638423 6.177816002234561E-4
similar 6.141563027790573E-4 0.20895891632225325 1.2833343548119346E-4
mapping 1.5353907569476432E-4 2.073743520565198 3.18400663375587E-4
lexical 1.5353907569476432E-4 2.120263536200091 3.2554330357747443E-4
shape 0.0015353907569476432 2.120263536200091 0.0032554330357747446
considering 3.0707815138952864E-4 0.9162907318741551 2.813728640792738E-4
understand 4.6061722708429296E-4 1.121734706088964 5.16690329842913E-4
specify 3.0707815138952864E-4 2.7668907011251433 8.496516815983858E-4
underlying 3.0707815138952864E-4 1.293584963015623 3.9723167910812933E-4
thousands 1.5353907569476432E-4 2.6798793241355137 4.1146619440127647E-4
propose 6.141563027790573E-4 1.5812670354674039 9.711451162090612E-4
intelligence 3.0707815138952864E-4 1.9459101490553132 5.975464913420277E-4
classifying 1.5353907569476432E-4 2.169053700369523 3.330345002870449E-4
system 0.001996007984031936 0.44628710262841953 8.907926200168054E-4
compose 4.6061722708429296E-4 3.7784916128036232 0.0017404383292508629
even 4.6061722708429296E-4 0.377294231141468 1.7378822254328328E-4
strongly 1.5353907569476432E-4 1.6990500711237875 2.608705774794699E-4
driven 3.0707815138952864E-4 2.392197251683733 7.345915098061517E-4
integration 6.141563027790573E-4 2.2203469947570738 0.0013636401011865953
indication 1.5353907569476432E-4 2.0292917579943643 3.1157558083745807E-4
champion 1.5353907569476432E-4 4.471638793363569 6.865712871738936E-4
authors 0.0012283126055581146 0.023122417420854212 2.8401556789011775E-5
misguiding 1.5353907569476432E-4 5.1647859739235145 7.929964645974996E-4
larger 1.5353907569476432E-4 0.9162907318741551 1.406864320396369E-4
algorithms 1.5353907569476432E-4 1.1758019273592397 1.805315411268601E-4
formalisation 1.5353907569476432E-4 5.1647859739235145 7.929964645974996E-4
other 0.0021495470597267005 0.0408219945202552 8.774879829319404E-5
hundred 3.0707815138952864E-4 2.8622008809294686 8.789193554213016E-4
subsection 3.0707815138952864E-4 3.373026504695459 0.0010357827436497649
aim 6.141563027790573E-4 1.0376515888784226 6.372802633983864E-4
against 4.6061722708429296E-4 0.9600933545325481 4.422355387068393E-4
kinds 4.6061722708429296E-4 2.6798793241355137 0.0012343985832038295
matter 1.5353907569476432E-4 2.169053700369523 3.330345002870449E-4
cell 3.0707815138952864E-4 1.730798769438368 5.314904865464051E-4
segments 4.6061722708429296E-4 2.456735772821304 0.0011316148193557364
defeat 1.5353907569476432E-4 4.471638793363569 6.865712871738936E-4
cameras 1.5353907569476432E-4 4.471638793363569 6.865712871738936E-4
portability 1.5353907569476432E-4 2.9675613965872945 4.556366338994771E-4
indicating 1.5353907569476432E-4 1.5271998141971284 2.344848478730429E-4
raedt 4.6061722708429296E-4 5.1647859739235145 0.002378989393792499
conjunction 1.5353907569476432E-4 2.392197251683733 3.6729575490307583E-4
top 7.676953784738216E-4 1.5538680612792897 0.0011928973294021877
too 4.6061722708429296E-4 1.3361445774344192 6.154512102415565E-4
have 0.0018424689083371719 0.028987536873252187 5.340863541824447E-5
modelled 1.5353907569476432E-4 2.8622008809294686 4.394596777106508E-4
declarative 6.141563027790573E-4 3.7784916128036232 0.0023205844390011506
toy 1.5353907569476432E-4 4.471638793363569 6.865712871738936E-4
consequence 1.5353907569476432E-4 2.456735772821304 3.772049397852455E-4
particularly 3.0707815138952864E-4 0.9751312318970885 2.994414960531517E-4
famous 1.5353907569476432E-4 3.0853444322436783 4.7372093232668174E-4
robust 1.5353907569476432E-4 1.6682784124570338 2.5614592545018176E-4
question 0.0010747735298633502 1.2329603411991883 0.0013251531380921724
discussed 1.5353907569476432E-4 1.0216512475319812 1.5686338822846327E-4
filled 1.5353907569476432E-4 2.6798793241355137 4.1146619440127647E-4
satisfaction 1.5353907569476432E-4 2.392197251683733 3.6729575490307583E-4
framework 0.0015353907569476432 1.4271163556401458 0.0021911812615386856
koller 1.5353907569476432E-4 5.1647859739235145 7.929964645974996E-4
future 1.5353907569476432E-4 0.48265474679929443 7.410636370325417E-5
loreti 0.0010747735298633502 5.1647859739235145 0.005550975252182497
constraint 0.001996007984031936 2.2203469947570738 0.004431830328856435
logic 0.0036849378166743437 2.5998366164619773 0.009580236265175412
thousand 1.5353907569476432E-4 3.7784916128036232 5.801461097502877E-4
autonomous 7.676953784738216E-4 2.7668907011251433 0.0021241292039959644
translated 3.0707815138952864E-4 2.456735772821304 7.54409879570491E-4
upon 3.0707815138952864E-4 1.5538680612792897 4.771589317608751E-4
perception 1.5353907569476432E-4 1.3805963400052528 2.119754859519811E-4
points 6.141563027790573E-4 0.9751312318970885 5.988829921063034E-4
employed 6.141563027790573E-4 1.4035858582299516 8.620211013234772E-4
abilities 6.141563027790573E-4 3.5553480614894135 0.0021835394205370266
identical 1.5353907569476432E-4 2.2744142160273495 3.4921145647587125E-4
declares 1.5353907569476432E-4 4.471638793363569 6.865712871738936E-4
ambitious 4.6061722708429296E-4 4.471638793363569 0.0020597138615216807
biggest 1.5353907569476432E-4 2.7668907011251433 4.248258407991929E-4
quite 3.0707815138952864E-4 1.5012243277938677 4.6099319139992866E-4
modified 1.5353907569476432E-4 1.8325814637483102 2.813728640792738E-4
all 0.004913250422232458 0.017291497110061043 8.495745547703876E-5
always 3.0707815138952864E-4 1.2729656758128876 3.908999465109435E-4
counting 3.0707815138952864E-4 2.120263536200091 6.510866071549489E-4
new 3.0707815138952864E-4 0.38566248081198473 1.1842852166804383E-4
subjected 4.6061722708429296E-4 3.2188758248682006 0.0014826696567794568
read 1.5353907569476432E-4 1.7635885922613586 2.707797623616396E-4
already 0.0013818516812528789 1.157452788691043 0.001599428082023551
below 1.5353907569476432E-4 1.4035858582299516 2.155052753308693E-4
shall 1.5353907569476432E-4 3.7784916128036232 5.801461097502877E-4
domains 6.141563027790573E-4 1.9459101490553132 0.0011950929826840555
less 4.6061722708429296E-4 0.368995428326773 1.6996565100265915E-4
tool 7.676953784738216E-4 1.1758019273592397 9.026577056343004E-4
condition 1.5353907569476432E-4 1.5271998141971284 2.344848478730429E-4
simplified 1.5353907569476432E-4 2.5257286443082556 3.877980415028797E-4
were 4.6061722708429296E-4 0.0958817717032825 4.4164795809895215E-5
rarely 1.5353907569476432E-4 2.392197251683733 3.6729575490307583E-4
coupled 1.5353907569476432E-4 2.7668907011251433 4.248258407991929E-4
basic 7.676953784738216E-4 1.1944940603713923 9.170075697615479E-4
krishnamurthy 1.5353907569476432E-4 5.1647859739235145 7.929964645974996E-4
university 3.0707815138952864E-4 1.121734706088964 3.444602198952753E-4
influenced 1.5353907569476432E-4 1.730798769438368 2.6574524327320254E-4
technique 4.6061722708429296E-4 1.1758019273592397 5.415946233805803E-4
around 4.6061722708429296E-4 1.0216512475319812 4.705901646853898E-4
swipl 1.5353907569476432E-4 5.1647859739235145 7.929964645974996E-4
renowned 1.5353907569476432E-4 4.0661736852554045 6.243165492484884E-4
represents 3.0707815138952864E-4 0.9751312318970885 2.994414960531517E-4
running 1.5353907569476432E-4 2.5257286443082556 3.877980415028797E-4
effective 3.0707815138952864E-4 0.8472978603872037 2.601866606440054E-4
primitives 6.141563027790573E-4 3.7784916128036232 0.0023205844390011506
times 4.6061722708429296E-4 0.9600933545325481 4.422355387068393E-4
teacher 1.5353907569476432E-4 3.373026504695459 5.178913718248824E-4
summarised 1.5353907569476432E-4 2.7668907011251433 4.248258407991929E-4
similarly 4.6061722708429296E-4 2.0292917579943643 9.347267425123742E-4
and 0.02809765085214187 0.017291497110061043 4.858504485093153E-4
intended 1.5353907569476432E-4 1.8325814637483102 2.813728640792738E-4
convex 1.5353907569476432E-4 3.0853444322436783 4.7372093232668174E-4
define 1.5353907569476432E-4 1.3146383722134554 2.0184836054252349E-4
working 1.5353907569476432E-4 1.5538680612792897 2.3857946588043755E-4
possibility 7.676953784738216E-4 1.252762968495368 9.617403412370398E-4
fifteen 3.0707815138952864E-4 3.373026504695459 0.0010357827436497649
intents 1.5353907569476432E-4 4.0661736852554045 6.243165492484884E-4
performing 1.5353907569476432E-4 1.5812670354674039 2.427862790522653E-4
aforementioned 1.5353907569476432E-4 2.0292917579943643 3.1157558083745807E-4
automatic 4.6061722708429296E-4 1.5812670354674039 7.28358837156796E-4
italian 6.141563027790573E-4 3.0853444322436783 0.001894883729306727
satisfying 1.5353907569476432E-4 3.0853444322436783 4.7372093232668174E-4
adjacent 4.6061722708429296E-4 2.6798793241355137 0.0012343985832038295
requirement 4.6061722708429296E-4 2.5257286443082556 0.0011633941245086392
specific 0.0016889298326424075 0.40261203912575794 6.799834838604848E-4
despite 4.6061722708429296E-4 0.7221347174331975 3.326276911253788E-4
any 0.0015353907569476432 0.2669461739726028 4.098666881200718E-4
followed 1.5353907569476432E-4 0.758066726659261 1.1639286452621848E-4
formulated 3.0707815138952864E-4 1.7635885922613586 5.415595247232792E-4
consecutive 1.5353907569476432E-4 1.9867321435755685 3.050410169776706E-4
analogy 1.5353907569476432E-4 3.373026504695459 5.178913718248824E-4
application 0.0015353907569476432 1.0376515888784226 0.001593200658495966
punctuation 1.5353907569476432E-4 3.373026504695459 5.178913718248824E-4
darrell 1.5353907569476432E-4 4.471638793363569 6.865712871738936E-4
partitioning 1.5353907569476432E-4 4.0661736852554045 6.243165492484884E-4
until 3.0707815138952864E-4 1.0376515888784226 3.186401316991932E-4
interested 1.5353907569476432E-4 1.8689491079191851 2.8695671855046603E-4
strategy 0.0012283126055581146 1.2135422553420867 0.0014906092496141093
hypothesis 1.5353907569476432E-4 1.9459101490553132 2.9877324567101387E-4
forms 1.5353907569476432E-4 1.4512139072192063 2.228180419498244E-4
entails 1.5353907569476432E-4 3.373026504695459 5.178913718248824E-4
csp 7.676953784738216E-4 5.1647859739235145 0.003964982322987498
reason 3.0707815138952864E-4 1.0059028905638423 3.0889080011172804E-4
inductive 1.5353907569476432E-4 3.373026504695459 5.178913718248824E-4
achievements 1.5353907569476432E-4 3.2188758248682006 4.942232189264856E-4
accurate 1.5353907569476432E-4 1.3805963400052528 2.119754859519811E-4
clauses 1.5353907569476432E-4 4.0661736852554045 6.243165492484884E-4
reification 1.5353907569476432E-4 5.1647859739235145 7.929964645974996E-4
defines 3.0707815138952864E-4 2.331572629867298 7.159750130100715E-4
skills 3.0707815138952864E-4 2.169053700369523 6.660690005740897E-4
worked 1.5353907569476432E-4 2.331572629867298 3.5798750650503576E-4
identification 0.0015353907569476432 1.3146383722134554 0.002018483605425235
notation 4.6061722708429296E-4 3.373026504695459 0.0015536741154746473
formulation 3.0707815138952864E-4 2.2203469947570738 6.818200505932976E-4
english 1.5353907569476432E-4 1.4512139072192063 2.228180419498244E-4
represented 0.0010747735298633502 0.8881198549074587 9.545277114006159E-4
orthogonally 1.5353907569476432E-4 5.1647859739235145 7.929964645974996E-4
let 1.5353907569476432E-4 1.9459101490553132 2.9877324567101387E-4
state 1.5353907569476432E-4 1.0376515888784226 1.593200658495966E-4
inferring 1.5353907569476432E-4 3.7784916128036232 5.801461097502877E-4
fully 3.0707815138952864E-4 1.2729656758128876 3.908999465109435E-4
defined 9.212344541685859E-4 0.5300569856938783 4.883067578939459E-4
portions 1.5353907569476432E-4 3.5553480614894135 5.458848551342567E-4
element 1.5353907569476432E-4 1.8325814637483102 2.813728640792738E-4
encompass 1.5353907569476432E-4 4.0661736852554045 6.243165492484884E-4
devoted 0.0013818516812528789 3.7784916128036232 0.005221314987752588
using 1.5353907569476432E-4 0.083381608939051 1.2802335166444188E-5
tuning 1.5353907569476432E-4 3.7784916128036232 5.801461097502877E-4
containing 3.0707815138952864E-4 1.4759065198095778 4.5321864572687786E-4
investigating 1.5353907569476432E-4 2.0292917579943643 3.1157558083745807E-4
want 1.5353907569476432E-4 1.9867321435755685 3.050410169776706E-4
multimodal 0.0015353907569476432 2.9675613965872945 0.0045563663389947716
each 0.002456625211116229 0.13434805253107854 3.3004281291221504E-4
input 0.0018424689083371719 1.0216512475319812 0.0018823606587415592
theorem 3.0707815138952864E-4 3.2188758248682006 9.884464378529711E-4
induce 1.5353907569476432E-4 2.456735772821304 3.772049397852455E-4
wanted 1.5353907569476432E-4 2.5257286443082556 3.877980415028797E-4
rendered 1.5353907569476432E-4 4.0661736852554045 6.243165492484884E-4
grade 3.0707815138952864E-4 2.8622008809294686 8.789193554213016E-4
stanford 1.5353907569476432E-4 2.5257286443082556 3.877980415028797E-4
difference 1.5353907569476432E-4 0.6004377824556778 9.219066213045875E-5
must 0.004913250422232458 1.0376515888784226 0.005098242107187091
deepblue 1.5353907569476432E-4 5.1647859739235145 7.929964645974996E-4
circle 1.5353907569476432E-4 3.5553480614894135 5.458848551342567E-4
actions 1.5353907569476432E-4 2.2203469947570738 3.409100252966488E-4
dries 1.5353907569476432E-4 5.1647859739235145 7.929964645974996E-4
complexity 4.6061722708429296E-4 1.6094379124341003 7.413348283897284E-4
sophisticated 1.5353907569476432E-4 2.073743520565198 3.18400663375587E-4
automatically 1.5353907569476432E-4 1.4759065198095778 2.2660932286343893E-4
another 4.6061722708429296E-4 0.40261203912575794 1.854500410528595E-4
students 1.5353907569476432E-4 2.120263536200091 3.2554330357747443E-4
guarantee 1.5353907569476432E-4 2.169053700369523 3.330345002870449E-4
networks 3.0707815138952864E-4 1.4759065198095778 4.5321864572687786E-4
two 0.0013818516812528789 0.11492996667397702 1.588161676747725E-4
facts 1.5353907569476432E-4 2.7668907011251433 4.248258407991929E-4
constr 0.0012283126055581146 5.1647859739235145 0.006343971716779997
notion 1.5353907569476432E-4 2.2744142160273495 3.4921145647587125E-4
found 0.0010747735298633502 0.27443684570176036 2.949574573794446E-4
desired 1.5353907569476432E-4 1.79749014393704 2.75984975270542E-4
are 0.010594196222938737 0.028987536873252187 3.0709965365490567E-4
scenario 3.0707815138952864E-4 2.456735772821304 7.54409879570491E-4
does 7.676953784738216E-4 0.5696661237889241 4.37330050505853E-4
taken 1.5353907569476432E-4 0.990398704027877 1.5206490158573268E-4
reported 4.6061722708429296E-4 0.5300569856938783 2.4415337894697297E-4
structured 1.5353907569476432E-4 1.3805963400052528 2.119754859519811E-4
where 0.002917242438200522 0.32850406697203605 9.5832600529229E-4
takes 4.6061722708429296E-4 1.3805963400052528 6.359264578559432E-4
distortions 3.0707815138952864E-4 4.471638793363569 0.0013731425743477872
gives 1.5353907569476432E-4 1.3146383722134554 2.0184836054252349E-4
limits 3.0707815138952864E-4 2.5257286443082556 7.755960830057594E-4
latest 1.5353907569476432E-4 2.2744142160273495 3.4921145647587125E-4
detection 4.6061722708429296E-4 1.5271998141971284 7.034545436191287E-4
art 1.5353907569476432E-4 2.5998366164619773 3.991765110489755E-4
combining 3.0707815138952864E-4 1.6682784124570338 5.122918509003635E-4
team 1.5353907569476432E-4 2.073743520565198 3.18400663375587E-4
diagram 0.005834484876401044 2.0292917579943643 0.011839872071823406
such 0.003531398740979579 0.10219094089654716 3.608769600215852E-4
automated 3.0707815138952864E-4 1.5538680612792897 4.771589317608751E-4
filling 1.5353907569476432E-4 3.0853444322436783 4.7372093232668174E-4
nlp 0.0013818516812528789 0.41119578281714936 5.682115838099715E-4
realise 1.5353907569476432E-4 3.7784916128036232 5.801461097502877E-4
metric 1.5353907569476432E-4 2.331572629867298 3.5798750650503576E-4
absolute 1.5353907569476432E-4 2.120263536200091 3.2554330357747443E-4
implies 1.5353907569476432E-4 2.2203469947570738 3.409100252966488E-4
relations 6.141563027790573E-4 1.906689435902032 0.0011710053345014783
dataset 3.0707815138952864E-4 1.2729656758128876 3.908999465109435E-4
understood 1.5353907569476432E-4 2.120263536200091 3.2554330357747443E-4
optical 1.5353907569476432E-4 2.8622008809294686 4.394596777106508E-4
asp 3.0707815138952864E-4 5.1647859739235145 0.0015859929291949992
demanded 1.5353907569476432E-4 4.0661736852554045 6.243165492484884E-4
through 0.002917242438200522 0.2595111954850846 7.570570726572405E-4
strength 1.5353907569476432E-4 1.9867321435755685 3.050410169776706E-4
documents 1.5353907569476432E-4 1.6682784124570338 2.5614592545018176E-4
solved 4.6061722708429296E-4 2.2203469947570738 0.0010227300758899466
organisation 3.0707815138952864E-4 2.9675613965872945 9.112732677989542E-4
run 1.5353907569476432E-4 2.0292917579943643 3.1157558083745807E-4
source 7.676953784738216E-4 0.9452782687474074 7.256857582891198E-4
challenging 6.141563027790573E-4 1.5538680612792897 9.543178635217502E-4
guided 4.6061722708429296E-4 2.392197251683733 0.0011018872647092276
research 7.676953784738216E-4 0.41119578281714936 3.1567310211665084E-4
features 4.6061722708429296E-4 0.8340526336371831 3.8417901134831097E-4
view 4.6061722708429296E-4 1.4035858582299516 6.465158259926078E-4
either 0.0010747735298633502 0.7827593392496325 8.412890180788311E-4
school 4.6061722708429296E-4 2.169053700369523 9.991035008611346E-4
segment 4.6061722708429296E-4 2.120263536200091 9.766299107324234E-4
bias 1.5353907569476432E-4 1.5271998141971284 2.344848478730429E-4
things 1.5353907569476432E-4 2.2744142160273495 3.4921145647587125E-4
has 4.6061722708429296E-4 0.05279818556697083 2.431975383094004E-5
helpful 1.5353907569476432E-4 2.2203469947570738 3.409100252966488E-4
starts 4.6061722708429296E-4 2.2203469947570738 0.0010227300758899466
results 7.676953784738216E-4 0.08961215868968714 6.879484008113553E-5
those 0.0016889298326424075 0.3364722366212129 5.682779982854817E-4
solver 0.0027637033625057578 2.9675613965872945 0.008201459410190588
offers 4.6061722708429296E-4 1.6682784124570338 7.684377763505453E-4
given 0.0023030861354214646 0.3526016185510966 8.120718990121985E-4
actual 6.141563027790573E-4 1.293584963015623 7.944633582162587E-4
chess 1.5353907569476432E-4 5.1647859739235145 7.929964645974996E-4
imagine 1.5353907569476432E-4 3.5553480614894135 5.458848551342567E-4
last 4.6061722708429296E-4 0.7703368192510752 3.5483040960436447E-4
involves 3.0707815138952864E-4 1.6094379124341003 4.942232189264856E-4
might 0.002917242438200522 0.7339691750802005 0.00214116602587499
insufficient 1.5353907569476432E-4 2.073743520565198 3.18400663375587E-4
significant 1.5353907569476432E-4 0.377294231141468 5.792940751442776E-5
employing 3.0707815138952864E-4 2.5998366164619773 7.98353022097951E-4
bounded 1.5353907569476432E-4 3.2188758248682006 4.942232189264856E-4
catalogue 1.5353907569476432E-4 5.1647859739235145 7.929964645974996E-4
inspected 1.5353907569476432E-4 3.2188758248682006 4.942232189264856E-4
technologies 1.5353907569476432E-4 1.8689491079191851 2.8695671855046603E-4
difficulty 1.5353907569476432E-4 1.6990500711237875 2.608705774794699E-4
converted 3.0707815138952864E-4 1.5538680612792897 4.771589317608751E-4
leads 1.5353907569476432E-4 1.1758019273592397 1.805315411268601E-4
name 3.0707815138952864E-4 1.8325814637483102 5.627457281585476E-4
spaces 1.5353907569476432E-4 2.8622008809294686 4.394596777106508E-4
assume 1.5353907569476432E-4 1.730798769438368 2.6574524327320254E-4
leaving 1.5353907569476432E-4 2.5257286443082556 3.877980415028797E-4
parameters 0.0015353907569476432 1.2135422553420867 0.0018632615620176366
experimenting 1.5353907569476432E-4 3.7784916128036232 5.801461097502877E-4
full 7.676953784738216E-4 0.14750613710858965 1.1323977975479015E-4
involving 0.0010747735298633502 1.5271998141971284 0.0016413939351113003
next 1.5353907569476432E-4 0.8080771472339223 1.240714182763584E-4
rotating 1.5353907569476432E-4 4.471638793363569 6.865712871738936E-4
memory 3.0707815138952864E-4 2.073743520565198 6.36801326751174E-4
hidden 3.0707815138952864E-4 1.730798769438368 5.314904865464051E-4
occupy 1.5353907569476432E-4 2.9675613965872945 4.556366338994771E-4
absence 1.5353907569476432E-4 1.3581234841531944 2.0852502443623435E-4
parametric 1.5353907569476432E-4 3.2188758248682006 4.942232189264856E-4
concept 1.5353907569476432E-4 1.3581234841531944 2.0852502443623435E-4
classes 1.5353907569476432E-4 1.7635885922613586 2.707797623616396E-4
aspects 3.0707815138952864E-4 1.0872485300177945 3.338702686988468E-4
impossible 1.5353907569476432E-4 2.2203469947570738 3.409100252966488E-4
show 4.6061722708429296E-4 0.6321864807702582 2.9119598377257404E-4
description 0.0027637033625057578 1.4512139072192063 0.0040107247550968395
effort 3.0707815138952864E-4 1.8689491079191851 5.739134371009321E-4
video 3.0707815138952864E-4 2.5257286443082556 7.755960830057594E-4
button 3.0707815138952864E-4 4.0661736852554045 0.0012486330984969767
conclusion 1.5353907569476432E-4 0.653926467406664 1.0040326537796162E-4
not 0.0052203285736219865 0.03488725900044054 1.8212295501535058E-4
minimal 3.0707815138952864E-4 1.906689435902032 5.855026672507392E-4
impose 1.5353907569476432E-4 3.2188758248682006 4.942232189264856E-4
agnostic 1.5353907569476432E-4 4.0661736852554045 6.243165492484884E-4
hence 1.5353907569476432E-4 2.0292917579943643 3.1157558083745807E-4
derived 4.6061722708429296E-4 1.3581234841531944 6.255750733087031E-4
analogous 1.5353907569476432E-4 2.9675613965872945 4.556366338994771E-4
interfaces 1.5353907569476432E-4 3.0853444322436783 4.7372093232668174E-4
learned 1.5353907569476432E-4 2.0292917579943643 3.1157558083745807E-4
effectively 1.5353907569476432E-4 1.6384254493073527 2.5156232908142985E-4
introduce 1.5353907569476432E-4 1.7635885922613586 2.707797623616396E-4
was 0.0016889298326424075 0.058840500022933395 9.937747585632847E-5
libraries 1.5353907569476432E-4 3.0853444322436783 4.7372093232668174E-4
start 1.5353907569476432E-4 1.5271998141971284 2.344848478730429E-4
baral 1.5353907569476432E-4 5.1647859739235145 7.929964645974996E-4
way 6.141563027790573E-4 0.9306794693262548 5.715826619537877E-4
generic 3.0707815138952864E-4 2.120263536200091 6.510866071549489E-4
manage 6.141563027790573E-4 2.0292917579943643 0.0012463023233498323
backtracks 3.0707815138952864E-4 5.1647859739235145 0.0015859929291949992
equal 0.0013818516812528789 1.3805963400052528 0.0019077793735678297
constraintslist 3.0707815138952864E-4 5.1647859739235145 0.0015859929291949992
colour 3.0707815138952864E-4 3.0853444322436783 9.474418646533635E-4
what 7.676953784738216E-4 0.8209805520698303 6.302629756408954E-4
bocconi 3.0707815138952864E-4 5.1647859739235145 0.0015859929291949992
assuming 1.5353907569476432E-4 1.9459101490553132 2.9877324567101387E-4
restricted 1.5353907569476432E-4 2.392197251683733 3.6729575490307583E-4
initially 1.5353907569476432E-4 1.6990500711237875 2.608705774794699E-4
short 4.6061722708429296E-4 1.157452788691043 5.331426940078503E-4
time 0.0012283126055581146 0.20194134366360675 2.4804709800535144E-4
play 1.5353907569476432E-4 1.2729656758128876 1.9544997325547176E-4
delicate 1.5353907569476432E-4 5.1647859739235145 7.929964645974996E-4
discard 1.5353907569476432E-4 3.5553480614894135 5.458848551342567E-4
measured 1.5353907569476432E-4 1.0704414117014134 1.6435458493803368E-4
polygons 0.0016889298326424075 4.471638793363569 0.00755228415891283
obstacles 1.5353907569476432E-4 3.2188758248682006 4.942232189264856E-4
experimental 4.6061722708429296E-4 1.4512139072192063 6.684541258494732E-4
collected 1.5353907569476432E-4 0.8340526336371831 1.28059670449437E-4
extracting 4.6061722708429296E-4 2.0292917579943643 9.347267425123742E-4
complementary 1.5353907569476432E-4 2.073743520565198 3.18400663375587E-4
when 0.0026101642868109932 0.14750613710858965 3.850152511662865E-4
three 6.141563027790573E-4 0.22314355131420976 1.3704501846412392E-4
issues 1.5353907569476432E-4 1.121734706088964 1.7223010994763766E-4
required 0.0016889298326424075 0.5900749954201312 9.965952632613915E-4
put 3.0707815138952864E-4 1.906689435902032 5.855026672507392E-4
tips 1.5353907569476432E-4 4.0661736852554045 6.243165492484884E-4
fan 1.5353907569476432E-4 3.373026504695459 5.178913718248824E-4
identified 1.5353907569476432E-4 0.6321864807702582 9.706532792419133E-5
collections 1.5353907569476432E-4 3.5553480614894135 5.458848551342567E-4
daniela 9.212344541685859E-4 5.1647859739235145 0.004757978787584998
far 3.0707815138952864E-4 1.3361445774344192 4.1030080682770436E-4
options 3.0707815138952864E-4 2.0292917579943643 6.231511616749161E-4
broad 1.5353907569476432E-4 1.4759065198095778 2.2660932286343893E-4
specifically 1.5353907569476432E-4 1.3805963400052528 2.119754859519811E-4
plan 1.5353907569476432E-4 2.120263536200091 3.2554330357747443E-4
case 0.0015353907569476432 0.38566248081198473 5.921426083402192E-4
identifies 1.5353907569476432E-4 2.0292917579943643 3.1157558083745807E-4
images 1.5353907569476432E-4 1.8689491079191851 2.8695671855046603E-4
having 3.0707815138952864E-4 0.8340526336371831 2.56119340898874E-4
depends 1.5353907569476432E-4 1.6682784124570338 2.5614592545018176E-4
players 1.5353907569476432E-4 3.7784916128036232 5.801461097502877E-4
probability 3.0707815138952864E-4 1.4271163556401458 4.382362523077371E-4
conclusions 1.5353907569476432E-4 1.0872485300177945 1.669351343494234E-4
lesson 3.0707815138952864E-4 3.5553480614894135 0.0010917697102685133
extraction 0.0021495470597267005 1.3361445774344192 0.0028721056477939303
limiting 1.5353907569476432E-4 2.2744142160273495 3.4921145647587125E-4
maher 1.5353907569476432E-4 4.0661736852554045 6.243165492484884E-4
matches 1.5353907569476432E-4 2.9675613965872945 4.556366338994771E-4
dynamically 3.0707815138952864E-4 2.9675613965872945 9.112732677989542E-4
lowest 1.5353907569476432E-4 1.6094379124341003 2.471116094632428E-4
provide 9.212344541685859E-4 0.44628710262841953 4.1113505539237176E-4
apparently 1.5353907569476432E-4 3.2188758248682006 4.942232189264856E-4
completely 1.5353907569476432E-4 1.3805963400052528 2.119754859519811E-4
minimise 1.5353907569476432E-4 2.9675613965872945 4.556366338994771E-4
primary 7.676953784738216E-4 0.9306794693262548 7.144783274422346E-4
requires 9.212344541685859E-4 0.8881198549074587 8.181666097719564E-4
implicit 1.5353907569476432E-4 2.6798793241355137 4.1146619440127647E-4
study 7.676953784738216E-4 0.15415067982725836 1.1834076449198401E-4
explicitly 1.5353907569476432E-4 1.5812670354674039 2.427862790522653E-4
elicited 1.5353907569476432E-4 3.5553480614894135 5.458848551342567E-4
computed 1.5353907569476432E-4 1.730798769438368 2.6574524327320254E-4
portion 3.0707815138952864E-4 2.5257286443082556 7.755960830057594E-4
formulate 1.5353907569476432E-4 2.456735772821304 3.772049397852455E-4
fulfilled 1.5353907569476432E-4 2.9675613965872945 4.556366338994771E-4
enabled 1.5353907569476432E-4 2.392197251683733 3.6729575490307583E-4
layer 7.676953784738216E-4 1.6990500711237875 0.0013043528873973496
cinematography 1.5353907569476432E-4 5.1647859739235145 7.929964645974996E-4
lot 1.5353907569476432E-4 2.073743520565198 3.18400663375587E-4
computer 4.6061722708429296E-4 1.5538680612792897 7.157383976413126E-4
pressing 3.0707815138952864E-4 3.5553480614894135 0.0010917697102685133
ways 3.0707815138952864E-4 1.4035858582299516 4.310105506617386E-4
modern 3.0707815138952864E-4 2.0292917579943643 6.231511616749161E-4
web 9.212344541685859E-4 1.6384254493073527 0.0015093739744885793
low 1.5353907569476432E-4 0.6761496041913742 1.0381538525892433E-4
physics 1.5353907569476432E-4 4.0661736852554045 6.243165492484884E-4
feeds 1.5353907569476432E-4 3.2188758248682006 4.942232189264856E-4
categories 6.141563027790573E-4 1.0216512475319812 6.274535529138531E-4
architecture 9.212344541685859E-4 1.79749014393704 0.001655909851623252
means 6.141563027790573E-4 0.6988778552689304 4.292202396861234E-4
stress 1.5353907569476432E-4 1.9867321435755685 3.050410169776706E-4
chain 3.0707815138952864E-4 2.331572629867298 7.159750130100715E-4
explore 3.0707815138952864E-4 1.2329603411991883 3.7861518231204925E-4
suffers 1.5353907569476432E-4 2.6798793241355137 4.1146619440127647E-4
initial 6.141563027790573E-4 0.6988778552689304 4.292202396861234E-4
shortcomings 1.5353907569476432E-4 3.0853444322436783 4.7372093232668174E-4
more 0.0027637033625057578 0.05279818556697083 1.4591852298564026E-4
display 7.676953784738216E-4 0.167573700159399 1.2864555516612852E-4
unify 1.5353907569476432E-4 3.7784916128036232 5.801461097502877E-4
csvdisplay 1.5353907569476432E-4 0.2669461739726028 4.0986668812007184E-5
centre 4.6061722708429296E-4 2.2203469947570738 0.0010227300758899466
performed 7.676953784738216E-4 0.4643056081310978 3.5644526956172103E-4
great 1.5353907569476432E-4 1.3361445774344192 2.0515040341385218E-4
beings 1.5353907569476432E-4 3.2188758248682006 4.942232189264856E-4
grid 0.003838476892369108 2.6798793241355137 0.010286654860031911
sides 1.5353907569476432E-4 3.2188758248682006 4.942232189264856E-4
choice 4.6061722708429296E-4 1.6682784124570338 7.684377763505453E-4
certain 0.0023030861354214646 0.8209805520698303 0.001890788926922686
levels 3.0707815138952864E-4 0.9452782687474074 2.902743033156479E-4
small 3.0707815138952864E-4 0.6214911916535102 1.9084636623783517E-4
pursuing 1.5353907569476432E-4 4.471638793363569 6.865712871738936E-4
defeated 1.5353907569476432E-4 5.1647859739235145 7.929964645974996E-4
minimises 1.5353907569476432E-4 4.0661736852554045 6.243165492484884E-4
before 3.0707815138952864E-4 0.5203950747821414 1.598019575563155E-4
simple 0.0010747735298633502 1.157452788691043 0.0012439996193516509
section 7.676953784738216E-4 0.7953381214564925 6.105774001662004E-4
used 0.0012283126055581146 0.07103577311675174 8.72541355648724E-5
influence 1.5353907569476432E-4 0.9306794693262548 1.4289566548844694E-4
didactical 1.5353907569476432E-4 5.1647859739235145 7.929964645974996E-4
looks 1.5353907569476432E-4 3.2188758248682006 4.942232189264856E-4
shows 4.6061722708429296E-4 0.5596157879354227 2.577686724714061E-4
shown 4.6061722708429296E-4 0.3364722366212129 1.5498490862331316E-4
answering 6.141563027790573E-4 2.169053700369523 0.0013321380011481795
presented 3.0707815138952864E-4 0.4373981552111735 1.3431541692343727E-4
beat 1.5353907569476432E-4 4.471638793363569 6.865712871738936E-4
enrich 1.5353907569476432E-4 3.373026504695459 5.178913718248824E-4
feasible 1.5353907569476432E-4 2.331572629867298 3.5798750650503576E-4
consider 0.0012283126055581146 0.8080771472339223 9.925713462108673E-4
combination 9.212344541685859E-4 0.758066726659261 6.98357187157311E-4
described 0.0012283126055581146 0.44628710262841953 5.481800738564957E-4
repeatedly 1.5353907569476432E-4 3.0853444322436783 4.7372093232668174E-4
kind 9.212344541685859E-4 1.6990500711237875 0.0015652234648768195
tree 4.6061722708429296E-4 1.7635885922613586 8.123392870849187E-4
archive 1.5353907569476432E-4 4.0661736852554045 6.243165492484884E-4
particular 3.0707815138952864E-4 1.0704414117014134 3.2870916987606737E-4
done 1.5353907569476432E-4 0.9452782687474074 1.4513715165782396E-4
both 0.0012283126055581146 0.13434805253107854 1.6502140645610752E-4
most 0.002456625211116229 0.0771896386911299 1.8962601244558244E-4
important 7.676953784738216E-4 0.2669461739726028 2.049333440600359E-4
square 4.6061722708429296E-4 2.9675613965872945 0.0013669099016984313
effect 1.5353907569476432E-4 0.758066726659261 1.1639286452621848E-4
elementary 1.5353907569476432E-4 4.471638793363569 6.865712871738936E-4
topic 1.5353907569476432E-4 1.2729656758128876 1.9544997325547176E-4
symbolical 4.6061722708429296E-4 5.1647859739235145 0.002378989393792499
who 3.0707815138952864E-4 0.44628710262841953 1.3704501846412392E-4
classify 1.5353907569476432E-4 1.5271998141971284 2.344848478730429E-4
request 4.6061722708429296E-4 2.6798793241355137 0.0012343985832038295
mathematics 1.5353907569476432E-4 4.0661736852554045 6.243165492484884E-4
crucial 3.0707815138952864E-4 1.4035858582299516 4.310105506617386E-4
part 0.0012283126055581146 0.5496654570822546 6.751610097739961E-4
values 0.0010747735298633502 0.5900749954201312 6.341969857117946E-4
determines 1.5353907569476432E-4 2.169053700369523 3.330345002870449E-4
their 0.0015353907569476432 0.12136085700426753 1.86336338099597E-4
insert 3.0707815138952864E-4 4.0661736852554045 0.0012486330984969767
numeric 1.5353907569476432E-4 2.9675613965872945 4.556366338994771E-4
diagrams 0.0027637033625057578 3.5553480614894135 0.00982592739241662
inspiration 1.5353907569476432E-4 3.373026504695459 5.178913718248824E-4
constructs 1.5353907569476432E-4 2.6798793241355137 4.1146619440127647E-4
textbooks 1.5353907569476432E-4 3.7784916128036232 5.801461097502877E-4
point 0.0010747735298633502 0.7703368192510752 8.279376224101838E-4
necessarily 3.0707815138952864E-4 1.6990500711237875 5.217411549589398E-4
integrated 1.5353907569476432E-4 1.6384254493073527 2.5156232908142985E-4
general 0.0010747735298633502 0.4734380916943703 5.088387289821268E-4
highlight 3.0707815138952864E-4 1.6094379124341003 4.942232189264856E-4
alone 3.0707815138952864E-4 1.730798769438368 5.314904865464051E-4
candidate 1.5353907569476432E-4 2.331572629867298 3.5798750650503576E-4
mentioned 3.0707815138952864E-4 1.0376515888784226 3.186401316991932E-4
win 1.5353907569476432E-4 4.0661736852554045 6.243165492484884E-4
dimension 4.6061722708429296E-4 1.8689491079191851 8.60870155651398E-4
introduction 1.5353907569476432E-4 0.10219094089654716 1.5690302609634142E-5
overcomes 1.5353907569476432E-4 3.0853444322436783 4.7372093232668174E-4
process 0.0012283126055581146 0.5013468798114469 6.158106922296293E-4
requirements 1.5353907569476432E-4 1.9459101490553132 2.9877324567101387E-4
amount 1.5353907569476432E-4 1.121734706088964 1.7223010994763766E-4
original 6.141563027790573E-4 1.1944940603713923 7.336060558092383E-4
assignment 1.5353907569476432E-4 2.9675613965872945 4.556366338994771E-4
clear 1.5353907569476432E-4 1.0704414117014134 1.6435458493803368E-4
alternative 3.0707815138952864E-4 1.3805963400052528 4.239509719039622E-4
also 0.0016889298326424075 0.05279818556697083 8.917243071344682E-5
intelligences 1.5353907569476432E-4 5.1647859739235145 7.929964645974996E-4
approaches 0.0010747735298633502 0.9021060968821986 9.6955975405733E-4
enough 3.0707815138952864E-4 1.4512139072192063 4.456360838996488E-4
heavily 1.5353907569476432E-4 2.0292917579943643 3.1157558083745807E-4
spread 1.5353907569476432E-4 2.120263536200091 3.2554330357747443E-4
opencl 1.5353907569476432E-4 5.1647859739235145 7.929964645974996E-4
contained 3.0707815138952864E-4 1.730798769438368 5.314904865464051E-4
third 3.0707815138952864E-4 1.0059028905638423 3.0889080011172804E-4
build 1.5353907569476432E-4 1.5271998141971284 2.344848478730429E-4
various 9.212344541685859E-4 0.5798184952529422 5.34148774991195E-4
interaction 1.5353907569476432E-4 1.4271163556401458 2.1911812615386855E-4
determining 1.5353907569476432E-4 1.5538680612792897 2.3857946588043755E-4
latter 3.0707815138952864E-4 1.8325814637483102 5.627457281585476E-4
further 3.0707815138952864E-4 0.27443684570176036 8.427355925126988E-5
user 7.676953784738216E-4 1.6990500711237875 0.0013043528873973496
account 3.0707815138952864E-4 1.0539121097502027 3.2363338238913027E-4
opencv 6.141563027790573E-4 5.1647859739235145 0.0031719858583899984
simply 1.5353907569476432E-4 1.4512139072192063 2.228180419498244E-4
plane 1.5353907569476432E-4 3.0853444322436783 4.7372093232668174E-4
unforeseen 3.0707815138952864E-4 4.471638793363569 0.0013731425743477872
been 3.0707815138952864E-4 0.05279818556697083 1.6213169220626693E-5
underline 6.141563027790573E-4 4.0661736852554045 0.0024972661969939534
extracted 9.212344541685859E-4 1.0704414117014134 9.86127509628202E-4
advance 1.5353907569476432E-4 2.392197251683733 3.6729575490307583E-4
evaluation 6.141563027790573E-4 0.7953381214564925 4.884619201329602E-4
fit 3.0707815138952864E-4 1.9459101490553132 5.975464913420277E-4
path 1.5353907569476432E-4 2.2203469947570738 3.409100252966488E-4
depending 1.5353907569476432E-4 1.2729656758128876 1.9544997325547176E-4
qualitative 4.6061722708429296E-4 1.6990500711237875 7.826117324384097E-4
unthinkable 1.5353907569476432E-4 4.471638793363569 6.865712871738936E-4
scanned 3.0707815138952864E-4 4.0661736852554045 0.0012486330984969767
complex 7.676953784738216E-4 0.8743265327751228 6.712164384885021E-4
assumption 1.5353907569476432E-4 1.9867321435755685 3.050410169776706E-4
reflects 1.5353907569476432E-4 1.9867321435755685 3.050410169776706E-4
investigated 4.6061722708429296E-4 1.3581234841531944 6.255750733087031E-4
knowledge 0.0012283126055581146 0.8080771472339223 9.925713462108673E-4
going 1.5353907569476432E-4 2.2203469947570738 3.409100252966488E-4
impact 1.5353907569476432E-4 0.7827593392496325 1.2018414543983303E-4
easy 6.141563027790573E-4 1.5538680612792897 9.543178635217502E-4
whose 0.0010747735298633502 1.730798769438368 0.0018602167029124175
former 1.5353907569476432E-4 2.073743520565198 3.18400663375587E-4
interpretation 4.6061722708429296E-4 1.4759065198095778 6.798279685903168E-4
turning 1.5353907569476432E-4 2.8622008809294686 4.394596777106508E-4
trying 1.5353907569476432E-4 2.5998366164619773 3.991765110489755E-4
domain 4.6061722708429296E-4 1.1944940603713923 5.502045418569288E-4
deals 3.0707815138952864E-4 2.8622008809294686 8.789193554213016E-4
intermediate 4.6061722708429296E-4 2.2203469947570738 0.0010227300758899466
assigned 4.6061722708429296E-4 1.3805963400052528 6.359264578559432E-4
consideration 3.0707815138952864E-4 1.5812670354674039 4.855725581045306E-4
looking 4.6061722708429296E-4 1.6990500711237875 7.826117324384097E-4
relative 1.5353907569476432E-4 1.0539121097502027 1.6181669119456514E-4
solvers 3.0707815138952864E-4 3.2188758248682006 9.884464378529711E-4
stems 1.5353907569476432E-4 3.0853444322436783 4.7372093232668174E-4
cuda 1.5353907569476432E-4 5.1647859739235145 7.929964645974996E-4
average 4.6061722708429296E-4 0.7459453661269161 3.4359528610175777E-4
strong 4.6061722708429296E-4 1.2135422553420867 5.58978468605291E-4
maths 0.004145555043758637 5.1647859739235145 0.02141090454413249
autonomously 6.141563027790573E-4 4.0661736852554045 0.0024972661969939534
how 1.5353907569476432E-4 0.5496654570822546 8.439512622174952E-5
proved 1.5353907569476432E-4 1.9459101490553132 2.9877324567101387E-4
interestingly 1.5353907569476432E-4 3.7784916128036232 5.801461097502877E-4
search 7.676953784738216E-4 1.1043429633770947 8.477989892346805E-4
see 3.0707815138952864E-4 1.0376515888784226 3.186401316991932E-4
capability 1.5353907569476432E-4 2.456735772821304 3.772049397852455E-4
grasp 3.0707815138952864E-4 3.7784916128036232 0.0011602922195005753
adoption 3.0707815138952864E-4 2.331572629867298 7.159750130100715E-4
offered 3.0707815138952864E-4 2.120263536200091 6.510866071549489E-4
assembly 1.5353907569476432E-4 3.2188758248682006 4.942232189264856E-4
national 1.5353907569476432E-4 1.293584963015623 1.9861583955406466E-4
segmentation 7.676953784738216E-4 2.7668907011251433 0.0021241292039959644
term 0.001996007984031936 1.1944940603713923 0.0023842196813800244
acquisition 1.5353907569476432E-4 2.456735772821304 3.772049397852455E-4
seo 1.5353907569476432E-4 5.1647859739235145 7.929964645974996E-4
flanagan 1.5353907569476432E-4 5.1647859739235145 7.929964645974996E-4
paired 1.5353907569476432E-4 2.331572629867298 3.5798750650503576E-4
enabling 1.5353907569476432E-4 2.169053700369523 3.330345002870449E-4
set 0.002456625211116229 0.5596157879354227 0.0013747662531808326
outstanding 1.5353907569476432E-4 3.2188758248682006 4.942232189264856E-4
contain 4.6061722708429296E-4 1.4035858582299516 6.465158259926078E-4
subjects 1.5353907569476432E-4 1.79749014393704 2.75984975270542E-4
words 1.5353907569476432E-4 0.9751312318970885 1.4972074802657584E-4
involve 7.676953784738216E-4 1.8325814637483102 0.001406864320396369
procedure 1.5353907569476432E-4 1.1394342831883648 1.7494768665566788E-4
possible 0.0012283126055581146 0.38566248081198473 4.737140866721753E-4
right 0.0010747735298633502 1.4759065198095778 0.0015862652600440725
partly 3.0707815138952864E-4 2.331572629867298 7.159750130100715E-4
gaps 4.6061722708429296E-4 2.5998366164619773 0.0011975295331469265
constrained 1.5353907569476432E-4 2.8622008809294686 4.394596777106508E-4
integrate 4.6061722708429296E-4 2.2203469947570738 0.0010227300758899466
answer 0.0010747735298633502 1.79749014393704 0.001931894826893794
meet 1.5353907569476432E-4 1.8325814637483102 2.813728640792738E-4
calls 1.5353907569476432E-4 2.7668907011251433 4.248258407991929E-4
difficulties 1.5353907569476432E-4 2.120263536200091 3.2554330357747443E-4
series 3.0707815138952864E-4 1.1758019273592397 3.610630822537202E-4
complicated 1.5353907569476432E-4 1.8325814637483102 2.813728640792738E-4
maximum 3.0707815138952864E-4 1.2329603411991883 3.7861518231204925E-4
digits 4.6061722708429296E-4 4.471638793363569 0.0020597138615216807
under 1.5353907569476432E-4 0.7459453661269161 1.1453176203391926E-4
freely 4.6061722708429296E-4 2.6798793241355137 0.0012343985832038295
essential 3.0707815138952864E-4 1.252762968495368 3.8469613649481596E-4
represent 6.141563027790573E-4 0.8209805520698303 5.042103805127163E-4
font 1.5353907569476432E-4 3.7784916128036232 5.801461097502877E-4
performs 3.0707815138952864E-4 1.906689435902032 5.855026672507392E-4
added 3.0707815138952864E-4 1.1758019273592397 3.610630822537202E-4
precede 1.5353907569476432E-4 3.7784916128036232 5.801461097502877E-4
questions 0.0013818516812528789 1.1944940603713923 0.0016506136255707861
language 0.0015353907569476432 0.6988778552689304 0.0010730505992153085
retrieved 1.5353907569476432E-4 2.7668907011251433 4.248258407991929E-4
recreational 1.5353907569476432E-4 4.471638793363569 6.865712871738936E-4
hold 1.5353907569476432E-4 2.073743520565198 3.18400663375587E-4
correctly 3.0707815138952864E-4 2.0292917579943643 6.231511616749161E-4
federico 9.212344541685859E-4 5.1647859739235145 0.004757978787584998
adding 1.5353907569476432E-4 1.6682784124570338 2.5614592545018176E-4
exclude 1.5353907569476432E-4 2.331572629867298 3.5798750650503576E-4
reply 1.5353907569476432E-4 4.471638793363569 6.865712871738936E-4
programming 0.0013818516812528789 1.79749014393704 0.0024838647774348783
possibly 7.676953784738216E-4 1.6384254493073527 0.0012578116454071493
digit 1.5353907569476432E-4 4.471638793363569 6.865712871738936E-4
computational 3.0707815138952864E-4 1.3146383722134554 4.0369672108504697E-4
which 0.007216336557653923 0.023122417420854212 1.6685914613544418E-4
deduct 1.5353907569476432E-4 4.471638793363569 6.865712871738936E-4
image 0.005066789497927222 1.906689435902032 0.009660794009637196
dedicated 1.5353907569476432E-4 2.7668907011251433 4.248258407991929E-4
searches 4.6061722708429296E-4 2.5998366164619773 0.0011975295331469265
fulfiling 1.5353907569476432E-4 5.1647859739235145 7.929964645974996E-4
puzzles 0.009058805465991094 5.1647859739235145 0.04678679141125247
count 3.0707815138952864E-4 1.6990500711237875 5.217411549589398E-4
exacerbated 1.5353907569476432E-4 3.7784916128036232 5.801461097502877E-4
regarding 6.141563027790573E-4 0.758066726659261 4.6557145810487393E-4
searched 1.5353907569476432E-4 2.169053700369523 3.330345002870449E-4
vision 4.6061722708429296E-4 1.4271163556401458 6.573543784616057E-4
take 1.5353907569476432E-4 0.8743265327751228 1.3424328769770042E-4
boxlist 1.5353907569476432E-4 5.1647859739235145 7.929964645974996E-4
toughest 1.5353907569476432E-4 5.1647859739235145 7.929964645974996E-4
immediate 1.5353907569476432E-4 2.073743520565198 3.18400663375587E-4
final 7.676953784738216E-4 0.6988778552689304 5.365252996076543E-4
parts 1.5353907569476432E-4 1.4035858582299516 2.155052753308693E-4
tackle 3.0707815138952864E-4 2.6798793241355137 8.229323888025529E-4
relatively 1.5353907569476432E-4 0.8209805520698303 1.2605259512817908E-4
helps 1.5353907569476432E-4 1.6682784124570338 2.5614592545018176E-4
however 1.5353907569476432E-4 1.9459101490553132 2.9877324567101387E-4
some 0.00568094580070628 0.2160260835453457 0.0012272324721599556
identifying 3.0707815138952864E-4 1.0216512475319812 3.1372677645692654E-4
deep 1.5353907569476432E-4 1.4271163556401458 2.1911812615386855E-4
trained 1.5353907569476432E-4 1.3805963400052528 2.119754859519811E-4
rather 0.0018424689083371719 0.758066726659261 0.001396714374314622
relates 1.5353907569476432E-4 2.0292917579943643 3.1157558083745807E-4
parallelism 1.5353907569476432E-4 5.1647859739235145 7.929964645974996E-4
additional 7.676953784738216E-4 0.5300569856938783 4.0692229824495493E-4
for 0.013972055888223553 0.017291497110061043 2.4159776401282894E-4
overturn 3.0707815138952864E-4 5.1647859739235145 0.0015859929291949992
capable 1.5353907569476432E-4 2.073743520565198 3.18400663375587E-4
training 9.212344541685859E-4 1.0059028905638423 9.266724003351841E-4
explained 1.5353907569476432E-4 1.6094379124341003 2.471116094632428E-4
content 4.6061722708429296E-4 1.293584963015623 5.95847518662194E-4
atoms 1.5353907569476432E-4 5.1647859739235145 7.929964645974996E-4
states 4.6061722708429296E-4 1.293584963015623 5.95847518662194E-4
miss 1.5353907569476432E-4 3.373026504695459 5.178913718248824E-4
burden 1.5353907569476432E-4 2.073743520565198 3.18400663375587E-4
getting 1.5353907569476432E-4 2.5257286443082556 3.877980415028797E-4
related 0.0010747735298633502 0.27443684570176036 2.949574573794446E-4
instructs 1.5353907569476432E-4 5.1647859739235145 7.929964645974996E-4
divide 6.141563027790573E-4 2.2744142160273495 0.001396845825903485
passed 1.5353907569476432E-4 2.7668907011251433 4.248258407991929E-4
highlighting 3.0707815138952864E-4 2.2203469947570738 6.818200505932976E-4
just 3.0707815138952864E-4 1.3146383722134554 4.0369672108504697E-4
human 0.0015353907569476432 0.9162907318741551 0.001406864320396369
class 1.5353907569476432E-4 1.3805963400052528 2.119754859519811E-4
pixel 1.5353907569476432E-4 4.471638793363569 6.865712871738936E-4
conversion 1.5353907569476432E-4 3.2188758248682006 4.942232189264856E-4
notice 4.6061722708429296E-4 2.6798793241355137 0.0012343985832038295
over 0.0016889298326424075 0.3364722366212129 5.682779982854817E-4
digital 1.5353907569476432E-4 1.730798769438368 2.6574524327320254E-4
geometrical 0.001996007984031936 4.471638793363569 0.008925426733260616
polygonal 1.5353907569476432E-4 5.1647859739235145 7.929964645974996E-4
false 3.0707815138952864E-4 2.169053700369523 6.660690005740897E-4
length 1.5353907569476432E-4 1.2329603411991883 1.8930759115602463E-4
rotated 1.5353907569476432E-4 4.471638793363569 6.865712871738936E-4
specification 3.0707815138952864E-4 2.6798793241355137 8.229323888025529E-4
affects 1.5353907569476432E-4 1.5012243277938677 2.3049659569996433E-4
obviously 6.141563027790573E-4 2.8622008809294686 0.0017578387108426032
strictly 1.5353907569476432E-4 2.8622008809294686 4.394596777106508E-4
existing 1.5353907569476432E-4 0.9452782687474074 1.4513715165782396E-4
generality 1.5353907569476432E-4 4.471638793363569 6.865712871738936E-4
form 0.0015353907569476432 0.664976303593249 0.0010209984701262844
decades 1.5353907569476432E-4 2.2744142160273495 3.4921145647587125E-4
humans 1.5353907569476432E-4 2.120263536200091 3.2554330357747443E-4
comprehensive 3.0707815138952864E-4 1.3805963400052528 4.239509719039622E-4
subset 1.5353907569476432E-4 1.6990500711237875 2.608705774794699E-4
assign 4.6061722708429296E-4 1.9459101490553132 8.963197370130415E-4
presents 1.5353907569476432E-4 1.1394342831883648 1.7494768665566788E-4
straightforward 1.5353907569476432E-4 2.2744142160273495 3.4921145647587125E-4
explain 1.5353907569476432E-4 1.4759065198095778 2.2660932286343893E-4
big 3.0707815138952864E-4 1.6682784124570338 5.122918509003635E-4
very 0.0018424689083371719 0.5596157879354227 0.0010310746898856244
triggered 1.5353907569476432E-4 3.2188758248682006 4.942232189264856E-4
advanced 3.0707815138952864E-4 1.4512139072192063 4.456360838996488E-4
helping 1.5353907569476432E-4 2.6798793241355137 4.1146619440127647E-4
answers 6.141563027790573E-4 2.2744142160273495 0.001396845825903485
variants 1.5353907569476432E-4 2.331572629867298 3.5798750650503576E-4
construct 1.5353907569476432E-4 1.79749014393704 2.75984975270542E-4
convert 1.5353907569476432E-4 2.120263536200091 3.2554330357747443E-4
bit 1.5353907569476432E-4 3.2188758248682006 4.942232189264856E-4
attempt 1.5353907569476432E-4 1.6682784124570338 2.5614592545018176E-4
interacts 1.5353907569476432E-4 3.0853444322436783 4.7372093232668174E-4
bhatt 1.5353907569476432E-4 4.471638793363569 6.865712871738936E-4
output 6.141563027790573E-4 1.1944940603713923 7.336060558092383E-4
thanks 4.6061722708429296E-4 3.5553480614894135 0.00163765456540277
tiles 3.0707815138952864E-4 5.1647859739235145 0.0015859929291949992
four 1.5353907569476432E-4 0.4643056081310978 7.128905391234421E-5
recognise 6.141563027790573E-4 2.8622008809294686 0.0017578387108426032
classifier 1.5353907569476432E-4 2.169053700369523 3.330345002870449E-4
context 3.0707815138952864E-4 0.9162907318741551 2.813728640792738E-4
action 1.5353907569476432E-4 1.6990500711237875 2.608705774794699E-4
easily 4.6061722708429296E-4 1.4271163556401458 6.573543784616057E-4
model 4.6061722708429296E-4 0.48265474679929443 2.223190911097625E-4
majority 1.5353907569476432E-4 0.9452782687474074 1.4513715165782396E-4
text 0.00568094580070628 0.8607208807193443 0.0048897086729027695
assertions 1.5353907569476432E-4 4.471638793363569 6.865712871738936E-4
usually 0.0013818516812528789 0.9600933545325481 0.0013267066161205179
whereas 9.212344541685859E-4 1.0872485300177945 0.0010016108060965404
classifies 1.5353907569476432E-4 2.7668907011251433 4.248258407991929E-4
spatial 0.003992015968063872 2.120263536200091 0.008464125893014334
tasks 0.0010747735298633502 1.293584963015623 0.0013903108768784525
letters 0.0010747735298633502 2.5998366164619773 0.0027942355773428284
ocr 3.0707815138952864E-4 4.471638793363569 0.0013731425743477872
sentence 1.5353907569476432E-4 1.6094379124341003 2.471116094632428E-4
likely 3.0707815138952864E-4 0.5798184952529422 1.7804959166373166E-4
realised 1.5353907569476432E-4 4.0661736852554045 6.243165492484884E-4
issue 1.5353907569476432E-4 1.3805963400052528 2.119754859519811E-4
maturity 1.5353907569476432E-4 4.0661736852554045 6.243165492484884E-4
made 4.6061722708429296E-4 0.6109090823229731 2.8139524750021795E-4
lower 4.6061722708429296E-4 0.5300569856938783 2.4415337894697297E-4
classified 3.0707815138952864E-4 1.2135422553420867 3.726523124035273E-4
being 4.6061722708429296E-4 0.48265474679929443 2.223190911097625E-4
classification 7.676953784738216E-4 0.9751312318970885 7.486037401328793E-4
aimed 1.5353907569476432E-4 1.8325814637483102 2.813728640792738E-4
heavy 1.5353907569476432E-4 2.6798793241355137 4.1146619440127647E-4
plethora 1.5353907569476432E-4 4.471638793363569 6.865712871738936E-4
realises 1.5353907569476432E-4 4.471638793363569 6.865712871738936E-4
field 6.141563027790573E-4 0.8472978603872037 5.203733212880108E-4
contents 1.5353907569476432E-4 2.331572629867298 3.5798750650503576E-4
reached 3.0707815138952864E-4 1.9459101490553132 5.975464913420277E-4
evaluate 1.5353907569476432E-4 0.758066726659261 1.1639286452621848E-4
become 1.5353907569476432E-4 0.8607208807193443 1.321542884568316E-4
tackling 1.5353907569476432E-4 3.5553480614894135 5.458848551342567E-4
ployed 1.5353907569476432E-4 5.1647859739235145 7.929964645974996E-4
semantic 1.5353907569476432E-4 1.4512139072192063 2.228180419498244E-4
brought 1.5353907569476432E-4 2.456735772821304 3.772049397852455E-4
works 6.141563027790573E-4 1.3805963400052528 8.479019438079244E-4
inference 1.5353907569476432E-4 2.5257286443082556 3.877980415028797E-4
progressively 4.6061722708429296E-4 3.5553480614894135 0.00163765456540277
widen 1.5353907569476432E-4 4.471638793363569 6.865712871738936E-4
underlines 1.5353907569476432E-4 4.471638793363569 6.865712871738936E-4
forbus 1.5353907569476432E-4 5.1647859739235145 7.929964645974996E-4
focuses 4.6061722708429296E-4 1.5538680612792897 7.157383976413126E-4
scattered 3.0707815138952864E-4 5.1647859739235145 0.0015859929291949992
exploits 1.5353907569476432E-4 3.5553480614894135 5.458848551342567E-4
library 0.004299094119453401 1.79749014393704 0.007727579307575176
world 6.141563027790573E-4 1.4035858582299516 8.620211013234772E-4
entropy 1.5353907569476432E-4 3.5553480614894135 5.458848551342567E-4
file 1.5353907569476432E-4 2.7668907011251433 4.248258407991929E-4
known 4.6061722708429296E-4 0.8607208807193443 3.964628653704948E-4
composed 6.141563027790573E-4 1.9459101490553132 0.0011950929826840555
russell 1.5353907569476432E-4 4.0661736852554045 6.243165492484884E-4
ability 7.676953784738216E-4 0.8881198549074587 6.81805508143297E-4
stand 1.5353907569476432E-4 2.5998366164619773 3.991765110489755E-4
formalised 1.5353907569476432E-4 5.1647859739235145 7.929964645974996E-4
together 0.0012283126055581146 1.1394342831883648 0.001399581493245343
composing 4.6061722708429296E-4 3.7784916128036232 0.0017404383292508629
table 6.141563027790573E-4 0.18805223150293962 1.1549346322919675E-4
klein 1.5353907569476432E-4 4.0661736852554045 6.243165492484884E-4
twenty 1.5353907569476432E-4 3.5553480614894135 5.458848551342567E-4
side 4.6061722708429296E-4 1.79749014393704 8.27954925811626E-4
may 9.212344541685859E-4 0.15415067982725836 1.420089173903808E-4
within 1.5353907569476432E-4 0.3127557100038969 4.8020222632258086E-5
could 4.6061722708429296E-4 0.22314355131420976 1.0278376384809294E-4
implementing 3.0707815138952864E-4 2.0292917579943643 6.231511616749161E-4
composes 1.5353907569476432E-4 4.471638793363569 6.865712871738936E-4
change 1.5353907569476432E-4 0.7104386776700063 1.0908009790726337E-4
reconsidering 1.5353907569476432E-4 5.1647859739235145 7.929964645974996E-4
lacks 1.5353907569476432E-4 2.9675613965872945 4.556366338994771E-4
draw 1.5353907569476432E-4 1.9867321435755685 3.050410169776706E-4
trigger 1.5353907569476432E-4 2.7668907011251433 4.248258407991929E-4
chesani 0.0012283126055581146 5.1647859739235145 0.006343971716779997
disposition 1.5353907569476432E-4 5.1647859739235145 7.929964645974996E-4
polygon 0.0016889298326424075 5.1647859739235145 0.008722961110572495
entities 1.5353907569476432E-4 2.392197251683733 3.6729575490307583E-4
machine 6.141563027790573E-4 1.0872485300177945 6.677405373976936E-4
overlapping 3.0707815138952864E-4 2.6798793241355137 8.229323888025529E-4
deriving 1.5353907569476432E-4 3.2188758248682006 4.942232189264856E-4
able 0.0013818516812528789 0.7703368192510752 0.0010644912288130933
report 4.6061722708429296E-4 1.0059028905638423 4.6333620016759204E-4
complete 3.0707815138952864E-4 0.9600933545325481 2.948236924712262E-4
return 1.5353907569476432E-4 2.0292917579943643 3.1157558083745807E-4
rotate 4.6061722708429296E-4 5.1647859739235145 0.002378989393792499
use 0.0010747735298633502 0.20895891632225325 2.2458351209208856E-4
subject 3.0707815138952864E-4 1.2135422553420867 3.726523124035273E-4
several 9.212344541685859E-4 0.3526016185510966 3.248287596048794E-4
recognition 0.0018424689083371719 1.6384254493073527 0.0030187479489771586
main 3.0707815138952864E-4 0.6004377824556778 1.843813242609175E-4
expresses 3.0707815138952864E-4 2.9675613965872945 9.112732677989542E-4
integer 1.5353907569476432E-4 3.0853444322436783 4.7372093232668174E-4
serve 1.5353907569476432E-4 1.730798769438368 2.6574524327320254E-4
while 7.676953784738216E-4 0.20895891632225325 1.6041679435149181E-4
second 0.0010747735298633502 0.4643056081310978 4.990233773864095E-4
that 0.01243666513127591 0.017291497110061043 2.1504855917625434E-4
suggests 1.5353907569476432E-4 1.157452788691043 1.777142313359501E-4
download 1.5353907569476432E-4 0.2595111954850846 3.9845109087223184E-5
falls 1.5353907569476432E-4 2.456735772821304 3.772049397852455E-4
solution 0.0015353907569476432 1.293584963015623 0.0019861583955406467
fine 1.5353907569476432E-4 2.8622008809294686 4.394596777106508E-4
find 1.5353907569476432E-4 0.9306794693262548 1.4289566548844694E-4
than 9.212344541685859E-4 0.058840500022933395 5.4205895921633716E-5
sufficient 1.5353907569476432E-4 1.5012243277938677 2.3049659569996433E-4
continuous 1.5353907569476432E-4 1.1758019273592397 1.805315411268601E-4
weaknesses 1.5353907569476432E-4 2.8622008809294686 4.394596777106508E-4
limit 1.5353907569476432E-4 1.79749014393704 2.75984975270542E-4
claim 1.5353907569476432E-4 2.6798793241355137 4.1146619440127647E-4
widespread 1.5353907569476432E-4 1.9867321435755685 3.050410169776706E-4
expressed 0.0012283126055581146 1.1758019273592397 0.0014442523290148807
different 0.004145555043758637 0.18805223150293962 7.795808767970782E-4
international 3.0707815138952864E-4 1.5538680612792897 4.771589317608751E-4
directly 4.6061722708429296E-4 0.7703368192510752 3.5483040960436447E-4
regardless 1.5353907569476432E-4 1.79749014393704 2.75984975270542E-4
selected 3.0707815138952864E-4 0.758066726659261 2.3278572905243697E-4
combine 1.5353907569476432E-4 1.8689491079191851 2.8695671855046603E-4
motivated 1.5353907569476432E-4 2.392197251683733 3.6729575490307583E-4
abduction 1.5353907569476432E-4 4.471638793363569 6.865712871738936E-4
level 6.141563027790573E-4 0.5798184952529422 3.560991833274633E-4
follows 1.5353907569476432E-4 2.073743520565198 3.18400663375587E-4
difficult 1.5353907569476432E-4 0.7703368192510752 1.1827680320145481E-4
includes 3.0707815138952864E-4 0.8472978603872037 2.601866606440054E-4
sort 1.5353907569476432E-4 3.373026504695459 5.178913718248824E-4
fill 1.5353907569476432E-4 2.7668907011251433 4.248258407991929E-4
steps 4.6061722708429296E-4 1.3146383722134554 6.055450816275705E-4
establish 1.5353907569476432E-4 1.7635885922613586 2.707797623616396E-4
confronted 1.5353907569476432E-4 3.7784916128036232 5.801461097502877E-4
becomes 1.5353907569476432E-4 1.79749014393704 2.75984975270542E-4
relevant 0.001996007984031936 0.7703368192510752 0.0015375984416189125
task 0.002456625211116229 1.2329603411991883 0.003028921458496394
convenient 1.5353907569476432E-4 2.8622008809294686 4.394596777106508E-4
emitted 1.5353907569476432E-4 4.471638793363569 6.865712871738936E-4
infer 1.5353907569476432E-4 2.7668907011251433 4.248258407991929E-4
strengths 1.5353907569476432E-4 2.331572629867298 3.5798750650503576E-4
belongs 1.5353907569476432E-4 2.5257286443082556 3.877980415028797E-4
lists 4.6061722708429296E-4 2.120263536200091 9.766299107324234E-4
progresses 3.0707815138952864E-4 4.471638793363569 0.0013731425743477872
principles 1.5353907569476432E-4 1.8325814637483102 2.813728640792738E-4
true 1.5353907569476432E-4 1.1394342831883648 1.7494768665566788E-4
focused 1.5353907569476432E-4 1.0704414117014134 1.6435458493803368E-4
nonetheless 1.5353907569476432E-4 3.7784916128036232 5.801461097502877E-4
position 3.0707815138952864E-4 1.2729656758128876 3.908999465109435E-4
present 3.0707815138952864E-4 0.38566248081198473 1.1842852166804383E-4
problems 0.0018424689083371719 1.1758019273592397 0.002166378493522321
since 6.141563027790573E-4 0.377294231141468 2.3171763005771105E-4
code 3.0707815138952864E-4 1.8325814637483102 5.627457281585476E-4
belong 3.0707815138952864E-4 2.2203469947570738 6.818200505932976E-4
tenth 1.5353907569476432E-4 4.0661736852554045 6.243165492484884E-4
student 1.5353907569476432E-4 2.6798793241355137 4.1146619440127647E-4
borders 3.0707815138952864E-4 4.0661736852554045 0.0012486330984969767
best 0.0012283126055581146 0.6988778552689304 8.584404793722468E-4
box 4.6061722708429296E-4 2.392197251683733 0.0011018872647092276
appears 1.5353907569476432E-4 1.4271163556401458 2.1911812615386855E-4
investigate 4.6061722708429296E-4 0.9600933545325481 4.422355387068393E-4
demo 0.0013818516812528789 4.471638793363569 0.006179141584565043
transform 1.5353907569476432E-4 2.5257286443082556 3.877980415028797E-4
total 6.141563027790573E-4 0.5108256237659907 3.137267764569266E-4
considerable 1.5353907569476432E-4 1.7635885922613586 2.707797623616396E-4
make 3.0707815138952864E-4 0.664976303593249 2.0419969402525688E-4
included 3.0707815138952864E-4 0.41985384556026406 1.2892794274843054E-4
highly 1.5353907569476432E-4 0.9162907318741551 1.406864320396369E-4
allows 0.0013818516812528789 1.2135422553420867 0.001676935405815873
brief 1.5353907569476432E-4 2.2203469947570738 3.409100252966488E-4
certainly 1.5353907569476432E-4 2.5257286443082556 3.877980415028797E-4
execution 4.6061722708429296E-4 2.5998366164619773 0.0011975295331469265
combing 1.5353907569476432E-4 4.471638793363569 6.865712871738936E-4
determine 3.0707815138952864E-4 0.7221347174331975 2.217517940835859E-4
nature 4.6061722708429296E-4 1.0216512475319812 4.705901646853898E-4
interesting 7.676953784738216E-4 1.6682784124570338 0.0012807296272509087
impressive 3.0707815138952864E-4 3.0853444322436783 9.474418646533635E-4
control 1.5353907569476432E-4 0.7459453661269161 1.1453176203391926E-4
depicted 4.6061722708429296E-4 2.0292917579943643 9.347267425123742E-4
bert 3.0707815138952864E-4 2.392197251683733 7.345915098061517E-4
structure 3.0707815138952864E-4 1.0216512475319812 3.1372677645692654E-4
processed 4.6061722708429296E-4 1.6990500711237875 7.826117324384097E-4
spatially 1.5353907569476432E-4 3.2188758248682006 4.942232189264856E-4
perspectives 1.5353907569476432E-4 2.0292917579943643 3.1157558083745807E-4
puzzle 0.00890526639029633 5.1647859739235145 0.045993794946654974
equilateral 3.0707815138952864E-4 5.1647859739235145 0.0015859929291949992
online 1.5353907569476432E-4 1.3581234841531944 2.0852502443623435E-4
simplify 4.6061722708429296E-4 2.8622008809294686 0.0013183790331319524
glue 1.5353907569476432E-4 4.0661736852554045 6.243165492484884E-4
counts 1.5353907569476432E-4 2.0292917579943643 3.1157558083745807E-4
upper 3.0707815138952864E-4 1.8689491079191851 5.739134371009321E-4
about 0.0013818516812528789 0.377294231141468 5.213646676298498E-4
constraints 0.0021495470597267005 1.8325814637483102 0.003939220097109833
scene 1.5353907569476432E-4 4.471638793363569 6.865712871738936E-4
objective 6.141563027790573E-4 1.1944940603713923 7.336060558092383E-4
cover 6.141563027790573E-4 1.79749014393704 0.001103939901082168
predicate 0.0012283126055581146 3.373026504695459 0.0041431309745990595
character 1.5353907569476432E-4 2.331572629867298 3.5798750650503576E-4
extremely 4.6061722708429296E-4 1.9459101490553132 8.963197370130415E-4
contribution 3.0707815138952864E-4 1.5538680612792897 4.771589317608751E-4
inevitably 1.5353907569476432E-4 2.9675613965872945 4.556366338994771E-4
above 1.5353907569476432E-4 0.9021060968821986 1.3850853629390427E-4
drawn 6.141563027790573E-4 1.906689435902032 0.0011710053345014783
recent 1.5353907569476432E-4 0.5596157879354227 8.592289082380203E-5
they 0.0015353907569476432 0.167573700159399 2.5729111033225704E-4
proposal 3.0707815138952864E-4 2.6798793241355137 8.229323888025529E-4
boxes 0.0026101642868109932 3.7784916128036232 0.00986248386575489
based 4.6061722708429296E-4 0.18805223150293962 8.662009742189757E-5
github 1.5353907569476432E-4 4.471638793363569 6.865712871738936E-4
modular 1.5353907569476432E-4 4.0661736852554045 6.243165492484884E-4
distinguish 1.5353907569476432E-4 1.906689435902032 2.927513336253696E-4
module 0.0015353907569476432 2.456735772821304 0.003772049397852455
them 6.141563027790573E-4 0.5696661237889241 3.498640404046824E-4
interpreter 1.5353907569476432E-4 4.471638793363569 6.865712871738936E-4
then 6.141563027790573E-4 0.4285875255290187 2.632197300961269E-4
execute 1.5353907569476432E-4 2.9675613965872945 4.556366338994771E-4
benefit 1.5353907569476432E-4 1.293584963015623 1.9861583955406466E-4
quality 6.141563027790573E-4 0.8080771472339223 4.962856731054337E-4
pointed 1.5353907569476432E-4 2.120263536200091 3.2554330357747443E-4
requested 4.6061722708429296E-4 3.2188758248682006 0.0014826696567794568
cognitive 3.0707815138952864E-4 2.120263536200091 6.510866071549489E-4
concepts 9.212344541685859E-4 1.79749014393704 0.001655909851623252
adopt 3.0707815138952864E-4 2.331572629867298 7.159750130100715E-4
unique 1.5353907569476432E-4 1.157452788691043 1.777142313359501E-4
processing 0.0012283126055581146 0.7221347174331975 8.870071763343436E-4
obtained 6.141563027790573E-4 0.6004377824556778 3.68762648521835E-4
interpreted 3.0707815138952864E-4 1.7635885922613586 5.415595247232792E-4
starting 4.6061722708429296E-4 1.3146383722134554 6.055450816275705E-4
lessons 1.5353907569476432E-4 3.0853444322436783 4.7372093232668174E-4
fact 4.6061722708429296E-4 0.990398704027877 4.5619470475719807E-4
disequalities 1.5353907569476432E-4 5.1647859739235145 7.929964645974996E-4
intersects 1.5353907569476432E-4 4.471638793363569 6.865712871738936E-4
overcome 3.0707815138952864E-4 2.0292917579943643 6.231511616749161E-4
fundamental 4.6061722708429296E-4 1.9459101490553132 8.963197370130415E-4
sum 7.676953784738216E-4 1.8689491079191851 0.00143478359275233
global 1.5353907569476432E-4 1.6682784124570338 2.5614592545018176E-4
believe 3.0707815138952864E-4 1.5538680612792897 4.771589317608751E-4
overturning 1.5353907569476432E-4 5.1647859739235145 7.929964645974996E-4
seen 4.6061722708429296E-4 0.8472978603872037 3.9027999096600814E-4
long 3.0707815138952864E-4 0.7827593392496325 2.4036829087966606E-4
extended 1.5353907569476432E-4 1.6682784124570338 2.5614592545018176E-4
pieces 0.0016889298326424075 2.8622008809294686 0.0048340564548171585
into 0.004913250422232458 0.10854016857520597 5.33285029081313E-4
current 9.212344541685859E-4 0.4919571394616079 4.5320786684625327E-4
resorting 1.5353907569476432E-4 4.0661736852554045 6.243165492484884E-4
min 1.5353907569476432E-4 2.169053700369523 3.330345002870449E-4
variety 1.5353907569476432E-4 1.0872485300177945 1.669351343494234E-4
examined 1.5353907569476432E-4 1.3805963400052528 2.119754859519811E-4
operating 1.5353907569476432E-4 1.6990500711237875 2.608705774794699E-4
key 1.5353907569476432E-4 1.0216512475319812 1.5686338822846327E-4
participants 3.0707815138952864E-4 1.6094379124341003 4.942232189264856E-4
situations 1.5353907569476432E-4 2.120263536200091 3.2554330357747443E-4
variables 0.0015353907569476432 0.9452782687474074 0.0014513715165782395
middle 3.0707815138952864E-4 2.2744142160273495 6.984229129517425E-4
expression 1.5353907569476432E-4 1.6682784124570338 2.5614592545018176E-4
necessary 7.676953784738216E-4 0.8607208807193443 6.607714422841581E-4
kasparov 1.5353907569476432E-4 5.1647859739235145 7.929964645974996E-4
decision 0.0010747735298633502 1.157452788691043 0.0012439996193516509
one 0.0021495470597267005 0.06491954609931569 1.3954761943657602E-4
makes 9.212344541685859E-4 1.0539121097502027 9.709001471673908E-4
loads 1.5353907569476432E-4 4.0661736852554045 6.243165492484884E-4
coordinates 3.0707815138952864E-4 2.7668907011251433 8.496516815983858E-4
many 4.6061722708429296E-4 0.20194134366360675 9.30176617520068E-5
exploiting 6.141563027790573E-4 2.6798793241355137 0.0016458647776051059
connected 9.212344541685859E-4 1.4512139072192063 0.0013369082516989463
single 7.676953784738216E-4 0.6429973968744738 4.936261299512312E-4
actually 3.0707815138952864E-4 1.5812670354674039 4.855725581045306E-4
appear 1.5353907569476432E-4 1.4512139072192063 2.228180419498244E-4
texts 4.6061722708429296E-4 1.4512139072192063 6.684541258494732E-4
ibm 1.5353907569476432E-4 4.0661736852554045 6.243165492484884E-4
increasing 3.0707815138952864E-4 0.9021060968821986 2.7701707258780855E-4
associated 9.212344541685859E-4 0.4373981552111735 4.0294625077031185E-4
closed 3.0707815138952864E-4 2.073743520565198 6.36801326751174E-4
geometry 3.0707815138952864E-4 4.0661736852554045 0.0012486330984969767
fourth 1.5353907569476432E-4 2.0292917579943643 3.1157558083745807E-4
ohlbach 1.5353907569476432E-4 5.1647859739235145 7.929964645974996E-4
operation 4.6061722708429296E-4 2.0292917579943643 9.347267425123742E-4
open 6.141563027790573E-4 1.0872485300177945 6.677405373976936E-4
but 0.003838476892369108 0.083381608939051 3.200583791611047E-4
calculation 1.5353907569476432E-4 1.8689491079191851 2.8695671855046603E-4
vertex 4.6061722708429296E-4 3.5553480614894135 0.00163765456540277
reasonable 1.5353907569476432E-4 1.5012243277938677 2.3049659569996433E-4
available 0.0013818516812528789 0.5696661237889241 7.871940909105355E-4
numbers 0.0030707815138952864 1.121734706088964 0.003444602198952753
expressing 3.0707815138952864E-4 2.392197251683733 7.345915098061517E-4
express 3.0707815138952864E-4 1.8689491079191851 5.739134371009321E-4
contexts 1.5353907569476432E-4 2.0292917579943643 3.1157558083745807E-4
inside 7.676953784738216E-4 1.906689435902032 0.001463756668126848
descriptions 4.6061722708429296E-4 1.8325814637483102 8.441185922378214E-4
mainly 3.0707815138952864E-4 1.0059028905638423 3.0889080011172804E-4
enclosed 1.5353907569476432E-4 4.471638793363569 6.865712871738936E-4
horizontal 3.0707815138952864E-4 3.5553480614894135 0.0010917697102685133
trivial 1.5353907569476432E-4 3.5553480614894135 5.458848551342567E-4
tesseract 7.676953784738216E-4 5.1647859739235145 0.003964982322987498
leaves 1.5353907569476432E-4 2.7668907011251433 4.248258407991929E-4
riccardo 9.212344541685859E-4 5.1647859739235145 0.004757978787584998
cheung 1.5353907569476432E-4 5.1647859739235145 7.929964645974996E-4
written 4.6061722708429296E-4 1.121734706088964 5.16690329842913E-4
fills 1.5353907569476432E-4 4.0661736852554045 6.243165492484884E-4
treated 1.5353907569476432E-4 1.0216512475319812 1.5686338822846327E-4
solutions 6.141563027790573E-4 1.4271163556401458 8.764725046154742E-4
query 6.141563027790573E-4 2.5257286443082556 0.0015511921660115188
this 0.008291110087517274 0.017291497110061043 1.433657061175029E-4
invited 1.5353907569476432E-4 3.5553480614894135 5.458848551342567E-4
finding 3.0707815138952864E-4 0.9751312318970885 2.994414960531517E-4
modelling 3.0707815138952864E-4 1.906689435902032 5.855026672507392E-4
look 7.676953784738216E-4 1.6682784124570338 0.0012807296272509087
modules 7.676953784738216E-4 3.0853444322436783 0.002368604661633409
remarkable 1.5353907569476432E-4 2.456735772821304 3.772049397852455E-4
discrete 1.5353907569476432E-4 2.392197251683733 3.6729575490307583E-4
achieving 1.5353907569476432E-4 2.2203469947570738 3.409100252966488E-4
extract 0.0015353907569476432 1.3805963400052528 0.002119754859519811
extends 1.5353907569476432E-4 2.5257286443082556 3.877980415028797E-4
once 4.6061722708429296E-4 1.4271163556401458 6.573543784616057E-4
solve 0.0018424689083371719 1.730798769438368 0.00318894291927843
hint 1.5353907569476432E-4 3.7784916128036232 5.801461097502877E-4
geometric 1.5353907569476432E-4 2.9675613965872945 4.556366338994771E-4
know 3.0707815138952864E-4 1.8689491079191851 5.739134371009321E-4
suggesting 1.5353907569476432E-4 1.5812670354674039 2.427862790522653E-4
support 1.5353907569476432E-4 0.7104386776700063 1.0908009790726337E-4
deepmind 1.5353907569476432E-4 4.471638793363569 6.865712871738936E-4
elicitation 3.0707815138952864E-4 3.7784916128036232 0.0011602922195005753
allow 3.0707815138952864E-4 1.252762968495368 3.8469613649481596E-4
figures 0.0012283126055581146 1.6990500711237875 0.0020869646198357593
needed 7.676953784738216E-4 0.8080771472339223 6.203570913817921E-4
proper 3.0707815138952864E-4 1.5538680612792897 4.771589317608751E-4
detect 1.5353907569476432E-4 1.3146383722134554 2.0184836054252349E-4
learning 3.0707815138952864E-4 0.9306794693262548 2.8579133097689387E-4
vertical 3.0707815138952864E-4 2.9675613965872945 9.112732677989542E-4
pure 3.0707815138952864E-4 2.9675613965872945 9.112732677989542E-4
cartesian 1.5353907569476432E-4 3.7784916128036232 5.801461097502877E-4
recognised 4.6061722708429296E-4 3.7784916128036232 0.0017404383292508629
common 3.0707815138952864E-4 0.3526016185510966 1.0827625320162647E-4
declaring 1.5353907569476432E-4 5.1647859739235145 7.929964645974996E-4
interest 1.5353907569476432E-4 1.0539121097502027 1.6181669119456514E-4
shapes 3.0707815138952864E-4 3.5553480614894135 0.0010917697102685133
definition 4.6061722708429296E-4 1.6990500711237875 7.826117324384097E-4
every 7.676953784738216E-4 1.0539121097502027 8.090834559728256E-4
performances 3.0707815138952864E-4 3.0853444322436783 9.474418646533635E-4
types 1.5353907569476432E-4 0.7459453661269161 1.1453176203391926E-4
figure 0.006602180254874866 0.20194134366360675 0.0013332531517787642
akin 3.0707815138952864E-4 4.471638793363569 0.0013731425743477872
characteristics 3.0707815138952864E-4 0.7703368192510752 2.3655360640290963E-4
answered 1.5353907569476432E-4 3.2188758248682006 4.942232189264856E-4
previous 3.0707815138952864E-4 0.32850406697203605 1.0087642160971474E-4
wide 1.5353907569476432E-4 1.3361445774344192 2.0515040341385218E-4
apply 4.6061722708429296E-4 1.3146383722134554 6.055450816275705E-4
again 3.0707815138952864E-4 1.79749014393704 5.51969950541084E-4
indeed 9.212344541685859E-4 2.2744142160273495 0.0020952687388552274
artificial 1.5353907569476432E-4 1.5012243277938677 2.3049659569996433E-4
cells 1.5353907569476432E-4 1.730798769438368 2.6574524327320254E-4
uncovered 1.5353907569476432E-4 4.471638793363569 6.865712871738936E-4
deepen 1.5353907569476432E-4 4.471638793363569 6.865712871738936E-4
ones 3.0707815138952864E-4 2.120263536200091 6.510866071549489E-4
initiating 1.5353907569476432E-4 3.373026504695459 5.178913718248824E-4
relational 1.5353907569476432E-4 2.7668907011251433 4.248258407991929E-4
step 6.141563027790573E-4 1.0872485300177945 6.677405373976936E-4
base 1.5353907569476432E-4 1.5538680612792897 2.3857946588043755E-4
employ 1.5353907569476432E-4 2.073743520565198 3.18400663375587E-4
oblique 1.5353907569476432E-4 4.471638793363569 6.865712871738936E-4
software 9.212344541685859E-4 1.157452788691043 0.0010662853880157007
rectangles 1.5353907569476432E-4 4.471638793363569 6.865712871738936E-4
trend 1.5353907569476432E-4 1.5271998141971284 2.344848478730429E-4
reach 3.0707815138952864E-4 1.730798769438368 5.314904865464051E-4
reasoning 0.0053738676493167515 2.5257286443082556 0.013572931452600792
graphical 0.0016889298326424075 2.8622008809294686 0.0048340564548171585
competition 6.141563027790573E-4 2.6798793241355137 0.0016458647776051059
whole 4.6061722708429296E-4 1.252762968495368 5.770442047422239E-4
during 3.0707815138952864E-4 0.28958865072236245 8.892634752721096E-5
none 4.6061722708429296E-4 1.6384254493073527 7.546869872442896E-4
type 0.002456625211116229 0.5203950747821414 0.001278415660450524
april 9.212344541685859E-4 1.906689435902032 0.0017565080017522175
beyond 3.0707815138952864E-4 1.5538680612792897 4.771589317608751E-4
relation 7.676953784738216E-4 1.3361445774344192 0.001025752017069261
problem 0.004759711346537694 0.9162907318741551 0.004361279393228744
closing 1.5353907569476432E-4 3.373026504695459 5.178913718248824E-4
children 4.6061722708429296E-4 2.392197251683733 0.0011018872647092276
terms 9.212344541685859E-4 0.5696661237889241 5.247960606070236E-4
arranging 1.5353907569476432E-4 4.471638793363569 6.865712871738936E-4
premises 1.5353907569476432E-4 4.471638793363569 6.865712871738936E-4
enable 1.5353907569476432E-4 1.5012243277938677 2.3049659569996433E-4
games 6.141563027790573E-4 3.7784916128036232 0.0023205844390011506
aligned 3.0707815138952864E-4 2.2744142160273495 6.984229129517425E-4
presence 7.676953784738216E-4 0.9751312318970885 7.486037401328793E-4
between 0.0015353907569476432 0.058840500022933395 9.034315986938952E-5
guide 4.6061722708429296E-4 2.073743520565198 9.55201990126761E-4
attempts 1.5353907569476432E-4 1.8325814637483102 2.813728640792738E-4
still 0.0012283126055581146 0.5300569856938783 6.510756771919278E-4
encompasses 4.6061722708429296E-4 3.0853444322436783 0.0014211627969800452
efficiency 1.5353907569476432E-4 1.6384254493073527 2.5156232908142985E-4
goal 0.0010747735298633502 1.4759065198095778 0.0015862652600440725
natural 0.0012283126055581146 0.6429973968744738 7.898018079219699E-4
method 3.0707815138952864E-4 0.4734380916943703 1.4538249399489338E-4
alphago 1.5353907569476432E-4 5.1647859739235145 7.929964645974996E-4
briefly 1.5353907569476432E-4 2.331572629867298 3.5798750650503576E-4
work 0.0015353907569476432 0.5696661237889241 8.74660101011706E-4
focusing 1.5353907569476432E-4 1.6682784124570338 2.5614592545018176E-4
comprehension 1.5353907569476432E-4 3.0853444322436783 4.7372093232668174E-4
underneath 1.5353907569476432E-4 3.7784916128036232 5.801461097502877E-4
exist 1.5353907569476432E-4 1.5271998141971284 2.344848478730429E-4
invocation 1.5353907569476432E-4 4.471638793363569 6.865712871738936E-4
itself 1.5353907569476432E-4 1.7635885922613586 2.707797623616396E-4
examples 6.141563027790573E-4 1.1394342831883648 6.997907466226715E-4
knowing 1.5353907569476432E-4 2.7668907011251433 4.248258407991929E-4
among 1.5353907569476432E-4 0.32850406697203605 5.043821080485737E-5
following 9.212344541685859E-4 0.2160260835453457 1.9901067116107388E-4
math 1.5353907569476432E-4 5.1647859739235145 7.929964645974996E-4
word 1.5353907569476432E-4 1.1394342831883648 1.7494768665566788E-4
theory 4.6061722708429296E-4 1.5271998141971284 7.034545436191287E-4
stated 1.5353907569476432E-4 1.9459101490553132 2.9877324567101387E-4
specifies 3.0707815138952864E-4 3.373026504695459 0.0010357827436497649
extension 1.5353907569476432E-4 2.073743520565198 3.18400663375587E-4
csenki 1.5353907569476432E-4 5.1647859739235145 7.929964645974996E-4
unifies 1.5353907569476432E-4 5.1647859739235145 7.929964645974996E-4
conceived 3.0707815138952864E-4 3.5553480614894135 0.0010917697102685133
range 4.6061722708429296E-4 0.6988778552689304 3.2191517976459257E-4
variability 1.5353907569476432E-4 2.2203469947570738 3.409100252966488E-4
our 0.003992015968063872 0.19497267434751336 7.783340293313906E-4
tools 4.6061722708429296E-4 1.252762968495368 5.770442047422239E-4
specified 7.676953784738216E-4 1.8325814637483102 0.001406864320396369
out 4.6061722708429296E-4 0.368995428326773 1.6996565100265915E-4
uniform 1.5353907569476432E-4 2.6798793241355137 4.1146619440127647E-4
across 1.5353907569476432E-4 0.7703368192510752 1.1827680320145481E-4
consuming 1.5353907569476432E-4 3.0853444322436783 4.7372093232668174E-4
elaborated 3.0707815138952864E-4 3.5553480614894135 0.0010917697102685133
writing 1.5353907569476432E-4 2.392197251683733 3.6729575490307583E-4
verify 3.0707815138952864E-4 2.5257286443082556 7.755960830057594E-4
course 1.5353907569476432E-4 1.6990500711237875 2.608705774794699E-4
power 1.5353907569476432E-4 1.4759065198095778 2.2660932286343893E-4
precise 1.5353907569476432E-4 2.2744142160273495 3.4921145647587125E-4
precious 1.5353907569476432E-4 5.1647859739235145 7.929964645974996E-4
bigger 1.5353907569476432E-4 2.5998366164619773 3.991765110489755E-4
explicates 1.5353907569476432E-4 4.471638793363569 6.865712871738936E-4
abstract 1.5353907569476432E-4 2.169053700369523 3.330345002870449E-4
brain 1.5353907569476432E-4 2.5257286443082556 3.877980415028797E-4
lead 7.676953784738216E-4 0.7703368192510752 5.913840160072741E-4
excel 1.5353907569476432E-4 3.2188758248682006 4.942232189264856E-4
help 1.5353907569476432E-4 0.8743265327751228 1.3424328769770042E-4
altogether 1.5353907569476432E-4 3.373026504695459 5.178913718248824E-4
assess 4.6061722708429296E-4 0.9751312318970885 4.4916224407972753E-4
spatiotemporal 1.5353907569476432E-4 4.0661736852554045 6.243165492484884E-4
unified 1.5353907569476432E-4 2.9675613965872945 4.556366338994771E-4
elements 3.0707815138952864E-4 1.5012243277938677 4.6099319139992866E-4
located 1.5353907569476432E-4 1.730798769438368 2.6574524327320254E-4
connecting 3.0707815138952864E-4 2.7668907011251433 8.496516815983858E-4
runs 1.5353907569476432E-4 2.5998366164619773 3.991765110489755E-4
first 0.0026101642868109932 0.167573700159399 4.3739488756483697E-4
mathematical 0.0010747735298633502 2.2203469947570738 0.002386370177076542
dimensions 1.5353907569476432E-4 2.331572629867298 3.5798750650503576E-4
voice 1.5353907569476432E-4 2.7668907011251433 4.248258407991929E-4
dashed 3.0707815138952864E-4 3.373026504695459 0.0010357827436497649
addresses 3.0707815138952864E-4 2.5998366164619773 7.98353022097951E-4
perfect 4.6061722708429296E-4 2.9675613965872945 0.0013669099016984313
data 0.003377859665284815 0.167573700159399 5.660404427309655E-4
clearly 3.0707815138952864E-4 1.6384254493073527 5.031246581628597E-4
axis 1.5353907569476432E-4 3.7784916128036232 5.801461097502877E-4
space 3.0707815138952864E-4 1.3146383722134554 4.0369672108504697E-4
gelfond 1.5353907569476432E-4 5.1647859739235145 7.929964645974996E-4
optimisation 1.5353907569476432E-4 3.0853444322436783 4.7372093232668174E-4
successes 1.5353907569476432E-4 4.471638793363569 6.865712871738936E-4
arrange 1.5353907569476432E-4 4.0661736852554045 6.243165492484884E-4
describing 1.5353907569476432E-4 1.6990500711237875 2.608705774794699E-4
only 0.0013818516812528789 0.10854016857520597 1.4998641442911926E-4
should 9.212344541685859E-4 0.368995428326773 3.399313020053183E-4
create 4.6061722708429296E-4 1.0704414117014134 4.93063754814101E-4
from 0.010133578995854445 0.023122417420854212 2.3431284350934714E-4
inserting 1.5353907569476432E-4 3.7784916128036232 5.801461097502877E-4
discover 1.5353907569476432E-4 2.392197251683733 3.6729575490307583E-4
natures 1.5353907569476432E-4 5.1647859739235145 7.929964645974996E-4
like 0.0016889298326424075 0.7827593392496325 0.0013220255998381632
bottom 1.5353907569476432E-4 2.7668907011251433 4.248258407991929E-4
proposes 1.5353907569476432E-4 2.456735772821304 3.772049397852455E-4
accepted 1.5353907569476432E-4 2.169053700369523 3.330345002870449E-4
published 9.212344541685859E-4 0.03488725900044054 3.213934500270893E-5
towards 6.141563027790573E-4 1.5012243277938677 9.219863827998573E-4
constrain 1.5353907569476432E-4 4.0661736852554045 6.243165492484884E-4
regards 4.6061722708429296E-4 2.456735772821304 0.0011316148193557364
sequence 1.5353907569476432E-4 1.4271163556401458 2.1911812615386855E-4
ending 1.5353907569476432E-4 3.2188758248682006 4.942232189264856E-4
addressed 1.5353907569476432E-4 1.4271163556401458 2.1911812615386855E-4
proposed 7.676953784738216E-4 0.7459453661269161 5.726588101695963E-4
techniques 0.0023030861354214646 0.9751312318970885 0.0022458112203986376
person 1.5353907569476432E-4 2.169053700369523 3.330345002870449E-4
purposes 1.5353907569476432E-4 1.906689435902032 2.927513336253696E-4
enforce 1.5353907569476432E-4 3.7784916128036232 5.801461097502877E-4
ground 1.5353907569476432E-4 2.169053700369523 3.330345002870449E-4
seems 1.5353907569476432E-4 1.4271163556401458 2.1911812615386855E-4
img 3.0707815138952864E-4 5.1647859739235145 0.0015859929291949992
solving 0.0026101642868109932 1.8325814637483102 0.004783338689347654
challenges 3.0707815138952864E-4 1.3581234841531944 4.170500488724687E-4
instances 1.5353907569476432E-4 1.9459101490553132 2.9877324567101387E-4
line 7.676953784738216E-4 1.0059028905638423 7.722270002793201E-4
according 6.141563027790573E-4 0.4919571394616079 3.021385778975022E-4
partitioned 4.6061722708429296E-4 3.5553480614894135 0.00163765456540277
interact 3.0707815138952864E-4 2.2744142160273495 6.984229129517425E-4
network 7.676953784738216E-4 1.0704414117014134 8.217729246901684E-4
can 0.010594196222938737 0.0958817717032825 0.0010157903036275898
kembhavi 1.5353907569476432E-4 5.1647859739235145 7.929964645974996E-4
computing 1.5353907569476432E-4 1.9867321435755685 3.050410169776706E-4
security 1.5353907569476432E-4 2.073743520565198 3.18400663375587E-4
operations 1.5353907569476432E-4 1.9459101490553132 2.9877324567101387E-4
subdivide 1.5353907569476432E-4 4.471638793363569 6.865712871738936E-4
parameter 9.212344541685859E-4 1.6094379124341003 0.0014826696567794568
discriminate 1.5353907569476432E-4 4.0661736852554045 6.243165492484884E-4
value 0.0010747735298633502 0.6214911916535102 6.679622818324231E-4
greatest 1.5353907569476432E-4 2.6798793241355137 4.1146619440127647E-4
carried 3.0707815138952864E-4 1.121734706088964 3.444602198952753E-4
considers 1.5353907569476432E-4 2.0292917579943643 3.1157558083745807E-4
lookup 1.5353907569476432E-4 5.1647859739235145 7.929964645974996E-4
orientation 1.5353907569476432E-4 2.6798793241355137 4.1146619440127647E-4
limited 4.6061722708429296E-4 0.5696661237889241 2.623980303035118E-4
will 9.212344541685859E-4 0.3526016185510966 3.248287596048794E-4
advantage 1.5353907569476432E-4 1.4271163556401458 2.1911812615386855E-4
implementation 6.141563027790573E-4 1.4035858582299516 8.620211013234772E-4
verified 1.5353907569476432E-4 2.2744142160273495 3.4921145647587125E-4
edges 3.0707815138952864E-4 2.5998366164619773 7.98353022097951E-4
instead 9.212344541685859E-4 1.0376515888784226 9.559203950975795E-4
follow 1.5353907569476432E-4 1.4512139072192063 2.228180419498244E-4
expensive 1.5353907569476432E-4 2.331572629867298 3.5798750650503576E-4
performance 9.212344541685859E-4 0.7703368192510752 7.096608192087289E-4
currently 6.141563027790573E-4 1.4035858582299516 8.620211013234772E-4
corresponding 4.6061722708429296E-4 1.0872485300177945 5.008054030482702E-4
variable 0.0015353907569476432 1.3146383722134554 0.002018483605425235
challenge 1.5353907569476432E-4 1.4271163556401458 2.1911812615386855E-4
category 0.0013818516812528789 1.252762968495368 0.0017311326142266717
aiming 1.5353907569476432E-4 2.5998366164619773 3.991765110489755E-4
