exception 2.8843380444188056E-4 2.6798793241355137 7.729677889055418E-4
extent 2.8843380444188056E-4 1.3805963400052528 3.982106547462511E-4
been 0.0037496394577444477 0.05279818556697083 1.9797415989922723E-4
optimal 5.768676088837611E-4 1.2329603411991883 7.112548838760821E-4
recognized 2.8843380444188056E-4 1.906689435902032 5.499536878863663E-4
extracted 2.8843380444188056E-4 1.0704414117014134 3.0875148880917604E-4
reichstadt 5.768676088837611E-4 5.1647859739235145 0.0029793977351736454
without 5.768676088837611E-4 0.32850406697203605 1.8950335562274937E-4
via 2.8843380444188056E-4 0.9021060968821986 2.601978935339482E-4
these 0.004326507066628208 0.03488725900044054 1.5093997260069456E-4
evaluation 2.8843380444188056E-4 0.7953381214564925 2.294024001893546E-4
equations 2.8843380444188056E-4 2.073743520565198 5.981377330733193E-4
fit 8.653014133256418E-4 1.9459101490553132 0.0016837988021822729
themes 0.004326507066628208 2.5998366164619773 0.011248211493201515
score 2.8843380444188056E-4 1.121734706088964 3.235462088517346E-4
approved 2.8843380444188056E-4 1.4035858582299516 4.0484160895008694E-4
would 0.0023074704355350445 0.5013468798114469 0.001156843103112655
imputation 2.8843380444188056E-4 3.7784916128036232 0.0010898447109326862
culturally 2.8843380444188056E-4 5.1647859739235145 0.0014896988675868227
qualitative 0.006922411306605134 1.6990500711237875 0.011761523422835565
outcomes 2.8843380444188056E-4 1.1043429633770947 3.185298423354758E-4
lamond 5.768676088837611E-4 5.1647859739235145 0.0029793977351736454
understanding 0.0011537352177675222 0.990398704027877 0.0011426578644682746
diverse 2.8843380444188056E-4 1.7635885922613586 5.086785671362441E-4
promoter 0.002019036631093164 3.7784916128036232 0.007628912976528803
discernible 5.768676088837611E-4 4.471638793363569 0.002579543578519509
because 0.0023074704355350445 0.34450440831847723 7.949337371063795E-4
evaluated 2.8843380444188056E-4 0.9600933545325481 2.7692337886719005E-4
yamada 0.0017306028266512836 4.0661736852554045 0.0070369316733580696
investigated 0.0031727718488606866 1.3581234841531944 0.004309015957797848
you 0.0011537352177675222 2.2744142160273495 0.0026240717808218624
addition 0.0011537352177675222 0.8080771472339223 9.323070634368875E-4
oversampling 2.8843380444188056E-4 4.0661736852554045 0.0011728219455596782
knowledge 2.8843380444188056E-4 0.8080771472339223 2.3307676585922188E-4
promoting 8.653014133256418E-4 2.169053700369523 0.0018768852325089615
thus 2.8843380444188056E-4 0.8881198549074587 2.561637885513293E-4
past 2.8843380444188056E-4 1.293584963015623 3.7311363225140553E-4
impact 2.8843380444188056E-4 0.7827593392496325 2.2577425418218413E-4
profile 2.8843380444188056E-4 2.120263536200091 6.115556781655872E-4
active 2.8843380444188056E-4 1.1944940603713923 3.4453246621615004E-4
personal 2.8843380444188056E-4 1.8325814637483102 5.285784435385953E-4
require 5.768676088837611E-4 1.121734706088964 6.470924177034692E-4
community 2.8843380444188056E-4 1.730798769438368 4.992208737924338E-4
analysis 0.004326507066628208 0.15415067982725836 6.669340055981757E-4
indicators 5.768676088837611E-4 1.9459101490553132 0.0011225325347881817
contextualize 2.8843380444188056E-4 3.5553480614894135 0.0010254825674904566
version 5.768676088837611E-4 1.3805963400052528 7.964213094925022E-4
population 5.768676088837611E-4 0.9751312318970885 5.625216220923498E-4
subjectively 2.8843380444188056E-4 4.0661736852554045 0.0011728219455596782
cultural 0.0011537352177675222 2.5998366164619773 0.0029995230648537374
symptoms 5.768676088837611E-4 1.8325814637483102 0.0010571568870771906
size 2.8843380444188056E-4 0.127833371509885 3.6871465679228434E-5
selection 2.8843380444188056E-4 1.1043429633770947 3.185298423354758E-4
explorations 2.8843380444188056E-4 3.5553480614894135 0.0010254825674904566
appropriate 2.8843380444188056E-4 1.0704414117014134 3.0875148880917604E-4
providing 2.8843380444188056E-4 1.252762968495368 3.6133918906702274E-4
statistical 0.0011537352177675222 0.653926467406664 7.544579952773741E-4
strong 2.8843380444188056E-4 1.2135422553420867 3.5002660955929814E-4
traits 2.8843380444188056E-4 4.471638793363569 0.0012897717892597544
criterion 2.8843380444188056E-4 2.5257286443082556 7.285055218656635E-4
role 0.0017306028266512836 0.6761496041913742 0.0011701464162527386
subgroup 0.0023074704355350445 2.9675613965872945 0.006847560188260269
independent 8.653014133256418E-4 1.0059028905638423 8.704091928732411E-4
achieve 8.653014133256418E-4 1.0376515888784226 8.978813863960969E-4
concluded 2.8843380444188056E-4 1.9867321435755685 5.730407105784737E-4
affect 8.653014133256418E-4 0.990398704027877 8.56993398351206E-4
socioeconomic 5.768676088837611E-4 3.2188758248682006 0.001856865200385463
manual 0.0011537352177675222 1.4512139072192063 0.0016743165932728077
uncertainty 2.8843380444188056E-4 2.073743520565198 5.981377330733193E-4
result 2.8843380444188056E-4 0.4285875255290187 1.2361913052466646E-4
how 0.0017306028266512836 0.5496654570822546 9.512525937391196E-4
coding 0.0011537352177675222 2.2203469947570738 0.002561692523515516
see 5.768676088837611E-4 1.0376515888784226 5.985875909307311E-4
capability 2.8843380444188056E-4 2.456735772821304 7.086056454633123E-4
same 0.001442169022209403 0.2972515234679317 4.286869389500025E-4
vocabulary 0.0011537352177675222 2.120263536200091 0.002446222712662349
whom 2.8843380444188056E-4 2.2203469947570738 6.40423130878879E-4
targeted 2.8843380444188056E-4 2.073743520565198 5.981377330733193E-4
consisted 2.8843380444188056E-4 1.8325814637483102 5.285784435385953E-4
indicate 2.8843380444188056E-4 1.0704414117014134 3.0875148880917604E-4
resilience 0.004326507066628208 3.373026504695459 0.01459342300848915
policy 5.768676088837611E-4 2.169053700369523 0.0012512568216726408
compared 8.653014133256418E-4 0.2669461739726028 2.3098890162036586E-4
enabling 2.8843380444188056E-4 2.169053700369523 6.256284108363204E-4
preferences 2.8843380444188056E-4 3.0853444322436783 8.899176326056181E-4
failures 2.8843380444188056E-4 3.5553480614894135 0.0010254825674904566
sets 2.8843380444188056E-4 1.3146383722134554 3.79186147162808E-4
words 0.0017306028266512836 0.9751312318970885 0.0016875648662770496
sample 0.002019036631093164 0.7221347174331975 0.0014580164470817368
the 0.07470435535044707 0.017291497110061043 0.0012917501446512289
instructed 2.8843380444188056E-4 2.8622008809294686 8.255554891633886E-4
consisting 5.768676088837611E-4 1.906689435902032 0.0010999073757727326
subtle 2.8843380444188056E-4 3.0853444322436783 8.899176326056181E-4
americans 2.8843380444188056E-4 3.2188758248682006 9.284326001927315E-4
interventions 0.0023074704355350445 2.169053700369523 0.005005027286690563
perceptions 0.003461205653302567 2.5998366164619773 0.008998569194561214
june 0.0017306028266512836 2.2744142160273495 0.0039361076712327945
trials 2.8843380444188056E-4 2.2744142160273495 6.560179452054656E-4
fifth 2.8843380444188056E-4 2.7668907011251433 7.980648114003874E-4
maximum 2.8843380444188056E-4 1.2329603411991883 3.5562744193804103E-4
information 0.001442169022209403 0.3049735695618419 4.398234346147129E-4
aging 0.02307470435535045 3.5553480614894135 0.08203860539923655
combined 5.768676088837611E-4 0.9600933545325481 5.538467577343801E-4
phrases 2.8843380444188056E-4 2.169053700369523 6.256284108363204E-4
interview 5.768676088837611E-4 2.7668907011251433 0.0015961296228007749
phenomena 2.8843380444188056E-4 2.169053700369523 6.256284108363204E-4
did 0.0017306028266512836 0.5108256237659907 8.840362684153286E-4
represent 5.768676088837611E-4 0.8209805520698303 4.7359708801259317E-4
evidence 2.8843380444188056E-4 0.9306794693262548 2.6843942005372215E-4
questions 0.002019036631093164 1.1944940603713923 0.00241172726351305
language 2.8843380444188056E-4 0.6988778552689304 2.015799986353996E-4
analyses 0.0011537352177675222 0.9021060968821986 0.0010407915741357928
red 5.768676088837611E-4 1.9459101490553132 0.0011225325347881817
tailoring 2.8843380444188056E-4 4.471638793363569 0.0012897717892597544
assessment 5.768676088837611E-4 1.3146383722134554 7.58372294325616E-4
syntactic 5.768676088837611E-4 2.2203469947570738 0.001280846261757758
amounts 2.8843380444188056E-4 1.9459101490553132 5.612662673940909E-4
accounted 2.8843380444188056E-4 2.5998366164619773 7.498807662134344E-4
prior 2.8843380444188056E-4 0.8209805520698303 2.3679854400629659E-4
others 2.8843380444188056E-4 1.1758019273592397 3.391410231783212E-4
digit 5.768676088837611E-4 4.471638793363569 0.002579543578519509
which 0.0023074704355350445 0.023122417420854212 5.335429459672157E-5
bayesian 2.8843380444188056E-4 2.5998366164619773 7.498807662134344E-4
test 5.768676088837611E-4 0.7104386776700063 4.0982906124603766E-4
typically 2.8843380444188056E-4 1.1394342831883648 3.2865136521152715E-4
patterns 0.004614940871070089 1.3146383722134554 0.006066978354604928
its 8.653014133256418E-4 0.19497267434751336 1.6871013067278341E-4
often 8.653014133256418E-4 0.5900749954201312 5.105927275051612E-4
romo 2.8843380444188056E-4 5.1647859739235145 0.0014896988675868227
consent 2.8843380444188056E-4 1.4271163556401458 4.116285998385191E-4
regarding 2.8843380444188056E-4 0.758066726659261 2.1865206999113383E-4
divergence 2.8843380444188056E-4 3.373026504695459 9.728948672326099E-4
tests 2.8843380444188056E-4 1.3581234841531944 3.9172872343616795E-4
cultures 2.8843380444188056E-4 2.456735772821304 7.086056454633123E-4
western 2.8843380444188056E-4 2.5998366164619773 7.498807662134344E-4
longitudinal 8.653014133256418E-4 2.5257286443082556 0.002185516565596991
useful 5.768676088837611E-4 0.9162907318741551 5.285784435385953E-4
jager 2.8843380444188056E-4 5.1647859739235145 0.0014896988675868227
some 5.768676088837611E-4 0.2160260835453457 1.2461845027132717E-4
identifying 2.8843380444188056E-4 1.0216512475319812 2.946787561384428E-4
young 2.8843380444188056E-4 1.9459101490553132 5.612662673940909E-4
rather 2.8843380444188056E-4 0.758066726659261 2.1865206999113383E-4
applied 2.8843380444188056E-4 0.6109090823229731 1.7620683078251314E-4
importance 8.653014133256418E-4 0.9600933545325481 8.307701366015703E-4
roles 2.8843380444188056E-4 2.2744142160273495 6.560179452054656E-4
provided 2.8843380444188056E-4 0.7104386776700063 2.0491453062301883E-4
for 0.01990193250648976 0.017291497110061043 3.4413420842059763E-4
capable 2.8843380444188056E-4 2.073743520565198 5.981377330733193E-4
representation 2.8843380444188056E-4 1.2729656758128876 3.6716633279864074E-4
wisdom 0.010383616959907702 4.471638793363569 0.04643178441335117
random 5.768676088837611E-4 1.2329603411991883 7.112548838760821E-4
expanded 2.8843380444188056E-4 2.2744142160273495 6.560179452054656E-4
related 0.003461205653302567 0.27443684570176036 9.498823618174573E-4
previously 2.8843380444188056E-4 0.8340526336371831 2.405689742247427E-4
rate 2.8843380444188056E-4 0.7221347174331975 2.0828806386881954E-4
scope 2.8843380444188056E-4 1.9459101490553132 5.612662673940909E-4
diego 8.653014133256418E-4 4.471638793363569 0.003869315367779264
thomas 5.768676088837611E-4 2.8622008809294686 0.0016511109783267771
projection 2.8843380444188056E-4 2.456735772821304 7.086056454633123E-4
highlighting 2.8843380444188056E-4 2.2203469947570738 6.40423130878879E-4
human 2.8843380444188056E-4 0.9162907318741551 2.6428922176929766E-4
class 0.0031727718488606866 1.3805963400052528 0.004380317202208763
views 2.8843380444188056E-4 2.392197251683733 6.8999055427855E-4
reporting 5.768676088837611E-4 1.6384254493073527 9.451545712762345E-4
over 2.8843380444188056E-4 0.3364722366212129 9.704996729772509E-5
living 2.8843380444188056E-4 2.456735772821304 7.086056454633123E-4
identify 8.653014133256418E-4 0.6214911916535102 5.377772065072197E-4
multiple 8.653014133256418E-4 0.5108256237659907 4.420181342076643E-4
statistically 0.005768676088837612 1.1758019273592397 0.006782820463566425
improvement 2.8843380444188056E-4 1.157452788691043 3.338485113040216E-4
trajectory 2.8843380444188056E-4 2.5998366164619773 7.498807662134344E-4
ranging 2.8843380444188056E-4 1.6094379124341003 4.6421630009636577E-4
better 0.0011537352177675222 0.4285875255290187 4.944765220986658E-4
with 0.022209402942024805 0.017291497110061043 3.8403382678820316E-4
although 0.0011537352177675222 0.4285875255290187 4.944765220986658E-4
regression 0.002884338044418806 1.3805963400052528 0.003982106547462512
there 0.001442169022209403 0.12136085700426753 1.750228684803397E-4
well 0.0023074704355350445 0.3127557100038969 7.216745543787641E-4
detected 2.8843380444188056E-4 1.5271998141971284 4.4049605255181085E-4
bic 2.8843380444188056E-4 5.1647859739235145 0.0014896988675868227
significantly 5.768676088837611E-4 0.5900749954201312 3.4039515167010736E-4
age 0.0017306028266512836 0.9751312318970885 0.0016875648662770496
assign 2.8843380444188056E-4 1.9459101490553132 5.612662673940909E-4
referred 2.8843380444188056E-4 1.4035858582299516 4.0484160895008694E-4
hypothesized 8.653014133256418E-4 2.5257286443082556 0.002185516565596991
select 2.8843380444188056E-4 1.8325814637483102 5.285784435385953E-4
education 2.8843380444188056E-4 1.730798769438368 4.992208737924338E-4
considered 2.8843380444188056E-4 0.32059888746492277 9.2471556811342E-5
focus 2.8843380444188056E-4 0.6874491594453075 1.98283576419183E-4
jeste 0.004614940871070089 5.1647859739235145 0.023835181881389163
approach 2.8843380444188056E-4 0.5398131606392429 1.5570036361097284E-4
variation 2.8843380444188056E-4 1.4035858582299516 4.0484160895008694E-4
number 0.0017306028266512836 0.167573700159399 2.900035191682706E-4
four 2.8843380444188056E-4 0.4643056081310978 1.3392143297695348E-4
implication 2.8843380444188056E-4 2.8622008809294686 8.255554891633886E-4
easily 2.8843380444188056E-4 1.4271163556401458 4.116285998385191E-4
model 0.003461205653302567 0.48265474679929443 0.0016705673382150371
anticipated 2.8843380444188056E-4 2.7668907011251433 7.980648114003874E-4
text 5.768676088837611E-4 0.8607208807193443 4.965219963768931E-4
similar 0.001442169022209403 0.20895891632225325 3.0135407603440044E-4
python 2.8843380444188056E-4 2.120263536200091 6.115556781655872E-4
adversity 8.653014133256418E-4 5.1647859739235145 0.004469096602760469
large 8.653014133256418E-4 0.34450440831847723 2.981001514148923E-4
researchers 2.8843380444188056E-4 1.1043429633770947 3.185298423354758E-4
inferences 2.8843380444188056E-4 3.373026504695459 9.728948672326099E-4
lower 0.0023074704355350445 0.5300569856938783 0.001223090823637446
understand 2.8843380444188056E-4 1.121734706088964 3.235462088517346E-4
sense 2.8843380444188056E-4 1.5271998141971284 4.4049605255181085E-4
underlying 2.8843380444188056E-4 1.293584963015623 3.7311363225140553E-4
being 2.8843380444188056E-4 0.48265474679929443 1.3921394485125307E-4
aimed 2.8843380444188056E-4 1.8325814637483102 5.285784435385953E-4
removing 2.8843380444188056E-4 1.79749014393704 5.18456920662544E-4
traditional 5.768676088837611E-4 1.1758019273592397 6.782820463566424E-4
physically 2.8843380444188056E-4 2.5998366164619773 7.498807662134344E-4
illustrated 2.8843380444188056E-4 1.8325814637483102 5.285784435385953E-4
likelihood 5.768676088837611E-4 1.7635885922613586 0.0010173571342724883
even 0.002884338044418806 0.377294231141468 0.0010882441048210788
explored 2.8843380444188056E-4 1.5538680612792897 4.481880765155147E-4
alteration 2.8843380444188056E-4 3.373026504695459 9.728948672326099E-4
status 0.0017306028266512836 1.3805963400052528 0.002389263928477507
authors 0.0017306028266512836 0.023122417420854212 4.0015720947541184E-5
larger 2.8843380444188056E-4 0.9162907318741551 2.6428922176929766E-4
other 0.003461205653302567 0.0408219945202552 1.4129331821259372E-4
assumes 2.8843380444188056E-4 2.2744142160273495 6.560179452054656E-4
montross 5.768676088837611E-4 5.1647859739235145 0.0029793977351736454
proportion 8.653014133256418E-4 1.4759065198095778 0.001277103997527757
indicated 2.8843380444188056E-4 1.3361445774344192 3.853892637537984E-4
exclusion 2.8843380444188056E-4 1.8689491079191851 5.390681015053893E-4
categorized 2.8843380444188056E-4 1.8325814637483102 5.285784435385953E-4
respectively 5.768676088837611E-4 1.9459101490553132 0.0011225325347881817
literature 2.8843380444188056E-4 0.9306794693262548 2.6843942005372215E-4
asked 2.8843380444188056E-4 2.073743520565198 5.981377330733193E-4
top 2.8843380444188056E-4 1.5538680612792897 4.481880765155147E-4
indicates 2.8843380444188056E-4 1.0376515888784226 2.9929379546536557E-4
have 0.006057109893279493 0.028987536873252187 1.755806963767799E-4
generalize 2.8843380444188056E-4 3.2188758248682006 9.284326001927315E-4
decisions 2.8843380444188056E-4 1.6094379124341003 4.6421630009636577E-4
share 2.8843380444188056E-4 1.4035858582299516 4.0484160895008694E-4
ability 5.768676088837611E-4 0.8881198549074587 5.123275771026586E-4
iwamasa 2.8843380444188056E-4 5.1647859739235145 0.0014896988675868227
table 0.004614940871070089 0.18805223150293962 8.678499290588502E-4
illness 2.8843380444188056E-4 2.8622008809294686 8.255554891633886E-4
characterized 0.0011537352177675222 1.7635885922613586 0.0020347142685449766
particularly 5.768676088837611E-4 0.9751312318970885 5.625216220923498E-4
may 0.00490337467551197 0.15415067982725836 7.558585396779326E-4
golja 2.8843380444188056E-4 5.1647859739235145 0.0014896988675868227
within 0.001442169022209403 0.3127557100038969 4.510465964867276E-4
could 8.653014133256418E-4 0.22314355131420976 1.930864303266886E-4
asian 2.8843380444188056E-4 2.8622008809294686 8.255554891633886E-4
health 0.009229881742140178 0.990398704027877 0.009141262915746197
willingness 2.8843380444188056E-4 3.2188758248682006 9.284326001927315E-4
positive 0.0025959042399769255 0.6988778552689304 0.0018142199877185965
satisfaction 2.8843380444188056E-4 2.392197251683733 6.8999055427855E-4
reforms 2.8843380444188056E-4 4.471638793363569 0.0012897717892597544
disabilities 5.768676088837611E-4 4.0661736852554045 0.0023456438911193564
traditionally 2.8843380444188056E-4 2.8622008809294686 8.255554891633886E-4
future 5.768676088837611E-4 0.48265474679929443 2.7842788970250615E-4
able 2.8843380444188056E-4 0.7703368192510752 2.2219117947824493E-4
comparable 2.8843380444188056E-4 1.5812670354674039 4.560908668783974E-4
communities 2.8843380444188056E-4 2.5998366164619773 7.498807662134344E-4
measuring 2.8843380444188056E-4 1.8689491079191851 5.390681015053893E-4
congruent 2.8843380444188056E-4 5.1647859739235145 0.0014896988675868227
use 0.0011537352177675222 0.20895891632225325 2.4108326082752032E-4
subject 2.8843380444188056E-4 1.2135422553420867 3.5002660955929814E-4
findings 8.653014133256418E-4 0.7459453661269161 6.454675795733338E-4
several 2.8843380444188056E-4 0.3526016185510966 1.0170222629105757E-4
laditka 2.8843380444188056E-4 5.1647859739235145 0.0014896988675868227
main 0.002019036631093164 0.6004377824556778 0.0012123058774703617
nursing 2.8843380444188056E-4 3.5553480614894135 0.0010254825674904566
while 0.0011537352177675222 0.20895891632225325 2.4108326082752032E-4
heterogeneous 2.8843380444188056E-4 3.0853444322436783 8.899176326056181E-4
second 2.8843380444188056E-4 0.4643056081310978 1.3392143297695348E-4
equanimity 2.8843380444188056E-4 5.1647859739235145 0.0014896988675868227
that 0.012691087395442746 0.017291497110061043 2.194479010218304E-4
high 2.8843380444188056E-4 0.2521310881874621 7.272312898398098E-5
download 0.001442169022209403 0.2595111954850846 3.7425900704511774E-4
cosco 2.8843380444188056E-4 5.1647859739235145 0.0014896988675868227
whether 0.0017306028266512836 0.5300569856938783 9.173181177280847E-4
find 2.8843380444188056E-4 0.9306794693262548 2.6843942005372215E-4
function 0.002884338044418806 0.6321864807702582 0.0018234395176528937
than 0.002019036631093164 0.058840500022933395 1.1880112493814067E-4
continuous 2.8843380444188056E-4 1.1758019273592397 3.391410231783212E-4
supplementary 0.0017306028266512836 2.5257286443082556 0.004371033131193982
different 0.0037496394577444477 0.18805223150293962 7.051280673603159E-4
chronic 5.768676088837611E-4 1.8325814637483102 0.0010571568870771906
alter 2.8843380444188056E-4 2.8622008809294686 8.255554891633886E-4
all 0.004038073262186328 0.017291497110061043 6.982433214330966E-5
including 0.001442169022209403 0.2669461739726028 3.8498150270060977E-4
comparison 0.001442169022209403 0.758066726659261 0.0010932603499556692
level 5.768676088837611E-4 0.5798184952529422 3.3447850894314515E-4
lay 8.653014133256418E-4 3.5553480614894135 0.0030764477024713705
tate 5.768676088837611E-4 5.1647859739235145 0.0029793977351736454
difficult 2.8843380444188056E-4 0.7703368192510752 2.2219117947824493E-4
conducted 2.8843380444188056E-4 0.664976303593249 1.9180164510909978E-4
less 0.001442169022209403 0.368995428326773 5.321537760697621E-4
weights 2.8843380444188056E-4 1.9867321435755685 5.730407105784737E-4
basis 5.768676088837611E-4 1.3146383722134554 7.58372294325616E-4
affected 2.8843380444188056E-4 1.3805963400052528 3.982106547462511E-4
differed 2.8843380444188056E-4 2.9675613965872945 8.559450235325337E-4
yasunori 0.0017306028266512836 5.1647859739235145 0.008938193205520938
institutions 2.8843380444188056E-4 2.392197251683733 6.8999055427855E-4
improve 2.8843380444188056E-4 0.7104386776700063 2.0491453062301883E-4
strengths 5.768676088837611E-4 2.331572629867298 0.0013450087279303707
were 0.009229881742140178 0.0958817717032825 8.8497741404818E-4
scales 5.768676088837611E-4 2.7668907011251433 0.0015961296228007749
conceptualized 2.8843380444188056E-4 3.5553480614894135 0.0010254825674904566
true 2.8843380444188056E-4 1.1394342831883648 3.2865136521152715E-4
survey 0.0011537352177675222 1.5812670354674039 0.0018243634675135895
present 5.768676088837611E-4 0.38566248081198473 2.2247619314218903E-4
facilitate 8.653014133256418E-4 1.6384254493073527 0.001417731856914352
scores 0.0025959042399769255 1.6094379124341003 0.004177946700867292
influenced 2.8843380444188056E-4 1.730798769438368 4.992208737924338E-4
university 2.8843380444188056E-4 1.121734706088964 3.235462088517346E-4
mental 0.002884338044418806 2.169053700369523 0.0062562841083632055
investigate 0.0011537352177675222 0.9600933545325481 0.0011076935154687602
ellen 0.0017306028266512836 5.1647859739235145 0.008938193205520938
effective 2.8843380444188056E-4 0.8472978603872037 2.4438934536694654E-4
total 2.8843380444188056E-4 0.5108256237659907 1.4733937806922143E-4
and 0.0400922988174214 0.017291497110061043 6.932558691371459E-4
design 2.8843380444188056E-4 1.0376515888784226 2.9929379546536557E-4
men 2.8843380444188056E-4 2.392197251683733 6.8999055427855E-4
unstructured 2.8843380444188056E-4 1.6990500711237875 4.900634759514818E-4
define 2.8843380444188056E-4 1.3146383722134554 3.79186147162808E-4
predict 2.8843380444188056E-4 1.2729656758128876 3.6716633279864074E-4
lcr 0.002884338044418806 5.1647859739235145 0.014896988675868228
nouns 2.8843380444188056E-4 2.7668907011251433 7.980648114003874E-4
physical 0.003461205653302567 1.3146383722134554 0.004550233765953696
make 2.8843380444188056E-4 0.664976303593249 1.9180164510909978E-4
subjective 0.0054802422843957315 2.0292917579943643 0.011121010499536465
determine 2.8843380444188056E-4 0.7221347174331975 2.0828806386881954E-4
social 8.653014133256418E-4 1.0704414117014134 9.262544664275282E-4
aforementioned 2.8843380444188056E-4 2.0292917579943643 5.853163420808665E-4
sought 2.8843380444188056E-4 2.2744142160273495 6.560179452054656E-4
specific 0.002884338044418806 0.40261203912575794 0.0011612692215914565
impairments 8.653014133256418E-4 3.7784916128036232 0.0032695341327980587
any 0.0011537352177675222 0.2669461739726028 3.0798520216048777E-4
followed 2.8843380444188056E-4 0.758066726659261 2.1865206999113383E-4
constituting 2.8843380444188056E-4 4.0661736852554045 0.0011728219455596782
suggested 8.653014133256418E-4 1.121734706088964 9.706386265552039E-4
application 2.8843380444188056E-4 1.0376515888784226 2.9929379546536557E-4
perspectives 0.0011537352177675222 2.0292917579943643 0.002341265368323466
quantitative 0.005191808479953851 1.5538680612792897 0.008067385377279267
martin 5.768676088837611E-4 3.2188758248682006 0.001856865200385463
psychosocial 5.768676088837611E-4 3.5553480614894135 0.0020509651349809132
hypothesis 2.8843380444188056E-4 1.9459101490553132 5.612662673940909E-4
rowe 2.8843380444188056E-4 5.1647859739235145 0.0014896988675868227
psychological 0.0074992789154888955 2.392197251683733 0.0179397544112423
thought 2.8843380444188056E-4 1.9459101490553132 5.612662673940909E-4
mitigating 2.8843380444188056E-4 3.373026504695459 9.728948672326099E-4
about 0.002884338044418806 0.377294231141468 0.0010882441048210788
county 2.8843380444188056E-4 3.373026504695459 9.728948672326099E-4
empirical 2.8843380444188056E-4 1.8325814637483102 5.285784435385953E-4
adaptation 5.768676088837611E-4 2.2744142160273495 0.0013120358904109312
discussion 2.8843380444188056E-4 0.2595111954850846 7.485180140902353E-5
flexmix 2.8843380444188056E-4 5.1647859739235145 0.0014896988675868227
lee 0.0017306028266512836 2.392197251683733 0.0041399433256713
objective 0.0023074704355350445 1.1944940603713923 0.0027562597297292003
observed 8.653014133256418E-4 0.6988778552689304 6.047399959061988E-4
identification 5.768676088837611E-4 1.3146383722134554 7.58372294325616E-4
meaning 2.8843380444188056E-4 1.121734706088964 3.235462088517346E-4
estimate 5.768676088837611E-4 1.5812670354674039 9.121817337567948E-4
represented 2.8843380444188056E-4 0.8881198549074587 2.561637885513293E-4
they 0.0017306028266512836 0.167573700159399 2.900035191682706E-4
fully 2.8843380444188056E-4 1.2729656758128876 3.6716633279864074E-4
trends 0.001442169022209403 1.7635885922613586 0.002543392835681221
goals 2.8843380444188056E-4 2.6798793241355137 7.729677889055418E-4
based 5.768676088837611E-4 0.18805223150293962 1.0848124113235628E-4
models 0.0017306028266512836 0.7953381214564925 0.0013764144011361279
using 0.002884338044418806 0.083381608939051 2.40500746867756E-4
closely 2.8843380444188056E-4 1.6990500711237875 4.900634759514818E-4
expected 8.653014133256418E-4 0.9600933545325481 8.307701366015703E-4
investigating 2.8843380444188056E-4 2.0292917579943643 5.853163420808665E-4
shimmei 0.0017306028266512836 5.1647859739235145 0.008938193205520938
them 2.8843380444188056E-4 0.5696661237889241 1.6431096734609865E-4
recognize 0.0011537352177675222 2.169053700369523 0.0025025136433452816
substantial 2.8843380444188056E-4 1.5812670354674039 4.560908668783974E-4
remaining 2.8843380444188056E-4 1.293584963015623 3.7311363225140553E-4
each 0.002019036631093164 0.13434805253107854 2.712536393762762E-4
benefit 2.8843380444188056E-4 1.293584963015623 3.7311363225140553E-4
rude 5.768676088837611E-4 4.471638793363569 0.002579543578519509
cognitive 0.005768676088837612 2.120263536200091 0.012231113563311746
jopp 0.0023074704355350445 5.1647859739235145 0.011917590940694582
unique 5.768676088837611E-4 1.157452788691043 6.676970226080432E-4
processing 2.8843380444188056E-4 0.7221347174331975 2.0828806386881954E-4
difference 0.001442169022209403 0.6004377824556778 8.659327696216872E-4
except 2.8843380444188056E-4 1.3805963400052528 3.982106547462511E-4
obtained 0.0025959042399769255 0.6004377824556778 0.0015586789853190368
conditions 5.768676088837611E-4 1.0376515888784226 5.985875909307311E-4
populations 2.8843380444188056E-4 2.331572629867298 6.725043639651853E-4
randomized 2.8843380444188056E-4 1.9459101490553132 5.612662673940909E-4
empath 2.8843380444188056E-4 5.1647859739235145 0.0014896988675868227
associations 8.653014133256418E-4 2.120263536200091 0.001834667034496762
complexity 5.768676088837611E-4 1.6094379124341003 9.284326001927315E-4
functional 2.8843380444188056E-4 1.4759065198095778 4.257013325092523E-4
components 0.002019036631093164 1.3361445774344192 0.0026977248462765886
conservative 2.8843380444188056E-4 3.373026504695459 9.728948672326099E-4
increased 5.768676088837611E-4 0.4919571394616079 2.837941387145128E-4
examine 8.653014133256418E-4 1.4512139072192063 0.001255737444954606
molton 5.768676088837611E-4 5.1647859739235145 0.0029793977351736454
frequently 5.768676088837611E-4 1.157452788691043 6.676970226080432E-4
automatically 2.8843380444188056E-4 1.4759065198095778 4.257013325092523E-4
association 2.8843380444188056E-4 1.2135422553420867 3.5002660955929814E-4
believe 5.768676088837611E-4 1.5538680612792897 8.963761530310294E-4
two 0.0037496394577444477 0.11492996667397702 4.3094593791799865E-4
extended 2.8843380444188056E-4 1.6682784124570338 4.81187889373243E-4
colors 0.0011537352177675222 3.373026504695459 0.0038915794689304397
long 5.768676088837611E-4 0.7827593392496325 4.5154850836436825E-4
seen 5.768676088837611E-4 0.8472978603872037 4.887786907338931E-4
oswald 2.8843380444188056E-4 5.1647859739235145 0.0014896988675868227
promote 0.001442169022209403 2.073743520565198 0.0029906886653665965
into 5.768676088837611E-4 0.10854016857520597 6.261330751381941E-5
current 2.8843380444188056E-4 0.4919571394616079 1.418970693572564E-4
default 2.8843380444188056E-4 2.5998366164619773 7.498807662134344E-4
found 0.0011537352177675222 0.27443684570176036 3.1662745393915237E-4
are 0.004038073262186328 0.028987536873252187 1.1705379758451992E-4
reported 0.0031727718488606866 0.5300569856938783 0.0016817498825014887
actively 2.8843380444188056E-4 2.2744142160273495 6.560179452054656E-4
specificity 2.8843380444188056E-4 2.6798793241355137 7.729677889055418E-4
identifiable 5.768676088837611E-4 2.9675613965872945 0.0017118900470650673
structured 5.768676088837611E-4 1.3805963400052528 7.964213094925022E-4
supports 2.8843380444188056E-4 1.6990500711237875 4.900634759514818E-4
where 2.8843380444188056E-4 0.32850406697203605 9.475167781137468E-5
examined 5.768676088837611E-4 1.3805963400052528 7.964213094925022E-4
attribute 2.8843380444188056E-4 2.6798793241355137 7.729677889055418E-4
modifiable 8.653014133256418E-4 4.471638793363569 0.003869315367779264
dilip 0.0017306028266512836 5.1647859739235145 0.008938193205520938
relationship 2.8843380444188056E-4 0.9162907318741551 2.6428922176929766E-4
key 2.8843380444188056E-4 1.0216512475319812 2.946787561384428E-4
situation 5.768676088837611E-4 1.7635885922613586 0.0010173571342724883
broaden 2.8843380444188056E-4 3.373026504695459 9.728948672326099E-4
participants 0.003461205653302567 1.6094379124341003 0.00557059560115639
interrelated 2.8843380444188056E-4 4.0661736852554045 0.0011728219455596782
variables 8.653014133256418E-4 0.9452782687474074 8.179506219331475E-4
participate 2.8843380444188056E-4 2.169053700369523 6.256284108363204E-4
occurred 2.8843380444188056E-4 1.3581234841531944 3.9172872343616795E-4
though 8.653014133256418E-4 1.1043429633770947 9.555895270064275E-4
one 0.001442169022209403 0.06491954609931569 9.362495832032838E-5
summarized 2.8843380444188056E-4 1.4271163556401458 4.116285998385191E-4
biomedical 0.001442169022209403 3.2188758248682006 0.004642163000963658
people 5.768676088837611E-4 1.0539121097502027 6.079677587252395E-4
depp 0.0017306028266512836 5.1647859739235145 0.008938193205520938
detectable 2.8843380444188056E-4 4.0661736852554045 0.0011728219455596782
controlled 2.8843380444188056E-4 1.5271998141971284 4.4049605255181085E-4
confirm 2.8843380444188056E-4 1.8325814637483102 5.285784435385953E-4
such 0.006057109893279493 0.10219094089654716 6.189817591080157E-4
face 5.768676088837611E-4 2.2203469947570738 0.001280846261757758
nlp 0.0017306028266512836 0.41119578281714936 7.11616584050446E-4
reflective 2.8843380444188056E-4 3.373026504695459 9.728948672326099E-4
ethnically 2.8843380444188056E-4 4.471638793363569 0.0012897717892597544
associated 0.008076146524372656 0.4373981552111735 0.00353249159097573
showed 0.0025959042399769255 0.5398131606392429 0.0014013032724987558
increasing 2.8843380444188056E-4 0.9021060968821986 2.601978935339482E-4
holds 2.8843380444188056E-4 2.331572629867298 6.725043639651853E-4
summarizes 2.8843380444188056E-4 2.120263536200091 6.115556781655872E-4
ratio 5.768676088837611E-4 1.1758019273592397 6.782820463566424E-4
but 0.0011537352177675222 0.083381608939051 9.620029874710238E-5
through 0.002019036631093164 0.2595111954850846 5.239626098631647E-4
ardelt 8.653014133256418E-4 5.1647859739235145 0.004469096602760469
medical 2.8843380444188056E-4 0.9600933545325481 2.7692337886719005E-4
engagement 2.8843380444188056E-4 2.5257286443082556 7.285055218656635E-4
multidimensionality 2.8843380444188056E-4 4.471638793363569 0.0012897717892597544
numbers 2.8843380444188056E-4 1.121734706088964 3.235462088517346E-4
available 2.8843380444188056E-4 0.5696661237889241 1.6431096734609865E-4
seven 5.768676088837611E-4 1.5538680612792897 8.963761530310294E-4
had 0.0025959042399769255 0.32059888746492277 8.322440113020782E-4
individuals 0.006922411306605134 1.4759065198095778 0.010216831980222055
align 5.768676088837611E-4 3.373026504695459 0.0019457897344652198
research 8.653014133256418E-4 0.41119578281714936 3.55808292025223E-4
participant 2.8843380444188056E-4 2.7668907011251433 7.980648114003874E-4
frequency 2.8843380444188056E-4 1.121734706088964 3.235462088517346E-4
features 0.0011537352177675222 0.8340526336371831 9.622758968989708E-4
view 2.8843380444188056E-4 1.4035858582299516 4.0484160895008694E-4
late 2.8843380444188056E-4 1.9867321435755685 5.730407105784737E-4
awareness 2.8843380444188056E-4 2.0292917579943643 5.853163420808665E-4
feng 0.0011537352177675222 3.7784916128036232 0.004359378843730745
retaining 2.8843380444188056E-4 3.7784916128036232 0.0010898447109326862
homes 2.8843380444188056E-4 4.471638793363569 0.0012897717892597544
california 2.8843380444188056E-4 3.7784916128036232 0.0010898447109326862
details 2.8843380444188056E-4 1.5012243277938677 4.3300384418629005E-4
has 0.002884338044418806 0.05279818556697083 1.5228781530709788E-4
written 2.8843380444188056E-4 1.121734706088964 3.235462088517346E-4
results 0.005191808479953851 0.08961215868968714 4.652491653920879E-4
generate 2.8843380444188056E-4 1.3361445774344192 3.853892637537984E-4
five 8.653014133256418E-4 0.9021060968821986 7.805936806018447E-4
those 0.0017306028266512836 0.3364722366212129 5.822998037863506E-4
inherent 2.8843380444188056E-4 2.2203469947570738 6.40423130878879E-4
given 5.768676088837611E-4 0.3526016185510966 2.0340445258211514E-4
actual 2.8843380444188056E-4 1.293584963015623 3.7311363225140553E-4
eastern 2.8843380444188056E-4 3.373026504695459 9.728948672326099E-4
richness 0.0011537352177675222 4.471638793363569 0.005159087157039018
statistic 2.8843380444188056E-4 2.9675613965872945 8.559450235325337E-4
emotions 5.768676088837611E-4 2.456735772821304 0.0014172112909266246
usual 2.8843380444188056E-4 2.456735772821304 7.086056454633123E-4
might 0.0011537352177675222 0.7339691750802005 8.468060860458038E-4
adapt 8.653014133256418E-4 2.392197251683733 0.00206997166283565
this 0.005768676088837612 0.017291497110061043 9.974904591901381E-5
degree 2.8843380444188056E-4 1.2729656758128876 3.6716633279864074E-4
labeled 2.8843380444188056E-4 1.9867321435755685 5.730407105784737E-4
telephone 5.768676088837611E-4 3.373026504695459 0.0019457897344652198
significant 5.768676088837611E-4 0.377294231141468 2.1764882096421572E-4
collection 2.8843380444188056E-4 1.0216512475319812 2.946787561384428E-4
depressive 8.653014133256418E-4 3.5553480614894135 0.0030764477024713705
mentally 2.8843380444188056E-4 4.471638793363569 0.0012897717892597544
finding 2.8843380444188056E-4 0.9751312318970885 2.812608110461749E-4
worse 0.0031727718488606866 1.6094379124341003 0.005106379301060024
enhanced 2.8843380444188056E-4 1.8325814637483102 5.285784435385953E-4
extract 2.8843380444188056E-4 1.3805963400052528 3.982106547462511E-4
measure 5.768676088837611E-4 1.0216512475319812 5.893575122768856E-4
especially 8.653014133256418E-4 0.7104386776700063 6.147435918690565E-4
institutional 2.8843380444188056E-4 1.3361445774344192 3.853892637537984E-4
detecting 2.8843380444188056E-4 2.392197251683733 6.8999055427855E-4
coefficient 2.8843380444188056E-4 1.9867321435755685 5.730407105784737E-4
overall 8.653014133256418E-4 0.7339691750802005 6.351045645343529E-4
demonstrate 2.8843380444188056E-4 1.293584963015623 3.7311363225140553E-4
correlated 5.768676088837611E-4 1.9867321435755685 0.0011460814211569474
suggesting 2.8843380444188056E-4 1.5812670354674039 4.560908668783974E-4
higher 0.0031727718488606866 0.41985384556026406 0.0013321004618295081
full 5.768676088837611E-4 0.14750613710858965 8.509151260951234E-5
next 2.8843380444188056E-4 0.8080771472339223 2.3307676585922188E-4
questionnaire 8.653014133256418E-4 2.456735772821304 0.0021258169363899374
assessed 0.0011537352177675222 1.3581234841531944 0.0015669148937446718
absence 0.0011537352177675222 1.3581234841531944 0.0015669148937446718
shinkawa 0.0017306028266512836 5.1647859739235145 0.008938193205520938
needed 0.0011537352177675222 0.8080771472339223 9.323070634368875E-4
adults 0.001442169022209403 2.169053700369523 0.0031281420541816028
nearly 2.8843380444188056E-4 2.120263536200091 6.115556781655872E-4
affective 2.8843380444188056E-4 3.5553480614894135 0.0010254825674904566
classes 0.001442169022209403 1.7635885922613586 0.002543392835681221
changes 0.001442169022209403 0.9021060968821986 0.0013009894676697413
aspects 8.653014133256418E-4 1.0872485300177945 9.407976896606241E-4
show 2.8843380444188056E-4 0.6321864807702582 1.8234395176528934E-4
description 2.8843380444188056E-4 1.4512139072192063 4.1857914831820194E-4
proper 2.8843380444188056E-4 1.5538680612792897 4.481880765155147E-4
life 2.8843380444188056E-4 1.4271163556401458 4.116285998385191E-4
kim 0.0017306028266512836 2.9675613965872945 0.005135670141195202
not 0.004326507066628208 0.03488725900044054 1.5093997260069456E-4
negative 5.768676088837611E-4 0.6429973968744738 3.709243708534605E-4
common 2.8843380444188056E-4 0.3526016185510966 1.0170222629105757E-4
interest 2.8843380444188056E-4 1.0539121097502027 3.0398387936261974E-4
missing 8.653014133256418E-4 1.6384254493073527 0.001417731856914352
definition 2.8843380444188056E-4 1.6990500711237875 4.900634759514818E-4
causal 0.0011537352177675222 2.5257286443082556 0.002914022087462654
anonymity 2.8843380444188056E-4 4.471638793363569 0.0012897717892597544
emphasize 2.8843380444188056E-4 2.7668907011251433 7.980648114003874E-4
factor 2.8843380444188056E-4 0.7703368192510752 2.2219117947824493E-4
successful 0.033169887510816266 1.3361445774344192 0.04431976533168682
incorporating 2.8843380444188056E-4 2.392197251683733 6.8999055427855E-4
severity 5.768676088837611E-4 2.0292917579943643 0.001170632684161733
overview 5.768676088837611E-4 1.4271163556401458 8.232571996770382E-4
characteristics 0.0017306028266512836 0.7703368192510752 0.0013331470768694698
figure 0.0017306028266512836 0.20194134366360675 3.494802601619961E-4
disease 5.768676088837611E-4 1.2729656758128876 7.343326655972815E-4
previous 0.003461205653302567 0.32850406697203605 0.0011370201337364964
daly 0.0017306028266512836 5.1647859739235145 0.008938193205520938
was 0.010960484568791463 0.058840500022933395 6.449203925213352E-4
estimated 5.768676088837611E-4 1.3805963400052528 7.964213094925022E-4
complemented 2.8843380444188056E-4 4.0661736852554045 0.0011728219455596782
keita 0.0017306028266512836 5.1647859739235145 0.008938193205520938
grey 5.768676088837611E-4 3.7784916128036232 0.0021796894218653723
target 2.8843380444188056E-4 1.0704414117014134 3.0875148880917604E-4
equal 2.8843380444188056E-4 1.3805963400052528 3.982106547462511E-4
functioning 2.8843380444188056E-4 2.9675613965872945 8.559450235325337E-4
marital 2.8843380444188056E-4 5.1647859739235145 0.0014896988675868227
what 2.8843380444188056E-4 0.8209805520698303 2.3679854400629659E-4
detailed 2.8843380444188056E-4 1.1394342831883648 3.2865136521152715E-4
refer 2.8843380444188056E-4 1.6682784124570338 4.81187889373243E-4
healthy 2.8843380444188056E-4 2.456735772821304 7.086056454633123E-4
removal 2.8843380444188056E-4 1.9459101490553132 5.612662673940909E-4
risk 2.8843380444188056E-4 0.8209805520698303 2.3679854400629659E-4
proportions 0.001442169022209403 2.331572629867298 0.0033625218198259275
underpin 2.8843380444188056E-4 4.471638793363569 0.0012897717892597544
rebecca 0.0017306028266512836 5.1647859739235145 0.008938193205520938
measured 5.768676088837611E-4 1.0704414117014134 6.175029776183521E-4
colin 0.0017306028266512836 5.1647859739235145 0.008938193205520938
stratification 2.8843380444188056E-4 3.5553480614894135 0.0010254825674904566
subpopulations 5.768676088837611E-4 4.471638793363569 0.002579543578519509
anonymized 2.8843380444188056E-4 3.5553480614894135 0.0010254825674904566
rasmussen 2.8843380444188056E-4 5.1647859739235145 0.0014896988675868227
collected 0.0017306028266512836 0.8340526336371831 0.0014434138453484565
complementary 2.8843380444188056E-4 2.073743520565198 5.981377330733193E-4
type 2.8843380444188056E-4 0.5203950747821414 1.5009953123223E-4
when 2.8843380444188056E-4 0.14750613710858965 4.254575630475617E-5
three 8.653014133256418E-4 0.22314355131420976 1.930864303266886E-4
required 2.8843380444188056E-4 0.5900749954201312 1.7019757583505368E-4
relation 2.8843380444188056E-4 1.3361445774344192 3.853892637537984E-4
excluded 5.768676088837611E-4 1.293584963015623 7.462272645028111E-4
measures 0.0037496394577444477 1.2329603411991883 0.0046231567451945335
positively 8.653014133256418E-4 1.9867321435755685 0.0017191221317354214
subgroups 0.0074992789154888955 3.0853444322436783 0.023137858447746074
identified 5.768676088837611E-4 0.6321864807702582 3.646879035305787E-4
terms 0.0017306028266512836 0.5696661237889241 9.85865804076592E-4
review 5.768676088837611E-4 0.5696661237889241 3.286219346921973E-4
presence 2.8843380444188056E-4 0.9751312318970885 2.812608110461749E-4
dependent 8.653014133256418E-4 1.4035858582299516 0.001214524826850261
greater 2.8843380444188056E-4 0.8743265327751228 2.521853281728073E-4
between 0.0037496394577444477 0.058840500022933395 2.2063066059940415E-4
layperson 2.8843380444188056E-4 4.471638793363569 0.0012897717892597544
still 5.768676088837611E-4 0.5300569856938783 3.057727059093615E-4
having 2.8843380444188056E-4 0.8340526336371831 2.405689742247427E-4
natural 2.8843380444188056E-4 0.6429973968744738 1.8546218542673024E-4
method 2.8843380444188056E-4 0.4734380916943703 1.365555499551111E-4
reduced 2.8843380444188056E-4 0.9452782687474074 2.726502073110491E-4
chained 2.8843380444188056E-4 4.0661736852554045 0.0011728219455596782
extraction 2.8843380444188056E-4 1.3361445774344192 3.853892637537984E-4
lowest 2.8843380444188056E-4 1.6094379124341003 4.6421630009636577E-4
samples 2.8843380444188056E-4 1.6682784124570338 4.81187889373243E-4
exist 2.8843380444188056E-4 1.5271998141971284 4.4049605255181085E-4
insight 2.8843380444188056E-4 1.5271998141971284 4.4049605255181085E-4
bootstrapping 2.8843380444188056E-4 3.7784916128036232 0.0010898447109326862
toward 2.8843380444188056E-4 1.6094379124341003 4.6421630009636577E-4
provide 8.653014133256418E-4 0.44628710262841953 3.861728606533772E-4
latent 0.004614940871070089 2.0292917579943643 0.009365061473293863
determined 5.768676088837611E-4 1.0376515888784226 5.985875909307311E-4
among 0.002884338044418806 0.32850406697203605 9.47516778113747E-4
following 2.8843380444188056E-4 0.2160260835453457 6.230922513566359E-5
buuren 2.8843380444188056E-4 5.1647859739235145 0.0014896988675868227
implicit 0.002019036631093164 2.6798793241355137 0.005410774522338793
study 0.006057109893279493 0.15415067982725836 9.337076078374462E-4
explicitly 0.0011537352177675222 1.5812670354674039 0.0018243634675135895
regions 2.8843380444188056E-4 2.0292917579943643 5.853163420808665E-4
methods 0.0011537352177675222 0.20194134366360675 2.3298684010799738E-4
differences 0.002884338044418806 0.7953381214564925 0.0022940240018935465
confidentiality 2.8843380444188056E-4 3.2188758248682006 9.284326001927315E-4
unsuccessful 2.8843380444188056E-4 3.7784916128036232 0.0010898447109326862
direct 8.653014133256418E-4 0.990398704027877 8.56993398351206E-4
pattern 2.8843380444188056E-4 1.6682784124570338 4.81187889373243E-4
multivariate 2.8843380444188056E-4 2.6798793241355137 7.729677889055418E-4
bootstrap 5.768676088837611E-4 3.373026504695459 0.0019457897344652198
our 0.006345543697721373 0.19497267434751336 0.001237207624933745
personalized 0.0011537352177675222 3.7784916128036232 0.004359378843730745
cope 2.8843380444188056E-4 2.5257286443082556 7.285055218656635E-4
operationalized 2.8843380444188056E-4 5.1647859739235145 0.0014896988675868227
linguistic 0.0017306028266512836 1.79749014393704 0.003110741523975264
across 8.653014133256418E-4 0.7703368192510752 6.665735384347349E-4
emphasized 5.768676088837611E-4 2.5257286443082556 0.001457011043731327
older 0.0025959042399769255 1.8325814637483102 0.004757205991847359
theme 0.0011537352177675222 2.392197251683733 0.0027599622171142
protect 5.768676088837611E-4 3.0853444322436783 0.0017798352652112362
place 2.8843380444188056E-4 1.3805963400052528 3.982106547462511E-4
enables 2.8843380444188056E-4 1.6990500711237875 4.900634759514818E-4
informed 2.8843380444188056E-4 1.4035858582299516 4.0484160895008694E-4
established 2.8843380444188056E-4 1.4271163556401458 4.116285998385191E-4
include 5.768676088837611E-4 0.5013468798114469 2.8921077577816375E-4
underpinning 0.0017306028266512836 3.7784916128036232 0.0065390682655961175
initial 2.8843380444188056E-4 0.6988778552689304 2.015799986353996E-4
sociodemographic 0.001442169022209403 4.0661736852554045 0.005864109727798391
more 0.002019036631093164 0.05279818556697083 1.066014707149685E-4
display 2.8843380444188056E-4 0.167573700159399 4.8333919861378426E-5
aged 8.653014133256418E-4 2.0292917579943643 0.0017559490262425998
csvdisplay 0.001442169022209403 0.2669461739726028 3.8498150270060977E-4
consistent 0.001442169022209403 0.9306794693262548 0.001342197100268611
suggest 0.0017306028266512836 1.0059028905638423 0.0017408183857464822
performed 8.653014133256418E-4 0.4643056081310978 4.017642989308605E-4
mentioning 5.768676088837611E-4 2.8622008809294686 0.0016511109783267771
heterogeneity 5.768676088837611E-4 3.2188758248682006 0.001856865200385463
causality 2.8843380444188056E-4 3.373026504695459 9.728948672326099E-4
help 0.001442169022209403 0.8743265327751228 0.0012609266408640364
emotion 8.653014133256418E-4 2.8622008809294686 0.002476666467490166
assess 5.768676088837611E-4 0.9751312318970885 5.625216220923498E-4
backgrounds 2.8843380444188056E-4 3.2188758248682006 9.284326001927315E-4
responses 0.0037496394577444477 1.6384254493073527 0.006143504713295525
ages 5.768676088837611E-4 3.2188758248682006 0.001856865200385463
levels 0.001442169022209403 0.9452782687474074 0.0013632510365552458
first 8.653014133256418E-4 0.167573700159399 1.450017595841353E-4
statistics 2.8843380444188056E-4 1.5538680612792897 4.481880765155147E-4
categorical 2.8843380444188056E-4 2.0292917579943643 5.853163420808665E-4
data 0.0054802422843957315 0.167573700159399 9.183444773661902E-4
disability 0.0011537352177675222 3.2188758248682006 0.003713730400770926
own 8.653014133256418E-4 1.3361445774344192 0.0011561677912613954
fewer 2.8843380444188056E-4 1.6384254493073527 4.7257728563811723E-4
existence 2.8843380444188056E-4 1.6990500711237875 4.900634759514818E-4
threshold 2.8843380444188056E-4 2.120263536200091 6.115556781655872E-4
used 0.001442169022209403 0.07103577311675174 1.0244559145767486E-4
influence 2.8843380444188056E-4 0.9306794693262548 2.6843942005372215E-4
growing 2.8843380444188056E-4 1.5012243277938677 4.3300384418629005E-4
protocol 2.8843380444188056E-4 1.730798769438368 4.992208737924338E-4
shown 8.653014133256418E-4 0.3364722366212129 2.911499018931753E-4
spite 2.8843380444188056E-4 3.7784916128036232 0.0010898447109326862
presented 2.8843380444188056E-4 0.4373981552111735 1.2616041396341893E-4
only 0.0017306028266512836 0.10854016857520597 1.8783992254145827E-4
inferred 2.8843380444188056E-4 2.8622008809294686 8.255554891633886E-4
sage 2.8843380444188056E-4 5.1647859739235145 0.0014896988675868227
from 0.010672050764349583 0.023122417420854212 2.467636125098373E-4
homogenous 2.8843380444188056E-4 3.7784916128036232 0.0010898447109326862
pointing 2.8843380444188056E-4 2.8622008809294686 8.255554891633886E-4
consider 2.8843380444188056E-4 0.8080771472339223 2.3307676585922188E-4
potential 0.0023074704355350445 0.44628710262841953 0.0010297942950756723
described 2.8843380444188056E-4 0.44628710262841953 1.2872428688445904E-4
combination 2.8843380444188056E-4 0.758066726659261 2.1865206999113383E-4
otherwise 2.8843380444188056E-4 2.0292917579943643 5.853163420808665E-4
development 2.8843380444188056E-4 0.6004377824556778 1.731865539243374E-4
like 2.8843380444188056E-4 0.7827593392496325 2.2577425418218413E-4
resource 2.8843380444188056E-4 1.5812670354674039 4.560908668783974E-4
insights 2.8843380444188056E-4 1.6990500711237875 4.900634759514818E-4
behaviors 2.8843380444188056E-4 3.0853444322436783 8.899176326056181E-4
profiles 0.001442169022209403 2.6798793241355137 0.0038648389445277097
comparing 2.8843380444188056E-4 1.0539121097502027 3.0398387936261974E-4
published 0.0017306028266512836 0.03488725900044054 6.0375989040277835E-5
inner 2.8843380444188056E-4 2.456735772821304 7.086056454633123E-4
both 0.0031727718488606866 0.13434805253107854 4.262557190198627E-4
important 0.004038073262186328 0.2669461739726028 0.0010779482075617072
most 0.0017306028266512836 0.0771896386911299 1.3358460690706067E-4
histogram 5.768676088837611E-4 3.0853444322436783 0.0017798352652112362
indifferent 2.8843380444188056E-4 5.1647859739235145 0.0014896988675868227
recruit 2.8843380444188056E-4 3.5553480614894135 0.0010254825674904566
affection 2.8843380444188056E-4 4.471638793363569 0.0012897717892597544
effect 0.0011537352177675222 0.758066726659261 8.746082799645353E-4
residents 2.8843380444188056E-4 3.373026504695459 9.728948672326099E-4
intervention 2.8843380444188056E-4 1.79749014393704 5.18456920662544E-4
who 8.653014133256418E-4 0.44628710262841953 3.861728606533772E-4
line 2.8843380444188056E-4 1.0059028905638423 2.901363976244137E-4
part 5.768676088837611E-4 0.5496654570822546 3.170841979130398E-4
values 5.768676088837611E-4 0.5900749954201312 3.4039515167010736E-4
according 5.768676088837611E-4 0.4919571394616079 2.837941387145128E-4
their 0.006633977502163254 0.12136085700426753 8.051051950095625E-4
investigations 2.8843380444188056E-4 2.456735772821304 7.086056454633123E-4
distinct 0.002884338044418806 1.6990500711237875 0.004900634759514818
scale 0.0017306028266512836 1.4271163556401458 0.002469771599031115
affecting 2.8843380444188056E-4 2.169053700369523 6.256284108363204E-4
recovery 2.8843380444188056E-4 2.2203469947570738 6.40423130878879E-4
constructs 2.8843380444188056E-4 2.6798793241355137 7.729677889055418E-4
kaoru 0.0017306028266512836 4.471638793363569 0.007738630735558528
tend 5.768676088837611E-4 1.4759065198095778 8.514026650185046E-4
can 0.001442169022209403 0.0958817717032825 1.3827772094502814E-4
public 2.8843380444188056E-4 1.3361445774344192 3.853892637537984E-4
blaming 2.8843380444188056E-4 4.471638793363569 0.0012897717892597544
validated 2.8843380444188056E-4 1.9867321435755685 5.730407105784737E-4
conceptualizations 2.8843380444188056E-4 3.5553480614894135 0.0010254825674904566
laypeople 2.8843380444188056E-4 4.471638793363569 0.0012897717892597544
patient 2.8843380444188056E-4 0.9751312318970885 2.812608110461749E-4
ready 2.8843380444188056E-4 2.8622008809294686 8.255554891633886E-4
studies 0.00490337467551197 0.24480504809538922 0.0012003708732684214
mentioned 0.0037496394577444477 1.0376515888784226 0.003890819341049753
conceptualization 2.8843380444188056E-4 3.7784916128036232 0.0010898447109326862
value 2.8843380444188056E-4 0.6214911916535102 1.7925906883573987E-4
introduction 2.8843380444188056E-4 0.10219094089654716 2.947532186228646E-5
san 8.653014133256418E-4 3.0853444322436783 0.0026697528978168548
limited 5.768676088837611E-4 0.5696661237889241 3.286219346921973E-4
will 0.001442169022209403 0.3526016185510966 5.08511131455288E-4
also 0.004326507066628208 0.05279818556697083 2.2843172296064677E-4
increase 2.8843380444188056E-4 0.5013468798114469 1.4460538788908187E-4
differ 0.0011537352177675222 1.5271998141971284 0.0017619842102072434
factors 0.012114219786558985 0.6321864807702582 0.007658445974142153
currently 2.8843380444188056E-4 1.4035858582299516 4.0484160895008694E-4
someone 2.8843380444188056E-4 2.6798793241355137 7.729677889055418E-4
listed 2.8843380444188056E-4 1.8689491079191851 5.390681015053893E-4
third 5.768676088837611E-4 1.0059028905638423 5.802727952488274E-4
variance 2.8843380444188056E-4 1.9459101490553132 5.612662673940909E-4
mean 5.768676088837611E-4 0.6214911916535102 3.5851813767147974E-4
response 2.8843380444188056E-4 1.1758019273592397 3.391410231783212E-4
various 2.8843380444188056E-4 0.5798184952529422 1.6723925447157257E-4
posited 2.8843380444188056E-4 4.471638793363569 0.0012897717892597544
variable 8.653014133256418E-4 1.3146383722134554 0.001137558441488424
pruchno 0.0011537352177675222 5.1647859739235145 0.005958795470347291
coefficients 5.768676088837611E-4 2.120263536200091 0.0012231113563311745
depression 0.001442169022209403 3.373026504695459 0.00486447433616305
further 5.768676088837611E-4 0.27443684570176036 1.5831372696957618E-4
account 2.8843380444188056E-4 1.0539121097502027 3.0398387936261974E-4
fitting 2.8843380444188056E-4 3.373026504695459 9.728948672326099E-4
