german 0.002641739483844747 3.373026504695459 0.008910657297508832
floods 0.001625685836212152 5.1647859739235145 0.008396319404874642
year 2.03210729526519E-4 1.3146383722134554 2.6714862268105167E-4
recognized 2.03210729526519E-4 1.906689435902032 3.874597512501589E-4
nowadays 4.06421459053038E-4 3.373026504695459 0.0013708703534628974
owners 2.03210729526519E-4 3.7784916128036232 7.678300371476576E-4
scenarios 0.001422475106685633 1.9867321435755685 0.002826077017888433
without 6.09632188579557E-4 0.32850406697203605 2.002666533054477E-4
via 2.03210729526519E-4 0.9021060968821986 1.833176380577522E-4
these 0.005486689697216013 0.03488725900044054 1.9141556452182372E-4
deviations 4.06421459053038E-4 2.8622008809294686 0.0011632598581302453
would 0.001016053647632595 0.5013468798114469 5.093953259616408E-4
outcomes 0.002438528754318228 1.1043429633770947 0.0026929720708240472
absent 2.03210729526519E-4 2.9675613965872945 6.030403163152397E-4
because 0.001828896565738671 0.34450440831847723 6.300629292554958E-4
thus 2.03210729526519E-4 0.8881198549074587 1.804754836227309E-4
virtually 4.06421459053038E-4 3.2188758248682006 0.0013082202092534853
ras 2.03210729526519E-4 4.471638793363569 9.08684981378494E-4
economy 0.001625685836212152 2.9675613965872945 0.004824322530521918
adapted 2.03210729526519E-4 1.9459101490553132 3.954298209825875E-4
version 0.001422475106685633 1.3805963400052528 0.0019638639260387667
extensions 2.03210729526519E-4 3.0853444322436783 6.269750929168215E-4
size 0.002235318024791709 0.127833371509885 2.8574823950594085E-4
squared 2.03210729526519E-4 3.5553480614894135 7.224848732959589E-4
restaurants 2.03210729526519E-4 4.0661736852554045 8.26290120962285E-4
shocks 0.001422475106685633 4.471638793363569 0.006360794869649459
much 0.002235318024791709 0.7827593392496325 0.0017497160600987518
southern 4.06421459053038E-4 3.2188758248682006 0.0013082202092534853
harbour 2.03210729526519E-4 4.471638793363569 9.08684981378494E-4
providing 2.03210729526519E-4 1.252762968495368 2.545748767517513E-4
role 2.03210729526519E-4 0.6761496041913742 1.3740085433679622E-4
concluded 2.03210729526519E-4 1.9867321435755685 4.037252882697762E-4
least 4.06421459053038E-4 0.653926467406664 2.657697489968153E-4
utility 6.09632188579557E-4 2.2744142160273495 0.0013865561162532103
immediately 2.03210729526519E-4 1.9459101490553132 3.954298209825875E-4
matrix 2.03210729526519E-4 1.5012243277938677 3.0506489083395E-4
plausible 8.12842918106076E-4 2.8622008809294686 0.0023265197162604906
measurement 2.03210729526519E-4 1.79749014393704 3.652692834661736E-4
result 6.09632188579557E-4 0.4285875255290187 2.612807511861524E-4
rolling 2.03210729526519E-4 3.7784916128036232 7.678300371476576E-4
same 0.001422475106685633 0.2972515234679317 4.2283289255751314E-4
generalised 2.03210729526519E-4 3.5553480614894135 7.224848732959589E-4
after 4.06421459053038E-4 0.12136085700426753 4.932365657560152E-5
resilience 4.06421459053038E-4 3.373026504695459 0.0013708703534628974
huang 2.03210729526519E-4 2.8622008809294686 5.816299290651226E-4
close 4.06421459053038E-4 1.1394342831883648 4.630905438684677E-4
estimating 4.06421459053038E-4 2.6798793241355137 0.0010891604650012248
policy 4.06421459053038E-4 2.169053700369523 8.815499696685727E-4
minimize 6.09632188579557E-4 2.2203469947570738 0.001353594997819797
mitigate 2.03210729526519E-4 2.169053700369523 4.4077498483428634E-4
sets 6.09632188579557E-4 1.3146383722134554 8.01445868043155E-4
unlimited 2.03210729526519E-4 3.5553480614894135 7.224848732959589E-4
decreased 2.03210729526519E-4 1.293584963015623 2.6287034403893987E-4
namely 6.09632188579557E-4 2.073743520565198 0.001264220800994837
representing 2.03210729526519E-4 1.3361445774344192 2.715189143333508E-4
faced 4.06421459053038E-4 2.456735772821304 9.984701372978272E-4
the 0.11969111969111969 0.017291497110061043 0.0020696386502389664
component 4.06421459053038E-4 1.3361445774344192 5.430378286667016E-4
decreases 2.03210729526519E-4 2.2203469947570738 4.5119833260659904E-4
fifth 2.03210729526519E-4 2.7668907011251433 5.62261877895782E-4
information 0.001625685836212152 0.3049735695618419 4.957912124557479E-4
novel 2.03210729526519E-4 1.3805963400052528 2.805519894341095E-4
discuss 4.06421459053038E-4 1.4759065198095778 5.998400812069002E-4
standard 0.00203210729526519 0.7827593392496325 0.0015906509637261378
cge 0.001016053647632595 5.1647859739235145 0.005247699628046651
reports 2.03210729526519E-4 1.0539121097502027 2.1416624867917145E-4
nine 4.06421459053038E-4 1.9459101490553132 7.90859641965175E-4
inputs 0.001219264377159114 1.906689435902032 0.0023247585075009533
dominate 2.03210729526519E-4 4.0661736852554045 8.26290120962285E-4
spring 2.03210729526519E-4 4.0661736852554045 8.26290120962285E-4
assessment 4.06421459053038E-4 1.3146383722134554 5.342972453621033E-4
amounts 6.09632188579557E-4 1.9459101490553132 0.0011862894629477625
suffered 2.03210729526519E-4 2.9675613965872945 6.030403163152397E-4
shortage 4.06421459053038E-4 3.7784916128036232 0.0015356600742953152
enlarge 2.03210729526519E-4 4.471638793363569 9.08684981378494E-4
replacements 2.03210729526519E-4 4.471638793363569 9.08684981378494E-4
weighted 4.06421459053038E-4 1.9459101490553132 7.90859641965175E-4
delivering 2.03210729526519E-4 3.7784916128036232 7.678300371476576E-4
add 2.03210729526519E-4 1.7635885922613586 3.5838012441807734E-4
sectors 4.06421459053038E-4 3.0853444322436783 0.001253950185833643
need 6.09632188579557E-4 0.5013468798114469 3.0563719557698445E-4
its 0.002844950213371266 0.19497267434751336 5.546875514865245E-4
originally 4.06421459053038E-4 2.5257286443082556 0.0010265103207918128
respect 2.03210729526519E-4 1.5812670354674039 3.213304278535671E-4
onto 2.03210729526519E-4 2.5998366164619773 5.283146954809952E-4
lack 2.03210729526519E-4 0.6988778552689304 1.4201947881912832E-4
governmental 0.001422475106685633 3.7784916128036232 0.005374810260033604
volume 2.03210729526519E-4 1.4512139072192063 2.9490223678504496E-4
claims 2.03210729526519E-4 2.169053700369523 4.4077498483428634E-4
santos 4.06421459053038E-4 3.5553480614894135 0.0014449697465919178
income 2.03210729526519E-4 2.7668907011251433 5.62261877895782E-4
technical 8.12842918106076E-4 2.0292917579943643 0.0016494954342567481
united 2.03210729526519E-4 1.5812670354674039 3.213304278535671E-4
production 0.005283478967689494 1.6094379124341003 0.008503431360147654
regional 0.006502743344848608 2.5257286443082556 0.016424165132669005
applied 2.03210729526519E-4 0.6109090823229731 1.2414328029322763E-4
germany 0.001016053647632595 3.5553480614894135 0.003612424366479794
searching 2.03210729526519E-4 1.9459101490553132 3.954298209825875E-4
breakdown 4.06421459053038E-4 2.8622008809294686 0.0011632598581302453
prevent 2.03210729526519E-4 1.4512139072192063 2.9490223678504496E-4
flows 6.09632188579557E-4 3.5553480614894135 0.0021674546198878764
provides 2.03210729526519E-4 0.6214911916535102 1.2629367845021545E-4
responsible 2.03210729526519E-4 1.6682784124570338 3.390120732487368E-4
end 2.03210729526519E-4 1.1758019273592397 2.389355674373582E-4
perform 2.03210729526519E-4 0.9600933545325481 1.9510127098812193E-4
concentrate 6.09632188579557E-4 3.5553480614894135 0.0021674546198878764
special 2.03210729526519E-4 1.4512139072192063 2.9490223678504496E-4
multiregional 0.001828896565738671 5.1647859739235145 0.009445859330483973
with 0.009347693558219874 0.017291497110061043 1.6163561614769518E-4
environment 4.06421459053038E-4 1.4035858582299516 5.704474124080275E-4
service 0.001016053647632595 1.6990500711237875 0.0017263260222757442
there 6.09632188579557E-4 0.12136085700426753 7.398548486340227E-5
well 6.09632188579557E-4 0.3127557100038969 1.906659479804289E-4
smaller 0.001625685836212152 1.121734706088964 0.00182358822367643
called 2.03210729526519E-4 1.2729656758128876 2.5868028364415516E-4
changing 2.03210729526519E-4 1.6682784124570338 3.390120732487368E-4
approach 0.002235318024791709 0.5398131606392429 0.001206654087996682
gains 4.06421459053038E-4 2.6798793241355137 0.0010891604650012248
turns 2.03210729526519E-4 2.6798793241355137 5.445802325006124E-4
number 0.001422475106685633 0.167573700159399 2.383694170119474E-4
connects 2.03210729526519E-4 2.7668907011251433 5.62261877895782E-4
gained 2.03210729526519E-4 2.0292917579943643 4.1237385856418703E-4
per 0.003657793131477342 0.7339691750802005 0.002684707407324448
algorithm 2.03210729526519E-4 1.0059028905638423 2.0441026022431261E-4
order 8.12842918106076E-4 0.6214911916535102 5.051747138008618E-4
okuyama 2.03210729526519E-4 5.1647859739235145 0.0010495399256093302
testing 2.03210729526519E-4 1.293584963015623 2.6287034403893987E-4
specify 2.03210729526519E-4 2.7668907011251433 5.62261877895782E-4
impacts 0.008738061369640317 2.169053700369523 0.018953324347874313
aggregated 6.09632188579557E-4 2.8622008809294686 0.0017448897871953678
schulte 6.09632188579557E-4 5.1647859739235145 0.003148619776827991
journals 2.03210729526519E-4 2.6798793241355137 5.445802325006124E-4
propose 2.03210729526519E-4 1.5812670354674039 3.213304278535671E-4
dietzenbacher 4.06421459053038E-4 5.1647859739235145 0.0020990798512186605
system 4.06421459053038E-4 0.44628710262841953 1.813806554067952E-4
million 2.03210729526519E-4 1.5012243277938677 3.0506489083395E-4
even 0.00203210729526519 0.377294231141468 7.667023595640479E-4
restriction 4.06421459053038E-4 3.373026504695459 0.0013708703534628974
driven 2.03210729526519E-4 2.392197251683733 4.8612014868598517E-4
ario 6.09632188579557E-4 5.1647859739235145 0.003148619776827991
partial 4.06421459053038E-4 1.6682784124570338 6.780241464974736E-4
aid 0.001625685836212152 2.169053700369523 0.0035261998786742907
assumed 0.001016053647632595 1.6094379124341003 0.0016352752615668566
authors 0.001828896565738671 0.023122417420854212 4.228850981257629E-5
larger 0.001828896565738671 0.9162907318741551 0.0016758009727428156
other 0.001828896565738671 0.0408219945202552 7.465920558469759E-5
assumes 2.03210729526519E-4 2.2744142160273495 4.621853720844035E-4
exclusion 2.03210729526519E-4 1.8689491079191851 3.797905116681945E-4
air 2.03210729526519E-4 2.5257286443082556 5.132551603959064E-4
intraregional 4.06421459053038E-4 5.1647859739235145 0.0020990798512186605
local 0.001219264377159114 1.0704414117014134 0.0013051510811234463
indicating 6.09632188579557E-4 1.5271998141971284 9.31030165127288E-4
restricting 2.03210729526519E-4 4.0661736852554045 8.26290120962285E-4
top 0.001828896565738671 1.5538680612792897 0.0028418639608846995
indicates 8.12842918106076E-4 1.0376515888784226 8.434477454813433E-4
modelled 6.09632188579557E-4 2.8622008809294686 0.0017448897871953678
have 0.001828896565738671 0.028987536873252187 5.301520663671402E-5
share 0.001016053647632595 1.4035858582299516 0.0014261185310200687
costly 4.06421459053038E-4 2.6798793241355137 0.0010891604650012248
hallegate 6.09632188579557E-4 5.1647859739235145 0.003148619776827991
manufactured 2.03210729526519E-4 4.0661736852554045 8.26290120962285E-4
outcome 0.001422475106685633 1.3361445774344192 0.0019006324003334556
hitherto 2.03210729526519E-4 4.471638793363569 9.08684981378494E-4
product 0.004267425320056899 1.5538680612792897 0.006631015908730967
particularly 6.09632188579557E-4 0.9751312318970885 5.944713870537015E-4
linear 2.03210729526519E-4 1.3146383722134554 2.6714862268105167E-4
implications 2.03210729526519E-4 2.120263536200091 4.308602999796974E-4
attributed 8.12842918106076E-4 1.79749014393704 0.0014610771338646944
stores 2.03210729526519E-4 3.5553480614894135 7.224848732959589E-4
produce 2.03210729526519E-4 1.157452788691043 2.3520682558241071E-4
proportionally 6.09632188579557E-4 3.373026504695459 0.002056305530194346
framework 2.03210729526519E-4 1.4271163556401458 2.9000535574886117E-4
industries 0.004470636049583418 2.5998366164619773 0.011622923300581895
rose 2.03210729526519E-4 4.471638793363569 9.08684981378494E-4
constraint 4.06421459053038E-4 2.2203469947570738 9.023966652131981E-4
possibilities 2.03210729526519E-4 2.2203469947570738 4.5119833260659904E-4
capital 8.12842918106076E-4 2.6798793241355137 0.0021783209300024497
arrow 4.06421459053038E-4 4.471638793363569 0.001817369962756988
almost 6.09632188579557E-4 1.1043429633770947 6.732430177060118E-4
equally 4.06421459053038E-4 2.073743520565198 8.428138673298915E-4
implicitly 2.03210729526519E-4 2.9675613965872945 6.030403163152397E-4
losses 0.004877057508636456 3.0853444322436783 0.015047402230003714
points 2.03210729526519E-4 0.9751312318970885 1.9815712901790052E-4
updating 2.03210729526519E-4 3.5553480614894135 7.224848732959589E-4
plausibility 2.03210729526519E-4 4.471638793363569 9.08684981378494E-4
function 2.03210729526519E-4 0.6321864807702582 1.2846707595412683E-4
maintained 2.03210729526519E-4 2.5257286443082556 5.132551603959064E-4
net 0.001828896565738671 3.0853444322436783 0.005642775836251393
always 2.03210729526519E-4 1.2729656758128876 2.5868028364415516E-4
all 0.007112375533428165 0.017291497110061043 1.2298362098194199E-4
counting 2.03210729526519E-4 2.120263536200091 4.308602999796974E-4
new 4.06421459053038E-4 0.38566248081198473 1.567415081536211E-4
barker 2.03210729526519E-4 5.1647859739235145 0.0010495399256093302
including 4.06421459053038E-4 0.2669461739726028 1.0849265351457135E-4
comparison 2.03210729526519E-4 0.758066726659261 1.540472925542087E-4
already 0.001219264377159114 1.157452788691043 0.0014112409534944642
below 4.06421459053038E-4 1.4035858582299516 5.704474124080275E-4
substitutes 4.06421459053038E-4 4.0661736852554045 0.00165258024192457
amplified 4.06421459053038E-4 4.0661736852554045 0.00165258024192457
applicable 2.03210729526519E-4 2.120263536200091 4.308602999796974E-4
italics 2.03210729526519E-4 4.471638793363569 9.08684981378494E-4
gastronomy 2.03210729526519E-4 5.1647859739235145 0.0010495399256093302
constitutes 8.12842918106076E-4 2.5998366164619773 0.0021132587819239807
real 6.09632188579557E-4 1.3361445774344192 8.145567430000522E-4
less 0.001219264377159114 0.368995428326773 4.4990298109340337E-4
munich 2.03210729526519E-4 5.1647859739235145 0.0010495399256093302
affected 0.002235318024791709 1.3805963400052528 0.0030860718837752046
unit 8.12842918106076E-4 1.5538680612792897 0.0012630506492820888
markets 4.06421459053038E-4 3.373026504695459 0.0013708703534628974
stimulating 2.03210729526519E-4 3.5553480614894135 7.224848732959589E-4
were 0.001625685836212152 0.0958817717032825 1.558736382089535E-4
monthly 0.001016053647632595 2.8622008809294686 0.0029081496453256133
amplifies 2.03210729526519E-4 5.1647859739235145 0.0010495399256093302
try 2.03210729526519E-4 2.169053700369523 4.4077498483428634E-4
financial 4.06421459053038E-4 1.8689491079191851 7.59581023336389E-4
policies 2.03210729526519E-4 2.5257286443082556 5.132551603959064E-4
cause 6.09632188579557E-4 1.1394342831883648 6.946358158027015E-4
artificially 2.03210729526519E-4 4.471638793363569 9.08684981378494E-4
simpler 4.06421459053038E-4 3.0853444322436783 0.001253950185833643
represents 6.09632188579557E-4 0.9751312318970885 5.944713870537015E-4
times 0.001016053647632595 0.9600933545325481 9.755063549406097E-4
and 0.03149766307661044 0.017291497110061043 5.446417500628859E-4
define 2.03210729526519E-4 1.3146383722134554 2.6714862268105167E-4
convex 2.03210729526519E-4 3.0853444322436783 6.269750929168215E-4
construction 0.00203210729526519 1.730798769438368 0.003517168806011721
working 8.12842918106076E-4 1.5538680612792897 0.0012630506492820888
regionalizing 2.03210729526519E-4 5.1647859739235145 0.0010495399256093302
row 4.06421459053038E-4 2.8622008809294686 0.0011632598581302453
ratios 0.001219264377159114 2.169053700369523 0.002644649909005718
rates 2.03210729526519E-4 1.2329603411991883 2.5055077041235283E-4
italian 2.03210729526519E-4 3.0853444322436783 6.269750929168215E-4
transport 4.06421459053038E-4 3.373026504695459 0.0013708703534628974
rows 2.03210729526519E-4 3.5553480614894135 7.224848732959589E-4
specific 2.03210729526519E-4 0.40261203912575794 8.181508618690469E-5
any 2.03210729526519E-4 0.2669461739726028 5.4246326757285673E-5
suggested 2.03210729526519E-4 1.121734706088964 2.2794852795955374E-4
application 4.06421459053038E-4 1.0376515888784226 4.2172387274067166E-4
inflate 2.03210729526519E-4 4.471638793363569 9.08684981378494E-4
consists 6.09632188579557E-4 1.2135422553420867 7.398144210579679E-4
equilibrium 8.12842918106076E-4 4.471638793363569 0.003634739925513976
remainder 2.03210729526519E-4 2.2744142160273495 4.621853720844035E-4
koks 4.06421459053038E-4 5.1647859739235145 0.0020990798512186605
capita 0.001016053647632595 5.1647859739235145 0.005247699628046651
reason 6.09632188579557E-4 1.0059028905638423 6.132307806729377E-4
mitigating 4.06421459053038E-4 3.373026504695459 0.0013708703534628974
maintain 2.03210729526519E-4 1.79749014393704 3.652692834661736E-4
thieken 2.03210729526519E-4 5.1647859739235145 0.0010495399256093302
led 2.03210729526519E-4 1.3581234841531944 2.759852640018684E-4
discussion 6.09632188579557E-4 0.2595111954850846 1.5820637806446936E-4
supply 0.00406421459053038 2.392197251683733 0.009722402973719702
wherein 2.03210729526519E-4 3.373026504695459 6.854351767314487E-4
jan 0.001828896565738671 3.2188758248682006 0.005886990941640684
annual 2.03210729526519E-4 2.2203469947570738 4.5119833260659904E-4
implausible 4.06421459053038E-4 5.1647859739235145 0.0020990798512186605
state 2.03210729526519E-4 1.0376515888784226 2.1086193637033583E-4
events 2.03210729526519E-4 1.4759065198095778 2.999200406034501E-4
fully 6.09632188579557E-4 1.2729656758128876 7.760408509324654E-4
defined 2.03210729526519E-4 0.5300569856938783 1.0771326675348065E-4
models 0.001828896565738671 0.7953381214564925 0.001454591158932825
discussing 2.03210729526519E-4 2.073743520565198 4.2140693366494574E-4
using 8.12842918106076E-4 0.083381608939051 6.777615032639789E-5
expected 4.06421459053038E-4 0.9600933545325481 3.9020254197624386E-4
investigating 2.03210729526519E-4 2.0292917579943643 4.1237385856418703E-4
demand 0.006502743344848608 1.730798769438368 0.011254940179237508
each 2.03210729526519E-4 0.13434805253107854 2.730096576530757E-5
input 6.09632188579557E-4 1.0216512475319812 6.228314859979564E-4
formulating 2.03210729526519E-4 3.2188758248682006 6.541101046267427E-4
difference 0.001219264377159114 0.6004377824556778 7.320923988486215E-4
increased 2.03210729526519E-4 0.4919571394616079 9.997096920577279E-5
frequently 2.03210729526519E-4 1.157452788691043 2.3520682558241071E-4
two 0.001219264377159114 0.11492996667397702 1.401300142336643E-4
increases 0.001219264377159114 1.1394342831883648 0.001389271631605403
found 8.12842918106076E-4 0.27443684570176036 2.230740464960458E-4
varying 4.06421459053038E-4 2.073743520565198 8.428138673298915E-4
are 0.013818329607803293 0.028987536873252187 4.005593390329504E-4
scenario 0.003861003861003861 2.456735772821304 0.009485466304329358
does 6.09632188579557E-4 0.5696661237889241 3.472868058050746E-4
taken 4.06421459053038E-4 0.990398704027877 4.025192863352477E-4
reported 8.12842918106076E-4 0.5300569856938783 4.308530670139226E-4
structured 2.03210729526519E-4 1.3805963400052528 2.805519894341095E-4
where 0.00203210729526519 0.32850406697203605 6.67555511018159E-4
takes 2.03210729526519E-4 1.3805963400052528 2.805519894341095E-4
situation 8.12842918106076E-4 1.7635885922613586 0.0014335204976723094
gives 4.06421459053038E-4 1.3146383722134554 5.342972453621033E-4
bandwidth 2.03210729526519E-4 4.471638793363569 9.08684981378494E-4
danube 4.06421459053038E-4 5.1647859739235145 0.0020990798512186605
black 2.03210729526519E-4 2.392197251683733 4.8612014868598517E-4
lacking 2.03210729526519E-4 2.331572629867298 4.738005750593981E-4
replaced 2.03210729526519E-4 2.331572629867298 4.738005750593981E-4
summarized 2.03210729526519E-4 1.4271163556401458 2.9000535574886117E-4
combining 2.03210729526519E-4 1.6682784124570338 3.390120732487368E-4
services 0.001422475106685633 1.6682784124570338 0.002373084512741158
gras 2.03210729526519E-4 5.1647859739235145 0.0010495399256093302
producers 2.03210729526519E-4 3.373026504695459 6.854351767314487E-4
such 0.001828896565738671 0.10219094089654716 1.868966608552986E-4
nlp 0.001016053647632595 0.41119578281714936 4.177969750225049E-4
absolute 8.12842918106076E-4 2.120263536200091 0.0017234411999187897
describe 2.03210729526519E-4 1.0216512475319812 2.0761049533265215E-4
implies 0.001422475106685633 2.2203469947570738 0.003158388328246193
johannes 0.001828896565738671 5.1647859739235145 0.009445859330483973
fashion 2.03210729526519E-4 2.456735772821304 4.992350686489136E-4
insurance 2.03210729526519E-4 2.2744142160273495 4.621853720844035E-4
principle 4.06421459053038E-4 2.331572629867298 9.476011501187961E-4
till 2.03210729526519E-4 4.0661736852554045 8.26290120962285E-4
predominantly 4.06421459053038E-4 2.5257286443082556 0.0010265103207918128
needing 2.03210729526519E-4 3.7784916128036232 7.678300371476576E-4
justified 2.03210729526519E-4 3.7784916128036232 7.678300371476576E-4
remains 4.06421459053038E-4 1.4512139072192063 5.898044735700899E-4
had 4.06421459053038E-4 0.32059888746492277 1.3029826761427464E-4
run 4.06421459053038E-4 2.0292917579943643 8.247477171283741E-4
accounting 4.06421459053038E-4 2.5257286443082556 0.0010265103207918128
incorporate 2.03210729526519E-4 2.456735772821304 4.992350686489136E-4
research 2.03210729526519E-4 0.41119578281714936 8.355939500450098E-5
summation 6.09632188579557E-4 3.7784916128036232 0.0023034901114429725
blackout 2.03210729526519E-4 5.1647859739235145 0.0010495399256093302
domestic 0.001016053647632595 2.7668907011251433 0.00281130938947891
unable 8.12842918106076E-4 1.9459101490553132 0.00158171928393035
either 2.03210729526519E-4 0.7827593392496325 1.5906509637261378E-4
sectoral 2.03210729526519E-4 5.1647859739235145 0.0010495399256093302
vulnerable 2.03210729526519E-4 2.6798793241355137 5.445802325006124E-4
white 2.03210729526519E-4 2.5998366164619773 5.283146954809952E-4
huge 2.03210729526519E-4 1.9459101490553132 3.954298209825875E-4
has 0.001828896565738671 0.05279818556697083 9.656242026066602E-5
results 0.001828896565738671 0.08961215868968714 1.638913692759976E-4
those 0.00203210729526519 0.3364722366212129 6.83747686692162E-4
estimates 6.09632188579557E-4 2.2203469947570738 0.001353594997819797
actual 4.06421459053038E-4 1.293584963015623 5.257406880778797E-4
eastern 0.001625685836212152 3.373026504695459 0.005483481413851589
involves 2.03210729526519E-4 1.6094379124341003 3.2705505231337133E-4
weighs 2.03210729526519E-4 4.471638793363569 9.08684981378494E-4
insufficient 2.03210729526519E-4 2.073743520565198 4.2140693366494574E-4
bold 4.06421459053038E-4 3.373026504695459 0.0013708703534628974
significant 4.06421459053038E-4 0.377294231141468 1.5334047191280958E-4
decrease 2.03210729526519E-4 1.3146383722134554 2.6714862268105167E-4
yards 2.03210729526519E-4 4.471638793363569 9.08684981378494E-4
longer 2.03210729526519E-4 1.1758019273592397 2.389355674373582E-4
measure 8.12842918106076E-4 1.0216512475319812 8.304419813306086E-4
leads 6.09632188579557E-4 1.1758019273592397 7.168067023120746E-4
fixed 0.006299532615322089 1.6682784124570338 0.010509374270710841
assume 0.001828896565738671 1.730798769438368 0.003165451925410549
employees 0.001625685836212152 2.9675613965872945 0.004824322530521918
full 8.12842918106076E-4 0.14750613710858965 1.1989931892590096E-4
next 2.03210729526519E-4 0.8080771472339223 1.6420994660311367E-4
hidden 2.03210729526519E-4 1.730798769438368 3.5171688060117213E-4
distance 4.06421459053038E-4 1.4271163556401458 5.800107114977223E-4
exports 2.03210729526519E-4 4.0661736852554045 8.26290120962285E-4
show 8.12842918106076E-4 0.6321864807702582 5.138683038165073E-4
impossible 2.03210729526519E-4 2.2203469947570738 4.5119833260659904E-4
hampers 2.03210729526519E-4 5.1647859739235145 0.0010495399256093302
description 2.03210729526519E-4 1.4512139072192063 2.9490223678504496E-4
reunified 2.03210729526519E-4 5.1647859739235145 0.0010495399256093302
symmetric 6.09632188579557E-4 2.9675613965872945 0.0018091209489457189
disaster 0.00609632188579557 3.2188758248682006 0.019623303138802277
nor 2.03210729526519E-4 1.6094379124341003 3.2705505231337133E-4
negative 0.004267425320056899 0.6429973968744738 0.0027439433721528042
not 0.003048160942897785 0.03488725900044054 1.0634198028990207E-4
drops 0.001219264377159114 2.9675613965872945 0.0036182418978914378
central 2.03210729526519E-4 1.3805963400052528 2.805519894341095E-4
now 4.06421459053038E-4 1.4035858582299516 5.704474124080275E-4
supporting 2.03210729526519E-4 1.9867321435755685 4.037252882697762E-4
derived 8.12842918106076E-4 1.3581234841531944 0.0011039410560074736
sachsen 0.001016053647632595 5.1647859739235145 0.005247699628046651
delivery 4.06421459053038E-4 2.331572629867298 9.476011501187961E-4
estimated 0.001625685836212152 1.3805963400052528 0.002244415915472876
was 8.12842918106076E-4 0.058840500022933395 4.7828083741461814E-5
purchase 4.06421459053038E-4 3.5553480614894135 0.0014449697465919178
grew 2.03210729526519E-4 3.373026504695459 6.854351767314487E-4
grey 2.03210729526519E-4 3.7784916128036232 7.678300371476576E-4
equal 2.03210729526519E-4 1.3805963400052528 2.805519894341095E-4
compensated 2.03210729526519E-4 4.471638793363569 9.08684981378494E-4
what 2.03210729526519E-4 0.8209805520698303 1.6683205691319454E-4
shortages 2.03210729526519E-4 4.0661736852554045 8.26290120962285E-4
refer 4.06421459053038E-4 1.6682784124570338 6.780241464974736E-4
assuming 8.12842918106076E-4 1.9459101490553132 0.00158171928393035
short 4.06421459053038E-4 1.157452788691043 4.7041365116482143E-4
delivers 2.03210729526519E-4 3.373026504695459 6.854351767314487E-4
reducing 4.06421459053038E-4 1.5538680612792897 6.315253246410444E-4
applications 2.03210729526519E-4 1.2135422553420867 2.4660480701932266E-4
measured 2.03210729526519E-4 1.0704414117014134 2.175251801872411E-4
elbe 8.12842918106076E-4 5.1647859739235145 0.004198159702437321
governments 2.03210729526519E-4 3.5553480614894135 7.224848732959589E-4
issues 2.03210729526519E-4 1.121734706088964 2.2794852795955374E-4
three 0.001828896565738671 0.22314355131420976 4.0810647466528916E-4
when 0.00203210729526519 0.14750613710858965 2.9974829731475237E-4
required 2.03210729526519E-4 0.5900749954201312 1.1990957029468223E-4
excluded 2.03210729526519E-4 1.293584963015623 2.6287034403893987E-4
measures 8.12842918106076E-4 1.2329603411991883 0.0010022030816494113
oosterhaven 0.003048160942897785 5.1647859739235145 0.015743098884139953
broad 2.03210729526519E-4 1.4759065198095778 2.999200406034501E-4
truly 2.03210729526519E-4 3.0853444322436783 6.269750929168215E-4
case 0.00203210729526519 0.38566248081198473 7.837075407681054E-4
batten 2.03210729526519E-4 5.1647859739235145 0.0010495399256093302
double 2.03210729526519E-4 2.6798793241355137 5.445802325006124E-4
conclusions 2.03210729526519E-4 1.0872485300177945 2.2094056696155142E-4
extraction 4.06421459053038E-4 1.3361445774344192 5.430378286667016E-4
lowest 4.06421459053038E-4 1.6094379124341003 6.541101046267427E-4
provide 2.03210729526519E-4 0.44628710262841953 9.06903277033976E-5
completely 2.03210729526519E-4 1.3805963400052528 2.805519894341095E-4
requires 2.03210729526519E-4 0.8881198549074587 1.804754836227309E-4
primary 6.09632188579557E-4 0.9306794693262548 5.673721617514253E-4
damage 0.001625685836212152 1.8325814637483102 0.0029792017293205613
explicitly 4.06421459053038E-4 1.5812670354674039 6.426608557071343E-4
differences 4.06421459053038E-4 0.7953381214564925 3.2324247976285006E-4
direct 0.003454582401950823 0.990398704027877 0.0034214139338496056
pattern 6.09632188579557E-4 1.6682784124570338 0.0010170362197462104
flooded 0.003048160942897785 5.1647859739235145 0.015743098884139953
formation 2.03210729526519E-4 2.073743520565198 4.2140693366494574E-4
labour 0.001016053647632595 3.2188758248682006 0.003270550523133713
gain 8.12842918106076E-4 1.5812670354674039 0.0012853217114142685
unknown 2.03210729526519E-4 1.79749014393704 3.652692834661736E-4
multipliers 0.003657793131477342 4.0661736852554045 0.01487322217732113
wei 2.03210729526519E-4 3.5553480614894135 7.224848732959589E-4
categories 6.09632188579557E-4 1.0216512475319812 6.228314859979564E-4
minimizing 4.06421459053038E-4 2.8622008809294686 0.0011632598581302453
enables 4.06421459053038E-4 1.6990500711237875 6.905304089102977E-4
hamburg 0.001219264377159114 5.1647859739235145 0.006297239553655982
means 0.00203210729526519 0.6988778552689304 0.0014201947881912831
suffers 4.06421459053038E-4 2.6798793241355137 0.0010891604650012248
more 0.003251371672424304 0.05279818556697083 1.716665249078507E-4
display 6.09632188579557E-4 0.167573700159399 1.0215832157654887E-4
wet 4.06421459053038E-4 4.0661736852554045 0.00165258024192457
csvdisplay 0.001219264377159114 0.2669461739726028 3.25477960543714E-4
climate 2.03210729526519E-4 2.9675613965872945 6.030403163152397E-4
leontief 2.03210729526519E-4 5.1647859739235145 0.0010495399256093302
great 2.03210729526519E-4 1.3361445774344192 2.715189143333508E-4
january 6.09632188579557E-4 1.3581234841531944 8.279557920056051E-4
sides 2.03210729526519E-4 3.2188758248682006 6.541101046267427E-4
summarize 4.06421459053038E-4 2.6798793241355137 0.0010891604650012248
accounts 4.06421459053038E-4 1.8689491079191851 7.59581023336389E-4
choice 2.03210729526519E-4 1.6682784124570338 3.390120732487368E-4
certain 2.03210729526519E-4 0.8209805520698303 1.6683205691319454E-4
economic 0.00609632188579557 1.6990500711237875 0.010357956133654466
levels 0.001016053647632595 0.9452782687474074 9.604534329886277E-4
small 8.12842918106076E-4 0.6214911916535102 5.051747138008618E-4
indicator 2.03210729526519E-4 2.120263536200091 4.308602999796974E-4
shut 8.12842918106076E-4 5.1647859739235145 0.004198159702437321
questionable 2.03210729526519E-4 3.5553480614894135 7.224848732959589E-4
before 4.06421459053038E-4 0.5203950747821414 2.1149972557697275E-4
section 0.001016053647632595 0.7953381214564925 8.081061994071251E-4
used 0.001828896565738671 0.07103577311675174 1.2991708149781868E-4
experience 2.03210729526519E-4 1.2135422553420867 2.4660480701932266E-4
assumptions 0.002438528754318228 2.392197251683733 0.005833441784231821
hit 0.001219264377159114 3.5553480614894135 0.004334909239775753
shows 0.001828896565738671 0.5596157879354227 0.001023479392688235
shown 0.001828896565738671 0.3364722366212129 6.153729180229457E-4
percentage 0.001828896565738671 1.3146383722134554 0.002404337604129465
theoretically 2.03210729526519E-4 2.7668907011251433 5.62261877895782E-4
emphasis 2.03210729526519E-4 3.0853444322436783 6.269750929168215E-4
consider 4.06421459053038E-4 0.8080771472339223 3.2841989320622734E-4
potential 2.03210729526519E-4 0.44628710262841953 9.06903277033976E-5
combination 4.06421459053038E-4 0.758066726659261 3.080945851084174E-4
marked 4.06421459053038E-4 1.79749014393704 7.305385669323472E-4
imports 8.12842918106076E-4 4.471638793363569 0.003634739925513976
package 2.03210729526519E-4 2.2203469947570738 4.5119833260659904E-4
gross 0.001625685836212152 3.5553480614894135 0.005779878986367671
kind 2.03210729526519E-4 1.6990500711237875 3.4526520445514886E-4
interrelations 2.03210729526519E-4 4.471638793363569 9.08684981378494E-4
flooding 0.007925218451534242 5.1647859739235145 0.04093205709876389
particular 4.06421459053038E-4 1.0704414117014134 4.350503603744822E-4
computable 4.06421459053038E-4 5.1647859739235145 0.0020990798512186605
exceptions 2.03210729526519E-4 3.373026504695459 6.854351767314487E-4
both 0.003251371672424304 0.13434805253107854 4.368154522449211E-4
denominator 4.06421459053038E-4 3.5553480614894135 0.0014449697465919178
produced 2.03210729526519E-4 1.3581234841531944 2.759852640018684E-4
most 0.001219264377159114 0.0771896386911299 9.411457674187754E-5
important 0.001219264377159114 0.2669461739726028 3.25477960543714E-4
economies 0.001422475106685633 3.5553480614894135 0.005057394113071712
market 0.003454582401950823 2.073743520565198 0.007163917872304078
effects 0.001219264377159114 1.0216512475319812 0.0012456629719959128
vectors 2.03210729526519E-4 1.79749014393704 3.652692834661736E-4
twice 4.06421459053038E-4 2.5257286443082556 0.0010265103207918128
refers 2.03210729526519E-4 1.5271998141971284 3.1034338837576274E-4
keep 2.03210729526519E-4 1.906689435902032 3.874597512501589E-4
effect 6.09632188579557E-4 0.758066726659261 4.6214187766262607E-4
produces 2.03210729526519E-4 2.073743520565198 4.2140693366494574E-4
igras 6.09632188579557E-4 5.1647859739235145 0.003148619776827991
who 6.09632188579557E-4 0.44628710262841953 2.720709831101927E-4
largest 6.09632188579557E-4 1.6094379124341003 9.811651569401139E-4
substitution 0.001625685836212152 3.373026504695459 0.005483481413851589
part 0.001016053647632595 0.5496654570822546 5.584895926460623E-4
theil 2.03210729526519E-4 5.1647859739235145 0.0010495399256093302
values 2.03210729526519E-4 0.5900749954201312 1.1990957029468223E-4
their 0.005283478967689494 0.12136085700426753 6.412075354828197E-4
elsewhere 2.03210729526519E-4 2.9675613965872945 6.030403163152397E-4
bayern 0.001422475106685633 5.1647859739235145 0.007346779479265313
point 2.03210729526519E-4 0.7703368192510752 1.5654070702114922E-4
general 6.09632188579557E-4 0.4734380916943703 2.8862309999656794E-4
tend 6.09632188579557E-4 1.4759065198095778 8.997601218103501E-4
alone 2.03210729526519E-4 1.730798769438368 3.5171688060117213E-4
september 2.03210729526519E-4 2.2203469947570738 4.5119833260659904E-4
billion 8.12842918106076E-4 3.5553480614894135 0.0028899394931838356
matrices 4.06421459053038E-4 2.8622008809294686 0.0011632598581302453
introduction 4.06421459053038E-4 0.10219094089654716 4.153259130117747E-5
adds 2.03210729526519E-4 2.456735772821304 4.992350686489136E-4
rest 2.03210729526519E-4 1.7635885922613586 3.5838012441807734E-4
applying 2.03210729526519E-4 1.1758019273592397 2.389355674373582E-4
requirements 2.03210729526519E-4 1.9459101490553132 3.954298209825875E-4
original 6.09632188579557E-4 1.1944940603713923 7.282020282694933E-4
alternative 0.001828896565738671 1.3805963400052528 0.002524967904906985
also 0.001828896565738671 0.05279818556697083 9.656242026066602E-5
concentration 2.03210729526519E-4 2.5998366164619773 5.283146954809952E-4
heavily 2.03210729526519E-4 2.0292917579943643 4.1237385856418703E-4
enough 2.03210729526519E-4 1.4512139072192063 2.9490223678504496E-4
increase 0.001625685836212152 0.5013468798114469 8.150325215386253E-4
spread 2.03210729526519E-4 2.120263536200091 4.308602999796974E-4
third 4.06421459053038E-4 1.0059028905638423 4.0882052044862523E-4
various 6.09632188579557E-4 0.5798184952529422 3.5347601823995656E-4
mean 4.06421459053038E-4 0.6214911916535102 2.525873569004309E-4
attention 2.03210729526519E-4 1.157452788691043 2.3520682558241071E-4
latter 8.12842918106076E-4 1.8325814637483102 0.0014896008646602807
further 6.09632188579557E-4 0.27443684570176036 1.6730553487203436E-4
methodology 2.03210729526519E-4 1.3361445774344192 2.715189143333508E-4
account 2.03210729526519E-4 1.0539121097502027 2.1416624867917145E-4
demands 4.06421459053038E-4 2.456735772821304 9.984701372978272E-4
equivalent 2.03210729526519E-4 1.7635885922613586 3.5838012441807734E-4
mostly 6.09632188579557E-4 1.1758019273592397 7.168067023120746E-4
been 4.06421459053038E-4 0.05279818556697083 2.1458315613481337E-5
reductions 2.03210729526519E-4 3.7784916128036232 7.678300371476576E-4
asterisk 4.06421459053038E-4 5.1647859739235145 0.0020990798512186605
den 6.09632188579557E-4 3.7784916128036232 0.0023034901114429725
extracted 4.06421459053038E-4 1.0704414117014134 4.350503603744822E-4
investigates 4.06421459053038E-4 2.9675613965872945 0.0012060806326304795
der 4.06421459053038E-4 2.9675613965872945 0.0012060806326304795
path 2.03210729526519E-4 2.2203469947570738 4.5119833260659904E-4
suffer 4.06421459053038E-4 2.5257286443082556 0.0010265103207918128
manufacturing 6.09632188579557E-4 2.9675613965872945 0.0018091209489457189
assumption 0.004470636049583418 1.9867321435755685 0.008881956341935076
unrolled 2.03210729526519E-4 5.1647859739235145 0.0010495399256093302
limitations 4.06421459053038E-4 0.9162907318741551 3.7240021616507016E-4
addition 2.03210729526519E-4 0.8080771472339223 1.6420994660311367E-4
flexibly 2.03210729526519E-4 4.471638793363569 9.08684981378494E-4
preventing 4.06421459053038E-4 2.5998366164619773 0.0010566293909619903
past 2.03210729526519E-4 1.293584963015623 2.6287034403893987E-4
disasters 0.001016053647632595 3.7784916128036232 0.003839150185738288
impact 0.003861003861003861 0.7827593392496325 0.0030222368310796623
shock 0.001016053647632595 4.471638793363569 0.00454342490689247
personal 0.001016053647632595 1.8325814637483102 0.0018620010808253506
whose 6.09632188579557E-4 1.730798769438368 0.0010551506418035163
former 8.12842918106076E-4 2.073743520565198 0.001685627734659783
population 6.09632188579557E-4 0.9751312318970885 5.944713870537015E-4
plastic 2.03210729526519E-4 3.0853444322436783 6.269750929168215E-4
delay 2.03210729526519E-4 2.2744142160273495 4.621853720844035E-4
interpretation 6.09632188579557E-4 1.4759065198095778 8.997601218103501E-4
flexible 6.09632188579557E-4 2.5998366164619773 0.0015849440864429854
intermediate 0.001422475106685633 2.2203469947570738 0.003158388328246193
switched 2.03210729526519E-4 3.373026504695459 6.854351767314487E-4
firms 0.002438528754318228 3.373026504695459 0.008225222120777384
relative 4.06421459053038E-4 1.0539121097502027 4.283324973583429E-4
average 2.03210729526519E-4 0.7459453661269161 1.5158410203757695E-4
strong 0.001016053647632595 1.2135422553420867 0.0012330240350966132
geographical 4.06421459053038E-4 2.5998366164619773 0.0010566293909619903
compare 2.03210729526519E-4 0.9306794693262548 1.891240539171418E-4
equivalents 2.03210729526519E-4 3.2188758248682006 6.541101046267427E-4
comes 2.03210729526519E-4 1.730798769438368 3.5171688060117213E-4
cited 4.06421459053038E-4 2.6798793241355137 0.0010891604650012248
sea 2.03210729526519E-4 4.0661736852554045 8.26290120962285E-4
sixth 2.03210729526519E-4 3.373026504695459 6.854351767314487E-4
how 6.09632188579557E-4 0.5496654570822546 3.350937555876374E-4
adaptive 2.03210729526519E-4 2.5257286443082556 5.132551603959064E-4
search 4.06421459053038E-4 1.1043429633770947 4.488286784706745E-4
systems 2.03210729526519E-4 0.8743265327751228 1.7767253256962463E-4
unlike 2.03210729526519E-4 1.6682784124570338 3.390120732487368E-4
national 0.004470636049583418 1.293584963015623 0.005783147568856678
indicate 2.03210729526519E-4 1.0704414117014134 2.175251801872411E-4
customers 2.03210729526519E-4 2.7668907011251433 5.62261877895782E-4
rigid 2.03210729526519E-4 3.373026504695459 6.854351767314487E-4
panel 0.001219264377159114 2.7668907011251433 0.003373571267374692
compared 0.003251371672424304 0.2669461739726028 8.679412281165708E-4
spare 2.03210729526519E-4 3.7784916128036232 7.678300371476576E-4
set 2.03210729526519E-4 0.5596157879354227 1.1371993252091499E-4
business 0.003657793131477342 2.073743520565198 0.007585324805969023
column 2.03210729526519E-4 2.6798793241355137 5.445802325006124E-4
operational 2.03210729526519E-4 2.7668907011251433 5.62261877895782E-4
partly 6.09632188579557E-4 2.331572629867298 0.001421401725178194
june 8.12842918106076E-4 2.2744142160273495 0.001848741488337614
mysiak 2.03210729526519E-4 5.1647859739235145 0.0010495399256093302
maximum 2.03210729526519E-4 1.2329603411991883 2.5055077041235283E-4
drastically 2.03210729526519E-4 3.373026504695459 6.854351767314487E-4
river 2.03210729526519E-4 5.1647859739235145 0.0010495399256093302
under 0.001219264377159114 0.7459453661269161 9.095046122254615E-4
essential 2.03210729526519E-4 1.252762968495368 2.545748767517513E-4
represent 4.06421459053038E-4 0.8209805520698303 3.336641138263891E-4
transferred 2.03210729526519E-4 2.392197251683733 4.8612014868598517E-4
added 0.003657793131477342 1.1758019273592397 0.004300840213872448
developed 4.06421459053038E-4 0.48265474679929443 1.9616124641304387E-4
down 8.12842918106076E-4 1.6384254493073527 0.0013317825233142473
overstating 2.03210729526519E-4 5.1647859739235145 0.0010495399256093302
attacks 4.06421459053038E-4 3.2188758248682006 0.0013082202092534853
adding 0.001016053647632595 1.6682784124570338 0.001695060366243684
criticism 2.03210729526519E-4 3.5553480614894135 7.224848732959589E-4
programming 0.00203210729526519 1.79749014393704 0.0036526928346617355
computational 2.03210729526519E-4 1.3146383722134554 2.6714862268105167E-4
needs 6.09632188579557E-4 1.1394342831883648 6.946358158027015E-4
which 0.005486689697216013 0.023122417420854212 1.2686552943772886E-4
concave 2.03210729526519E-4 4.471638793363569 9.08684981378494E-4
manmade 6.09632188579557E-4 5.1647859739235145 0.003148619776827991
ignored 2.03210729526519E-4 3.0853444322436783 6.269750929168215E-4
commonly 6.09632188579557E-4 1.0216512475319812 6.228314859979564E-4
typically 4.06421459053038E-4 1.1394342831883648 4.630905438684677E-4
count 2.03210729526519E-4 1.6990500711237875 3.4526520445514886E-4
regarding 0.001016053647632595 0.758066726659261 7.702364627710435E-4
articulated 2.03210729526519E-4 3.5553480614894135 7.224848732959589E-4
misleading 2.03210729526519E-4 3.0853444322436783 6.269750929168215E-4
final 0.005893111156269051 0.6988778552689304 0.004118564885754721
mrsut 0.00203210729526519 5.1647859739235145 0.010495399256093302
parts 2.03210729526519E-4 1.4035858582299516 2.8522370620401375E-4
relatively 4.06421459053038E-4 0.8209805520698303 3.336641138263891E-4
western 4.06421459053038E-4 2.5998366164619773 0.0010566293909619903
arose 2.03210729526519E-4 3.7784916128036232 7.678300371476576E-4
little 2.03210729526519E-4 1.252762968495368 2.545748767517513E-4
some 6.09632188579557E-4 0.2160260835453457 1.316964541020193E-4
sources 2.03210729526519E-4 1.293584963015623 2.6287034403893987E-4
purchasing 4.06421459053038E-4 3.5553480614894135 0.0014449697465919178
rather 6.09632188579557E-4 0.758066726659261 4.6214187766262607E-4
additional 0.001219264377159114 0.5300569856938783 6.462796005208838E-4
origin 0.00203210729526519 2.6798793241355137 0.005445802325006124
for 0.014631172525909368 0.017291497110061043 2.5299487744856637E-4
explained 8.12842918106076E-4 1.6094379124341003 0.0013082202092534853
papers 4.06421459053038E-4 1.9867321435755685 8.074505765395523E-4
primarily 4.06421459053038E-4 1.4512139072192063 5.898044735700899E-4
states 0.00406421459053038 1.293584963015623 0.005257406880778797
related 2.03210729526519E-4 0.27443684570176036 5.576851162401145E-5
rate 2.03210729526519E-4 0.7221347174331975 1.4674552274602671E-4
company 2.03210729526519E-4 2.2203469947570738 4.5119833260659904E-4
contrary 2.03210729526519E-4 3.2188758248682006 6.541101046267427E-4
just 4.06421459053038E-4 1.3146383722134554 5.342972453621033E-4
over 8.12842918106076E-4 0.3364722366212129 2.734990746768648E-4
historic 2.03210729526519E-4 3.2188758248682006 6.541101046267427E-4
six 6.09632188579557E-4 0.9162907318741551 5.586003242476051E-4
specification 2.03210729526519E-4 2.6798793241355137 5.445802325006124E-4
hub 2.03210729526519E-4 3.5553480614894135 7.224848732959589E-4
form 2.03210729526519E-4 0.664976303593249 1.351303197710321E-4
decades 2.03210729526519E-4 2.2744142160273495 4.621853720844035E-4
avoid 2.03210729526519E-4 1.252762968495368 2.545748767517513E-4
significantly 6.09632188579557E-4 0.5900749954201312 3.5972871088404664E-4
presents 4.06421459053038E-4 1.1394342831883648 4.630905438684677E-4
simulation 2.03210729526519E-4 2.392197251683733 4.8612014868598517E-4
dropped 2.03210729526519E-4 2.9675613965872945 6.030403163152397E-4
attempt 2.03210729526519E-4 1.6682784124570338 3.390120732487368E-4
output 0.002438528754318228 1.1944940603713923 0.002912808113077973
improved 4.06421459053038E-4 0.8607208807193443 3.4981543617937177E-4
tables 4.06421459053038E-4 1.8689491079191851 7.59581023336389E-4
four 8.12842918106076E-4 0.4643056081310978 3.7740752540629775E-4
context 4.06421459053038E-4 0.9162907318741551 3.7240021616507016E-4
easily 2.03210729526519E-4 1.4271163556401458 2.9000535574886117E-4
model 0.005893111156269051 0.48265474679929443 0.002844338072989136
mimic 2.03210729526519E-4 3.2188758248682006 6.541101046267427E-4
majority 2.03210729526519E-4 0.9452782687474074 1.9209068659772555E-4
usually 2.03210729526519E-4 0.9600933545325481 1.9510127098812193E-4
rightmost 2.03210729526519E-4 5.1647859739235145 0.0010495399256093302
whereas 6.09632188579557E-4 1.0872485300177945 6.628217008846542E-4
spatial 0.001422475106685633 2.120263536200091 0.003016022099857882
reduce 2.03210729526519E-4 0.8340526336371831 1.6948844414492646E-4
likely 4.06421459053038E-4 0.5798184952529422 2.3565067882663773E-4
large 0.001625685836212152 0.34450440831847723 5.600559371159963E-4
dependency 2.03210729526519E-4 2.120263536200091 4.308602999796974E-4
made 4.06421459053038E-4 0.6109090823229731 2.4828656058645525E-4
lower 0.001625685836212152 0.5300569856938783 8.617061340278452E-4
metal 2.03210729526519E-4 3.2188758248682006 6.541101046267427E-4
index 2.03210729526519E-4 1.5538680612792897 3.157626623205222E-4
being 8.12842918106076E-4 0.48265474679929443 3.9232249282608773E-4
transactions 0.001016053647632595 3.7784916128036232 0.003839150185738288
heavy 0.002438528754318228 2.6798793241355137 0.006534962790007349
reached 2.03210729526519E-4 1.9459101490553132 3.954298209825875E-4
exclusively 2.03210729526519E-4 2.331572629867298 4.738005750593981E-4
whereby 4.06421459053038E-4 2.9675613965872945 0.0012060806326304795
machinery 2.03210729526519E-4 3.373026504695459 6.854351767314487E-4
wider 0.00203210729526519 2.2744142160273495 0.004621853720844034
comparably 2.03210729526519E-4 5.1647859739235145 0.0010495399256093302
deliver 2.03210729526519E-4 2.8622008809294686 5.816299290651226E-4
inflated 2.03210729526519E-4 5.1647859739235145 0.0010495399256093302
phenomenon 2.03210729526519E-4 1.9867321435755685 4.037252882697762E-4
cycle 0.001625685836212152 2.392197251683733 0.0038889611894878814
amplify 4.06421459053038E-4 3.373026504695459 0.0013708703534628974
summer 2.03210729526519E-4 3.7784916128036232 7.678300371476576E-4
mria 2.03210729526519E-4 5.1647859739235145 0.0010495399256093302
products 0.001219264377159114 1.9867321435755685 0.002422351729618657
literature 8.12842918106076E-4 0.9306794693262548 7.564962156685672E-4
world 2.03210729526519E-4 1.4035858582299516 2.8522370620401375E-4
government 6.09632188579557E-4 2.331572629867298 0.001421401725178194
mimics 2.03210729526519E-4 3.5553480614894135 7.224848732959589E-4
december 0.001016053647632595 1.3361445774344192 0.0013575945716667538
ability 4.06421459053038E-4 0.8881198549074587 3.609509672454618E-4
table 0.00609632188579557 0.18805223150293962 0.0011464269345840658
together 2.03210729526519E-4 1.1394342831883648 2.3154527193423386E-4
may 0.002235318024791709 0.15415067982725836 3.445757931517663E-4
advocates 2.03210729526519E-4 3.7784916128036232 7.678300371476576E-4
forward 4.06421459053038E-4 1.8689491079191851 7.59581023336389E-4
change 0.001422475106685633 0.7104386776700063 0.0010105813338122424
indirectly 4.06421459053038E-4 2.7668907011251433 0.001124523755791564
positive 0.002844950213371266 0.6988778552689304 0.0019882727034677963
off 2.03210729526519E-4 2.392197251683733 4.8612014868598517E-4
able 4.06421459053038E-4 0.7703368192510752 3.1308141404229843E-4
equals 4.06421459053038E-4 2.9675613965872945 0.0012060806326304795
report 2.03210729526519E-4 1.0059028905638423 2.0441026022431261E-4
complete 4.06421459053038E-4 0.9600933545325481 3.9020254197624386E-4
facilities 2.03210729526519E-4 2.8622008809294686 5.816299290651226E-4
compensate 8.12842918106076E-4 3.0853444322436783 0.002507900371667286
comparable 2.03210729526519E-4 1.5812670354674039 3.213304278535671E-4
transaction 2.03210729526519E-4 3.5553480614894135 7.224848732959589E-4
adjustments 2.03210729526519E-4 3.373026504695459 6.854351767314487E-4
use 0.002235318024791709 0.20895891632225325 4.6708963209607515E-4
subject 2.03210729526519E-4 1.2135422553420867 2.4660480701932266E-4
practically 2.03210729526519E-4 3.373026504695459 6.854351767314487E-4
several 4.06421459053038E-4 0.3526016185510966 1.4330486427599945E-4
main 0.00609632188579557 0.6004377824556778 0.003660461994243108
while 0.002438528754318228 0.20895891632225325 5.09552325922991E-4
northern 2.03210729526519E-4 3.373026504695459 6.854351767314487E-4
second 0.001219264377159114 0.4643056081310978 5.661112881094466E-4
that 0.018898597845966265 0.017291497110061043 3.267850500377315E-4
suggests 4.06421459053038E-4 1.157452788691043 4.7041365116482143E-4
download 0.001219264377159114 0.2595111954850846 3.164127561289387E-4
high 4.06421459053038E-4 0.2521310881874621 1.0247148473377855E-4
find 2.03210729526519E-4 0.9306794693262548 1.891240539171418E-4
than 0.00406421459053038 0.058840500022933395 2.3914041870730905E-4
backward 2.03210729526519E-4 2.5257286443082556 5.132551603959064E-4
expressed 2.03210729526519E-4 1.1758019273592397 2.389355674373582E-4
different 0.00203210729526519 0.18805223150293962 3.82142311528022E-4
directly 0.002438528754318228 0.7703368192510752 0.0018784884842537903
international 2.03210729526519E-4 1.5538680612792897 3.157626623205222E-4
regardless 4.06421459053038E-4 1.79749014393704 7.305385669323472E-4
calculated 8.12842918106076E-4 0.9021060968821986 7.332705522310088E-4
combine 2.03210729526519E-4 1.8689491079191851 3.797905116681945E-4
cities 2.03210729526519E-4 2.9675613965872945 6.030403163152397E-4
concentrates 2.03210729526519E-4 4.471638793363569 9.08684981378494E-4
level 2.03210729526519E-4 0.5798184952529422 1.1782533941331887E-4
occur 6.09632188579557E-4 1.3146383722134554 8.01445868043155E-4
difficult 2.03210729526519E-4 0.7703368192510752 1.5654070702114922E-4
equipment 2.03210729526519E-4 3.0853444322436783 6.269750929168215E-4
includes 6.09632188579557E-4 0.8472978603872037 5.165400490066269E-4
comprises 4.06421459053038E-4 2.5998366164619773 0.0010566293909619903
experiences 4.06421459053038E-4 1.79749014393704 7.305385669323472E-4
becomes 2.03210729526519E-4 1.79749014393704 3.652692834661736E-4
predicts 2.03210729526519E-4 2.5998366164619773 5.283146954809952E-4
entries 4.06421459053038E-4 2.7668907011251433 0.001124523755791564
mrio 0.001625685836212152 5.1647859739235145 0.008396319404874642
diagonals 2.03210729526519E-4 5.1647859739235145 0.0010495399256093302
true 4.06421459053038E-4 1.1394342831883648 4.630905438684677E-4
survey 2.03210729526519E-4 1.5812670354674039 3.213304278535671E-4
present 4.06421459053038E-4 0.38566248081198473 1.567415081536211E-4
errors 2.03210729526519E-4 1.6990500711237875 3.4526520445514886E-4
since 8.12842918106076E-4 0.377294231141468 3.0668094382561915E-4
problems 6.09632188579557E-4 1.1758019273592397 7.168067023120746E-4
borders 2.03210729526519E-4 4.0661736852554045 8.26290120962285E-4
investigate 2.03210729526519E-4 0.9600933545325481 1.9510127098812193E-4
total 0.003861003861003861 0.5108256237659907 0.001972299705660196
eboli 2.03210729526519E-4 5.1647859739235145 0.0010495399256093302
ranked 2.03210729526519E-4 2.392197251683733 4.8612014868598517E-4
consumers 6.09632188579557E-4 2.7668907011251433 0.001686785633687346
capacities 0.001219264377159114 3.5553480614894135 0.004334909239775753
magnitude 2.03210729526519E-4 2.073743520565198 4.2140693366494574E-4
prices 6.09632188579557E-4 3.0853444322436783 0.0018809252787504642
make 2.03210729526519E-4 0.664976303593249 1.351303197710321E-4
highly 2.03210729526519E-4 0.9162907318741551 1.8620010808253508E-4
opposed 6.09632188579557E-4 2.6798793241355137 0.0016337406975018372
social 2.03210729526519E-4 1.0704414117014134 2.175251801872411E-4
nature 2.03210729526519E-4 1.0216512475319812 2.0761049533265215E-4
sells 2.03210729526519E-4 5.1647859739235145 0.0010495399256093302
considerably 4.06421459053038E-4 2.331572629867298 9.476011501187961E-4
overestimation 4.06421459053038E-4 4.471638793363569 0.001817369962756988
deviation 6.09632188579557E-4 1.8325814637483102 0.0011172006484952103
intensity 2.03210729526519E-4 2.9675613965872945 6.030403163152397E-4
ghil 2.03210729526519E-4 5.1647859739235145 0.0010495399256093302
due 0.001219264377159114 0.20895891632225325 2.547761629614955E-4
offsets 4.06421459053038E-4 4.0661736852554045 0.00165258024192457
diagonal 2.03210729526519E-4 3.5553480614894135 7.224848732959589E-4
properties 2.03210729526519E-4 1.6094379124341003 3.2705505231337133E-4
rebalancing 2.03210729526519E-4 5.1647859739235145 0.0010495399256093302
regionalized 4.06421459053038E-4 5.1647859739235145 0.0020990798512186605
depend 2.03210729526519E-4 1.7635885922613586 3.5838012441807734E-4
vary 2.03210729526519E-4 1.8325814637483102 3.7240021616507016E-4
about 0.00609632188579557 0.377294231141468 0.0023001070786921435
empirical 2.03210729526519E-4 1.8325814637483102 3.7240021616507016E-4
adaptation 6.09632188579557E-4 2.2744142160273495 0.0013865561162532103
constraints 2.03210729526519E-4 1.8325814637483102 3.7240021616507016E-4
observed 0.001422475106685633 0.6988778552689304 9.941363517338981E-4
objective 2.03210729526519E-4 1.1944940603713923 2.4273400942316446E-4
estimate 6.09632188579557E-4 1.5812670354674039 9.639912835607014E-4
above 2.03210729526519E-4 0.9021060968821986 1.833176380577522E-4
recent 2.03210729526519E-4 0.5596157879354227 1.1371993252091499E-4
they 0.002235318024791709 0.167573700159399 3.745805124473459E-4
based 8.12842918106076E-4 0.18805223150293962 1.528569246112088E-4
them 6.09632188579557E-4 0.5696661237889241 3.472868058050746E-4
substantial 8.12842918106076E-4 1.5812670354674039 0.0012853217114142685
flood 8.12842918106076E-4 4.0661736852554045 0.00330516048384914
benefit 4.06421459053038E-4 1.293584963015623 5.257406880778797E-4
tanji 2.03210729526519E-4 5.1647859739235145 0.0010495399256093302
deduced 2.03210729526519E-4 4.0661736852554045 8.26290120962285E-4
secondary 4.06421459053038E-4 1.4271163556401458 5.800107114977223E-4
avoided 4.06421459053038E-4 3.0853444322436783 0.001253950185833643
actors 6.09632188579557E-4 2.6798793241355137 0.0016337406975018372
miller 2.03210729526519E-4 2.8622008809294686 5.816299290651226E-4
highest 6.09632188579557E-4 1.0872485300177945 6.628217008846542E-4
reinterpretation 2.03210729526519E-4 5.1647859739235145 0.0010495399256093302
processing 4.06421459053038E-4 0.7221347174331975 2.9349104549205343E-4
interpreted 2.03210729526519E-4 1.7635885922613586 3.5838012441807734E-4
endogenous 8.12842918106076E-4 2.5998366164619773 0.0021132587819239807
fact 4.06421459053038E-4 0.990398704027877 4.025192863352477E-4
activity 2.03210729526519E-4 1.3805963400052528 2.805519894341095E-4
examine 6.09632188579557E-4 1.4512139072192063 8.847067103551348E-4
industry 0.005893111156269051 1.9459101490553132 0.011467464808495038
unusually 4.06421459053038E-4 5.1647859739235145 0.0020990798512186605
sum 2.03210729526519E-4 1.8689491079191851 3.797905116681945E-4
haimes 2.03210729526519E-4 5.1647859739235145 0.0010495399256093302
examines 2.03210729526519E-4 3.0853444322436783 6.269750929168215E-4
long 6.09632188579557E-4 0.7827593392496325 4.7719528911784135E-4
seen 4.06421459053038E-4 0.8472978603872037 3.4436003267108463E-4
shares 0.005080268238162975 3.0853444322436783 0.015674377322920537
into 2.03210729526519E-4 0.10854016857520597 2.2056526839098958E-5
identities 2.03210729526519E-4 3.7784916128036232 7.678300371476576E-4
excess 2.03210729526519E-4 2.9675613965872945 6.030403163152397E-4
operating 2.03210729526519E-4 1.6990500711237875 3.4526520445514886E-4
mix 2.03210729526519E-4 2.6798793241355137 5.445802325006124E-4
workers 6.09632188579557E-4 2.7668907011251433 0.001686785633687346
destruction 2.03210729526519E-4 4.0661736852554045 8.26290120962285E-4
apart 2.03210729526519E-4 2.169053700369523 4.4077498483428634E-4
lenzen 2.03210729526519E-4 5.1647859739235145 0.0010495399256093302
variables 4.06421459053038E-4 0.9452782687474074 3.841813731954511E-4
impacted 2.03210729526519E-4 3.373026504695459 6.854351767314487E-4
reaction 4.06421459053038E-4 2.6798793241355137 0.0010891604650012248
strategies 2.03210729526519E-4 1.4271163556401458 2.9000535574886117E-4
accordance 2.03210729526519E-4 1.6384254493073527 3.329456308285618E-4
one 0.001016053647632595 0.06491954609931569 6.59617416168621E-5
makes 2.03210729526519E-4 1.0539121097502027 2.1416624867917145E-4
denotes 8.12842918106076E-4 2.073743520565198 0.001685627734659783
many 8.12842918106076E-4 0.20194134366360675 1.6414659106978805E-4
closer 4.06421459053038E-4 1.6990500711237875 6.905304089102977E-4
transportation 2.03210729526519E-4 3.0853444322436783 6.269750929168215E-4
single 2.03210729526519E-4 0.6429973968744738 1.3066397010251448E-4
actually 2.03210729526519E-4 1.5812670354674039 3.213304278535671E-4
confirm 2.03210729526519E-4 1.8325814637483102 3.7240021616507016E-4
appear 2.03210729526519E-4 1.4512139072192063 2.9490223678504496E-4
extensive 2.03210729526519E-4 1.5271998141971284 3.1034338837576274E-4
residential 2.03210729526519E-4 3.373026504695459 6.854351767314487E-4
definitely 2.03210729526519E-4 3.7784916128036232 7.678300371476576E-4
increasing 2.03210729526519E-4 0.9021060968821986 1.833176380577522E-4
holds 4.06421459053038E-4 2.331572629867298 9.476011501187961E-4
fourth 4.06421459053038E-4 2.0292917579943643 8.247477171283741E-4
open 2.03210729526519E-4 1.0872485300177945 2.2094056696155142E-4
ratio 8.12842918106076E-4 1.1758019273592397 9.557422697494328E-4
but 0.001219264377159114 0.083381608939051 1.0166422548959682E-4
suppliers 8.12842918106076E-4 3.5553480614894135 0.0028899394931838356
remarkably 4.06421459053038E-4 3.373026504695459 0.0013708703534628974
reasonable 2.03210729526519E-4 1.5012243277938677 3.0506489083395E-4
forced 2.03210729526519E-4 2.6798793241355137 5.445802325006124E-4
available 2.03210729526519E-4 0.5696661237889241 1.1576226860169156E-4
numbers 2.03210729526519E-4 1.121734706088964 2.2794852795955374E-4
seven 2.03210729526519E-4 1.5538680612792897 3.157626623205222E-4
mainly 2.03210729526519E-4 1.0059028905638423 2.0441026022431261E-4
zero 4.06421459053038E-4 2.073743520565198 8.428138673298915E-4
reacts 2.03210729526519E-4 4.471638793363569 9.08684981378494E-4
kullback 4.06421459053038E-4 5.1647859739235145 0.0020990798512186605
ruled 2.03210729526519E-4 3.373026504695459 6.854351767314487E-4
written 4.06421459053038E-4 1.121734706088964 4.558970559191075E-4
five 2.03210729526519E-4 0.9021060968821986 1.833176380577522E-4
sector 6.09632188579557E-4 2.2203469947570738 0.001353594997819797
extreme 6.09632188579557E-4 2.392197251683733 0.0014583604460579552
fills 2.03210729526519E-4 4.0661736852554045 8.26290120962285E-4
studying 2.03210729526519E-4 1.9459101490553132 3.954298209825875E-4
purchases 2.03210729526519E-4 4.0661736852554045 8.26290120962285E-4
multiplier 0.002438528754318228 4.471638793363569 0.010904219776541928
this 0.009754115017272911 0.017291497110061043 1.6866325163237755E-4
felt 6.09632188579557E-4 2.5998366164619773 0.0015849440864429854
finding 2.03210729526519E-4 0.9751312318970885 1.9815712901790052E-4
look 8.12842918106076E-4 1.6682784124570338 0.0013560482929949472
modelling 6.09632188579557E-4 1.906689435902032 0.0011623792537504766
numerator 4.06421459053038E-4 5.1647859739235145 0.0020990798512186605
remarkable 2.03210729526519E-4 2.456735772821304 4.992350686489136E-4
especially 2.03210729526519E-4 0.7104386776700063 1.4436876197317748E-4
extends 2.03210729526519E-4 2.5257286443082556 5.132551603959064E-4
forces 2.03210729526519E-4 2.5257286443082556 5.132551603959064E-4
hypothetical 2.03210729526519E-4 3.373026504695459 6.854351767314487E-4
hessen 8.12842918106076E-4 5.1647859739235145 0.004198159702437321
region 0.004267425320056899 1.9867321435755685 0.0084782310536653
support 6.09632188579557E-4 0.7104386776700063 4.331062859195324E-4
higher 4.06421459053038E-4 0.41985384556026406 1.706376125016314E-4
drop 0.001625685836212152 2.8622008809294686 0.004653039432520981
allow 2.03210729526519E-4 1.252762968495368 2.545748767517513E-4
needed 2.03210729526519E-4 0.8080771472339223 1.6420994660311367E-4
idea 2.03210729526519E-4 1.3805963400052528 2.805519894341095E-4
changes 0.002641739483844747 0.9021060968821986 0.0023831292947507784
circumvents 2.03210729526519E-4 5.1647859739235145 0.0010495399256093302
reciprocal 2.03210729526519E-4 3.5553480614894135 7.224848732959589E-4
cold 2.03210729526519E-4 3.5553480614894135 7.224848732959589E-4
stocks 4.06421459053038E-4 4.471638793363569 0.001817369962756988
assesses 2.03210729526519E-4 4.471638793363569 9.08684981378494E-4
common 4.06421459053038E-4 0.3526016185510966 1.4330486427599945E-4
gap 4.06421459053038E-4 1.8689491079191851 7.59581023336389E-4
definition 2.03210729526519E-4 1.6990500711237875 3.4526520445514886E-4
unaffected 2.03210729526519E-4 4.471638793363569 9.08684981378494E-4
types 4.06421459053038E-4 0.7459453661269161 3.031682040751539E-4
figure 0.002235318024791709 0.20194134366360675 4.514031254419172E-4
cases 4.06421459053038E-4 0.6004377824556778 2.4403079961620718E-4
again 2.03210729526519E-4 1.79749014393704 3.652692834661736E-4
technology 2.03210729526519E-4 1.5271998141971284 3.1034338837576274E-4
cells 4.06421459053038E-4 1.730798769438368 7.034337612023443E-4
mrsu 2.03210729526519E-4 5.1647859739235145 0.0010495399256093302
removal 2.03210729526519E-4 1.9459101490553132 3.954298209825875E-4
ones 2.03210729526519E-4 2.120263536200091 4.308602999796974E-4
interregional 0.001422475106685633 5.1647859739235145 0.007346779479265313
location 4.06421459053038E-4 1.4512139072192063 5.898044735700899E-4
step 2.03210729526519E-4 1.0872485300177945 2.2094056696155142E-4
fractions 2.03210729526519E-4 4.0661736852554045 8.26290120962285E-4
exogenous 8.12842918106076E-4 3.373026504695459 0.0027417407069257947
base 0.001016053647632595 1.5538680612792897 0.0015788133116026108
stem 2.03210729526519E-4 2.5998366164619773 5.283146954809952E-4
discounting 4.06421459053038E-4 4.471638793363569 0.001817369962756988
react 4.06421459053038E-4 3.373026504695459 0.0013708703534628974
competition 2.03210729526519E-4 2.6798793241355137 5.445802325006124E-4
whole 2.03210729526519E-4 1.252762968495368 2.545748767517513E-4
type 2.03210729526519E-4 0.5203950747821414 1.0574986278848637E-4
april 0.001828896565738671 1.906689435902032 0.0034871377612514303
loss 0.00203210729526519 0.9162907318741551 0.0018620010808253506
terms 0.001016053647632595 0.5696661237889241 5.788113430084577E-4
price 4.06421459053038E-4 2.331572629867298 9.476011501187961E-4
lost 2.03210729526519E-4 2.2203469947570738 4.5119833260659904E-4
weather 2.03210729526519E-4 2.8622008809294686 5.816299290651226E-4
scge 2.03210729526519E-4 5.1647859739235145 0.0010495399256093302
presence 2.03210729526519E-4 0.9751312318970885 1.9815712901790052E-4
simulate 2.03210729526519E-4 2.8622008809294686 5.816299290651226E-4
dependent 4.06421459053038E-4 1.4035858582299516 5.704474124080275E-4
between 0.001625685836212152 0.058840500022933395 9.565616748292363E-5
still 4.06421459053038E-4 0.5300569856938783 2.154265335069613E-4
natural 0.001016053647632595 0.6429973968744738 6.533198505125723E-4
method 4.06421459053038E-4 0.4734380916943703 1.9241539999771196E-4
negatives 2.03210729526519E-4 4.0661736852554045 8.26290120962285E-4
contract 2.03210729526519E-4 3.5553480614894135 7.224848732959589E-4
conclude 4.06421459053038E-4 2.073743520565198 8.428138673298915E-4
constitute 6.09632188579557E-4 2.5998366164619773 0.0015849440864429854
reduced 2.03210729526519E-4 0.9452782687474074 1.9209068659772555E-4
itself 2.03210729526519E-4 1.7635885922613586 3.5838012441807734E-4
gdp 0.00203210729526519 3.7784916128036232 0.007678300371476576
versions 2.03210729526519E-4 2.456735772821304 4.992350686489136E-4
among 0.001016053647632595 0.32850406697203605 3.337777555090795E-4
thissen 2.03210729526519E-4 5.1647859739235145 0.0010495399256093302
following 6.09632188579557E-4 0.2160260835453457 1.316964541020193E-4
exact 2.03210729526519E-4 1.5271998141971284 3.1034338837576274E-4
nationwide 2.03210729526519E-4 3.373026504695459 6.854351767314487E-4
peculiarity 2.03210729526519E-4 5.1647859739235145 0.0010495399256093302
sensitivity 2.03210729526519E-4 2.0292917579943643 4.1237385856418703E-4
substantially 2.03210729526519E-4 2.5257286443082556 5.132551603959064E-4
embodied 2.03210729526519E-4 4.471638793363569 9.08684981378494E-4
regions 0.002641739483844747 2.0292917579943643 0.005360860161334431
seasonal 4.06421459053038E-4 3.373026504695459 0.0013708703534628974
south 4.06421459053038E-4 2.2744142160273495 9.24370744168807E-4
columns 2.03210729526519E-4 2.9675613965872945 6.030403163152397E-4
north 4.06421459053038E-4 2.6798793241355137 0.0010891604650012248
iim 4.06421459053038E-4 5.1647859739235145 0.0020990798512186605
distribution 6.09632188579557E-4 0.9751312318970885 5.944713870537015E-4
evidenced 2.03210729526519E-4 3.0853444322436783 6.269750929168215E-4
our 0.00406421459053038 0.19497267434751336 7.924107878378922E-4
derive 2.03210729526519E-4 2.6798793241355137 5.445802325006124E-4
foreign 4.06421459053038E-4 2.120263536200091 8.617205999593948E-4
out 6.09632188579557E-4 0.368995428326773 2.2495149054670168E-4
capacity 0.001422475106685633 1.7635885922613586 0.0025086608709265416
across 2.03210729526519E-4 0.7703368192510752 1.5654070702114922E-4
flexibility 2.03210729526519E-4 2.6798793241355137 5.445802325006124E-4
get 2.03210729526519E-4 1.3805963400052528 2.805519894341095E-4
federal 8.12842918106076E-4 3.5553480614894135 0.0028899394931838356
course 2.03210729526519E-4 1.6990500711237875 3.4526520445514886E-4
reduces 2.03210729526519E-4 2.0292917579943643 4.1237385856418703E-4
europe 2.03210729526519E-4 2.8622008809294686 5.816299290651226E-4
regular 2.03210729526519E-4 1.9459101490553132 3.954298209825875E-4
rivers 2.03210729526519E-4 5.1647859739235145 0.0010495399256093302
established 2.03210729526519E-4 1.4271163556401458 2.9000535574886117E-4
include 2.03210729526519E-4 0.5013468798114469 1.0187906519232816E-4
caused 0.001422475106685633 1.121734706088964 0.0015956396957168763
sell 2.03210729526519E-4 4.471638793363569 9.08684981378494E-4
downstream 4.06421459053038E-4 2.5998366164619773 0.0010566293909619903
suggest 2.03210729526519E-4 1.0059028905638423 2.0441026022431261E-4
households 2.03210729526519E-4 3.7784916128036232 7.678300371476576E-4
lead 4.06421459053038E-4 0.7703368192510752 3.1308141404229843E-4
hits 2.03210729526519E-4 4.471638793363569 9.08684981378494E-4
expect 2.03210729526519E-4 2.2203469947570738 4.5119833260659904E-4
forcing 2.03210729526519E-4 4.0661736852554045 8.26290120962285E-4
massive 2.03210729526519E-4 2.120263536200091 4.308602999796974E-4
assess 2.03210729526519E-4 0.9751312318970885 1.9815712901790052E-4
additionally 2.03210729526519E-4 2.6798793241355137 5.445802325006124E-4
damaged 2.03210729526519E-4 2.7668907011251433 5.62261877895782E-4
elements 4.06421459053038E-4 1.5012243277938677 6.101297816679E-4
located 2.03210729526519E-4 1.730798769438368 3.5171688060117213E-4
behaviour 2.03210729526519E-4 2.456735772821304 4.992350686489136E-4
minimum 2.03210729526519E-4 1.3361445774344192 2.715189143333508E-4
first 0.002641739483844747 0.167573700159399 4.4268606016504517E-4
data 0.001422475106685633 0.167573700159399 2.383694170119474E-4
resembles 2.03210729526519E-4 3.373026504695459 6.854351767314487E-4
own 8.12842918106076E-4 1.3361445774344192 0.0010860756573334031
fewer 2.03210729526519E-4 1.6384254493073527 3.329456308285618E-4
dozen 2.03210729526519E-4 5.1647859739235145 0.0010495399256093302
sales 4.06421459053038E-4 3.0853444322436783 0.001253950185833643
elasticities 2.03210729526519E-4 5.1647859739235145 0.0010495399256093302
enlargement 4.06421459053038E-4 4.0661736852554045 0.00165258024192457
describing 2.03210729526519E-4 1.6990500711237875 3.4526520445514886E-4
only 0.003454582401950823 0.10854016857520597 3.749609562646823E-4
from 0.012802275960170697 0.023122417420854212 2.96019568688034E-4
imply 4.06421459053038E-4 2.8622008809294686 0.0011632598581302453
indirect 0.006909164803901646 1.9459101490553132 0.013444613913407977
offset 2.03210729526519E-4 3.373026504695459 6.854351767314487E-4
like 2.03210729526519E-4 0.7827593392496325 1.5906509637261378E-4
bottom 6.09632188579557E-4 2.7668907011251433 0.001686785633687346
published 0.001828896565738671 0.03488725900044054 6.380518817394125E-5
regards 4.06421459053038E-4 2.456735772821304 9.984701372978272E-4
deliveries 4.06421459053038E-4 4.471638793363569 0.001817369962756988
estimation 2.03210729526519E-4 2.456735772821304 4.992350686489136E-4
proposed 4.06421459053038E-4 0.7459453661269161 3.031682040751539E-4
minimization 2.03210729526519E-4 4.0661736852554045 8.26290120962285E-4
send 2.03210729526519E-4 3.373026504695459 6.854351767314487E-4
note 0.001016053647632595 1.0872485300177945 0.0011047028348077572
inoperability 8.12842918106076E-4 5.1647859739235145 0.004198159702437321
purpose 2.03210729526519E-4 1.0539121097502027 2.1416624867917145E-4
irreplaceable 2.03210729526519E-4 5.1647859739235145 0.0010495399256093302
normalized 2.03210729526519E-4 2.392197251683733 4.8612014868598517E-4
line 2.03210729526519E-4 1.0059028905638423 2.0441026022431261E-4
scientific 2.03210729526519E-4 1.8325814637483102 3.7240021616507016E-4
according 2.03210729526519E-4 0.4919571394616079 9.997096920577279E-5
winter 6.09632188579557E-4 4.471638793363569 0.002726054944135482
scale 8.12842918106076E-4 1.4271163556401458 0.0011600214229954447
factories 2.03210729526519E-4 4.0661736852554045 8.26290120962285E-4
recovery 6.09632188579557E-4 2.2203469947570738 0.001353594997819797
terrorist 2.03210729526519E-4 3.5553480614894135 7.224848732959589E-4
aggregate 4.06421459053038E-4 2.5998366164619773 0.0010566293909619903
can 0.00406421459053038 0.0958817717032825 3.896840955223837E-4
projected 2.03210729526519E-4 2.6798793241355137 5.445802325006124E-4
paper 8.12842918106076E-4 0.9306794693262548 7.564962156685672E-4
public 4.06421459053038E-4 1.3361445774344192 5.430378286667016E-4
value 0.003251371672424304 0.6214911916535102 0.002020698855203447
vgr 4.06421459053038E-4 5.1647859739235145 0.0020990798512186605
rainfall 2.03210729526519E-4 4.0661736852554045 8.26290120962285E-4
aims 2.03210729526519E-4 1.4271163556401458 2.9000535574886117E-4
cost 6.09632188579557E-4 1.3581234841531944 8.279557920056051E-4
manufacturers 0.001016053647632595 4.471638793363569 0.00454342490689247
will 0.001625685836212152 0.3526016185510966 5.732194571039978E-4
satisfy 2.03210729526519E-4 2.392197251683733 4.8612014868598517E-4
limited 8.12842918106076E-4 0.5696661237889241 4.630490744067662E-4
advantage 4.06421459053038E-4 1.4271163556401458 5.800107114977223E-4
february 4.06421459053038E-4 2.2203469947570738 9.023966652131981E-4
allowing 2.03210729526519E-4 1.5538680612792897 3.157626623205222E-4
instead 0.001016053647632595 1.0376515888784226 0.001054309681851679
follow 2.03210729526519E-4 1.4512139072192063 2.9490223678504496E-4
bouwmeester 4.06421459053038E-4 5.1647859739235145 0.0020990798512186605
treats 2.03210729526519E-4 3.5553480614894135 7.224848732959589E-4
trade 0.003048160942897785 3.5553480614894135 0.010837273099439382
coefficients 0.001219264377159114 2.120263536200091 0.0025851617998781844
category 4.06421459053038E-4 1.252762968495368 5.091497535035026E-4
