half 4.589261128958238E-4 1.3805963400052528 6.335917117968118E-4
references 2.294630564479119E-4 2.169053700369523 4.977176916864441E-4
numerous 2.294630564479119E-4 1.6384254493073527 3.759581113601085E-4
recognized 6.883891693437356E-4 1.906689435902032 0.0013125443569770756
accuracy 2.294630564479119E-4 1.0539121097502027 2.4183389393074868E-4
exclusions 4.589261128958238E-4 4.471638793363569 0.0020521518097125144
tokenization 2.294630564479119E-4 2.8622008809294686 6.567693623059817E-4
without 2.294630564479119E-4 0.32850406697203605 7.537954726297293E-5
these 0.0048187241854061496 0.03488725900044054 1.681120787079512E-4
would 2.294630564479119E-4 0.5013468798114469 1.1504058738215853E-4
xml 0.006654428636989445 3.373026504695459 0.022445564166169874
visual 2.294630564479119E-4 1.157452788691043 2.655926545872058E-4
because 0.006424965580541533 0.34450440831847723 0.002213428965791042
near 2.294630564479119E-4 2.073743520565198 4.7584752651794356E-4
thus 2.294630564479119E-4 0.8881198549074587 2.037906963991415E-4
excellent 6.883891693437356E-4 2.169053700369523 0.0014931530750593321
raw 6.883891693437356E-4 2.2744142160273495 0.0015656821129146508
analysis 9.178522257916476E-4 0.15415067982725836 1.4148754458674471E-4
contains 2.294630564479119E-4 1.2135422553420867 2.7846311503948755E-4
stop 0.0011473152822395595 2.2203469947570738 0.0025474380389594697
size 0.002065167508031207 0.127833371509885 2.639973252842967E-4
triple 0.0013767783386874712 3.7784916128036232 0.005202145405420316
science 4.589261128958238E-4 1.7635885922613586 8.093568573939232E-4
institute 6.883891693437356E-4 2.331572629867298 0.0016050293459389383
recognizer 0.0016062413951353832 4.0661736852554045 0.006531256493067424
appropriate 2.294630564479119E-4 1.0704414117014134 2.456267580774239E-4
datasets 9.178522257916476E-4 1.4512139072192063 0.001331999914840942
immediately 6.883891693437356E-4 1.9459101490553132 0.0013395434711257319
manual 6.883891693437356E-4 1.4512139072192063 9.989999361307064E-4
measurement 6.883891693437356E-4 1.79749014393704 0.0012373727470883708
result 2.294630564479119E-4 0.4285875255290187 9.834500356333609E-5
characters 6.883891693437356E-4 2.392197251683733 0.0016467626789929322
same 6.883891693437356E-4 0.2972515234679317 2.0462472932624944E-4
procedures 2.294630564479119E-4 1.4035858582299516 3.2207110101651026E-4
after 0.0034419458467186783 0.12136085700426753 4.1771749772005805E-4
close 2.294630564479119E-4 1.1394342831883648 2.614580732419378E-4
annotation 9.178522257916476E-4 2.169053700369523 0.0019908707667457763
address 2.294630564479119E-4 1.0872485300177945 2.494833708163824E-4
sets 4.589261128958238E-4 1.3146383722134554 6.033218780236142E-4
kernel 2.294630564479119E-4 2.9675613965872945 6.809457082577546E-4
representing 2.294630564479119E-4 1.3361445774344192 3.0659581859440553E-4
the 0.09201468563561267 0.017291497110061043 0.0015910716707513719
consisting 2.294630564479119E-4 1.906689435902032 4.3751478565902526E-4
component 0.002065167508031207 1.3361445774344192 0.00275936236734965
blue 4.589261128958238E-4 2.456735772821304 0.0011274601986329986
unrelated 2.294630564479119E-4 2.456735772821304 5.637300993164993E-4
days 2.294630564479119E-4 1.1043429633770947 2.5340591174325257E-4
information 0.0016062413951353832 0.3049735695618419 4.898611718524308E-4
combined 2.294630564479119E-4 0.9600933545325481 2.2030595560636716E-4
intersecting 2.294630564479119E-4 3.5553480614894135 8.158210329255194E-4
correct 4.589261128958238E-4 1.7635885922613586 8.093568573939232E-4
good 6.883891693437356E-4 0.8080771472339223 5.562715561500154E-4
red 2.294630564479119E-4 1.9459101490553132 4.46514490375244E-4
nanotubes 2.294630564479119E-4 5.1647859739235145 0.001185127575475795
amounts 0.0013767783386874712 1.9459101490553132 0.0026790869422514637
besides 2.294630564479119E-4 1.8689491079191851 4.2885477464873453E-4
masashi 0.0025240936209270305 4.471638793363569 0.011286834953418829
making 2.294630564479119E-4 1.0704414117014134 2.456267580774239E-4
originally 2.294630564479119E-4 2.5257286443082556 5.795614144810132E-4
its 9.178522257916476E-4 0.19497267434751336 1.789561031184152E-4
check 9.178522257916476E-4 2.0292917579943643 0.0018625899568557728
list 2.294630564479119E-4 1.3581234841531944 3.116391657074792E-4
article 2.294630564479119E-4 1.5812670354674039 3.6284236701867917E-4
materials 4.589261128958238E-4 1.4512139072192063 6.65999957420471E-4
useful 9.178522257916476E-4 0.9162907318741551 8.41019487722951E-4
santos 2.294630564479119E-4 3.5553480614894135 8.158210329255194E-4
joining 6.883891693437356E-4 5.1647859739235145 0.0035553827264273846
neural 4.589261128958238E-4 1.5271998141971284 7.008718743447125E-4
applied 0.0013767783386874712 0.6109090823229731 8.410863914497105E-4
plotted 9.178522257916476E-4 2.9675613965872945 0.0027237828330310184
divided 2.294630564479119E-4 1.1758019273592397 2.698031040291968E-4
provided 4.589261128958238E-4 0.7104386776700063 3.260388607939451E-4
decomposition 4.589261128958238E-4 3.2188758248682006 0.0014772261702011018
representation 4.589261128958238E-4 1.2729656758128876 5.841971894506139E-4
society 2.294630564479119E-4 2.2203469947570738 5.094876077918939E-4
nameend 2.294630564479119E-4 5.1647859739235145 0.001185127575475795
previously 2.294630564479119E-4 0.8340526336371831 1.913842665528185E-4
molecular 9.178522257916476E-4 2.5257286443082556 0.002318245657924053
end 2.294630564479119E-4 1.1758019273592397 2.698031040291968E-4
lines 6.883891693437356E-4 1.9459101490553132 0.0013395434711257319
identify 2.294630564479119E-4 0.6214911916535102 1.4260926839226943E-4
perform 0.0013767783386874712 0.9600933545325481 0.0013218357336382029
label 6.883891693437356E-4 2.120263536200091 0.001459566454474592
recorded 4.589261128958238E-4 1.5012243277938677 6.889510453390857E-4
with 0.0052776502983019734 0.017291497110061043 9.125847488100137E-5
pdf 6.883891693437356E-4 3.7784916128036232 0.002601072702710158
there 0.0016062413951353832 0.12136085700426753 1.9493483226936043E-4
well 9.178522257916476E-4 0.3127557100038969 2.8706352455612385E-4
achieved 2.294630564479119E-4 1.121734706088964 2.573966741828738E-4
slightly 2.294630564479119E-4 1.5271998141971284 3.5043593717235623E-4
named 0.0011473152822395595 1.9867321435755685 0.0022794081500408085
atsushi 0.0025240936209270305 5.1647859739235145 0.013036403330233743
considered 6.883891693437356E-4 0.32059888746492277 2.2069680183450395E-4
american 2.294630564479119E-4 2.169053700369523 4.977176916864441E-4
dummy 2.294630564479119E-4 4.471638793363569 0.0010260759048562572
number 0.002065167508031207 0.167573700159399 3.4606776076975473E-4
experiment 2.294630564479119E-4 1.730798769438368 3.971543757316127E-4
property 0.005736576411197797 2.2203469947570738 0.012737190194797349
peo 2.294630564479119E-4 5.1647859739235145 0.001185127575475795
algorithm 0.0025240936209270305 1.0059028905638423 0.0025389930693442554
cooperation 4.589261128958238E-4 2.6798793241355137 0.0012298666012553986
similar 9.178522257916476E-4 0.20895891632225325 1.9179340644539077E-4
period 2.294630564479119E-4 0.8472978603872037 1.9442355676622388E-4
considering 4.589261128958238E-4 0.9162907318741551 4.205097438614755E-4
distributed 2.294630564479119E-4 1.6094379124341003 3.6930654255027545E-4
journals 0.0029830197338228544 2.6798793241355137 0.007994132908160092
assisted 2.294630564479119E-4 3.0853444322436783 7.079725636171819E-4
system 0.0048187241854061496 0.44628710262841953 0.0021505344550704015
even 2.294630564479119E-4 0.377294231141468 8.657508745788618E-5
partial 6.883891693437356E-4 1.6682784124570338 0.0011484247905853835
authors 0.0025240936209270305 0.023122417420854212 5.836314631239016E-5
larger 2.294630564479119E-4 0.9162907318741551 2.1025487193073776E-4
algorithms 9.178522257916476E-4 1.1758019273592397 0.0010792124161167873
other 0.0025240936209270305 0.0408219945202552 1.0303853596209435E-4
indicated 6.883891693437356E-4 1.3361445774344192 9.197874557832164E-4
exclusion 6.883891693437356E-4 1.8689491079191851 0.0012865643239462034
representations 4.589261128958238E-4 2.120263536200091 9.730443029830615E-4
cell 0.005048187241854061 1.730798769438368 0.008737396266095477
homopolymer 6.883891693437356E-4 5.1647859739235145 0.0035553827264273846
indicating 0.0011473152822395595 1.5271998141971284 0.0017521796858617812
denser 2.294630564479119E-4 5.1647859739235145 0.001185127575475795
have 0.0025240936209270305 0.028987536873252187 7.316725690816293E-5
electronic 2.294630564479119E-4 1.730798769438368 3.971543757316127E-4
cnn 6.883891693437356E-4 2.5998366164619773 0.0017896993688356886
particularly 2.294630564479119E-4 0.9751312318970885 2.2375659290892349E-4
linear 6.883891693437356E-4 1.3146383722134554 9.049828170354212E-4
dominant 2.294630564479119E-4 2.2744142160273495 5.218940376382169E-4
attributed 2.294630564479119E-4 1.79749014393704 4.124575823627903E-4
reproduced 2.294630564479119E-4 4.0661736852554045 9.330366418667748E-4
names 0.010096374483708122 1.8689491079191851 0.018869610084544318
framework 4.589261128958238E-4 1.4271163556401458 6.549409617439862E-4
removed 2.294630564479119E-4 1.79749014393704 4.124575823627903E-4
future 6.883891693437356E-4 0.48265474679929443 3.3225430022897735E-4
attributes 2.294630564479119E-4 2.392197251683733 5.489208929976441E-4
entity 0.0011473152822395595 2.331572629867298 0.0026750489098982307
almost 2.294630564479119E-4 1.1043429633770947 2.5340591174325257E-4
precision 4.589261128958238E-4 1.8689491079191851 8.577095492974691E-4
prevents 2.294630564479119E-4 3.0853444322436783 7.079725636171819E-4
body 4.589261128958238E-4 1.5012243277938677 6.889510453390857E-4
correspond 2.294630564479119E-4 1.9459101490553132 4.46514490375244E-4
points 0.0036714089031665903 0.9751312318970885 0.0035801054865427758
whether 4.589261128958238E-4 0.5300569856938783 2.4325699205776882E-4
quite 2.294630564479119E-4 1.5012243277938677 3.4447552266954286E-4
modified 2.294630564479119E-4 1.8325814637483102 4.205097438614755E-4
all 0.006654428636989445 0.017291497110061043 1.1506503354561043E-4
always 4.589261128958238E-4 1.2729656758128876 5.841971894506139E-4
counting 2.294630564479119E-4 2.120263536200091 4.865221514915308E-4
new 2.294630564479119E-4 0.38566248081198473 8.849529160440219E-5
including 0.0018357044515832951 0.2669461739726028 4.900342798946357E-4
comparison 6.883891693437356E-4 0.758066726659261 5.218449242720934E-4
already 4.589261128958238E-4 1.157452788691043 5.311853091744116E-4
conducted 2.294630564479119E-4 0.664976303593249 1.525874950879415E-4
positions 2.294630564479119E-4 2.120263536200091 4.865221514915308E-4
constitutes 2.294630564479119E-4 2.5998366164619773 5.96566456278563E-4
less 4.589261128958238E-4 0.368995428326773 1.6934163759833547E-4
morerows 2.294630564479119E-4 5.1647859739235145 0.001185127575475795
intervals 6.883891693437356E-4 2.2744142160273495 0.0015656821129146508
merlin 4.589261128958238E-4 5.1647859739235145 0.00237025515095159
were 0.022487379531895366 0.0958817717032825 0.002156129790482259
inconvenience 2.294630564479119E-4 4.471638793363569 0.0010260759048562572
collect 4.589261128958238E-4 1.6682784124570338 7.656165270569224E-4
constituted 2.294630564479119E-4 3.5553480614894135 8.158210329255194E-4
became 2.294630564479119E-4 1.8689491079191851 4.2885477464873453E-4
respective 2.294630564479119E-4 1.9459101490553132 4.46514490375244E-4
units 2.294630564479119E-4 1.7635885922613586 4.046784286969616E-4
effective 2.294630564479119E-4 0.8472978603872037 1.9442355676622388E-4
and 0.04956402019274897 0.017291497110061043 8.57036111925926E-4
predict 4.589261128958238E-4 1.2729656758128876 5.841971894506139E-4
tokens 6.883891693437356E-4 2.120263536200091 0.001459566454474592
row 6.883891693437356E-4 2.8622008809294686 0.001970308086917945
ratios 4.589261128958238E-4 2.169053700369523 9.954353833728881E-4
pla 6.883891693437356E-4 5.1647859739235145 0.0035553827264273846
performing 4.589261128958238E-4 1.5812670354674039 7.256847340373583E-4
rows 2.294630564479119E-4 3.5553480614894135 8.158210329255194E-4
any 9.178522257916476E-4 0.2669461739726028 2.4501713994731783E-4
plots 4.589261128958238E-4 3.5553480614894135 0.0016316420658510388
conduct 2.294630564479119E-4 1.6990500711237875 3.8986922237810637E-4
consists 2.294630564479119E-4 1.2135422553420867 2.7846311503948755E-4
machines 0.0011473152822395595 2.2203469947570738 0.0025474380389594697
forms 9.178522257916476E-4 1.4512139072192063 0.001331999914840942
accurate 6.883891693437356E-4 1.3805963400052528 9.503875676952176E-4
led 2.294630564479119E-4 1.3581234841531944 3.116391657074792E-4
discussion 2.294630564479119E-4 0.2595111954850846 5.954823209845907E-5
worked 4.589261128958238E-4 2.331572629867298 0.0010700195639592922
identification 0.0018357044515832951 1.3146383722134554 0.0024132875120944568
differently 2.294630564479119E-4 2.2744142160273495 5.218940376382169E-4
english 2.294630564479119E-4 1.4512139072192063 3.329999787102355E-4
represented 2.294630564479119E-4 0.8881198549074587 2.037906963991415E-4
using 0.009637448370812299 0.083381608939051 8.035859512253653E-4
containing 2.294630564479119E-4 1.4759065198095778 3.3866602106690636E-4
expected 2.294630564479119E-4 0.9600933545325481 2.2030595560636716E-4
each 0.0032124827902707664 0.13434805253107854 4.3159080666248267E-4
labels 0.0048187241854061496 1.8689491079191851 0.009005950267623426
input 2.294630564479119E-4 1.0216512475319812 2.3443121788251062E-4
stanford 2.294630564479119E-4 2.5257286443082556 5.795614144810132E-4
creating 4.589261128958238E-4 1.79749014393704 8.249151647255806E-4
difference 2.294630564479119E-4 0.6004377824556778 1.3777828876908625E-4
must 6.883891693437356E-4 1.0376515888784226 7.143081153362248E-4
calculations 2.294630564479119E-4 2.8622008809294686 6.567693623059817E-4
demonstration 2.294630564479119E-4 3.5553480614894135 8.158210329255194E-4
referencing 2.294630564479119E-4 4.471638793363569 0.0010260759048562572
sizing 4.589261128958238E-4 5.1647859739235145 0.00237025515095159
increased 4.589261128958238E-4 0.4919571394616079 2.257719777244644E-4
dispersed 2.294630564479119E-4 3.2188758248682006 7.386130851005509E-4
frequently 0.0027535566773749425 1.157452788691043 0.00318711185504647
another 4.589261128958238E-4 0.40261203912575794 1.847691781210454E-4
availability 2.294630564479119E-4 1.6384254493073527 3.759581113601085E-4
networks 2.294630564479119E-4 1.4759065198095778 3.3866602106690636E-4
two 0.002294630564479119 0.11492996667397702 2.637218143046742E-4
matching 6.883891693437356E-4 2.2744142160273495 0.0015656821129146508
varying 2.294630564479119E-4 2.073743520565198 4.7584752651794356E-4
are 0.014915098669114273 0.028987536873252187 4.323519726391446E-4
does 4.589261128958238E-4 0.5696661237889241 2.614346598388821E-4
taken 2.294630564479119E-4 0.990398704027877 2.2725991372828753E-4
reported 2.294630564479119E-4 0.5300569856938783 1.2162849602888441E-4
supplemental 4.589261128958238E-4 3.0853444322436783 0.0014159451272343637
where 2.294630564479119E-4 0.32850406697203605 7.537954726297293E-5
creation 2.294630564479119E-4 1.9867321435755685 4.558816300081617E-4
curly 2.294630564479119E-4 5.1647859739235145 0.001185127575475795
occurred 4.589261128958238E-4 1.3581234841531944 6.232783314149584E-4
combining 4.589261128958238E-4 1.6682784124570338 7.656165270569224E-4
summarized 4.589261128958238E-4 1.4271163556401458 6.549409617439862E-4
shindo 0.0025240936209270305 5.1647859739235145 0.013036403330233743
such 0.0073428178063331805 0.10219094089654716 7.503694604611081E-4
automated 2.294630564479119E-4 1.5538680612792897 3.5655531465793707E-4
nlp 6.883891693437356E-4 0.41119578281714936 2.8306272337114455E-4
describe 2.294630564479119E-4 1.0216512475319812 2.3443121788251062E-4
relations 2.294630564479119E-4 1.906689435902032 4.3751478565902526E-4
dataset 0.0011473152822395595 1.2729656758128876 0.0014604929736265347
through 6.883891693437356E-4 0.2595111954850846 1.786446962953772E-4
resulted 2.294630564479119E-4 1.3361445774344192 3.0659581859440553E-4
registering 2.294630564479119E-4 5.1647859739235145 0.001185127575475795
run 6.883891693437356E-4 2.0292917579943643 0.0013969424676418295
had 2.294630564479119E-4 0.32059888746492277 7.356560061150132E-5
research 0.0013767783386874712 0.41119578281714936 5.661254467422891E-4
features 2.294630564479119E-4 0.8340526336371831 1.913842665528185E-4
separation 2.294630564479119E-4 2.7668907011251433 6.348991971374813E-4
precisions 0.0011473152822395595 5.1647859739235145 0.005925637877378975
has 0.0027535566773749425 0.05279818556697083 1.4538279642121383E-4
results 0.003900871959614502 0.08961215868968714 3.495655570731256E-4
those 6.883891693437356E-4 0.3364722366212129 2.3162384347490562E-4
given 9.178522257916476E-4 0.3526016185510966 3.2363618040486154E-4
glass 6.883891693437356E-4 2.9675613965872945 0.002042837124773264
might 2.294630564479119E-4 0.7339691750802005 1.684188102524554E-4
widely 2.294630564479119E-4 1.0059028905638423 2.3081755175856868E-4
labeled 2.294630564479119E-4 1.9867321435755685 4.558816300081617E-4
weight 0.0011473152822395595 1.3361445774344192 0.0015329790929720275
develop 4.589261128958238E-4 1.157452788691043 5.311853091744116E-4
duplicate 6.883891693437356E-4 3.7784916128036232 0.002601072702710158
significant 4.589261128958238E-4 0.377294231141468 1.7315017491577236E-4
expressions 2.294630564479119E-4 1.8689491079191851 4.2885477464873453E-4
decrease 2.294630564479119E-4 1.3146383722134554 3.016609390118071E-4
difficulty 2.294630564479119E-4 1.6990500711237875 3.8986922237810637E-4
improving 2.294630564479119E-4 1.3361445774344192 3.0659581859440553E-4
converted 2.294630564479119E-4 1.5538680612792897 3.5655531465793707E-4
name 0.008260670032124828 1.8325814637483102 0.015138350779013118
full 0.002294630564479119 0.14750613710858965 3.384720906576174E-4
polymer 0.03832033042680129 4.0661736852554045 0.1558171191917514
next 4.589261128958238E-4 0.8080771472339223 3.708477041000103E-4
memory 2.294630564479119E-4 2.073743520565198 4.7584752651794356E-4
string 0.0011473152822395595 2.8622008809294686 0.0032838468115299092
absence 4.589261128958238E-4 1.3581234841531944 6.232783314149584E-4
thead 4.589261128958238E-4 5.1647859739235145 0.00237025515095159
nearly 4.589261128958238E-4 2.120263536200091 9.730443029830615E-4
show 4.589261128958238E-4 0.6321864807702582 2.9012688424518503E-4
description 4.589261128958238E-4 1.4512139072192063 6.65999957420471E-4
not 0.006654428636989445 0.03488725900044054 2.321547753585993E-4
negative 2.294630564479119E-4 0.6429973968744738 1.475441479748678E-4
factor 2.294630564479119E-4 0.7703368192510752 1.7676384103971438E-4
dotted 2.294630564479119E-4 3.2188758248682006 7.386130851005509E-4
enhance 2.294630564479119E-4 1.6990500711237875 3.8986922237810637E-4
ensures 4.589261128958238E-4 2.392197251683733 0.0010978417859952882
overview 9.178522257916476E-4 1.4271163556401458 0.0013098819234879724
hours 2.294630564479119E-4 1.6682784124570338 3.828082635284612E-4
was 0.014915098669114273 0.058840500022933395 8.776118635820722E-4
estimated 2.294630564479119E-4 1.3805963400052528 3.167958558984059E-4
start 2.294630564479119E-4 1.5271998141971284 3.5043593717235623E-4
yet 2.294630564479119E-4 1.4271163556401458 3.274704808719931E-4
titles 2.294630564479119E-4 3.0853444322436783 7.079725636171819E-4
saturated 2.294630564479119E-4 4.471638793363569 0.0010260759048562572
ternal 2.294630564479119E-4 5.1647859739235145 0.001185127575475795
manage 4.589261128958238E-4 2.0292917579943643 9.312949784278864E-4
target 4.589261128958238E-4 1.0704414117014134 4.912535161548478E-4
curves 2.294630564479119E-4 2.8622008809294686 6.567693623059817E-4
ensured 2.294630564479119E-4 2.5998366164619773 5.96566456278563E-4
typical 4.589261128958238E-4 1.4512139072192063 6.65999957420471E-4
time 2.294630564479119E-4 0.20194134366360675 4.633807794024937E-5
reducing 2.294630564479119E-4 1.5538680612792897 3.5655531465793707E-4
measured 2.294630564479119E-4 1.0704414117014134 2.456267580774239E-4
xmls 6.883891693437356E-4 5.1647859739235145 0.0035553827264273846
circles 2.294630564479119E-4 2.9675613965872945 6.809457082577546E-4
collected 4.589261128958238E-4 0.8340526336371831 3.82768533105637E-4
extracting 0.0013767783386874712 2.0292917579943643 0.002793884935283659
when 0.0011473152822395595 0.14750613710858965 1.692360453288087E-4
three 9.178522257916476E-4 0.22314355131420976 2.0481280524480016E-4
excluded 2.294630564479119E-4 1.293584963015623 2.9682995938862396E-4
nara 2.294630564479119E-4 5.1647859739235145 0.001185127575475795
identified 0.0018357044515832951 0.6321864807702582 0.0011605075369807401
namest 2.294630564479119E-4 5.1647859739235145 0.001185127575475795
carbon 2.294630564479119E-4 4.0661736852554045 9.330366418667748E-4
case 4.589261128958238E-4 0.38566248081198473 1.7699058320880438E-4
resultant 0.0025240936209270305 3.0853444322436783 0.007787698199788999
denoting 2.294630564479119E-4 3.373026504695459 7.739849712472371E-4
chainer 2.294630564479119E-4 5.1647859739235145 0.001185127575475795
conclusions 2.294630564479119E-4 1.0872485300177945 2.494833708163824E-4
extraction 0.011702615878843506 1.3361445774344192 0.01563638674831468
provide 2.294630564479119E-4 0.44628710262841953 1.0240640262240008E-4
requires 2.294630564479119E-4 0.8881198549074587 2.037906963991415E-4
study 0.0036714089031665903 0.15415067982725836 5.659501783469789E-4
methods 2.294630564479119E-4 0.20194134366360675 4.633807794024937E-5
formatted 2.294630564479119E-4 4.0661736852554045 9.330366418667748E-4
differences 2.294630564479119E-4 0.7953381214564925 1.8250071625894735E-4
increment 2.294630564479119E-4 3.5553480614894135 8.158210329255194E-4
enabled 4.589261128958238E-4 2.392197251683733 0.0010978417859952882
composites 4.589261128958238E-4 5.1647859739235145 0.00237025515095159
modern 2.294630564479119E-4 2.0292917579943643 4.656474892139432E-4
pdfbox 2.294630564479119E-4 5.1647859739235145 0.001185127575475795
occasionally 6.883891693437356E-4 2.9675613965872945 0.002042837124773264
embedding 2.294630564479119E-4 1.9867321435755685 4.558816300081617E-4
cnns 2.294630564479119E-4 4.0661736852554045 9.330366418667748E-4
architecture 0.0013767783386874712 1.79749014393704 0.0024747454941767416
more 0.0016062413951353832 0.05279818556697083 8.480663124570808E-5
display 0.0016062413951353832 0.167573700159399 2.6916381393203147E-4
csvdisplay 9.178522257916476E-4 0.2669461739726028 2.4501713994731783E-4
consistent 2.294630564479119E-4 0.9306794693262548 2.1355655560492307E-4
performed 0.0013767783386874712 0.4643056081310978 6.392459038060089E-4
great 2.294630564479119E-4 1.3361445774344192 3.0659581859440553E-4
copolymers 2.294630564479119E-4 5.1647859739235145 0.001185127575475795
before 2.294630564479119E-4 0.5203950747821414 1.1941144441994984E-4
recognizing 4.589261128958238E-4 3.0853444322436783 0.0014159451272343637
simple 4.589261128958238E-4 1.157452788691043 5.311853091744116E-4
section 9.178522257916476E-4 0.7953381214564925 7.300028650357894E-4
used 0.0036714089031665903 0.07103577311675174 2.6080136986416426E-4
shows 2.294630564479119E-4 0.5596157879354227 1.2841114913616857E-4
major 2.294630564479119E-4 0.7104386776700063 1.6301943039697254E-4
shown 0.002294630564479119 0.3364722366212129 7.720794782496855E-4
denote 6.883891693437356E-4 2.331572629867298 0.0016050293459389383
presented 4.589261128958238E-4 0.4373981552111735 2.0073343515886806E-4
percentage 2.294630564479119E-4 1.3146383722134554 3.016609390118071E-4
checked 6.883891693437356E-4 2.6798793241355137 0.001844799901883098
few 4.589261128958238E-4 0.6988778552689304 3.207332975075404E-4
bear 4.589261128958238E-4 4.471638793363569 0.0020521518097125144
consider 6.883891693437356E-4 0.8080771472339223 5.562715561500154E-4
described 0.0034419458467186783 0.44628710262841953 0.001536096039336001
obtain 0.0011473152822395595 1.0872485300177945 0.001247416854081912
manually 6.883891693437356E-4 1.4512139072192063 9.989999361307064E-4
created 0.0025240936209270305 1.0704414117014134 0.0027018943388516627
format 2.294630564479119E-4 2.2203469947570738 5.094876077918939E-4
done 6.883891693437356E-4 0.9452782687474074 6.507193222217122E-4
produced 4.589261128958238E-4 1.3581234841531944 6.232783314149584E-4
slashes 6.883891693437356E-4 5.1647859739235145 0.0035553827264273846
both 0.0016062413951353832 0.13434805253107854 2.1579540333124133E-4
important 0.0018357044515832951 0.2669461739726028 4.900342798946357E-4
most 0.0013767783386874712 0.0771896386911299 1.0627302252105997E-4
square 6.883891693437356E-4 2.9675613965872945 0.002042837124773264
vectors 4.589261128958238E-4 1.79749014393704 8.249151647255806E-4
hiroyuki 0.005048187241854061 4.471638793363569 0.022573669906837658
arbitrarily 4.589261128958238E-4 4.0661736852554045 0.0018660732837335497
values 0.0027535566773749425 0.5900749954201312 0.001624804943791091
part 4.589261128958238E-4 0.5496654570822546 2.5225583161186537E-4
their 0.004130335016062414 0.12136085700426753 5.012609972640697E-4
outliers 2.294630564479119E-4 4.0661736852554045 9.330366418667748E-4
general 2.294630564479119E-4 0.4734380916943703 1.0863655155905698E-4
database 2.294630564479119E-4 1.3581234841531944 3.116391657074792E-4
visually 2.294630564479119E-4 2.9675613965872945 6.809457082577546E-4
introduction 2.294630564479119E-4 0.10219094089654716 2.344904563940963E-5
amount 6.883891693437356E-4 1.121734706088964 7.721900225486214E-4
process 9.178522257916476E-4 0.5013468798114469 4.6016234952863413E-4
ishii 0.0025240936209270305 4.471638793363569 0.011286834953418829
original 2.294630564479119E-4 1.1944940603713923 2.7409225800169626E-4
clear 4.589261128958238E-4 1.0704414117014134 4.912535161548478E-4
also 0.003900871959614502 0.05279818556697083 2.0595896159671963E-4
increase 9.178522257916476E-4 0.5013468798114469 4.6016234952863413E-4
listed 4.589261128958238E-4 1.8689491079191851 8.577095492974691E-4
third 4.589261128958238E-4 1.0059028905638423 4.6163510351713736E-4
various 2.294630564479119E-4 0.5798184952529422 1.330469241057692E-4
further 2.294630564479119E-4 0.27443684570176036 6.297311741664992E-5
simply 2.294630564479119E-4 1.4512139072192063 3.329999787102355E-4
been 0.0032124827902707664 0.05279818556697083 1.6961326249141615E-4
mostly 6.883891693437356E-4 1.1758019273592397 8.094093120875904E-4
theano 2.294630564479119E-4 5.1647859739235145 0.001185127575475795
affine 2.294630564479119E-4 4.0661736852554045 9.330366418667748E-4
extracted 0.00986691142726021 1.0704414117014134 0.010561950597329228
analyzing 2.294630564479119E-4 1.6094379124341003 3.6930654255027545E-4
evaluation 0.002065167508031207 0.7953381214564925 0.001642506446330526
investigated 4.589261128958238E-4 1.3581234841531944 6.232783314149584E-4
addition 2.294630564479119E-4 0.8080771472339223 1.8542385205000514E-4
personal 2.294630564479119E-4 1.8325814637483102 4.205097438614755E-4
accurately 6.883891693437356E-4 2.073743520565198 0.0014275425795538305
easy 2.294630564479119E-4 1.5538680612792897 3.5655531465793707E-4
former 4.589261128958238E-4 2.073743520565198 9.516950530358871E-4
tags 4.589261128958238E-4 2.5998366164619773 0.001193132912557126
chemical 0.0013767783386874712 2.5998366164619773 0.0035793987376713772
domain 2.294630564479119E-4 1.1944940603713923 2.7409225800169626E-4
consideration 2.294630564479119E-4 1.5812670354674039 3.6284236701867917E-4
formatting 4.589261128958238E-4 4.0661736852554045 0.0018660732837335497
compare 2.294630564479119E-4 0.9306794693262548 2.1355655560492307E-4
implying 2.294630564479119E-4 3.373026504695459 7.739849712472371E-4
smoothly 2.294630564479119E-4 4.471638793363569 0.0010260759048562572
rescued 2.294630564479119E-4 5.1647859739235145 0.001185127575475795
journal 6.883891693437356E-4 2.392197251683733 0.0016467626789929322
consisted 2.294630564479119E-4 1.8325814637483102 4.205097438614755E-4
indicate 0.0016062413951353832 1.0704414117014134 0.0017193873065419673
embedded 0.0011473152822395595 1.8689491079191851 0.002144273873243673
compared 2.294630564479119E-4 0.2669461739726028 6.125428498682946E-5
set 9.178522257916476E-4 0.5596157879354227 5.136445965446743E-4
incorrect 0.0025240936209270305 2.5998366164619773 0.006562231019064192
words 0.0016062413951353832 0.9751312318970885 0.0015662961503624642
column 0.0018357044515832951 2.6798793241355137 0.004919466405021594
procedure 2.294630564479119E-4 1.1394342831883648 2.614580732419378E-4
sample 0.0016062413951353832 0.7221347174331975 0.001159922676005595
transition 6.883891693437356E-4 2.331572629867298 0.0016050293459389383
stage 9.178522257916476E-4 1.6990500711237875 0.0015594768895124255
regarded 2.294630564479119E-4 2.0292917579943643 4.656474892139432E-4
answer 2.294630564479119E-4 1.79749014393704 4.124575823627903E-4
complicated 0.002294630564479119 1.8325814637483102 0.004205097438614755
polylactide 2.294630564479119E-4 5.1647859739235145 0.001185127575475795
corresponds 2.294630564479119E-4 1.7635885922613586 4.046784286969616E-4
did 2.294630564479119E-4 0.5108256237659907 1.1721560894125533E-4
publications 4.589261128958238E-4 2.169053700369523 9.954353833728881E-4
represent 2.294630564479119E-4 0.8209805520698303 1.8838470676223735E-4
language 2.294630564479119E-4 0.6988778552689304 1.603666487537702E-4
exclude 4.589261128958238E-4 2.331572629867298 0.0010700195639592922
which 0.0048187241854061496 0.023122417420854212 1.1142055205092667E-4
image 2.294630564479119E-4 1.906689435902032 4.3751478565902526E-4
patterns 4.589261128958238E-4 1.3146383722134554 6.033218780236142E-4
count 2.294630564479119E-4 1.6990500711237875 3.8986922237810637E-4
researching 2.294630564479119E-4 3.373026504695459 7.739849712472371E-4
varied 6.883891693437356E-4 1.7635885922613586 0.0012140352860908847
parts 2.294630564479119E-4 1.4035858582299516 3.2207110101651026E-4
some 2.294630564479119E-4 0.2160260835453457 4.957000540278699E-5
deep 2.294630564479119E-4 1.4271163556401458 3.274704808719931E-4
identifying 4.589261128958238E-4 1.0216512475319812 4.6886243576502125E-4
blank 6.883891693437356E-4 3.7784916128036232 0.002601072702710158
trained 4.589261128958238E-4 1.3805963400052528 6.335917117968118E-4
beginning 2.294630564479119E-4 1.6990500711237875 3.8986922237810637E-4
rather 2.294630564479119E-4 0.758066726659261 1.739483080906978E-4
for 0.026388251491509866 0.017291497110061043 4.5629237440500685E-4
training 0.003900871959614502 1.0059028905638423 0.003923898379895667
exhibits 2.294630564479119E-4 3.5553480614894135 8.158210329255194E-4
related 4.589261128958238E-4 0.27443684570176036 1.2594623483329985E-4
plot 2.294630564479119E-4 2.331572629867298 5.350097819796461E-4
human 2.294630564479119E-4 0.9162907318741551 2.1025487193073776E-4
conversion 4.589261128958238E-4 3.2188758248682006 0.0014772261702011018
over 0.002294630564479119 0.3364722366212129 7.720794782496855E-4
lowercase 2.294630564479119E-4 4.471638793363569 0.0010260759048562572
merged 0.0018357044515832951 2.8622008809294686 0.005254154898447854
false 4.589261128958238E-4 2.169053700369523 9.954353833728881E-4
material 2.294630564479119E-4 1.6384254493073527 3.759581113601085E-4
although 0.002294630564479119 0.4285875255290187 9.83450035633361E-4
approximately 0.0027535566773749425 0.9452782687474074 0.002602877288886849
form 2.294630564479119E-4 0.664976303593249 1.525874950879415E-4
counted 2.294630564479119E-4 2.5257286443082556 5.795614144810132E-4
peculiar 2.294630564479119E-4 4.471638793363569 0.0010260759048562572
avoid 9.178522257916476E-4 1.252762968495368 0.0011498512790228252
articles 0.007801743919229004 1.6682784124570338 0.013015480959967681
significantly 0.0011473152822395595 0.5900749954201312 6.770020599129546E-4
very 4.589261128958238E-4 0.5596157879354227 2.5682229827233714E-4
output 6.883891693437356E-4 1.1944940603713923 8.222767740050887E-4
division 2.294630564479119E-4 3.0853444322436783 7.079725636171819E-4
tables 0.009407985314364388 1.8689491079191851 0.017583045760598118
four 2.294630564479119E-4 0.4643056081310978 1.0654098396766815E-4
easily 2.294630564479119E-4 1.4271163556401458 3.274704808719931E-4
model 4.589261128958238E-4 0.48265474679929443 2.2150286681931825E-4
text 0.0025240936209270305 0.8607208807193443 0.0021725400844223924
usually 9.178522257916476E-4 0.9600933545325481 8.812238224254686E-4
sentence 4.589261128958238E-4 1.6094379124341003 7.386130851005509E-4
large 0.0011473152822395595 0.34450440831847723 3.952551724626862E-4
issue 4.589261128958238E-4 1.3805963400052528 6.335917117968118E-4
dnn 0.004589261128958238 5.1647859739235145 0.0237025515095159
made 2.294630564479119E-4 0.6109090823229731 1.4018106524161844E-4
lower 6.883891693437356E-4 0.5300569856938783 3.648854880866532E-4
index 0.0018357044515832951 1.5538680612792897 0.0028524425172634965
classified 2.294630564479119E-4 1.2135422553420867 2.7846311503948755E-4
encoder 2.294630564479119E-4 2.6798793241355137 6.149333006276993E-4
distributions 9.178522257916476E-4 2.073743520565198 0.0019033901060717742
brackets 6.883891693437356E-4 4.0661736852554045 0.002799109925600324
begin 4.589261128958238E-4 2.5998366164619773 0.001193132912557126
become 2.294630564479119E-4 0.8607208807193443 1.9750364403839932E-4
curve 6.883891693437356E-4 2.2744142160273495 0.0015656821129146508
crystal 2.294630564479119E-4 4.0661736852554045 9.330366418667748E-4
condensed 2.294630564479119E-4 3.7784916128036232 8.670242342367194E-4
dos 2.294630564479119E-4 4.471638793363569 0.0010260759048562572
file 2.294630564479119E-4 2.7668907011251433 6.348991971374813E-4
known 2.294630564479119E-4 0.8607208807193443 1.9750364403839932E-4
composed 2.294630564479119E-4 1.9459101490553132 4.46514490375244E-4
tgroup 2.294630564479119E-4 5.1647859739235145 0.001185127575475795
clearance 2.294630564479119E-4 3.2188758248682006 7.386130851005509E-4
ability 2.294630564479119E-4 0.8881198549074587 2.037906963991415E-4
table 0.015374024782010096 0.18805223150293962 0.0028911196674384935
together 2.294630564479119E-4 1.1394342831883648 2.614580732419378E-4
convolutional 2.294630564479119E-4 2.5998366164619773 5.96566456278563E-4
exponentially 2.294630564479119E-4 3.373026504695459 7.739849712472371E-4
yuji 0.0025240936209270305 5.1647859739235145 0.013036403330233743
may 2.294630564479119E-4 0.15415067982725836 3.537188614668618E-5
seemed 2.294630564479119E-4 2.2744142160273495 5.218940376382169E-4
could 6.883891693437356E-4 0.22314355131420976 1.536096039336001E-4
tabular 0.0013767783386874712 4.471638793363569 0.006156455429137543
systematic 2.294630564479119E-4 2.0292917579943643 4.656474892139432E-4
positive 6.883891693437356E-4 0.6988778552689304 4.810999462613105E-4
generally 9.178522257916476E-4 0.9021060968821986 8.280000889235416E-4
machine 0.004589261128958238 1.0872485300177945 0.004989667416327648
attaining 2.294630564479119E-4 4.0661736852554045 9.330366418667748E-4
bidirectional 4.589261128958238E-4 2.2744142160273495 0.0010437880752764339
use 4.589261128958238E-4 0.20895891632225325 9.589670322269538E-5
recognition 0.005507113354749885 1.6384254493073527 0.009022994672642603
several 2.294630564479119E-4 0.3526016185510966 8.090904510121539E-5
annotations 6.883891693437356E-4 2.8622008809294686 0.001970308086917945
while 6.883891693437356E-4 0.20895891632225325 1.4384505483404307E-4
second 0.0011473152822395595 0.4643056081310978 5.327049198383408E-4
stands 4.589261128958238E-4 2.6798793241355137 0.0012298666012553986
that 0.004359798072510326 0.017291497110061043 7.5387435771262E-5
high 6.883891693437356E-4 0.2521310881874621 1.735643103630992E-4
download 9.178522257916476E-4 0.2595111954850846 2.3819292839383628E-4
split 0.0011473152822395595 1.6384254493073527 0.0018797905568005424
than 0.0032124827902707664 0.058840500022933395 1.8902409369460016E-4
different 6.883891693437356E-4 0.18805223150293962 1.2945311943754449E-4
selected 9.178522257916476E-4 0.758066726659261 6.957932323627912E-4
elsevier 2.294630564479119E-4 4.0661736852554045 9.330366418667748E-4
motivated 2.294630564479119E-4 2.392197251683733 5.489208929976441E-4
difficult 4.589261128958238E-4 0.7703368192510752 3.5352768207942876E-4
includes 2.294630564479119E-4 0.8472978603872037 1.9442355676622388E-4
weights 4.589261128958238E-4 1.9867321435755685 9.117632600163234E-4
synthetic 4.589261128958238E-4 3.2188758248682006 0.0014772261702011018
entry 4.589261128958238E-4 1.9867321435755685 9.117632600163234E-4
convenient 6.883891693437356E-4 2.8622008809294686 0.001970308086917945
lists 2.294630564479119E-4 2.120263536200091 4.865221514915308E-4
focused 4.589261128958238E-4 1.0704414117014134 4.912535161548478E-4
true 4.589261128958238E-4 1.1394342831883648 5.229161464838756E-4
header 0.0016062413951353832 4.471638793363569 0.0071825313339938
present 2.294630564479119E-4 0.38566248081198473 8.849529160440219E-5
errors 2.294630564479119E-4 1.6990500711237875 3.8986922237810637E-4
problems 2.294630564479119E-4 1.1758019273592397 2.698031040291968E-4
zadrozny 2.294630564479119E-4 5.1647859739235145 0.001185127575475795
datum 0.0029830197338228544 5.1647859739235145 0.015406658481185335
scores 2.294630564479119E-4 1.6094379124341003 3.6930654255027545E-4
abundantly 2.294630564479119E-4 5.1647859739235145 0.001185127575475795
abundance 4.589261128958238E-4 3.2188758248682006 0.0014772261702011018
best 4.589261128958238E-4 0.6988778552689304 3.207332975075404E-4
regularity 2.294630564479119E-4 4.471638793363569 0.0010260759048562572
physical 4.589261128958238E-4 1.3146383722134554 6.033218780236142E-4
included 4.589261128958238E-4 0.41985384556026406 1.9268189332733552E-4
execution 6.883891693437356E-4 2.5998366164619773 0.0017896993688356886
processes 9.178522257916476E-4 1.293584963015623 0.0011873198375544959
determine 2.294630564479119E-4 0.7221347174331975 1.6570323942937068E-4
considerably 4.589261128958238E-4 2.331572629867298 0.0010700195639592922
rapidly 6.883891693437356E-4 1.906689435902032 0.0013125443569770756
orange 2.294630564479119E-4 3.7784916128036232 8.670242342367194E-4
pdfs 4.589261128958238E-4 4.471638793363569 0.0020521518097125144
due 0.002065167508031207 0.20895891632225325 4.3153516450212924E-4
essentially 2.294630564479119E-4 2.456735772821304 5.637300993164993E-4
simplify 2.294630564479119E-4 2.8622008809294686 6.567693623059817E-4
properties 0.0013767783386874712 1.6094379124341003 0.0022158392553016525
gensim 2.294630564479119E-4 3.7784916128036232 8.670242342367194E-4
oka 0.0025240936209270305 5.1647859739235145 0.013036403330233743
sized 2.294630564479119E-4 3.2188758248682006 7.386130851005509E-4
registered 6.883891693437356E-4 2.8622008809294686 0.001970308086917945
parsing 2.294630564479119E-4 2.6798793241355137 6.149333006276993E-4
objective 4.589261128958238E-4 1.1944940603713923 5.481845160033925E-4
observed 6.883891693437356E-4 0.6988778552689304 4.810999462613105E-4
cover 4.589261128958238E-4 1.79749014393704 8.249151647255806E-4
character 0.0013767783386874712 2.331572629867298 0.0032100586918778766
sizes 2.294630564479119E-4 2.331572629867298 5.350097819796461E-4
spanned 2.294630564479119E-4 3.373026504695459 7.739849712472371E-4
composite 2.294630564479119E-4 3.0853444322436783 7.079725636171819E-4
iupac 0.0025240936209270305 5.1647859739235145 0.013036403330233743
above 2.294630564479119E-4 0.9021060968821986 2.070000222308854E-4
they 0.0016062413951353832 0.167573700159399 2.6916381393203147E-4
trends 2.294630564479119E-4 1.7635885922613586 4.046784286969616E-4
based 0.0011473152822395595 0.18805223150293962 2.1575519906257416E-4
inevitable 2.294630564479119E-4 3.373026504695459 7.739849712472371E-4
them 0.0011473152822395595 0.5696661237889241 6.535866495972053E-4
then 0.0018357044515832951 0.4285875255290187 7.867600285066887E-4
substantial 2.294630564479119E-4 1.5812670354674039 3.6284236701867917E-4
labor 2.294630564479119E-4 3.2188758248682006 7.386130851005509E-4
processing 6.883891693437356E-4 0.7221347174331975 4.971097182881121E-4
except 2.294630564479119E-4 1.3805963400052528 3.167958558984059E-4
obtained 9.178522257916476E-4 0.6004377824556778 5.51113155076345E-4
starting 2.294630564479119E-4 1.3146383722134554 3.016609390118071E-4
conditions 2.294630564479119E-4 1.0376515888784226 2.3810270511207495E-4
checking 2.294630564479119E-4 2.8622008809294686 6.567693623059817E-4
components 2.294630564479119E-4 1.3361445774344192 3.0659581859440553E-4
topmost 4.589261128958238E-4 5.1647859739235145 0.00237025515095159
fact 4.589261128958238E-4 0.990398704027877 4.5451982745657506E-4
experiments 2.294630564479119E-4 1.5812670354674039 3.6284236701867917E-4
association 2.294630564479119E-4 1.2135422553420867 2.7846311503948755E-4
melting 2.294630564479119E-4 4.471638793363569 0.0010260759048562572
bieso 9.178522257916476E-4 5.1647859739235145 0.00474051030190318
long 2.294630564479119E-4 0.7827593392496325 1.7961435044736864E-4
fell 2.294630564479119E-4 4.471638793363569 0.0010260759048562572
into 0.0018357044515832951 0.10854016857520597 1.9924767062910688E-4
variety 6.883891693437356E-4 1.0872485300177945 7.484501124491472E-4
managed 2.294630564479119E-4 2.073743520565198 4.7584752651794356E-4
actively 4.589261128958238E-4 2.2744142160273495 0.0010437880752764339
temperature 0.0013767783386874712 2.5257286443082556 0.003477368486886079
examined 6.883891693437356E-4 1.3805963400052528 9.503875676952176E-4
relationship 4.589261128958238E-4 0.9162907318741551 4.205097438614755E-4
expression 2.294630564479119E-4 1.6682784124570338 3.828082635284612E-4
necessary 4.589261128958238E-4 0.8607208807193443 3.9500728807679864E-4
one 0.0011473152822395595 0.06491954609931569 7.448318735580047E-5
started 6.883891693437356E-4 1.906689435902032 0.0013125443569770756
denotes 4.589261128958238E-4 2.073743520565198 9.516950530358871E-4
many 0.0011473152822395595 0.20194134366360675 2.3169038970124686E-4
designing 2.294630564479119E-4 2.2744142160273495 5.218940376382169E-4
single 2.294630564479119E-4 0.6429973968744738 1.475441479748678E-4
leftmost 0.0011473152822395595 5.1647859739235145 0.005925637877378975
showed 2.294630564479119E-4 0.5398131606392429 1.2386717775108831E-4
increasing 4.589261128958238E-4 0.9021060968821986 4.140000444617708E-4
progress 4.589261128958238E-4 1.79749014393704 8.249151647255806E-4
attained 2.294630564479119E-4 2.9675613965872945 6.809457082577546E-4
experts 2.294630564479119E-4 2.2203469947570738 5.094876077918939E-4
operation 2.294630564479119E-4 2.0292917579943643 4.656474892139432E-4
ratio 2.294630564479119E-4 1.1758019273592397 2.698031040291968E-4
but 4.589261128958238E-4 0.083381608939051 3.826599767739835E-5
embeddings 2.294630564479119E-4 2.2203469947570738 5.094876077918939E-4
tbody 4.589261128958238E-4 5.1647859739235145 0.00237025515095159
rapid 4.589261128958238E-4 1.906689435902032 8.750295713180505E-4
numbers 0.0025240936209270305 1.121734706088964 0.0028313634160116114
mainly 4.589261128958238E-4 1.0059028905638423 4.6163510351713736E-4
pairs 6.883891693437356E-4 2.120263536200091 0.001459566454474592
frequency 0.0011473152822395595 1.121734706088964 0.001286983370914369
instantly 2.294630564479119E-4 4.471638793363569 0.0010260759048562572
roughly 2.294630564479119E-4 1.9459101490553132 4.46514490375244E-4
details 6.883891693437356E-4 1.5012243277938677 0.0010334265680086285
written 2.294630564479119E-4 1.121734706088964 2.573966741828738E-4
five 4.589261128958238E-4 0.9021060968821986 4.140000444617708E-4
this 0.012391005048187242 0.017291497110061043 2.142590279814815E-4
owing 6.883891693437356E-4 2.5257286443082556 0.0017386842434430395
collection 4.589261128958238E-4 1.0216512475319812 4.6886243576502125E-4
modification 6.883891693437356E-4 2.6798793241355137 0.001844799901883098
dense 4.589261128958238E-4 2.456735772821304 0.0011274601986329986
remarkable 4.589261128958238E-4 2.456735772821304 0.0011274601986329986
incorrectly 2.294630564479119E-4 3.2188758248682006 7.386130851005509E-4
extract 0.0018357044515832951 1.3805963400052528 0.002534366847187247
purchased 2.294630564479119E-4 3.2188758248682006 7.386130851005509E-4
systematically 4.589261128958238E-4 2.392197251683733 0.0010978417859952882
demonstrate 2.294630564479119E-4 1.293584963015623 2.9682995938862396E-4
specifiers 0.0011473152822395595 5.1647859739235145 0.005925637877378975
changed 6.883891693437356E-4 1.79749014393704 0.0012373727470883708
higher 4.589261128958238E-4 0.41985384556026406 1.9268189332733552E-4
reasons 2.294630564479119E-4 1.3581234841531944 3.116391657074792E-4
rough 2.294630564479119E-4 4.0661736852554045 9.330366418667748E-4
figures 0.0011473152822395595 1.6990500711237875 0.0019493461118905318
idea 2.294630564479119E-4 1.3805963400052528 3.167958558984059E-4
learning 0.0048187241854061496 0.9306794693262548 0.004484687667703385
modifiers 2.294630564479119E-4 3.5553480614894135 8.158210329255194E-4
graphs 2.294630564479119E-4 2.7668907011251433 6.348991971374813E-4
common 4.589261128958238E-4 0.3526016185510966 1.6181809020243077E-4
definition 2.294630564479119E-4 1.6990500711237875 3.8986922237810637E-4
causal 2.294630564479119E-4 2.5257286443082556 5.795614144810132E-4
polymers 0.0011473152822395595 4.0661736852554045 0.004665183209333874
every 2.294630564479119E-4 1.0539121097502027 2.4183389393074868E-4
chemdataextractor 2.294630564479119E-4 5.1647859739235145 0.001185127575475795
organic 2.294630564479119E-4 3.373026504695459 7.739849712472371E-4
normal 2.294630564479119E-4 1.4035858582299516 3.2207110101651026E-4
types 6.883891693437356E-4 0.7459453661269161 5.135007109639165E-4
figure 0.005736576411197797 0.20194134366360675 0.0011584519485062343
wide 4.589261128958238E-4 1.3361445774344192 6.131916371888111E-4
previous 6.883891693437356E-4 0.32850406697203605 2.261386417889188E-4
recently 2.294630564479119E-4 1.5271998141971284 3.5043593717235623E-4
informatics 0.0016062413951353832 3.2188758248682006 0.005170291595703856
technology 2.294630564479119E-4 1.5271998141971284 3.5043593717235623E-4
regenerating 2.294630564479119E-4 5.1647859739235145 0.001185127575475795
cells 0.0013767783386874712 1.730798769438368 0.0023829262543896756
matsumoto 0.0025240936209270305 5.1647859739235145 0.013036403330233743
tagging 2.294630564479119E-4 2.392197251683733 5.489208929976441E-4
frameworks 2.294630564479119E-4 2.9675613965872945 6.809457082577546E-4
achievement 2.294630564479119E-4 3.7784916128036232 8.670242342367194E-4
polyinfo 0.0036714089031665903 5.1647859739235145 0.01896204120761272
graphical 2.294630564479119E-4 2.8622008809294686 6.567693623059817E-4
type 2.294630564479119E-4 0.5203950747821414 1.1941144441994984E-4
april 0.0025240936209270305 1.906689435902032 0.004812662642249278
degrees 2.294630564479119E-4 2.7668907011251433 6.348991971374813E-4
preparation 0.0013767783386874712 2.169053700369523 0.0029863061501186642
relation 2.294630564479119E-4 1.3361445774344192 3.0659581859440553E-4
annotated 0.0013767783386874712 1.9459101490553132 0.0026790869422514637
loss 4.589261128958238E-4 0.9162907318741551 4.205097438614755E-4
relate 2.294630564479119E-4 2.0292917579943643 4.656474892139432E-4
terms 9.178522257916476E-4 0.5696661237889241 5.228693196777642E-4
lost 2.294630564479119E-4 2.2203469947570738 5.094876077918939E-4
enable 2.294630564479119E-4 1.5012243277938677 3.4447552266954286E-4
aligned 4.589261128958238E-4 2.2744142160273495 0.0010437880752764339
blends 2.294630564479119E-4 4.471638793363569 0.0010260759048562572
between 0.0013767783386874712 0.058840500022933395 8.101032586911435E-5
exhibited 2.294630564479119E-4 2.5257286443082556 5.795614144810132E-4
parentheses 9.178522257916476E-4 3.7784916128036232 0.0034680969369468777
transformers 2.294630564479119E-4 3.0853444322436783 7.079725636171819E-4
method 4.589261128958238E-4 0.4734380916943703 2.1727310311811396E-4
natural 2.294630564479119E-4 0.6429973968744738 1.475441479748678E-4
work 2.294630564479119E-4 0.5696661237889241 1.3071732991944105E-4
reduced 4.589261128958238E-4 0.9452782687474074 4.3381288148114155E-4
utilization 2.294630564479119E-4 2.5257286443082556 5.795614144810132E-4
benchmark 2.294630564479119E-4 2.6798793241355137 6.149333006276993E-4
samples 2.294630564479119E-4 1.6682784124570338 3.828082635284612E-4
examples 4.589261128958238E-4 1.1394342831883648 5.229161464838756E-4
versions 0.0036714089031665903 2.456735772821304 0.009019681589063988
among 0.0013767783386874712 0.32850406697203605 4.522772835778376E-4
following 0.002065167508031207 0.2160260835453457 4.461300486250829E-4
labelling 2.294630564479119E-4 2.392197251683733 5.489208929976441E-4
word 0.0011473152822395595 1.1394342831883648 0.0013072903662096889
specifier 0.0034419458467186783 5.1647859739235145 0.017776913632136924
columns 6.883891693437356E-4 2.9675613965872945 0.002042837124773264
range 4.589261128958238E-4 0.6988778552689304 3.207332975075404E-4
distribution 6.883891693437356E-4 0.9751312318970885 6.712697787267704E-4
our 4.589261128958238E-4 0.19497267434751336 8.94780515592076E-5
across 2.294630564479119E-4 0.7703368192510752 1.7676384103971438E-4
feature 4.589261128958238E-4 1.4035858582299516 6.441422020330205E-4
labeling 4.589261128958238E-4 3.2188758248682006 0.0014772261702011018
causes 2.294630564479119E-4 1.5538680612792897 3.5655531465793707E-4
recall 2.294630564479119E-4 1.8689491079191851 4.2885477464873453E-4
demonstrated 2.294630564479119E-4 0.8607208807193443 1.9750364403839932E-4
regular 2.294630564479119E-4 1.9459101490553132 4.46514490375244E-4
include 0.0016062413951353832 0.5013468798114469 8.052841116751097E-4
transformation 2.294630564479119E-4 2.5257286443082556 5.795614144810132E-4
token 2.294630564479119E-4 2.456735772821304 5.637300993164993E-4
tokenized 2.294630564479119E-4 3.5553480614894135 8.158210329255194E-4
elements 6.883891693437356E-4 1.5012243277938677 0.0010334265680086285
dispersion 2.294630564479119E-4 3.7784916128036232 8.670242342367194E-4
first 0.0013767783386874712 0.167573700159399 2.3071184051316981E-4
data 0.03189536484625975 0.167573700159399 0.005344824305221768
adequate 2.294630564479119E-4 2.120263536200091 4.865221514915308E-4
prepared 0.0013767783386874712 2.392197251683733 0.0032935253579858643
formulas 2.294630564479119E-4 3.373026504695459 7.739849712472371E-4
fewer 2.294630564479119E-4 1.6384254493073527 3.759581113601085E-4
clearly 4.589261128958238E-4 1.6384254493073527 7.51916222720217E-4
butadiene 2.294630564479119E-4 4.471638793363569 0.0010260759048562572
plain 9.178522257916476E-4 3.2188758248682006 0.0029544523404022036
describing 2.294630564479119E-4 1.6990500711237875 3.8986922237810637E-4
only 0.0018357044515832951 0.10854016857520597 1.9924767062910688E-4
create 4.589261128958238E-4 1.0704414117014134 4.912535161548478E-4
publishers 2.294630564479119E-4 3.2188758248682006 7.386130851005509E-4
from 0.012620468104635154 0.023122417420854212 2.9181573156195084E-4
discover 2.294630564479119E-4 2.392197251683733 5.489208929976441E-4
development 4.589261128958238E-4 0.6004377824556778 2.755565775381725E-4
mining 2.294630564479119E-4 1.8325814637483102 4.205097438614755E-4
published 0.0034419458467186783 0.03488725900044054 1.2008005621996514E-4
core 2.294630564479119E-4 1.5271998141971284 3.5043593717235623E-4
sequence 4.589261128958238E-4 1.4271163556401458 6.549409617439862E-4
preparing 2.294630564479119E-4 2.7668907011251433 6.348991971374813E-4
techniques 4.589261128958238E-4 0.9751312318970885 4.4751318581784697E-4
covered 4.589261128958238E-4 1.79749014393704 8.249151647255806E-4
files 0.0016062413951353832 3.0853444322436783 0.004955807945320272
epochs 2.294630564479119E-4 3.2188758248682006 7.386130851005509E-4
solving 2.294630564479119E-4 1.8325814637483102 4.205097438614755E-4
covering 2.294630564479119E-4 2.2203469947570738 5.094876077918939E-4
purpose 2.294630564479119E-4 1.0539121097502027 2.4183389393074868E-4
line 6.883891693437356E-4 1.0059028905638423 6.92452655275706E-4
scientific 0.0073428178063331805 1.8325814637483102 0.013456311803567217
error 2.294630564479119E-4 1.5538680612792897 3.5655531465793707E-4
network 2.294630564479119E-4 1.0704414117014134 2.456267580774239E-4
numerical 0.0018357044515832951 1.6990500711237875 0.003118953779024851
researched 2.294630564479119E-4 2.6798793241355137 6.149333006276993E-4
can 0.0032124827902707664 0.0958817717032825 3.080185414974656E-4
inclusion 2.294630564479119E-4 1.3581234841531944 3.116391657074792E-4
prescribed 2.294630564479119E-4 2.456735772821304 5.637300993164993E-4
paper 4.589261128958238E-4 0.9306794693262548 4.2711311120984614E-4
hyphens 4.589261128958238E-4 5.1647859739235145 0.00237025515095159
value 0.0011473152822395595 0.6214911916535102 7.130463419613472E-4
abbreviations 0.0032124827902707664 3.2188758248682006 0.010340583191407711
quantity 2.294630564479119E-4 2.6798793241355137 6.149333006276993E-4
cost 2.294630564479119E-4 1.3581234841531944 3.116391657074792E-4
constructed 2.294630564479119E-4 1.8325814637483102 4.205097438614755E-4
will 0.0016062413951353832 0.3526016185510966 5.663633157085077E-4
studied 4.589261128958238E-4 1.0539121097502027 4.8366778786149736E-4
advantage 2.294630564479119E-4 1.4271163556401458 3.274704808719931E-4
groups 2.294630564479119E-4 0.8472978603872037 1.9442355676622388E-4
follow 2.294630564479119E-4 1.4512139072192063 3.329999787102355E-4
factors 2.294630564479119E-4 0.6321864807702582 1.4506344212259251E-4
performance 2.294630564479119E-4 0.7703368192510752 1.7676384103971438E-4
trade 4.589261128958238E-4 3.5553480614894135 0.0016316420658510388
corresponding 9.178522257916476E-4 1.0872485300177945 9.979334832655297E-4
stages 2.294630564479119E-4 1.906689435902032 4.3751478565902526E-4
independently 2.294630564479119E-4 1.9459101490553132 4.46514490375244E-4
