been 0.001889466225791214 0.05279818556697083 9.976038841184852E-5
half 4.723665564478035E-4 1.3805963400052528 6.521475389727222E-4
optimal 9.44733112895607E-4 1.2329603411991883 0.001164818461217939
year 0.0014170996693434106 1.3146383722134554 0.001862973602569847
allowed 4.723665564478035E-4 1.4512139072192063 6.855049160222987E-4
allan 0.0014170996693434106 5.1647859739235145 0.007319016495876497
reflected 4.723665564478035E-4 1.9459101490553132 9.191828762660903E-4
extracted 0.0014170996693434106 1.0704414117014134 0.0015169221705735665
urge 4.723665564478035E-4 5.1647859739235145 0.0024396721652921657
treatments 0.0033065658951346244 2.073743520565198 0.006856969600357291
setting 0.001889466225791214 1.3581234841531944 0.00256612845376135
evaluation 4.723665564478035E-4 0.7953381214564925 3.756911296440683E-4
these 0.001889466225791214 0.03488725900044054 6.591829759176295E-5
score 0.0023618327822390174 1.121734706088964 0.0026493498018161643
trailing 4.723665564478035E-4 5.1647859739235145 0.0024396721652921657
megan 0.0014170996693434106 4.471638793363569 0.006336757855498681
would 0.001889466225791214 0.5013468798114469 9.472779968095359E-4
poor 0.0033065658951346244 1.0539121097502027 0.0034848298385693993
neighbourhood 9.44733112895607E-4 3.0853444322436783 0.0029148270498286994
record 0.0014170996693434106 1.8689491079191851 0.0026484871628519395
understanding 4.723665564478035E-4 0.990398704027877 4.678312253320156E-4
diagnostic 0.0014170996693434106 2.120263536200091 0.0030046247560700395
because 9.44733112895607E-4 0.34450440831847723 3.2546472207697425E-4
ten 4.723665564478035E-4 2.0292917579943643 9.585695597517074E-4
tapered 4.723665564478035E-4 3.5553480614894135 0.0016794275207791278
investigated 4.723665564478035E-4 1.3581234841531944 6.415321134403375E-4
energy 4.723665564478035E-4 1.8689491079191851 8.828290542839798E-4
limitations 9.44733112895607E-4 0.9162907318741551 8.656501954408646E-4
summarises 4.723665564478035E-4 3.373026504695459 0.001593304914830165
adequately 9.44733112895607E-4 2.392197251683733 0.002259987956243489
appendix 4.723665564478035E-4 2.456735772821304 0.0011604798171097326
thus 4.723665564478035E-4 0.8881198549074587 4.1951811757555917E-4
younger 4.723665564478035E-4 2.120263536200091 0.00100154158535668
past 4.723665564478035E-4 1.293584963015623 6.110462744523492E-4
unlocking 4.723665564478035E-4 4.0661736852554045 0.0019207244616227703
hierarchy 4.723665564478035E-4 3.7784916128036232 0.0017848330717069548
profile 9.44733112895607E-4 2.120263536200091 0.00200308317071336
preference 4.723665564478035E-4 2.169053700369523 0.0010245884271939175
opportunity 4.723665564478035E-4 1.6384254493073527 7.739373874857594E-4
analysis 4.723665564478035E-4 0.15415067982725836 7.281562580408992E-5
meyers 9.44733112895607E-4 5.1647859739235145 0.0048793443305843315
whose 4.723665564478035E-4 1.730798769438368 8.175714546236977E-4
population 9.44733112895607E-4 0.9751312318970885 9.212387641918645E-4
symptoms 0.004251299008030231 1.8325814637483102 0.00779085175896778
census 4.723665564478035E-4 3.5553480614894135 0.0016794275207791278
institute 0.0033065658951346244 2.331572629867298 0.007709498539948552
milder 4.723665564478035E-4 5.1647859739235145 0.0024396721652921657
much 4.723665564478035E-4 0.7827593392496325 3.697493336087069E-4
appropriate 4.723665564478035E-4 1.0704414117014134 5.056407235245222E-4
treatment 0.02456306093528578 0.9452782687474074 0.023218927716044016
average 9.44733112895607E-4 0.7459453661269161 7.047192877911347E-4
statistical 4.723665564478035E-4 0.653926467406664 3.088929935789627E-4
providing 4.723665564478035E-4 1.252762968495368 5.917633294734852E-4
independent 4.723665564478035E-4 1.0059028905638423 4.7515488453653395E-4
ethnicity 9.44733112895607E-4 4.0661736852554045 0.0038414489232455407
least 9.44733112895607E-4 0.653926467406664 6.177859871579254E-4
manual 4.723665564478035E-4 1.4512139072192063 6.855049160222987E-4
characteristic 4.723665564478035E-4 1.9459101490553132 9.191828762660903E-4
sleep 0.0014170996693434106 3.5553480614894135 0.005038282562337384
proved 4.723665564478035E-4 1.9459101490553132 9.191828762660903E-4
search 4.723665564478035E-4 1.1043429633770947 5.21654682747801E-4
same 9.44733112895607E-4 0.2972515234679317 2.808233570788207E-4
whom 4.723665564478035E-4 2.2203469947570738 0.0010488176640326282
national 0.001889466225791214 1.293584963015623 0.0024441850978093966
subsequent 4.723665564478035E-4 1.3581234841531944 6.415321134403375E-4
consisted 4.723665564478035E-4 1.8325814637483102 8.656501954408646E-4
generalised 4.723665564478035E-4 3.5553480614894135 0.0016794275207791278
after 0.001889466225791214 0.12136085700426753 2.2930724044264062E-4
compared 0.0014170996693434106 0.2669461739726028 3.78289334869064E-4
randomised 4.723665564478035E-4 3.5553480614894135 0.0016794275207791278
address 4.723665564478035E-4 1.0872485300177945 5.135798441274419E-4
antidepressant 0.01983939537080775 4.0661736852554045 0.08067042738815636
sex 4.723665564478035E-4 3.0853444322436783 0.0014574135249143497
possible 4.723665564478035E-4 0.38566248081198473 1.8217405801227433E-4
sample 0.005668398677373642 0.7221347174331975 0.004093347477183925
practices 0.0014170996693434106 1.79749014393704 0.002547222688621219
the 0.06991025035427492 0.017291497110061043 0.0012088528919645888
slam 0.002834199338686821 5.1647859739235145 0.014638032991752994
indices 4.723665564478035E-4 2.7668907011251433 0.0013069866325579327
june 9.44733112895607E-4 2.2744142160273495 0.0021487144223215396
trials 9.44733112895607E-4 2.2744142160273495 0.0021487144223215396
severe 9.44733112895607E-4 1.157452788691043 0.0010934839760897903
days 0.001889466225791214 1.1043429633770947 0.002086618730991204
information 0.0023618327822390174 0.3049735695618419 7.202965743076095E-4
tapering 4.723665564478035E-4 5.1647859739235145 0.0024396721652921657
combined 9.44733112895607E-4 0.9600933545325481 9.070319834979198E-4
validity 9.44733112895607E-4 2.073743520565198 0.0019591341715306547
replicated 4.723665564478035E-4 3.7784916128036232 0.0017848330717069548
did 0.0014170996693434106 0.5108256237659907 7.238908225309269E-4
register 4.723665564478035E-4 3.373026504695459 0.001593304914830165
misclassification 4.723665564478035E-4 3.5553480614894135 0.0016794275207791278
london 0.0014170996693434106 3.373026504695459 0.004779914744490495
dig 4.723665564478035E-4 4.0661736852554045 0.0019207244616227703
evidence 0.004251299008030231 0.9306794693262548 0.003956596704740809
heslin 0.0014170996693434106 5.1647859739235145 0.007319016495876497
historical 4.723665564478035E-4 2.392197251683733 0.0011299939781217445
language 4.723665564478035E-4 0.6988778552689304 3.301265258710111E-4
ethics 4.723665564478035E-4 2.073743520565198 9.795670857653273E-4
developed 4.723665564478035E-4 0.48265474679929443 2.2798996069876924E-4
recommendations 9.44733112895607E-4 2.0292917579943643 0.0019171391195034148
analyses 4.723665564478035E-4 0.9021060968821986 4.2612475053481274E-4
lithium 4.723665564478035E-4 4.471638793363569 0.0021122526184995604
rec 4.723665564478035E-4 5.1647859739235145 0.0024396721652921657
later 4.723665564478035E-4 1.3361445774344192 6.311500129591021E-4
prior 9.44733112895607E-4 0.8209805520698303 7.756075125836848E-4
adding 4.723665564478035E-4 1.6682784124570338 7.880389288885375E-4
margaret 0.0014170996693434106 5.1647859739235145 0.007319016495876497
contact 0.0014170996693434106 2.2744142160273495 0.0032230716334823092
preceded 4.723665564478035E-4 3.7784916128036232 0.0017848330717069548
hallucinations 4.723665564478035E-4 5.1647859739235145 0.0024396721652921657
prospective 4.723665564478035E-4 2.120263536200091 0.00100154158535668
contributed 4.723665564478035E-4 1.5812670354674039 7.469376643681644E-4
which 0.001889466225791214 0.023122417420854212 4.3689026775350425E-5
analysed 4.723665564478035E-4 1.8325814637483102 8.656501954408646E-4
consent 4.723665564478035E-4 1.4271163556401458 6.741220385640745E-4
regarding 4.723665564478035E-4 0.758066726659261 3.5808536922969343E-4
unstable 4.723665564478035E-4 3.7784916128036232 0.0017848330717069548
take 4.723665564478035E-4 0.8743265327751228 4.130026134979324E-4
little 4.723665564478035E-4 1.252762968495368 5.917633294734852E-4
trust 4.723665564478035E-4 2.5998366164619773 0.001228075869845053
some 0.0014170996693434106 0.2160260835453457 3.061304915616614E-4
united 0.0014170996693434106 1.5812670354674039 0.002240812993104493
applied 9.44733112895607E-4 0.6109090823229731 5.771460390391811E-4
disturbed 0.0023618327822390174 4.471638793363569 0.0105612630924978
young 0.0014170996693434106 1.9459101490553132 0.002757548628798271
rather 0.002834199338686821 0.758066726659261 0.0021485122153781606
breakdown 4.723665564478035E-4 2.8622008809294686 0.0013520079739865228
searching 4.723665564478035E-4 1.9459101490553132 9.191828762660903E-4
for 0.017005196032120924 0.017291497110061043 2.940452980454405E-4
cohort 0.0023618327822390174 2.0292917579943643 0.004792847798758536
multinomial 9.44733112895607E-4 4.471638793363569 0.004224505236999121
states 4.723665564478035E-4 1.293584963015623 6.110462744523492E-4
inconsistencies 4.723665564478035E-4 3.7784916128036232 0.0017848330717069548
duration 4.723665564478035E-4 1.7635885922613586 8.330602703171273E-4
previously 4.723665564478035E-4 0.8340526336371831 3.939785704474176E-4
rate 4.723665564478035E-4 0.7221347174331975 3.411122897653271E-4
provider 4.723665564478035E-4 2.7668907011251433 0.0013069866325579327
provides 4.723665564478035E-4 0.6214911916535102 2.935716540640105E-4
misclassifications 4.723665564478035E-4 5.1647859739235145 0.0024396721652921657
end 4.723665564478035E-4 1.1758019273592397 5.554095074913745E-4
just 4.723665564478035E-4 1.3146383722134554 6.209912008566157E-4
class 4.723665564478035E-4 1.3805963400052528 6.521475389727222E-4
reporting 4.723665564478035E-4 1.6384254493073527 7.739373874857594E-4
over 0.0023618327822390174 0.3364722366212129 7.946911587652642E-4
historic 4.723665564478035E-4 3.2188758248682006 0.001520489289026075
identify 4.723665564478035E-4 0.6214911916535102 2.935716540640105E-4
females 4.723665564478035E-4 2.5998366164619773 0.001228075869845053
approval 4.723665564478035E-4 1.9459101490553132 9.191828762660903E-4
multiple 9.44733112895607E-4 0.5108256237659907 4.825938816872846E-4
length 9.44733112895607E-4 1.2329603411991883 0.001164818461217939
recorded 0.002834199338686821 1.5012243277938677 0.004254768997053947
improvement 4.723665564478035E-4 1.157452788691043 5.467419880448951E-4
versus 4.723665564478035E-4 1.6094379124341003 7.602446445130375E-4
noted 4.723665564478035E-4 1.157452788691043 5.467419880448951E-4
significance 4.723665564478035E-4 1.2329603411991883 5.824092306089695E-4
with 0.02267359470949457 0.017291497110061043 3.920603973939207E-4
approximately 0.0014170996693434106 0.9452782687474074 0.0013395535220794626
management 4.723665564478035E-4 0.9452782687474074 4.465178406931542E-4
service 4.723665564478035E-4 1.6990500711237875 8.025744313291392E-4
regression 0.001889466225791214 1.3805963400052528 0.0026085901558908888
there 0.0014170996693434106 0.12136085700426753 1.7198043033198046E-4
monotherapy 0.005668398677373642 5.1647859739235145 0.02927606598350599
counted 4.723665564478035E-4 2.5257286443082556 0.00119306974223347
avoid 0.0014170996693434106 1.252762968495368 0.0017752899884204555
recommends 4.723665564478035E-4 3.5553480614894135 0.0016794275207791278
significantly 4.723665564478035E-4 0.5900749954201312 2.787316936325608E-4
age 0.0014170996693434106 0.9751312318970885 0.0013818581462877967
discretionary 4.723665564478035E-4 5.1647859739235145 0.0024396721652921657
practice 9.44733112895607E-4 1.2729656758128876 0.0012026128255199695
ago 4.723665564478035E-4 3.7784916128036232 0.0017848330717069548
maudsley 9.44733112895607E-4 5.1647859739235145 0.0048793443305843315
output 4.723665564478035E-4 1.1944940603713923 5.642390459949893E-4
psychiatric 4.723665564478035E-4 3.2188758248682006 0.001520489289026075
number 0.0023618327822390174 0.167573700159399 3.9578105847756025E-4
four 9.44733112895607E-4 0.4643056081310978 4.386448825045799E-4
odds 9.44733112895607E-4 2.7668907011251433 0.0026139732651158654
guidelines 0.002834199338686821 1.5812670354674039 0.004481625986208986
model 4.723665564478035E-4 0.48265474679929443 2.2798996069876924E-4
whereas 9.44733112895607E-4 1.0872485300177945 0.0010271596882548838
text 0.0023618327822390174 0.8607208807193443 0.0020328787924405864
per 0.0014170996693434106 0.7339691750802005 0.001040107475314408
algorithm 9.44733112895607E-4 1.0059028905638423 9.503097690730679E-4
likely 9.44733112895607E-4 0.5798184952529422 5.477737319347588E-4
period 0.0014170996693434106 0.8472978603872037 0.0012007055177900856
jami 0.0014170996693434106 5.1647859739235145 0.007319016495876497
large 0.0014170996693434106 0.34450440831847723 4.881970831154614E-4
considering 0.0014170996693434106 0.9162907318741551 0.0012984752931612968
lower 4.723665564478035E-4 0.5300569856938783 2.5038119305331995E-4
index 0.0014170996693434106 1.5538680612792897 0.0022019859158421678
classified 4.723665564478035E-4 1.2135422553420867 5.732367762598426E-4
being 0.0014170996693434106 0.48265474679929443 6.839698820963077E-4
classification 4.723665564478035E-4 0.9751312318970885 4.6061938209593226E-4
diagnoses 0.001889466225791214 2.6798793241355137 0.005063541472150239
resulting 4.723665564478035E-4 1.0059028905638423 4.7515488453653395E-4
system 4.723665564478035E-4 0.44628710262841953 2.1081110185565402E-4
million 9.44733112895607E-4 1.5012243277938677 0.0014182563323513159
delusions 0.0014170996693434106 5.1647859739235145 0.007319016495876497
likelihood 4.723665564478035E-4 1.7635885922613586 8.330602703171273E-4
even 0.0014170996693434106 0.377294231141468 5.346635301957506E-4
strongly 4.723665564478035E-4 1.6990500711237875 8.025744313291392E-4
interval 4.723665564478035E-4 1.79749014393704 8.490742295404063E-4
whereby 4.723665564478035E-4 2.9675613965872945 0.001401776757953375
diagnosed 4.723665564478035E-4 1.6990500711237875 8.025744313291392E-4
authors 0.0014170996693434106 0.023122417420854212 3.276677008151282E-5
algorithms 0.001889466225791214 1.1758019273592397 0.002221638029965498
other 0.0023618327822390174 0.0408219945202552 9.641472489432026E-5
indicated 4.723665564478035E-4 1.3361445774344192 6.311500129591021E-4
proportion 4.723665564478035E-4 1.4759065198095778 6.971688804013121E-4
targets 4.723665564478035E-4 2.5998366164619773 0.001228075869845053
healthcare 0.003778932451582428 1.9867321435755685 0.007507726569959636
robert 0.0014170996693434106 3.5553480614894135 0.005038282562337384
prevalence 9.44733112895607E-4 1.8689491079191851 0.0017656581085679596
have 0.0023618327822390174 0.028987536873252187 6.846371486360932E-5
electronic 0.002834199338686821 1.730798769438368 0.004905428727742187
anonymised 9.44733112895607E-4 4.0661736852554045 0.0038414489232455407
outcome 0.001889466225791214 1.3361445774344192 0.0025246000518364085
table 0.003778932451582428 0.18805223150293962 7.106366802189499E-4
may 0.0051960321209258385 0.15415067982725836 8.009718838449891E-4
within 0.004251299008030231 0.3127557100038969 0.0013296180396953575
discussed 4.723665564478035E-4 1.0216512475319812 4.825938816872845E-4
could 9.44733112895607E-4 0.22314355131420976 2.1081110185565402E-4
asian 4.723665564478035E-4 2.8622008809294686 0.0013520079739865228
health 0.003778932451582428 0.990398704027877 0.003742649802656125
off 4.723665564478035E-4 2.392197251683733 0.0011299939781217445
demographic 0.004251299008030231 1.906689435902032 0.00810590690747203
agents 4.723665564478035E-4 2.2744142160273495 0.0010743572111607698
crebbin 4.723665564478035E-4 5.1647859739235145 0.0024396721652921657
wijkstra 0.0014170996693434106 5.1647859739235145 0.007319016495876497
future 9.44733112895607E-4 0.48265474679929443 4.559799213975385E-4
equals 4.723665564478035E-4 2.9675613965872945 0.001401776757953375
codes 4.723665564478035E-4 1.906689435902032 9.006563230524479E-4
instance 4.723665564478035E-4 2.2203469947570738 0.0010488176640326282
boroughs 4.723665564478035E-4 5.1647859739235145 0.0024396721652921657
use 0.015588096362777516 0.20895891632225325 0.003257271723492847
findings 0.0014170996693434106 0.7459453661269161 0.001057078931686702
several 4.723665564478035E-4 0.3526016185510966 1.6655721235290347E-4
british 0.0023618327822390174 3.2188758248682006 0.007602446445130374
main 4.723665564478035E-4 0.6004377824556778 2.836267276597439E-4
while 9.44733112895607E-4 0.20895891632225325 1.97410407484415E-4
that 0.007085498346717053 0.017291497110061043 1.2251887418560022E-4
suggests 4.723665564478035E-4 1.157452788691043 5.467419880448951E-4
high 0.0023618327822390174 0.2521310881874621 5.954914695027447E-4
download 0.0014170996693434106 0.2595111954850846 3.677532293128266E-4
stewart 0.0014170996693434106 3.7784916128036232 0.005354499215120864
whether 0.0023618327822390174 0.5300569856938783 0.0012519059652665995
than 0.004251299008030231 0.058840500022933395 2.5014855937949954E-4
deprivation 0.002834199338686821 5.1647859739235145 0.014638032991752994
supplementary 4.723665564478035E-4 2.5257286443082556 0.00119306974223347
clinicians 0.0014170996693434106 2.2203469947570738 0.0031464529920978844
international 9.44733112895607E-4 1.5538680612792897 0.0014679906105614451
different 4.723665564478035E-4 0.18805223150293962 8.882958502736874E-5
calculated 9.44733112895607E-4 0.9021060968821986 8.522495010696255E-4
intensive 4.723665564478035E-4 2.6798793241355137 0.0012658853680375596
all 0.002834199338686821 0.017291497110061043 4.9007549674240085E-5
settings 9.44733112895607E-4 2.0292917579943643 0.0019171391195034148
including 4.723665564478035E-4 0.2669461739726028 1.2609644495635466E-4
level 4.723665564478035E-4 0.5798184952529422 2.738868659673794E-4
liability 4.723665564478035E-4 4.471638793363569 0.0021122526184995604
adjusted 0.001889466225791214 1.8325814637483102 0.0034626007817634584
diagnosis 0.0051960321209258385 1.4512139072192063 0.007540554076245286
percentages 9.44733112895607E-4 2.9675613965872945 0.00280355351590675
lsoa 4.723665564478035E-4 5.1647859739235145 0.0024396721652921657
differed 4.723665564478035E-4 2.9675613965872945 0.001401776757953375
chosen 4.723665564478035E-4 1.252762968495368 5.917633294734852E-4
clinical 0.02031176192725555 0.9452782687474074 0.01920026714980563
intervals 4.723665564478035E-4 2.2744142160273495 0.0010743572111607698
directions 4.723665564478035E-4 2.0292917579943643 9.585695597517074E-4
specialist 4.723665564478035E-4 2.9675613965872945 0.001401776757953375
were 0.0136986301369863 0.0958817717032825 0.0013134489274422261
strengths 4.723665564478035E-4 2.331572629867298 0.0011013569342783647
scales 4.723665564478035E-4 2.7668907011251433 0.0013069866325579327
true 4.723665564478035E-4 1.1394342831883648 5.382306486482592E-4
focused 4.723665564478035E-4 1.0704414117014134 5.056407235245222E-4
rarely 4.723665564478035E-4 2.392197251683733 0.0011299939781217445
errors 4.723665564478035E-4 1.6990500711237875 8.025744313291392E-4
since 4.723665564478035E-4 0.377294231141468 1.7822117673191686E-4
behind 4.723665564478035E-4 1.6682784124570338 7.880389288885375E-4
code 4.723665564478035E-4 1.8325814637483102 8.656501954408646E-4
utilised 4.723665564478035E-4 3.0853444322436783 0.0014574135249143497
mental 0.004251299008030231 2.169053700369523 0.009221295844745256
investigate 0.0014170996693434106 0.9600933545325481 0.0013605479752468797
around 4.723665564478035E-4 1.0216512475319812 4.825938816872845E-4
effective 4.723665564478035E-4 0.8472978603872037 4.002351725966952E-4
total 9.44733112895607E-4 0.5108256237659907 4.825938816872846E-4
and 0.0396787907416155 0.017291497110061043 6.861056954393613E-4
negatively 0.0023618327822390174 1.8689491079191851 0.004414145271419898
design 4.723665564478035E-4 1.0376515888784226 4.901519078310924E-4
predict 4.723665564478035E-4 1.2729656758128876 6.013064127599847E-4
eshim 0.0014170996693434106 5.1647859739235145 0.007319016495876497
included 4.723665564478035E-4 0.41985384556026406 1.9832491523866987E-4
ratios 4.723665564478035E-4 2.169053700369523 0.0010245884271939175
says 4.723665564478035E-4 3.373026504695459 0.001593304914830165
clinician 4.723665564478035E-4 2.9675613965872945 0.001401776757953375
stepped 4.723665564478035E-4 5.1647859739235145 0.0024396721652921657
determine 0.001889466225791214 0.7221347174331975 0.0013644491590613084
nature 4.723665564478035E-4 1.0216512475319812 4.825938816872845E-4
inpatient 0.0023618327822390174 3.2188758248682006 0.007602446445130374
medication 0.003778932451582428 2.2203469947570738 0.008390541312261026
followed 4.723665564478035E-4 0.758066726659261 3.5808536922969343E-4
any 9.44733112895607E-4 0.2669461739726028 2.521928899127093E-4
whilst 9.44733112895607E-4 3.7784916128036232 0.0035696661434139096
super 4.723665564478035E-4 4.0661736852554045 0.0019207244616227703
suggested 9.44733112895607E-4 1.121734706088964 0.0010597399207264659
application 4.723665564478035E-4 1.0376515888784226 4.901519078310924E-4
due 0.001889466225791214 0.20895891632225325 3.9482081496883E-4
nhs 9.44733112895607E-4 5.1647859739235145 0.0048793443305843315
appetite 0.0014170996693434106 5.1647859739235145 0.007319016495876497
maintenance 4.723665564478035E-4 2.5257286443082556 0.00119306974223347
closest 4.723665564478035E-4 2.8622008809294686 0.0013520079739865228
pmd 0.010392064241851677 5.1647859739235145 0.05367278763642764
about 4.723665564478035E-4 0.377294231141468 1.7822117673191686E-4
discussion 4.723665564478035E-4 0.2595111954850846 1.2258440977094218E-4
wherein 4.723665564478035E-4 3.373026504695459 0.001593304914830165
reflect 4.723665564478035E-4 1.252762968495368 5.917633294734852E-4
medications 4.723665564478035E-4 2.331572629867298 0.0011013569342783647
represented 4.723665564478035E-4 0.8881198549074587 4.1951811757555917E-4
models 0.0014170996693434106 0.7953381214564925 0.001127073388932205
inevitable 4.723665564478035E-4 3.373026504695459 0.001593304914830165
using 0.0051960321209258385 0.083381608939051 4.3325351834178603E-4
distinguish 4.723665564478035E-4 1.906689435902032 9.006563230524479E-4
old 4.723665564478035E-4 2.456735772821304 0.0011604798171097326
diseases 4.723665564478035E-4 1.8689491079191851 8.828290542839798E-4
received 0.0033065658951346244 0.9452782687474074 0.0031256248848520792
unipolar 4.723665564478035E-4 5.1647859739235145 0.0024396721652921657
each 0.0033065658951346244 0.13434805253107854 4.4423068857701924E-4
secondary 9.44733112895607E-4 1.4271163556401458 0.001348244077128149
symptom 4.723665564478035E-4 2.5998366164619773 0.001228075869845053
eliminates 4.723665564478035E-4 3.5553480614894135 0.0016794275207791278
processing 4.723665564478035E-4 0.7221347174331975 3.411122897653271E-4
must 4.723665564478035E-4 1.0376515888784226 4.901519078310924E-4
conditions 4.723665564478035E-4 1.0376515888784226 4.901519078310924E-4
psychotic 0.004723665564478035 4.471638793363569 0.0211225261849956
succeeded 4.723665564478035E-4 4.0661736852554045 0.0019207244616227703
associations 4.723665564478035E-4 2.120263536200091 0.00100154158535668
dosage 4.723665564478035E-4 4.0661736852554045 0.0019207244616227703
diermen 4.723665564478035E-4 5.1647859739235145 0.0024396721652921657
examine 0.001889466225791214 1.4512139072192063 0.0027420196640891947
frequently 4.723665564478035E-4 1.157452788691043 5.467419880448951E-4
another 9.44733112895607E-4 0.40261203912575794 3.8036092501252523E-4
believe 4.723665564478035E-4 1.5538680612792897 7.339953052807226E-4
two 4.723665564478035E-4 0.11492996667397702 5.428907259044735E-5
into 4.723665564478035E-4 0.10854016857520597 5.127074566613414E-5
current 0.001889466225791214 0.4919571394616079 9.295363995495662E-4
found 0.0014170996693434106 0.27443684570176036 3.889043632996132E-4
routine 9.44733112895607E-4 2.2744142160273495 0.0021487144223215396
are 0.006140765233821445 0.028987536873252187 1.7800565864538423E-4
taken 4.723665564478035E-4 0.990398704027877 4.678312253320156E-4
antipsychotics 0.0033065658951346244 5.1647859739235145 0.01707770515704516
reported 9.44733112895607E-4 0.5300569856938783 5.007623861066399E-4
supports 4.723665564478035E-4 1.6990500711237875 8.025744313291392E-4
structured 0.0023618327822390174 1.3805963400052528 0.0032607376948636108
where 9.44733112895607E-4 0.32850406697203605 3.103486697893586E-4
free 9.44733112895607E-4 1.6990500711237875 0.0016051488626582784
key 9.44733112895607E-4 1.0216512475319812 9.65187763374569E-4
receive 0.001889466225791214 1.8325814637483102 0.0034626007817634584
variables 9.44733112895607E-4 0.9452782687474074 8.930356813863084E-4
detection 4.723665564478035E-4 1.5271998141971284 7.213981172400229E-4
decision 9.44733112895607E-4 1.157452788691043 0.0010934839760897903
though 4.723665564478035E-4 1.1043429633770947 5.21654682747801E-4
one 0.002834199338686821 0.06491954609931569 1.8399493462252912E-4
gazetteer 4.723665564478035E-4 4.0661736852554045 0.0019207244616227703
services 4.723665564478035E-4 1.6682784124570338 7.880389288885375E-4
prognosis 4.723665564478035E-4 2.073743520565198 9.795670857653273E-4
biomedical 4.723665564478035E-4 3.2188758248682006 0.001520489289026075
hospitalisations 4.723665564478035E-4 5.1647859739235145 0.0024396721652921657
stay 4.723665564478035E-4 2.8622008809294686 0.0013520079739865228
controlled 4.723665564478035E-4 1.5271998141971284 7.213981172400229E-4
single 4.723665564478035E-4 0.6429973968744738 3.0373046616649684E-4
hitesh 0.0014170996693434106 5.1647859739235145 0.007319016495876497
nlp 0.0023618327822390174 0.41119578281714936 9.711756797759786E-4
classic 4.723665564478035E-4 3.0853444322436783 0.0014574135249143497
reflective 4.723665564478035E-4 3.373026504695459 0.001593304914830165
associated 0.011809163911195087 0.4373981552111735 0.005165306509343097
describe 4.723665564478035E-4 1.0216512475319812 4.825938816872845E-4
adverse 4.723665564478035E-4 2.073743520565198 9.795670857653273E-4
open 9.44733112895607E-4 1.0872485300177945 0.0010271596882548838
ratio 4.723665564478035E-4 1.1758019273592397 5.554095074913745E-4
but 4.723665564478035E-4 0.083381608939051 3.938668348561691E-5
through 4.723665564478035E-4 0.2595111954850846 1.2258440977094218E-4
treat 4.723665564478035E-4 1.79749014393704 8.490742295404063E-4
medical 4.723665564478035E-4 0.9600933545325481 4.535159917489599E-4
excellence 4.723665564478035E-4 3.5553480614894135 0.0016794275207791278
available 0.001889466225791214 0.5696661237889241 0.001076364900876569
seven 9.44733112895607E-4 1.5538680612792897 0.0014679906105614451
had 0.001889466225791214 0.32059888746492277 6.057607698912098E-4
source 4.723665564478035E-4 0.9452782687474074 4.465178406931542E-4
individuals 0.0014170996693434106 1.4759065198095778 0.0020915066412039367
research 0.004251299008030231 0.41119578281714936 0.0017481162235967614
frequency 4.723665564478035E-4 1.121734706088964 5.298699603632329E-4
features 9.44733112895607E-4 0.8340526336371831 7.879571408948352E-4
unable 4.723665564478035E-4 1.9459101490553132 9.191828762660903E-4
either 0.001889466225791214 0.7827593392496325 0.0014789973344348276
bias 9.44733112895607E-4 1.5271998141971284 0.0014427962344800457
adjusting 4.723665564478035E-4 2.7668907011251433 0.0013069866325579327
avenue 4.723665564478035E-4 3.7784916128036232 0.0017848330717069548
has 0.002834199338686821 0.05279818556697083 1.4964058261777278E-4
reluctant 4.723665564478035E-4 3.7784916128036232 0.0017848330717069548
recurrent 4.723665564478035E-4 1.9867321435755685 9.384658212449545E-4
results 4.723665564478035E-4 0.08961215868968714 4.2329786816101626E-5
five 4.723665564478035E-4 0.9021060968821986 4.2612475053481274E-4
stability 4.723665564478035E-4 2.392197251683733 0.0011299939781217445
strengthens 4.723665564478035E-4 4.471638793363569 0.0021122526184995604
those 4.723665564478035E-4 0.3364722366212129 1.5893823175305285E-4
estimates 4.723665564478035E-4 2.2203469947570738 0.0010488176640326282
treated 9.44733112895607E-4 1.0216512475319812 9.65187763374569E-4
observational 4.723665564478035E-4 2.9675613965872945 0.001401776757953375
ensure 4.723665564478035E-4 1.4035858582299516 6.630070185309172E-4
reflection 4.723665564478035E-4 3.0853444322436783 0.0014574135249143497
last 4.723665564478035E-4 0.7703368192510752 3.6388135061458444E-4
widely 4.723665564478035E-4 1.0059028905638423 4.7515488453653395E-4
this 0.007085498346717053 0.017291497110061043 1.2251887418560022E-4
insufficient 4.723665564478035E-4 2.073743520565198 9.795670857653273E-4
depressive 0.001889466225791214 3.5553480614894135 0.006717710083116511
engineering 4.723665564478035E-4 2.0292917579943643 9.585695597517074E-4
finding 9.44733112895607E-4 0.9751312318970885 9.212387641918645E-4
difficulty 4.723665564478035E-4 1.6990500711237875 8.025744313291392E-4
opt 4.723665564478035E-4 3.373026504695459 0.001593304914830165
extract 4.723665564478035E-4 1.3805963400052528 6.521475389727222E-4
overall 9.44733112895607E-4 0.7339691750802005 6.934049835429387E-4
fields 0.0023618327822390174 1.4759065198095778 0.0034858444020065605
correlated 4.723665564478035E-4 1.9867321435755685 9.384658212449545E-4
changed 9.44733112895607E-4 1.79749014393704 0.0016981484590808127
higher 9.44733112895607E-4 0.41985384556026406 3.9664983047733973E-4
full 4.723665564478035E-4 0.14750613710858965 6.967696604090206E-5
allow 4.723665564478035E-4 1.252762968495368 5.917633294734852E-4
next 4.723665564478035E-4 0.8080771472339223 3.8170861938305263E-4
mood 0.0014170996693434106 2.8622008809294686 0.004056023921959568
records 0.002834199338686821 1.3581234841531944 0.003849192680642025
motivation 0.001889466225791214 2.120263536200091 0.00400616634142672
show 4.723665564478035E-4 0.6321864807702582 2.986237509543024E-4
changes 0.0014170996693434106 0.9021060968821986 0.0012783742516044383
pharmacological 0.005668398677373642 3.373026504695459 0.01911965897796198
not 0.005668398677373642 0.03488725900044054 1.9775489277528885E-4
common 9.44733112895607E-4 0.3526016185510966 3.3311442470580695E-4
ranged 9.44733112895607E-4 1.8689491079191851 0.0017656581085679596
interest 9.44733112895607E-4 1.0539121097502027 9.956656681626855E-4
gap 4.723665564478035E-4 1.8689491079191851 8.828290542839798E-4
missing 4.723665564478035E-4 1.6384254493073527 7.739373874857594E-4
factor 4.723665564478035E-4 0.7703368192510752 3.6388135061458444E-4
severity 0.0014170996693434106 2.0292917579943643 0.002875708679255122
characteristics 0.0051960321209258385 0.7703368192510752 0.0040026948567604284
cases 9.44733112895607E-4 0.6004377824556778 5.672534553194878E-4
suicidality 4.723665564478035E-4 4.471638793363569 0.0021122526184995604
regime 9.44733112895607E-4 4.0661736852554045 0.0038414489232455407
was 0.01606046291922532 0.058840500022933395 9.450056687669983E-4
estimated 9.44733112895607E-4 1.3805963400052528 0.0013042950779454444
rothschild 9.44733112895607E-4 5.1647859739235145 0.0048793443305843315
antidepressants 0.002834199338686821 4.0661736852554045 0.011524346769736621
advised 4.723665564478035E-4 3.5553480614894135 0.0016794275207791278
generic 4.723665564478035E-4 2.120263536200091 0.00100154158535668
logistic 9.44733112895607E-4 1.8689491079191851 0.0017656581085679596
what 4.723665564478035E-4 0.8209805520698303 3.878037562918424E-4
detailed 4.723665564478035E-4 1.1394342831883648 5.382306486482592E-4
bipolar 0.0014170996693434106 3.7784916128036232 0.005354499215120864
risk 4.723665564478035E-4 0.8209805520698303 3.878037562918424E-4
step 4.723665564478035E-4 1.0872485300177945 5.135798441274419E-4
deeper 4.723665564478035E-4 2.169053700369523 0.0010245884271939175
time 0.0023618327822390174 0.20194134366360675 4.769516855541019E-4
attempted 0.0014170996693434106 1.906689435902032 0.0027019689691573437
base 4.723665564478035E-4 1.5538680612792897 7.339953052807226E-4
applications 4.723665564478035E-4 1.2135422553420867 5.732367762598426E-4
contextual 4.723665564478035E-4 1.906689435902032 9.006563230524479E-4
criteria 4.723665564478035E-4 1.121734706088964 5.298699603632329E-4
usage 4.723665564478035E-4 1.8689491079191851 8.828290542839798E-4
interactive 4.723665564478035E-4 3.0853444322436783 0.0014574135249143497
extracting 4.723665564478035E-4 2.0292917579943643 9.585695597517074E-4
during 0.002834199338686821 0.28958865072236245 8.207519623685285E-4
type 9.44733112895607E-4 0.5203950747821414 4.916344589344746E-4
required 9.44733112895607E-4 0.5900749954201312 5.574633872651216E-4
excluded 0.0014170996693434106 1.293584963015623 0.0018331388233570475
measures 4.723665564478035E-4 1.2329603411991883 5.824092306089695E-4
positively 0.0014170996693434106 1.9867321435755685 0.0028153974637348633
routinely 9.44733112895607E-4 2.8622008809294686 0.0027040159479730457
identified 4.723665564478035E-4 0.6321864807702582 2.986237509543024E-4
terms 9.44733112895607E-4 0.5696661237889241 5.381824504382845E-4
pharmacotherapy 0.004251299008030231 3.373026504695459 0.014339744233471483
presence 0.001889466225791214 0.9751312318970885 0.001842477528383729
plan 4.723665564478035E-4 2.120263536200091 0.00100154158535668
dependent 4.723665564478035E-4 1.4035858582299516 6.630070185309172E-4
between 0.0023618327822390174 0.058840500022933395 1.3897142187749975E-4
case 4.723665564478035E-4 0.38566248081198473 1.8217405801227433E-4
guide 4.723665564478035E-4 2.073743520565198 9.795670857653273E-4
van 4.723665564478035E-4 2.2744142160273495 0.0010743572111607698
method 4.723665564478035E-4 0.4734380916943703 2.2363632106488915E-4
natural 4.723665564478035E-4 0.6429973968744738 3.0373046616649684E-4
conclusions 4.723665564478035E-4 1.0872485300177945 5.135798441274419E-4
suicide 0.001889466225791214 4.0661736852554045 0.007682897846491081
reduced 4.723665564478035E-4 0.9452782687474074 4.465178406931542E-4
extraction 4.723665564478035E-4 1.3361445774344192 6.311500129591021E-4
lewisham 4.723665564478035E-4 5.1647859739235145 0.0024396721652921657
provide 9.44733112895607E-4 0.44628710262841953 4.2162220371130805E-4
substantially 4.723665564478035E-4 2.5257286443082556 0.00119306974223347
care 0.0023618327822390174 1.1758019273592397 0.0027770475374568723
study 0.006613131790269249 0.15415067982725836 0.0010194187612572589
south 9.44733112895607E-4 2.2744142160273495 0.0021487144223215396
differences 4.723665564478035E-4 0.7953381214564925 3.756911296440683E-4
increment 9.44733112895607E-4 3.5553480614894135 0.0033588550415582555
foundation 4.723665564478035E-4 2.2744142160273495 0.0010743572111607698
variability 4.723665564478035E-4 2.2203469947570738 0.0010488176640326282
our 0.0014170996693434106 0.19497267434751336 2.7629571234886167E-4
specified 4.723665564478035E-4 1.8325814637483102 8.656501954408646E-4
out 9.44733112895607E-4 0.368995428326773 3.486021996474001E-4
receiving 0.001889466225791214 1.6990500711237875 0.003210297725316557
low 0.0023618327822390174 0.6761496041913742 0.0015969523008771236
recall 4.723665564478035E-4 1.8689491079191851 8.828290542839798E-4
course 4.723665564478035E-4 1.6990500711237875 8.025744313291392E-4
antipsychotic 0.020784128483703354 5.1647859739235145 0.10734557527285528
place 4.723665564478035E-4 1.3805963400052528 6.521475389727222E-4
phases 4.723665564478035E-4 2.392197251683733 0.0011299939781217445
architecture 4.723665564478035E-4 1.79749014393704 8.490742295404063E-4
established 4.723665564478035E-4 1.4271163556401458 6.741220385640745E-4
comorbid 4.723665564478035E-4 3.7784916128036232 0.0017848330717069548
replication 4.723665564478035E-4 3.5553480614894135 0.0016794275207791278
include 4.723665564478035E-4 0.5013468798114469 2.3681949920238398E-4
danish 4.723665564478035E-4 3.5553480614894135 0.0016794275207791278
more 0.0051960321209258385 0.05279818556697083 2.7434106813258345E-4
observation 9.44733112895607E-4 1.5538680612792897 0.0014679906105614451
aged 4.723665564478035E-4 2.0292917579943643 9.585695597517074E-4
csvdisplay 0.0014170996693434106 0.2669461739726028 3.78289334869064E-4
centre 4.723665564478035E-4 2.2203469947570738 0.0010488176640326282
performed 4.723665564478035E-4 0.4643056081310978 2.1932244125228995E-4
disorder 0.0023618327822390174 2.456735772821304 0.0058023990855486625
assess 4.723665564478035E-4 0.9751312318970885 4.6061938209593226E-4
january 0.0014170996693434106 1.3581234841531944 0.0019245963403210125
pritchard 0.0014170996693434106 5.1647859739235145 0.007319016495876497
prone 9.44733112895607E-4 2.5257286443082556 0.00238613948446694
certain 4.723665564478035E-4 0.8209805520698303 3.878037562918424E-4
first 0.0033065658951346244 0.167573700159399 5.540934818685844E-4
date 0.001889466225791214 1.8689491079191851 0.003531316217135919
small 4.723665564478035E-4 0.6214911916535102 2.935716540640105E-4
pharmaceutical 4.723665564478035E-4 3.373026504695459 0.001593304914830165
confounding 4.723665564478035E-4 2.9675613965872945 0.001401776757953375
data 0.006613131790269249 0.167573700159399 0.0011081869637371688
prefer 4.723665564478035E-4 2.7668907011251433 0.0013069866325579327
adequate 9.44733112895607E-4 2.120263536200091 0.00200308317071336
before 4.723665564478035E-4 0.5203950747821414 2.458172294672373E-4
used 0.00803023145961266 0.07103577311675174 5.70433700040047E-4
schizophrenia 0.0014170996693434106 4.471638793363569 0.006336757855498681
experience 4.723665564478035E-4 1.2135422553420867 5.732367762598426E-4
reference 0.0014170996693434106 1.4759065198095778 0.0020915066412039367
major 0.0023618327822390174 0.7104386776700063 0.0016779373586915595
shown 9.44733112895607E-4 0.3364722366212129 3.178764635061057E-4
presented 4.723665564478035E-4 0.4373981552111735 2.066122603737239E-4
ect 4.723665564478035E-4 5.1647859739235145 0.0024396721652921657
only 4.723665564478035E-4 0.10854016857520597 5.127074566613414E-5
should 4.723665564478035E-4 0.368995428326773 1.7430109982370006E-4
from 0.006140765233821445 0.023122417420854212 1.4198933701988888E-4
prescribing 4.723665564478035E-4 3.5553480614894135 0.0016794275207791278
potential 9.44733112895607E-4 0.44628710262841953 4.2162220371130805E-4
episodes 4.723665564478035E-4 4.0661736852554045 0.0019207244616227703
combination 0.00944733112895607 0.758066726659261 0.007161707384593869
described 9.44733112895607E-4 0.44628710262841953 4.2162220371130805E-4
irritability 0.0014170996693434106 5.1647859739235145 0.007319016495876497
individual 4.723665564478035E-4 0.7221347174331975 3.411122897653271E-4
resource 4.723665564478035E-4 1.5812670354674039 7.469376643681644E-4
patients 0.008502598016060462 0.9452782687474074 0.008037321132476774
profiles 0.002834199338686821 2.6798793241355137 0.007595312208225358
published 0.001889466225791214 0.03488725900044054 6.591829759176295E-5
prolonged 4.723665564478035E-4 2.6798793241355137 0.0012658853680375596
both 0.002834199338686821 0.13434805253107854 3.807691616374451E-4
revision 4.723665564478035E-4 2.7668907011251433 0.0013069866325579327
most 0.001889466225791214 0.0771896386911299 1.4584721528791667E-4
effects 0.0014170996693434106 1.0216512475319812 0.0014477816450618535
addressed 4.723665564478035E-4 1.4271163556401458 6.741220385640745E-4
spiker 9.44733112895607E-4 5.1647859739235145 0.0048793443305843315
purposes 4.723665564478035E-4 1.906689435902032 9.006563230524479E-4
effect 4.723665564478035E-4 0.758066726659261 3.5808536922969343E-4
residents 9.44733112895607E-4 3.373026504695459 0.00318660982966033
hypothesised 4.723665564478035E-4 4.471638793363569 0.0021122526184995604
who 0.001889466225791214 0.44628710262841953 8.432444074226161E-4
imd 9.44733112895607E-4 4.471638793363569 0.004224505236999121
largest 4.723665564478035E-4 1.6094379124341003 7.602446445130375E-4
limitation 4.723665564478035E-4 1.4035858582299516 6.630070185309172E-4
acute 9.44733112895607E-4 2.169053700369523 0.002049176854387835
ascertain 9.44733112895607E-4 3.5553480614894135 0.0033588550415582555
challenges 4.723665564478035E-4 1.3581234841531944 6.415321134403375E-4
line 0.001889466225791214 1.0059028905638423 0.0019006195381461358
frequent 4.723665564478035E-4 1.4271163556401458 6.741220385640745E-4
contribute 4.723665564478035E-4 1.0704414117014134 5.056407235245222E-4
investigations 9.44733112895607E-4 2.456735772821304 0.002320959634219465
their 0.001889466225791214 0.12136085700426753 2.2930724044264062E-4
proctor 4.723665564478035E-4 5.1647859739235145 0.0024396721652921657
elsewhere 4.723665564478035E-4 2.9675613965872945 0.001401776757953375
error 4.723665564478035E-4 1.5538680612792897 7.339953052807226E-4
point 4.723665564478035E-4 0.7703368192510752 3.6388135061458444E-4
aggregate 4.723665564478035E-4 2.5998366164619773 0.001228075869845053
can 0.001889466225791214 0.0958817717032825 1.8116536930237604E-4
inclusion 4.723665564478035E-4 1.3581234841531944 6.415321134403375E-4
alone 0.002834199338686821 1.730798769438368 0.004905428727742187
database 9.44733112895607E-4 1.3581234841531944 0.001283064226880675
prescribed 4.723665564478035E-4 2.456735772821304 0.0011604798171097326
patient 0.001889466225791214 0.9751312318970885 0.001842477528383729
dated 4.723665564478035E-4 5.1647859739235145 0.0024396721652921657
studies 4.723665564478035E-4 0.24480504809538922 1.1563771756985793E-4
track 4.723665564478035E-4 2.5998366164619773 0.001228075869845053
designed 9.44733112895607E-4 1.0872485300177945 0.0010271596882548838
introduction 4.723665564478035E-4 0.10219094089654716 4.8271582851463E-5
cleaning 4.723665564478035E-4 3.373026504695459 0.001593304914830165
limited 4.723665564478035E-4 0.5696661237889241 2.690912252191423E-4
multivariable 4.723665564478035E-4 3.2188758248682006 0.001520489289026075
spent 9.44733112895607E-4 2.392197251683733 0.002259987956243489
confidence 9.44733112895607E-4 1.906689435902032 0.0018013126461048957
groups 4.723665564478035E-4 0.8472978603872037 4.002351725966952E-4
also 0.001889466225791214 0.05279818556697083 9.976038841184852E-5
kingdom 4.723665564478035E-4 3.2188758248682006 0.001520489289026075
efficacy 9.44733112895607E-4 1.9867321435755685 0.001876931642489909
recommended 0.001889466225791214 1.6384254493073527 0.003095749549943038
factors 0.0014170996693434106 0.6321864807702582 8.958712528629073E-4
performance 9.44733112895607E-4 0.7703368192510752 7.277627012291689E-4
administrative 9.44733112895607E-4 2.6798793241355137 0.0025317707360751193
variable 0.0014170996693434106 1.3146383722134554 0.001862973602569847
investigation 9.44733112895607E-4 2.169053700369523 0.002049176854387835
latter 4.723665564478035E-4 1.8325814637483102 8.656501954408646E-4
depression 0.002834199338686821 3.373026504695459 0.00955982948898099
category 4.723665564478035E-4 1.252762968495368 5.917633294734852E-4
frequencies 9.44733112895607E-4 2.2203469947570738 0.0020976353280652564
account 0.001889466225791214 1.0539121097502027 0.001991331336325371
normally 4.723665564478035E-4 2.2744142160273495 0.0010743572111607698
