half 2.979737783075089E-4 1.3805963400052528 4.113815077488834E-4
numerous 2.979737783075089E-4 1.6384254493073527 4.882078216052898E-4
allowed 2.979737783075089E-4 1.4512139072192063 4.324236910665096E-4
recognized 2.979737783075089E-4 1.906689435902032 5.681434552747413E-4
accuracy 0.0023837902264600714 1.0539121097502027 0.002512305386770447
nowadays 2.979737783075089E-4 3.373026504695459 0.0010050734519354764
scenarios 2.979737783075089E-4 1.9867321435755685 5.919940833061884E-4
without 2.979737783075089E-4 0.32850406697203605 9.788559802504053E-5
setting 2.979737783075089E-4 1.3581234841531944 4.0468518598128555E-4
these 0.0038736591179976162 0.03488725900044054 1.351413489290009E-4
equations 2.979737783075089E-4 2.073743520565198 6.179211920635274E-4
score 8.939213349225268E-4 1.121734706088964 0.0010027425858959748
introduced 2.979737783075089E-4 1.0059028905638423 2.9973268491175273E-4
contributions 2.979737783075089E-4 2.120263536200091 6.317829368891808E-4
harms 2.979737783075089E-4 3.373026504695459 0.0010050734519354764
because 5.959475566150178E-4 0.34450440831847723 2.0530656038049894E-4
ten 2.979737783075089E-4 2.0292917579943643 6.046757324178677E-4
ran 2.979737783075089E-4 3.5553480614894135 0.001059400495080278
popups 2.979737783075089E-4 5.1647859739235145 0.001538970790799617
neutral 2.979737783075089E-4 2.392197251683733 7.128120535410408E-4
inspired 2.979737783075089E-4 2.2744142160273495 6.777157973859801E-4
analysis 2.979737783075089E-4 0.15415067982725836 4.593286049679927E-5
version 2.979737783075089E-4 1.3805963400052528 4.113815077488834E-4
contains 8.939213349225268E-4 1.2135422553420867 0.001084811312880292
size 0.0011918951132300357 0.127833371509885 1.523639708103516E-4
returns 8.939213349225268E-4 3.0853444322436783 0.0027580552135670544
metrics 0.0017878426698450535 2.073743520565198 0.003707527152381164
appropriate 2.979737783075089E-4 1.0704414117014134 3.1896347190149386E-4
forest 0.0029797377830750892 2.9675613965872945 0.008842554817006241
least 2.979737783075089E-4 0.653926467406664 1.9485294022844577E-4
datasets 8.939213349225268E-4 1.4512139072192063 0.0012972710731995287
manual 2.979737783075089E-4 1.4512139072192063 4.324236910665096E-4
balanced 2.979737783075089E-4 2.392197251683733 7.128120535410408E-4
example 2.979737783075089E-4 0.9162907318741551 2.730306114046946E-4
result 0.0011918951132300357 0.4285875255290187 5.108313772693905E-4
same 0.0011918951132300357 0.2972515234679317 3.5429263822161106E-4
positives 5.959475566150178E-4 3.373026504695459 0.002010146903870953
after 0.0017878426698450535 0.12136085700426753 2.1697411860119344E-4
misspelled 2.979737783075089E-4 3.5553480614894135 0.001059400495080278
policy 2.979737783075089E-4 2.169053700369523 6.463211264509901E-4
mitigate 2.979737783075089E-4 2.169053700369523 6.463211264509901E-4
learn 2.979737783075089E-4 1.4512139072192063 4.324236910665096E-4
probabilistic 2.979737783075089E-4 2.5257286443082556 7.526009071240332E-4
unlimited 5.959475566150178E-4 3.5553480614894135 0.002118800990160556
the 0.09773539928486293 0.017291497110061043 0.0016899913742848694
component 2.979737783075089E-4 1.3361445774344192 3.981360481032238E-4
upside 2.979737783075089E-4 5.1647859739235145 0.001538970790799617
loosely 2.979737783075089E-4 4.0661736852554045 0.0012116131362501204
dissect 2.979737783075089E-4 4.471638793363569 0.0013324311064849728
information 5.959475566150178E-4 0.3049735695618419 1.8174825361253987E-4
returned 5.959475566150178E-4 2.7668907011251433 0.0016489217527563427
novel 2.979737783075089E-4 1.3805963400052528 4.113815077488834E-4
persuasive 2.979737783075089E-4 4.0661736852554045 0.0012116131362501204
standard 0.0026817640047675805 0.7827593392496325 0.0020991758203953194
harmony 2.979737783075089E-4 5.1647859739235145 0.001538970790799617
evidence 5.959475566150178E-4 0.9306794693262548 5.54636155736743E-4
parsers 2.979737783075089E-4 4.0661736852554045 0.0012116131362501204
good 2.979737783075089E-4 0.8080771472339223 2.40785800725245E-4
got 2.979737783075089E-4 2.9675613965872945 8.842554817006241E-4
adjectives 2.979737783075089E-4 3.373026504695459 0.0010050734519354764
belonging 2.979737783075089E-4 2.120263536200091 6.317829368891808E-4
act 2.979737783075089E-4 1.4271163556401458 4.2524325257453687E-4
theorized 2.979737783075089E-4 4.471638793363569 0.0013324311064849728
layers 2.979737783075089E-4 1.730798769438368 5.157326488195375E-4
weighted 8.939213349225268E-4 1.9459101490553132 0.0017394905980828187
predicted 2.979737783075089E-4 1.5271998141971284 4.5506549886684393E-4
conversation 2.979737783075089E-4 2.5998366164619773 7.746831395893854E-4
area 0.0014898688915375446 0.9600933545325481 0.0014304132218899703
koofigar 2.979737783075089E-4 5.1647859739235145 0.001538970790799617
making 2.979737783075089E-4 1.0704414117014134 3.1896347190149386E-4
need 0.0011918951132300357 0.5013468798114469 5.975528960803896E-4
its 2.979737783075089E-4 0.19497267434751336 5.809674444204808E-5
check 0.0011918951132300357 2.0292917579943643 0.002418702929671471
onto 2.979737783075089E-4 2.5998366164619773 7.746831395893854E-4
lack 2.979737783075089E-4 0.6988778552689304 2.0824727510993158E-4
ads 2.979737783075089E-4 3.7784916128036232 0.0011258914221703286
external 2.979737783075089E-4 1.4759065198095778 4.397814421363462E-4
parser 5.959475566150178E-4 3.373026504695459 0.002010146903870953
port 2.979737783075089E-4 3.5553480614894135 0.001059400495080278
success 2.979737783075089E-4 1.6384254493073527 4.882078216052898E-4
claims 2.979737783075089E-4 2.169053700369523 6.463211264509901E-4
therefore 2.979737783075089E-4 1.1394342831883648 3.395215384947452E-4
parsed 2.979737783075089E-4 3.0853444322436783 9.193517378556848E-4
activation 5.959475566150178E-4 2.073743520565198 0.0012358423841270548
useful 5.959475566150178E-4 0.9162907318741551 5.460612228093892E-4
trust 2.979737783075089E-4 2.5998366164619773 7.746831395893854E-4
private 2.979737783075089E-4 2.331572629867298 6.947475059199338E-4
neural 0.0029797377830750892 1.5271998141971284 0.004550654988668439
applied 2.979737783075089E-4 0.6109090823229731 1.820348874621493E-4
plotted 2.979737783075089E-4 2.9675613965872945 8.842554817006241E-4
interface 2.979737783075089E-4 2.073743520565198 6.179211920635274E-4
remove 2.979737783075089E-4 1.8689491079191851 5.568978271511279E-4
prevent 2.979737783075089E-4 1.4512139072192063 4.324236910665096E-4
behave 2.979737783075089E-4 3.5553480614894135 0.001059400495080278
urls 2.979737783075089E-4 4.471638793363569 0.0013324311064849728
psychology 2.979737783075089E-4 3.5553480614894135 0.001059400495080278
provides 0.0011918951132300357 0.6214911916535102 7.407523142473303E-4
root 5.959475566150178E-4 2.2744142160273495 0.0013554315947719602
end 5.959475566150178E-4 1.1758019273592397 7.007162856729676E-4
hard 0.0026817640047675805 1.8689491079191851 0.005012080444360151
selecting 2.979737783075089E-4 2.120263536200091 6.317829368891808E-4
effectiveness 2.979737783075089E-4 1.5271998141971284 4.5506549886684393E-4
identify 0.0014898688915375446 0.6214911916535102 9.259403928091629E-4
perform 2.979737783075089E-4 0.9600933545325481 2.8608264437799405E-4
multiple 2.979737783075089E-4 0.5108256237659907 1.5221264116984228E-4
correlating 2.979737783075089E-4 4.0661736852554045 0.0012116131362501204
label 2.979737783075089E-4 2.120263536200091 6.317829368891808E-4
nikolaos 0.005065554231227652 5.1647859739235145 0.02616250344359349
message 2.979737783075089E-4 2.8622008809294686 8.528608107656342E-4
noted 5.959475566150178E-4 1.157452788691043 6.897811613176657E-4
ranging 2.979737783075089E-4 1.6094379124341003 4.795702957193386E-4
better 5.959475566150178E-4 0.4285875255290187 2.5541568863469527E-4
with 0.010727056019070322 0.017291497110061043 1.8548685815321738E-4
environment 2.979737783075089E-4 1.4035858582299516 4.1823178135576625E-4
there 0.0023837902264600714 0.12136085700426753 2.8929882480159124E-4
gaussian 0.0011918951132300357 3.373026504695459 0.004020293807741906
taking 8.939213349225268E-4 1.3581234841531944 0.0012140555579438566
albeit 2.979737783075089E-4 2.8622008809294686 8.528608107656342E-4
slightly 8.939213349225268E-4 1.5271998141971284 0.001365196496600532
education 2.979737783075089E-4 1.730798769438368 5.157326488195375E-4
considered 0.0011918951132300357 0.32059888746492277 3.821202472764276E-4
changing 2.979737783075089E-4 1.6682784124570338 4.971032218286752E-4
lansley 2.979737783075089E-4 4.471638793363569 0.0013324311064849728
subsystems 2.979737783075089E-4 4.471638793363569 0.0013324311064849728
approach 0.0014898688915375446 0.5398131606392429 8.042508352789674E-4
number 0.0026817640047675805 0.167573700159399 4.4939311723319166E-4
per 2.979737783075089E-4 0.7339691750802005 2.187035682598929E-4
order 5.959475566150178E-4 0.6214911916535102 3.7037615712366516E-4
algorithm 0.0026817640047675805 1.0059028905638423 0.002697594164205775
poorer 2.979737783075089E-4 2.456735772821304 7.320428405307818E-4
splitting 2.979737783075089E-4 3.373026504695459 0.0010050734519354764
similar 0.0011918951132300357 0.20895891632225325 2.490571112303376E-4
testing 2.979737783075089E-4 1.293584963015623 3.854543989915444E-4
understand 2.979737783075089E-4 1.121734706088964 3.342475286319916E-4
classifying 5.959475566150178E-4 2.169053700369523 0.0012926422529019803
mutation 2.979737783075089E-4 3.7784916128036232 0.0011258914221703286
system 8.939213349225268E-4 0.44628710262841953 3.989455625403035E-4
likelihood 2.979737783075089E-4 1.7635885922613586 5.255031562161378E-4
even 2.979737783075089E-4 0.377294231141468 1.1242378758684981E-4
strongly 2.979737783075089E-4 1.6990500711237875 5.062723692263967E-4
binary 2.979737783075089E-4 1.6990500711237875 5.062723692263967E-4
aid 2.979737783075089E-4 2.169053700369523 6.463211264509901E-4
authors 0.0059594755661501785 0.023122417420854212 1.377974816499059E-4
algorithms 0.0020858164481525627 1.1758019273592397 0.002452506999855387
other 2.979737783075089E-4 0.0408219945202552 1.2163883945248868E-5
assumes 2.979737783075089E-4 2.2744142160273495 6.777157973859801E-4
aim 2.979737783075089E-4 1.0376515888784226 3.091929645048935E-4
against 0.0011918951132300357 0.9600933545325481 0.0011443305775119762
top 2.979737783075089E-4 1.5538680612792897 4.6301193721075376E-4
indicates 2.979737783075089E-4 1.0376515888784226 3.091929645048935E-4
have 0.0029797377830750892 0.028987536873252187 8.637525885951188E-5
linear 2.979737783075089E-4 1.3146383722134554 3.9172776287647653E-4
discussed 5.959475566150178E-4 1.0216512475319812 6.08850564679369E-4
produce 5.959475566150178E-4 1.157452788691043 6.897811613176657E-4
blacklisted 2.979737783075089E-4 5.1647859739235145 0.001538970790799617
polynomial 2.979737783075089E-4 2.9675613965872945 8.842554817006241E-4
future 2.979737783075089E-4 0.48265474679929443 1.438184585218398E-4
attributes 8.939213349225268E-4 2.392197251683733 0.002138436160623122
logic 2.979737783075089E-4 2.5998366164619773 7.746831395893854E-4
outputs 2.979737783075089E-4 2.169053700369523 6.463211264509901E-4
scaled 5.959475566150178E-4 3.2188758248682006 0.0019182811828773543
environments 0.0059594755661501785 2.9675613965872945 0.017685109634012482
precision 5.959475566150178E-4 1.8689491079191851 0.0011137956543022557
employee 2.979737783075089E-4 3.373026504695459 0.0010050734519354764
points 2.979737783075089E-4 0.9751312318970885 2.9056353751403114E-4
preprocess 2.979737783075089E-4 4.471638793363569 0.0013324311064849728
whether 8.939213349225268E-4 0.5300569856938783 4.7382924823648236E-4
members 2.979737783075089E-4 1.8689491079191851 5.568978271511279E-4
function 0.0011918951132300357 0.6321864807702582 7.534999770801646E-4
implemented 2.979737783075089E-4 1.293584963015623 3.854543989915444E-4
links 5.959475566150178E-4 2.392197251683733 0.0014256241070820816
verbs 2.979737783075089E-4 2.8622008809294686 8.528608107656342E-4
all 0.007151370679380214 0.017291497110061043 1.2365790543547825E-4
always 5.959475566150178E-4 1.2729656758128876 7.586207841554753E-4
new 0.0014898688915375446 0.38566248081198473 5.745865327949713E-4
took 2.979737783075089E-4 1.7635885922613586 5.255031562161378E-4
settings 8.939213349225268E-4 2.0292917579943643 0.0018140271972536034
read 2.979737783075089E-4 1.7635885922613586 5.255031562161378E-4
comparison 0.0023837902264600714 0.758066726659261 0.0018070720540149248
below 2.979737783075089E-4 1.4035858582299516 4.1823178135576625E-4
already 2.979737783075089E-4 1.157452788691043 3.4489058065883285E-4
differs 2.979737783075089E-4 1.8689491079191851 5.568978271511279E-4
domains 2.979737783075089E-4 1.9459101490553132 5.798301993609396E-4
real 0.0017878426698450535 1.3361445774344192 0.002388816288619343
sawa 5.959475566150178E-4 5.1647859739235145 0.003077941581599234
tool 2.979737783075089E-4 1.1758019273592397 3.503581428364838E-4
were 0.0014898688915375446 0.0958817717032825 1.428512689262254E-4
improve 2.979737783075089E-4 0.7104386776700063 2.1169209704112227E-4
cialdini 2.979737783075089E-4 5.1647859739235145 0.001538970790799617
basic 2.979737783075089E-4 1.1944940603713923 3.5592790833474143E-4
subcategories 2.979737783075089E-4 3.373026504695459 0.0010050734519354764
collect 2.979737783075089E-4 1.6682784124570338 4.971032218286752E-4
policies 2.979737783075089E-4 2.5257286443082556 7.526009071240332E-4
technique 2.979737783075089E-4 1.1758019273592397 3.503581428364838E-4
ensemble 0.006555423122765197 3.2188758248682006 0.021101093011650897
respective 2.979737783075089E-4 1.9459101490553132 5.798301993609396E-4
around 2.979737783075089E-4 1.0216512475319812 3.044252823396845E-4
represents 0.0011918951132300357 0.9751312318970885 0.0011622541500561246
times 2.979737783075089E-4 0.9600933545325481 2.8608264437799405E-4
and 0.03933253873659118 0.017291497110061043 6.801184798951303E-4
extra 2.979737783075089E-4 2.073743520565198 6.179211920635274E-4
define 5.959475566150178E-4 1.3146383722134554 7.834555257529531E-4
possibility 2.979737783075089E-4 1.252762968495368 3.7329051504629557E-4
any 0.0020858164481525627 0.2669461739726028 5.568007204434504E-4
followed 5.959475566150178E-4 0.758066726659261 4.517680135037312E-4
despite 5.959475566150178E-4 0.7221347174331975 4.3035442040119035E-4
cyber 2.979737783075089E-4 4.0661736852554045 0.0012116131362501204
suggested 2.979737783075089E-4 1.121734706088964 3.342475286319916E-4
application 2.979737783075089E-4 1.0376515888784226 3.091929645048935E-4
consists 2.979737783075089E-4 1.2135422553420867 3.6160377096009736E-4
until 2.979737783075089E-4 1.0376515888784226 3.091929645048935E-4
machines 8.939213349225268E-4 2.2203469947570738 0.0019848155495444638
scikit 0.0011918951132300357 5.1647859739235145 0.006155883163198468
reason 2.979737783075089E-4 1.0059028905638423 2.9973268491175273E-4
expanding 2.979737783075089E-4 2.7668907011251433 8.244608763781714E-4
accurate 0.0011918951132300357 1.3805963400052528 0.0016455260309955336
discussion 2.979737783075089E-4 0.2595111954850846 7.732753143178921E-5
maximize 2.979737783075089E-4 2.5998366164619773 7.746831395893854E-4
nguyen 5.959475566150178E-4 3.5553480614894135 0.002118800990160556
companies 2.979737783075089E-4 2.073743520565198 6.179211920635274E-4
identification 2.979737783075089E-4 1.3146383722134554 3.9172776287647653E-4
state 0.0014898688915375446 1.0376515888784226 0.0015459648225244673
api 5.959475566150178E-4 2.5998366164619773 0.0015493662791787708
exp 2.979737783075089E-4 3.2188758248682006 9.591405914386771E-4
defined 0.0026817640047675805 0.5300569856938783 0.001421487744709447
models 0.0020858164481525627 0.7953381214564925 0.0016589293355767126
using 0.01132300357568534 0.083381608939051 9.441302561632711E-4
want 2.979737783075089E-4 1.9867321435755685 5.919940833061884E-4
recognize 2.979737783075089E-4 2.169053700369523 6.463211264509901E-4
each 0.004171632896305125 0.13434805253107854 5.604507554931763E-4
labels 8.939213349225268E-4 1.8689491079191851 0.0016706934814533835
input 0.0011918951132300357 1.0216512475319812 0.001217701129358738
stanford 2.979737783075089E-4 2.5257286443082556 7.526009071240332E-4
creating 2.979737783075089E-4 1.79749014393704 5.356049296594279E-4
comparisons 5.959475566150178E-4 1.9867321435755685 0.0011839881666123769
difference 8.939213349225268E-4 0.6004377824556778 5.367441440307012E-4
networks 5.959475566150178E-4 1.4759065198095778 8.795628842726924E-4
two 0.0011918951132300357 0.11492996667397702 1.3698446564240407E-4
matching 2.979737783075089E-4 2.2744142160273495 6.777157973859801E-4
default 2.979737783075089E-4 2.5998366164619773 7.746831395893854E-4
found 0.0011918951132300357 0.27443684570176036 3.270999352821935E-4
are 0.010727056019070322 0.028987536873252187 3.1095093189424276E-4
defense 2.979737783075089E-4 2.9675613965872945 8.842554817006241E-4
scenario 2.979737783075089E-4 2.456735772821304 7.320428405307818E-4
attack 0.011620977353992848 2.9675613965872945 0.03448596378632434
taken 2.979737783075089E-4 0.990398704027877 2.9511284387004675E-4
peng 5.959475566150178E-4 3.7784916128036232 0.002251782844340657
where 0.004171632896305125 0.32850406697203605 0.0013703983723505676
attribute 5.959475566150178E-4 2.6798793241355137 0.0015970675352416648
takes 5.959475566150178E-4 1.3805963400052528 8.227630154977668E-4
demonstrating 2.979737783075089E-4 2.2203469947570738 6.61605183181488E-4
creation 2.979737783075089E-4 1.9867321435755685 5.919940833061884E-4
gives 2.979737783075089E-4 1.3146383722134554 3.9172776287647653E-4
broken 2.979737783075089E-4 2.8622008809294686 8.528608107656342E-4
detection 0.0068533969010727055 1.5271998141971284 0.01046650647393741
consensus 2.979737783075089E-4 2.073743520565198 6.179211920635274E-4
call 2.979737783075089E-4 2.392197251683733 7.128120535410408E-4
such 0.0029797377830750892 0.10219094089654716 3.0450220767743493E-4
classication 2.979737783075089E-4 5.1647859739235145 0.001538970790799617
automated 0.0011918951132300357 1.5538680612792897 0.001852047748843015
nlp 5.959475566150178E-4 0.41119578281714936 2.450511220602797E-4
speech 5.959475566150178E-4 2.120263536200091 0.0012635658737783616
metric 0.0014898688915375446 2.331572629867298 0.003473737529599669
describe 2.979737783075089E-4 1.0216512475319812 3.044252823396845E-4
relations 2.979737783075089E-4 1.906689435902032 5.681434552747413E-4
dataset 0.0077473182359952325 1.2729656758128876 0.009862070194021178
voting 0.0032777115613825984 4.0661736852554045 0.013327744498751326
research 0.0020858164481525627 0.41119578281714936 8.576789272109791E-4
features 0.0020858164481525627 0.8340526336371831 0.0017396807018653997
either 2.979737783075089E-4 0.7827593392496325 2.3324175782170214E-4
has 0.0038736591179976162 0.05279818556697083 2.045221729352267E-4
corenlp 2.979737783075089E-4 4.471638793363569 0.0013324311064849728
results 0.007151370679380214 0.08961215868968714 6.408497641693955E-4
given 0.0020858164481525627 0.3526016185510966 7.354622556190932E-4
actual 2.979737783075089E-4 1.293584963015623 3.854543989915444E-4
last 5.959475566150178E-4 0.7703368192510752 4.590803452032629E-4
involves 5.959475566150178E-4 1.6094379124341003 9.591405914386771E-4
might 5.959475566150178E-4 0.7339691750802005 4.374071365197858E-4
weight 0.0011918951132300357 1.3361445774344192 0.0015925441924128953
telephone 2.979737783075089E-4 3.373026504695459 0.0010050734519354764
engineering 0.01102502979737783 2.0292917579943643 0.02237300209946111
develop 2.979737783075089E-4 1.157452788691043 3.4489058065883285E-4
auc 0.004767580452920143 3.5553480614894135 0.01695040792128445
suited 2.979737783075089E-4 3.0853444322436783 9.193517378556848E-4
checks 5.959475566150178E-4 3.5553480614894135 0.002118800990160556
measure 2.979737783075089E-4 1.0216512475319812 3.044252823396845E-4
converted 2.979737783075089E-4 1.5538680612792897 4.6301193721075376E-4
leads 2.979737783075089E-4 1.1758019273592397 3.503581428364838E-4
name 2.979737783075089E-4 1.8325814637483102 5.460612228093892E-4
detecting 2.979737783075089E-4 2.392197251683733 7.128120535410408E-4
assume 2.979737783075089E-4 1.730798769438368 5.157326488195375E-4
parameters 2.979737783075089E-4 1.2135422553420867 3.6160377096009736E-4
full 5.959475566150178E-4 0.14750613710858965 8.790592199558381E-5
next 5.959475566150178E-4 0.8080771472339223 4.8157160145049E-4
away 2.979737783075089E-4 2.331572629867298 6.947475059199338E-4
hidden 2.979737783075089E-4 1.730798769438368 5.157326488195375E-4
concept 8.939213349225268E-4 1.3581234841531944 0.0012140555579438566
show 0.0014898688915375446 0.6321864807702582 9.418749713502059E-4
cautious 2.979737783075089E-4 4.0661736852554045 0.0012116131362501204
updates 5.959475566150178E-4 3.2188758248682006 0.0019182811828773543
emails 2.979737783075089E-4 4.471638793363569 0.0013324311064849728
conclusion 2.979737783075089E-4 0.653926467406664 1.9485294022844577E-4
malicious 5.959475566150178E-4 4.471638793363569 0.0026648622129699455
not 0.003575685339690107 0.03488725900044054 1.2474586054984698E-4
negative 0.0011918951132300357 0.6429973968744738 7.663854551543191E-4
hence 2.979737783075089E-4 2.0292917579943643 6.046757324178677E-4
supporting 2.979737783075089E-4 1.9867321435755685 5.919940833061884E-4
factor 2.979737783075089E-4 0.7703368192510752 2.2954017260163145E-4
derived 8.939213349225268E-4 1.3581234841531944 0.0012140555579438566
early 2.979737783075089E-4 0.8340526336371831 2.485258145521999E-4
incorporating 2.979737783075089E-4 2.392197251683733 7.128120535410408E-4
overview 2.979737783075089E-4 1.4271163556401458 4.2524325257453687E-4
yes 0.0014898688915375446 4.0661736852554045 0.0060580656812506024
was 0.0026817640047675805 0.058840500022933395 1.5779633498402878E-4
estimated 2.979737783075089E-4 1.3805963400052528 4.113815077488834E-4
generic 2.979737783075089E-4 2.120263536200091 6.317829368891808E-4
target 2.979737783075089E-4 1.0704414117014134 3.1896347190149386E-4
what 2.979737783075089E-4 0.8209805520698303 2.446306770172319E-4
initially 8.939213349225268E-4 1.6990500711237875 0.0015188171076791902
attempted 2.979737783075089E-4 1.906689435902032 5.681434552747413E-4
delivers 2.979737783075089E-4 3.373026504695459 0.0010050734519354764
callers 2.979737783075089E-4 5.1647859739235145 0.001538970790799617
time 2.979737783075089E-4 0.20194134366360675 6.017322516794003E-5
merton 0.005065554231227652 5.1647859739235145 0.02616250344359349
polatidis 0.005065554231227652 5.1647859739235145 0.02616250344359349
experimental 8.939213349225268E-4 1.4512139072192063 0.0012972710731995287
decide 2.979737783075089E-4 2.5257286443082556 7.526009071240332E-4
three 0.0017878426698450535 0.22314355131420976 3.989455625403035E-4
when 0.0014898688915375446 0.14750613710858965 2.1976480498895953E-4
required 2.979737783075089E-4 0.5900749954201312 1.7582687587012252E-4
identified 5.959475566150178E-4 0.6321864807702582 3.767499885400823E-4
authorized 2.979737783075089E-4 4.0661736852554045 0.0012116131362501204
broad 2.979737783075089E-4 1.4759065198095778 4.397814421363462E-4
greater 2.979737783075089E-4 0.8743265327751228 2.6052638044550737E-4
plan 2.979737783075089E-4 2.120263536200091 6.317829368891808E-4
case 2.979737783075089E-4 0.38566248081198473 1.1491730655899425E-4
utilized 2.979737783075089E-4 1.8325814637483102 5.460612228093892E-4
phishing 5.959475566150178E-4 5.1647859739235145 0.003077941581599234
give 5.959475566150178E-4 1.157452788691043 6.897811613176657E-4
saadat 2.979737783075089E-4 5.1647859739235145 0.001538970790799617
probability 5.959475566150178E-4 1.4271163556401458 8.504865051490737E-4
conclusions 5.959475566150178E-4 1.0872485300177945 6.479431048973745E-4
extraction 5.959475566150178E-4 1.3361445774344192 7.962720962064476E-4
limiting 2.979737783075089E-4 2.2744142160273495 6.777157973859801E-4
matches 2.979737783075089E-4 2.9675613965872945 8.842554817006241E-4
explicit 2.979737783075089E-4 2.120263536200091 6.317829368891808E-4
provide 0.0023837902264600714 0.44628710262841953 0.0010638548334408094
rely 2.979737783075089E-4 1.6094379124341003 4.795702957193386E-4
utilize 2.979737783075089E-4 2.0292917579943643 6.046757324178677E-4
style 2.979737783075089E-4 2.9675613965872945 8.842554817006241E-4
matched 2.979737783075089E-4 2.5998366164619773 7.746831395893854E-4
requires 2.979737783075089E-4 0.8881198549074587 2.646364287566921E-4
study 2.979737783075089E-4 0.15415067982725836 4.593286049679927E-5
perceptron 0.0011918951132300357 4.0661736852554045 0.004846452545000482
methods 8.939213349225268E-4 0.20194134366360675 1.805196755038201E-4
differences 2.979737783075089E-4 0.7953381214564925 2.369899050823875E-4
pattern 2.979737783075089E-4 1.6682784124570338 4.971032218286752E-4
harsh 2.979737783075089E-4 4.471638793363569 0.0013324311064849728
layer 2.979737783075089E-4 1.6990500711237875 5.062723692263967E-4
linguistic 2.979737783075089E-4 1.79749014393704 5.356049296594279E-4
computer 2.979737783075089E-4 1.5538680612792897 4.6301193721075376E-4
web 5.959475566150178E-4 1.6384254493073527 9.764156432105796E-4
categories 5.959475566150178E-4 1.0216512475319812 6.08850564679369E-4
means 8.939213349225268E-4 0.6988778552689304 6.247418253297948E-4
stelios 0.005065554231227652 5.1647859739235145 0.02616250344359349
more 0.0029797377830750892 0.05279818556697083 1.5732474841171284E-4
display 5.959475566150178E-4 0.167573700159399 9.986513716293146E-5
csvdisplay 0.004469606674612634 0.2669461739726028 0.0011931444009502508
performed 5.959475566150178E-4 0.4643056081310978 2.767017926883777E-4
tsinganos 5.959475566150178E-4 5.1647859739235145 0.003077941581599234
chat 0.0011918951132300357 4.471638793363569 0.005329724425939891
organized 2.979737783075089E-4 1.6990500711237875 5.062723692263967E-4
randomly 2.979737783075089E-4 1.6384254493073527 4.882078216052898E-4
certain 2.979737783075089E-4 0.8209805520698303 2.446306770172319E-4
small 0.0011918951132300357 0.6214911916535102 7.407523142473303E-4
questionable 2.979737783075089E-4 3.5553480614894135 0.001059400495080278
before 2.979737783075089E-4 0.5203950747821414 1.5506408664545332E-4
section 0.0029797377830750892 0.7953381214564925 0.002369899050823875
used 0.008045292014302742 0.07103577311675174 5.715035381860242E-4
influence 2.979737783075089E-4 0.9306794693262548 2.773180778683715E-4
shows 2.979737783075089E-4 0.5596157879354227 1.6675083073165156E-4
shown 0.0026817640047675805 0.3364722366212129 9.023391327744088E-4
presented 2.979737783075089E-4 0.4373981552111735 1.303331809330076E-4
krombholz 2.979737783075089E-4 5.1647859739235145 0.001538970790799617
few 2.979737783075089E-4 0.6988778552689304 2.0824727510993158E-4
checked 2.979737783075089E-4 2.6798793241355137 7.985337676208324E-4
consider 2.979737783075089E-4 0.8080771472339223 2.40785800725245E-4
potential 5.959475566150178E-4 0.44628710262841953 2.6596370836020234E-4
group 2.979737783075089E-4 0.6321864807702582 1.8837499427004116E-4
described 2.979737783075089E-4 0.44628710262841953 1.3298185418010117E-4
otherwise 2.979737783075089E-4 2.0292917579943643 6.046757324178677E-4
manually 2.979737783075089E-4 1.4512139072192063 4.324236910665096E-4
tree 0.0026817640047675805 1.7635885922613586 0.00472952840594524
history 2.979737783075089E-4 1.2729656758128876 3.793103920777376E-4
done 2.979737783075089E-4 0.9452782687474074 2.816681372906458E-4
illegal 2.979737783075089E-4 5.1647859739235145 0.001538970790799617
produced 2.979737783075089E-4 1.3581234841531944 4.0468518598128555E-4
both 0.0026817640047675805 0.13434805253107854 3.602897713884705E-4
most 0.0017878426698450535 0.0771896386911299 1.3800292972192472E-4
important 8.939213349225268E-4 0.2669461739726028 2.3862888019005016E-4
persuasion 2.979737783075089E-4 4.471638793363569 0.0013324311064849728
topic 8.939213349225268E-4 1.2729656758128876 0.001137931176233213
creates 2.979737783075089E-4 2.456735772821304 7.320428405307818E-4
erroneous 2.979737783075089E-4 3.7784916128036232 0.0011258914221703286
classify 5.959475566150178E-4 1.5271998141971284 9.101309977336879E-4
request 2.979737783075089E-4 2.6798793241355137 7.985337676208324E-4
part 5.959475566150178E-4 0.5496654570822546 3.2757178610384654E-4
values 0.004171632896305125 0.5900749954201312 0.0024615762621817156
contribute 2.979737783075089E-4 1.0704414117014134 3.1896347190149386E-4
their 0.0014898688915375446 0.12136085700426753 1.8081176550099453E-4
conversations 2.979737783075089E-4 2.9675613965872945 8.842554817006241E-4
point 2.979737783075089E-4 0.7703368192510752 2.2954017260163145E-4
database 2.979737783075089E-4 1.3581234841531944 4.0468518598128555E-4
along 5.959475566150178E-4 1.2135422553420867 7.232075419201947E-4
relies 2.979737783075089E-4 2.169053700369523 6.463211264509901E-4
dialogue 0.0014898688915375446 2.8622008809294686 0.004264304053828171
david 2.979737783075089E-4 2.2744142160273495 6.777157973859801E-4
mentioned 2.979737783075089E-4 1.0376515888784226 3.091929645048935E-4
designed 2.979737783075089E-4 1.0872485300177945 3.2397155244868727E-4
introduction 2.979737783075089E-4 0.10219094089654716 3.045022076774349E-5
fuzzy 8.939213349225268E-4 2.6798793241355137 0.002395601302862497
rest 2.979737783075089E-4 1.7635885922613586 5.255031562161378E-4
applying 5.959475566150178E-4 1.1758019273592397 7.007162856729676E-4
process 2.979737783075089E-4 0.5013468798114469 1.493882240200974E-4
original 5.959475566150178E-4 1.1944940603713923 7.118558166694829E-4
built 5.959475566150178E-4 1.6094379124341003 9.591405914386771E-4
clear 2.979737783075089E-4 1.0704414117014134 3.1896347190149386E-4
alternative 8.939213349225268E-4 1.3805963400052528 0.0012341445232466502
also 0.0011918951132300357 0.05279818556697083 6.292989936468514E-5
concentration 2.979737783075089E-4 2.5998366164619773 7.746831395893854E-4
approaches 8.939213349225268E-4 0.9021060968821986 8.064118863666852E-4
someone 2.979737783075089E-4 2.6798793241355137 7.985337676208324E-4
matters 2.979737783075089E-4 3.373026504695459 0.0010050734519354764
build 2.979737783075089E-4 1.5271998141971284 4.5506549886684393E-4
various 2.979737783075089E-4 0.5798184952529422 1.727707077630936E-4
mean 0.0020858164481525627 0.6214911916535102 0.0012963165499328283
uses 5.959475566150178E-4 1.1394342831883648 6.790430769894904E-4
further 0.0011918951132300357 0.27443684570176036 3.270999352821935E-4
user 0.0014898688915375446 1.6990500711237875 0.0025313618461319837
account 2.979737783075089E-4 1.0539121097502027 3.140381733463059E-4
customer 2.979737783075089E-4 2.5257286443082556 7.526009071240332E-4
been 0.0059594755661501785 0.05279818556697083 3.146494968234257E-4
projects 8.939213349225268E-4 2.331572629867298 0.0020842425177598012
symspellpy 5.959475566150178E-4 5.1647859739235145 0.003077941581599234
evaluation 0.0014898688915375446 0.7953381214564925 0.0011849495254119375
depending 2.979737783075089E-4 1.2729656758128876 3.793103920777376E-4
complex 2.979737783075089E-4 0.8743265327751228 2.6052638044550737E-4
evaluated 8.939213349225268E-4 0.9600933545325481 8.582479331339821E-4
you 2.979737783075089E-4 2.2744142160273495 6.777157973859801E-4
addition 2.979737783075089E-4 0.8080771472339223 2.40785800725245E-4
knowledge 2.979737783075089E-4 0.8080771472339223 2.40785800725245E-4
soft 0.0029797377830750892 2.5257286443082556 0.007526009071240332
preprocessing 2.979737783075089E-4 2.5257286443082556 7.526009071240332E-4
past 2.979737783075089E-4 1.293584963015623 3.854543989915444E-4
tags 2.979737783075089E-4 2.5998366164619773 7.746831395893854E-4
fold 2.979737783075089E-4 3.2188758248682006 9.591405914386771E-4
cuckoo 2.979737783075089E-4 5.1647859739235145 0.001538970790799617
domain 2.979737783075089E-4 1.1944940603713923 3.5592790833474143E-4
evaluating 2.979737783075089E-4 1.4512139072192063 4.324236910665096E-4
consideration 5.959475566150178E-4 1.5812670354674039 9.423522261426721E-4
average 8.939213349225268E-4 0.7459453661269161 6.668164774674458E-4
prove 2.979737783075089E-4 2.073743520565198 6.179211920635274E-4
affect 2.979737783075089E-4 0.990398704027877 2.9511284387004675E-4
utilizing 2.979737783075089E-4 2.073743520565198 6.179211920635274E-4
comes 5.959475566150178E-4 1.730798769438368 0.001031465297639075
proved 2.979737783075089E-4 1.9459101490553132 5.798301993609396E-4
how 0.0011918951132300357 0.5496654570822546 6.551435722076931E-4
search 2.979737783075089E-4 1.1043429633770947 3.2906524534478384E-4
systems 0.0014898688915375446 0.8743265327751228 0.0013026319022275369
term 2.979737783075089E-4 1.1944940603713923 3.5592790833474143E-4
indicate 2.979737783075089E-4 1.0704414117014134 3.1896347190149386E-4
compared 0.0014898688915375446 0.2669461739726028 3.9771480031675023E-4
contain 2.979737783075089E-4 1.4035858582299516 4.1823178135576625E-4
set 5.959475566150178E-4 0.5596157879354227 3.335016614633031E-4
words 8.939213349225268E-4 0.9751312318970885 8.716906125420934E-4
possible 2.979737783075089E-4 0.38566248081198473 1.1491730655899425E-4
sample 2.979737783075089E-4 0.7221347174331975 2.1517721020059517E-4
pseudocode 5.959475566150178E-4 4.471638793363569 0.0026648622129699455
complicated 2.979737783075089E-4 1.8325814637483102 5.460612228093892E-4
maximum 5.959475566150178E-4 1.2329603411991883 7.34779702740875E-4
under 0.0014898688915375446 0.7459453661269161 0.0011113607957790764
naive 2.979737783075089E-4 2.6798793241355137 7.985337676208324E-4
bhakta 2.979737783075089E-4 5.1647859739235145 0.001538970790799617
represent 5.959475566150178E-4 0.8209805520698303 4.892613540344638E-4
javad 2.979737783075089E-4 5.1647859739235145 0.001538970790799617
performs 2.979737783075089E-4 1.906689435902032 5.681434552747413E-4
added 2.979737783075089E-4 1.1758019273592397 3.503581428364838E-4
questions 2.979737783075089E-4 1.1944940603713923 3.5592790833474143E-4
corpus 2.979737783075089E-4 1.6094379124341003 4.795702957193386E-4
language 0.0017878426698450535 0.6988778552689304 0.0012494836506595896
kapetanakis 0.005065554231227652 5.1647859739235145 0.02616250344359349
tweets 2.979737783075089E-4 2.5257286443082556 7.526009071240332E-4
down 8.939213349225268E-4 1.6384254493073527 0.0014646234648158694
correctly 8.939213349225268E-4 2.0292917579943643 0.0018140271972536034
later 2.979737783075089E-4 1.3361445774344192 3.981360481032238E-4
aggregating 2.979737783075089E-4 3.373026504695459 0.0010050734519354764
attacks 0.0029797377830750892 3.2188758248682006 0.009591405914386772
adding 2.979737783075089E-4 1.6682784124570338 4.971032218286752E-4
wot 5.959475566150178E-4 5.1647859739235145 0.003077941581599234
programming 5.959475566150178E-4 1.79749014393704 0.0010712098593188557
which 0.006257449344457688 0.023122417420854212 1.4468735573240122E-4
needs 5.959475566150178E-4 1.1394342831883648 6.790430769894904E-4
commonly 5.959475566150178E-4 1.0216512475319812 6.08850564679369E-4
test 2.979737783075089E-4 0.7104386776700063 2.1169209704112227E-4
unpredictable 2.979737783075089E-4 3.373026504695459 0.0010050734519354764
varied 2.979737783075089E-4 1.7635885922613586 5.255031562161378E-4
pathways 2.979737783075089E-4 2.392197251683733 7.128120535410408E-4
regarding 2.979737783075089E-4 0.758066726659261 2.258840067518656E-4
graph 2.979737783075089E-4 2.169053700369523 6.463211264509901E-4
psychologists 2.979737783075089E-4 5.1647859739235145 0.001538970790799617
mpmpa 5.959475566150178E-4 5.1647859739235145 0.003077941581599234
misleading 2.979737783075089E-4 3.0853444322436783 9.193517378556848E-4
take 5.959475566150178E-4 0.8743265327751228 5.210527608910147E-4
never 2.979737783075089E-4 2.169053700369523 6.463211264509901E-4
adjust 2.979737783075089E-4 2.2203469947570738 6.61605183181488E-4
parts 2.979737783075089E-4 1.4035858582299516 4.1823178135576625E-4
final 5.959475566150178E-4 0.6988778552689304 4.1649455021986316E-4
carry 2.979737783075089E-4 2.392197251683733 7.128120535410408E-4
lbfgs 2.979737783075089E-4 5.1647859739235145 0.001538970790799617
little 2.979737783075089E-4 1.252762968495368 3.7329051504629557E-4
however 5.959475566150178E-4 1.9459101490553132 0.0011596603987218792
some 0.0011918951132300357 0.2160260835453457 2.5748043330792094E-4
identifying 0.0011918951132300357 1.0216512475319812 0.001217701129358738
requesting 5.959475566150178E-4 3.373026504695459 0.002010146903870953
rather 2.979737783075089E-4 0.758066726659261 2.258840067518656E-4
importance 2.979737783075089E-4 0.9600933545325481 2.8608264437799405E-4
additional 5.959475566150178E-4 0.5300569856938783 3.1588616549098824E-4
for 0.019964243146603097 0.017291497110061043 3.4521165267404344E-4
mistakes 5.959475566150178E-4 3.5553480614894135 0.002118800990160556
aggregation 2.979737783075089E-4 3.0853444322436783 9.193517378556848E-4
training 2.979737783075089E-4 1.0059028905638423 2.9973268491175273E-4
explained 8.939213349225268E-4 1.6094379124341003 0.0014387108871580156
content 2.979737783075089E-4 1.293584963015623 3.854543989915444E-4
random 0.004469606674612634 1.2329603411991883 0.005510847770556562
related 8.939213349225268E-4 0.27443684570176036 2.4532495146164515E-4
load 2.979737783075089E-4 2.456735772821304 7.320428405307818E-4
rate 0.0020858164481525627 0.7221347174331975 0.0015062404714041664
disruptive 2.979737783075089E-4 4.471638793363569 0.0013324311064849728
plot 2.979737783075089E-4 2.331572629867298 6.947475059199338E-4
captured 2.979737783075089E-4 1.9459101490553132 5.798301993609396E-4
averaged 2.979737783075089E-4 2.6798793241355137 7.985337676208324E-4
divide 2.979737783075089E-4 2.2744142160273495 6.777157973859801E-4
company 5.959475566150178E-4 2.2203469947570738 0.001323210366362976
highlighting 2.979737783075089E-4 2.2203469947570738 6.61605183181488E-4
human 0.0017878426698450535 0.9162907318741551 0.0016381836684281675
class 5.959475566150178E-4 1.3805963400052528 8.227630154977668E-4
covers 2.979737783075089E-4 2.392197251683733 7.128120535410408E-4
spelling 0.0026817640047675805 2.9675613965872945 0.007958299335305617
harris 2.979737783075089E-4 4.471638793363569 0.0013324311064849728
false 0.0023837902264600714 2.169053700369523 0.005170569011607921
existing 0.0014898688915375446 0.9452782687474074 0.001408340686453229
reoccurring 2.979737783075089E-4 5.1647859739235145 0.001538970790799617
although 2.979737783075089E-4 0.4285875255290187 1.2770784431734763E-4
comprehensive 2.979737783075089E-4 1.3805963400052528 4.113815077488834E-4
articles 2.979737783075089E-4 1.6682784124570338 4.971032218286752E-4
presents 5.959475566150178E-4 1.1394342831883648 6.790430769894904E-4
assign 2.979737783075089E-4 1.9459101490553132 5.798301993609396E-4
straightforward 2.979737783075089E-4 2.2744142160273495 6.777157973859801E-4
very 0.0011918951132300357 0.5596157879354227 6.670033229266062E-4
advanced 2.979737783075089E-4 1.4512139072192063 4.324236910665096E-4
answers 2.979737783075089E-4 2.2744142160273495 6.777157973859801E-4
convert 2.979737783075089E-4 2.120263536200091 6.317829368891808E-4
output 0.0017878426698450535 1.1944940603713923 0.0021355674500084486
authorization 2.979737783075089E-4 5.1647859739235145 0.001538970790799617
improved 2.979737783075089E-4 0.8607208807193443 2.564722528961097E-4
tables 0.0011918951132300357 1.8689491079191851 0.0022275913086045114
balance 2.979737783075089E-4 2.2744142160273495 6.777157973859801E-4
else 8.939213349225268E-4 2.5998366164619773 0.002324049418768156
four 5.959475566150178E-4 0.4643056081310978 2.767017926883777E-4
classifier 0.006257449344457688 2.169053700369523 0.013572743655470796
easily 2.979737783075089E-4 1.4271163556401458 4.2524325257453687E-4
model 8.939213349225268E-4 0.48265474679929443 4.3145537556551946E-4
majority 2.979737783075089E-4 0.9452782687474074 2.816681372906458E-4
usually 2.979737783075089E-4 0.9600933545325481 2.8608264437799405E-4
whereas 5.959475566150178E-4 1.0872485300177945 6.479431048973745E-4
text 0.0011918951132300357 0.8607208807193443 0.0010258890115844388
tasks 2.979737783075089E-4 1.293584963015623 3.854543989915444E-4
validation 2.979737783075089E-4 1.8325814637483102 5.460612228093892E-4
likely 2.979737783075089E-4 0.5798184952529422 1.727707077630936E-4
python 5.959475566150178E-4 2.120263536200091 0.0012635658737783616
large 5.959475566150178E-4 0.34450440831847723 2.0530656038049894E-4
dependency 2.979737783075089E-4 2.120263536200091 6.317829368891808E-4
researchers 2.979737783075089E-4 1.1043429633770947 3.2906524534478384E-4
classified 0.0017878426698450535 1.2135422553420867 0.002169622625760584
being 0.0029797377830750892 0.48265474679929443 0.0014381845852183982
classification 0.004767580452920143 0.9751312318970885 0.004649016600224498
precup 2.979737783075089E-4 5.1647859739235145 0.001538970790799617
mouton 0.00566150178784267 5.1647859739235145 0.029240445025192723
validating 2.979737783075089E-4 2.9675613965872945 8.842554817006241E-4
secondly 2.979737783075089E-4 5.1647859739235145 0.001538970790799617
evaluate 8.939213349225268E-4 0.758066726659261 6.776520202555968E-4
works 8.939213349225268E-4 1.3805963400052528 0.0012341445232466502
curve 0.0011918951132300357 2.2744142160273495 0.0027108631895439205
robert 2.979737783075089E-4 3.5553480614894135 0.001059400495080278
library 5.959475566150178E-4 1.79749014393704 0.0010712098593188557
known 8.939213349225268E-4 0.8607208807193443 7.694167586883292E-4
urgent 2.979737783075089E-4 3.373026504695459 0.0010050734519354764
map 2.979737783075089E-4 1.9867321435755685 5.919940833061884E-4
table 0.009833134684147794 0.18805223150293962 0.001849142920022946
may 2.979737783075089E-4 0.15415067982725836 4.593286049679927E-5
max 2.979737783075089E-4 2.169053700369523 6.463211264509901E-4
within 2.979737783075089E-4 0.3127557100038969 9.319300059710872E-5
could 5.959475566150178E-4 0.22314355131420976 1.3298185418010117E-4
change 2.979737783075089E-4 0.7104386776700063 2.1169209704112227E-4
programmatically 2.979737783075089E-4 5.1647859739235145 0.001538970790799617
positive 0.0029797377830750892 0.6988778552689304 0.0020824727510993157
defining 2.979737783075089E-4 1.906689435902032 5.681434552747413E-4
generally 2.979737783075089E-4 0.9021060968821986 2.688039621222284E-4
corrected 2.979737783075089E-4 2.5257286443082556 7.526009071240332E-4
machine 0.006555423122765197 1.0872485300177945 0.00712737415387112
able 8.939213349225268E-4 0.7703368192510752 6.886205178048944E-4
websites 2.979737783075089E-4 2.8622008809294686 8.528608107656342E-4
constant 2.979737783075089E-4 2.120263536200091 6.317829368891808E-4
use 0.0017878426698450535 0.20895891632225325 3.735856668455064E-4
recognition 2.979737783075089E-4 1.6384254493073527 4.882078216052898E-4
several 2.979737783075089E-4 0.3526016185510966 1.0506603651701329E-4
political 2.979737783075089E-4 2.169053700369523 6.463211264509901E-4
main 2.979737783075089E-4 0.6004377824556778 1.789147146769004E-4
while 5.959475566150178E-4 0.20895891632225325 1.245285556151688E-4
stands 2.979737783075089E-4 2.6798793241355137 7.985337676208324E-4
that 0.012514898688915376 0.017291497110061043 2.1640133451208697E-4
high 0.0014898688915375446 0.2521310881874621 3.756422648800091E-4
download 0.004469606674612634 0.2595111954850846 0.0011599129714768383
solution 8.939213349225268E-4 1.293584963015623 0.0011563631969746333
than 5.959475566150178E-4 0.058840500022933395 3.5065852218673056E-5
classifiers 0.0014898688915375446 2.5257286443082556 0.003763004535620166
different 0.0017878426698450535 0.18805223150293962 3.3620780364053567E-4
calculated 2.979737783075089E-4 0.9021060968821986 2.688039621222284E-4
servo 2.979737783075089E-4 5.1647859739235145 0.001538970790799617
selected 0.0011918951132300357 0.758066726659261 9.035360270074624E-4
level 2.979737783075089E-4 0.5798184952529422 1.727707077630936E-4
weights 0.0011918951132300357 1.9867321435755685 0.0023679763332247537
steps 0.0029797377830750892 1.3146383722134554 0.003917277628764765
plus 2.979737783075089E-4 2.5998366164619773 7.746831395893854E-4
chosen 2.979737783075089E-4 1.252762968495368 3.7329051504629557E-4
relevant 5.959475566150178E-4 0.7703368192510752 4.590803452032629E-4
entry 2.979737783075089E-4 1.9867321435755685 5.919940833061884E-4
entries 0.0026817640047675805 2.7668907011251433 0.007420147887403543
scientists 2.979737783075089E-4 2.8622008809294686 8.528608107656342E-4
principles 5.959475566150178E-4 1.8325814637483102 0.0010921224456187785
focused 2.979737783075089E-4 1.0704414117014134 3.1896347190149386E-4
true 0.0017878426698450535 1.1394342831883648 0.002037129230968471
prediction 2.979737783075089E-4 1.6384254493073527 4.882078216052898E-4
tactics 2.979737783075089E-4 4.471638793363569 0.0013324311064849728
plug 2.979737783075089E-4 4.0661736852554045 0.0012116131362501204
comprised 2.979737783075089E-4 2.331572629867298 6.947475059199338E-4
since 2.979737783075089E-4 0.377294231141468 1.1242378758684981E-4
problems 2.979737783075089E-4 1.1758019273592397 3.503581428364838E-4
best 0.0014898688915375446 0.6988778552689304 0.0010412363755496578
bezuidenhout 5.959475566150178E-4 5.1647859739235145 0.003077941581599234
dialog 8.939213349225268E-4 3.5553480614894135 0.0031782014852408343
repeat 2.979737783075089E-4 2.9675613965872945 8.842554817006241E-4
socialize 2.979737783075089E-4 4.471638793363569 0.0013324311064849728
make 2.979737783075089E-4 0.664976303593249 1.9814550166664152E-4
included 2.979737783075089E-4 0.41985384556026406 1.251054366985292E-4
highly 2.979737783075089E-4 0.9162907318741551 2.730306114046946E-4
allows 5.959475566150178E-4 1.2135422553420867 7.232075419201947E-4
execution 2.979737783075089E-4 2.5998366164619773 7.746831395893854E-4
processes 2.979737783075089E-4 1.293584963015623 3.854543989915444E-4
plays 2.979737783075089E-4 1.79749014393704 5.356049296594279E-4
chance 2.979737783075089E-4 2.2744142160273495 6.777157973859801E-4
determine 0.0017878426698450535 0.7221347174331975 0.001291063261203571
social 0.01132300357568534 1.0704414117014134 0.012120611932256766
nature 8.939213349225268E-4 1.0216512475319812 9.132758470190535E-4
equation 0.005065554231227652 1.7635885922613586 0.008933553655674343
cross 2.979737783075089E-4 2.7668907011251433 8.244608763781714E-4
control 2.979737783075089E-4 0.7459453661269161 2.2227215915581527E-4
compound 0.0026817640047675805 2.5998366164619773 0.006972148256304468
whilst 2.979737783075089E-4 3.7784916128036232 0.0011258914221703286
calculates 2.979737783075089E-4 2.5998366164619773 7.746831395893854E-4
due 0.0011918951132300357 0.20895891632225325 2.490571112303376E-4
naivety 5.959475566150178E-4 5.1647859739235145 0.003077941581599234
online 0.006555423122765197 1.3581234841531944 0.008903074091588283
about 2.979737783075089E-4 0.377294231141468 1.1242378758684981E-4
trees 2.979737783075089E-4 2.8622008809294686 8.528608107656342E-4
francois 0.005065554231227652 5.1647859739235145 0.02616250344359349
meaning 2.979737783075089E-4 1.121734706088964 3.342475286319916E-4
reputable 2.979737783075089E-4 5.1647859739235145 0.001538970790799617
above 5.959475566150178E-4 0.9021060968821986 5.376079242444569E-4
adversaries 2.979737783075089E-4 5.1647859739235145 0.001538970790799617
programmers 2.979737783075089E-4 5.1647859739235145 0.001538970790799617
drawn 2.979737783075089E-4 1.906689435902032 5.681434552747413E-4
interlocutors 2.979737783075089E-4 4.471638793363569 0.0013324311064849728
they 0.0011918951132300357 0.167573700159399 1.9973027432586293E-4
supplementing 2.979737783075089E-4 4.471638793363569 0.0013324311064849728
proposal 2.979737783075089E-4 2.6798793241355137 7.985337676208324E-4
based 0.004171632896305125 0.18805223150293962 7.844848751612499E-4
received 2.979737783075089E-4 0.9452782687474074 2.816681372906458E-4
then 0.005065554231227652 0.4285875255290187 0.0021710333533949103
execute 2.979737783075089E-4 2.9675613965872945 8.842554817006241E-4
quality 2.979737783075089E-4 0.8080771472339223 2.40785800725245E-4
regex 2.979737783075089E-4 5.1647859739235145 0.001538970790799617
meta 2.979737783075089E-4 4.471638793363569 0.0013324311064849728
processing 0.0017878426698450535 0.7221347174331975 0.001291063261203571
obtained 2.979737783075089E-4 0.6004377824556778 1.789147146769004E-4
conference 2.979737783075089E-4 2.9675613965872945 8.842554817006241E-4
fact 2.979737783075089E-4 0.990398704027877 2.9511284387004675E-4
grammatical 2.979737783075089E-4 2.6798793241355137 7.985337676208324E-4
executed 5.959475566150178E-4 2.7668907011251433 0.0016489217527563427
eliminate 2.979737783075089E-4 2.392197251683733 7.128120535410408E-4
into 0.0032777115613825984 0.10854016857520597 3.557633654133688E-4
offline 2.979737783075089E-4 2.7668907011251433 8.244608763781714E-4
min 2.979737783075089E-4 2.169053700369523 6.463211264509901E-4
variety 5.959475566150178E-4 1.0872485300177945 6.479431048973745E-4
persist 2.979737783075089E-4 4.471638793363569 0.0013324311064849728
relationship 2.979737783075089E-4 0.9162907318741551 2.730306114046946E-4
key 5.959475566150178E-4 1.0216512475319812 6.08850564679369E-4
decision 0.005065554231227652 1.157452788691043 0.005863139871200159
necessary 5.959475566150178E-4 0.8607208807193443 5.129445057922194E-4
one 0.0020858164481525627 0.06491954609931569 1.354102570605512E-4
blacklist 0.0011918951132300357 5.1647859739235145 0.006155883163198468
many 2.979737783075089E-4 0.20194134366360675 6.017322516794003E-5
people 2.979737783075089E-4 1.0539121097502027 3.140381733463059E-4
dialogues 0.0011918951132300357 3.0853444322436783 0.003677406951422739
extensive 5.959475566150178E-4 1.5271998141971284 9.101309977336879E-4
associated 2.979737783075089E-4 0.4373981552111735 1.303331809330076E-4
seda 5.959475566150178E-4 5.1647859739235145 0.003077941581599234
vast 2.979737783075089E-4 1.8689491079191851 5.568978271511279E-4
but 0.0020858164481525627 0.083381608939051 1.7391873139849733E-4
agent 2.979737783075089E-4 2.6798793241355137 7.985337676208324E-4
separate 2.979737783075089E-4 1.3146383722134554 3.9172776287647653E-4
numbers 2.979737783075089E-4 1.121734706088964 3.342475286319916E-4
reputation 8.939213349225268E-4 3.7784916128036232 0.0033776742665109862
mainly 2.979737783075089E-4 1.0059028905638423 2.9973268491175273E-4
pairs 2.979737783075089E-4 2.120263536200091 6.317829368891808E-4
dialogs 2.979737783075089E-4 4.0661736852554045 0.0012116131362501204
written 2.979737783075089E-4 1.121734706088964 3.342475286319916E-4
generate 2.979737783075089E-4 1.3361445774344192 3.981360481032238E-4
commands 5.959475566150178E-4 3.5553480614894135 0.002118800990160556
imbalanced 8.939213349225268E-4 5.1647859739235145 0.00461691237239885
sanitized 2.979737783075089E-4 5.1647859739235145 0.001538970790799617
nicholson 2.979737783075089E-4 5.1647859739235145 0.001538970790799617
solutions 2.979737783075089E-4 1.4271163556401458 4.2524325257453687E-4
this 0.008939213349225268 0.017291497110061043 1.5457238179434783E-4
iterative 2.979737783075089E-4 2.169053700369523 6.463211264509901E-4
sections 2.979737783075089E-4 1.6094379124341003 4.795702957193386E-4
mlp 0.005363528009535161 4.0661736852554045 0.02180903645250217
extract 2.979737783075089E-4 1.3805963400052528 4.113815077488834E-4
extends 2.979737783075089E-4 2.5257286443082556 7.526009071240332E-4
especially 5.959475566150178E-4 0.7104386776700063 4.2338419408224454E-4
vital 2.979737783075089E-4 2.2203469947570738 6.61605183181488E-4
higher 0.0017878426698450535 0.41985384556026406 7.506326201911753E-4
implements 2.979737783075089E-4 2.8622008809294686 8.528608107656342E-4
detect 0.0011918951132300357 1.3146383722134554 0.0015669110515059061
rule 2.979737783075089E-4 1.730798769438368 5.157326488195375E-4
update 5.959475566150178E-4 2.5257286443082556 0.0015052018142480664
learning 0.010727056019070322 0.9306794693262548 0.009983450803261375
common 8.939213349225268E-4 0.3526016185510966 3.151981095510399E-4
multiplied 2.979737783075089E-4 3.0853444322436783 9.193517378556848E-4
urgency 2.979737783075089E-4 5.1647859739235145 0.001538970790799617
wants 2.979737783075089E-4 3.7784916128036232 0.0011258914221703286
definition 2.979737783075089E-4 1.6990500711237875 5.062723692263967E-4
figure 0.0017878426698450535 0.20194134366360675 3.610393510076402E-4
corrupt 2.979737783075089E-4 5.1647859739235145 0.001538970790799617
cases 2.979737783075089E-4 0.6004377824556778 1.789147146769004E-4
previous 2.979737783075089E-4 0.32850406697203605 9.788559802504053E-5
argue 2.979737783075089E-4 1.9867321435755685 5.919940833061884E-4
indeed 2.979737783075089E-4 2.2744142160273495 6.777157973859801E-4
artificial 0.0014898688915375446 1.5012243277938677 0.0022366274251994452
step 0.0014898688915375446 1.0872485300177945 0.0016198577622434363
software 2.979737783075089E-4 1.157452788691043 3.4489058065883285E-4
reasoning 2.979737783075089E-4 2.5257286443082556 7.526009071240332E-4
none 2.979737783075089E-4 1.6384254493073527 4.882078216052898E-4
april 0.005065554231227652 1.906689435902032 0.009658438739670604
preparation 2.979737783075089E-4 2.169053700369523 6.463211264509901E-4
problem 5.959475566150178E-4 0.9162907318741551 5.460612228093892E-4
optimization 2.979737783075089E-4 2.2203469947570738 6.61605183181488E-4
terms 0.0014898688915375446 0.5696661237889241 8.48727836395894E-4
safety 2.979737783075089E-4 1.8325814637483102 5.460612228093892E-4
heartfield 2.979737783075089E-4 5.1647859739235145 0.001538970790799617
proof 8.939213349225268E-4 2.7668907011251433 0.002473382629134514
between 0.004171632896305125 0.058840500022933395 2.4546096553071145E-4
still 5.959475566150178E-4 0.5300569856938783 3.1588616549098824E-4
natural 0.0014898688915375446 0.6429973968744738 9.579818189428988E-4
method 0.005363528009535161 0.4734380916943703 0.002539298465583631
work 0.0017878426698450535 0.5696661237889241 0.001018473403675073
conclude 2.979737783075089E-4 2.073743520565198 6.179211920635274E-4
baseline 2.979737783075089E-4 1.5538680612792897 4.6301193721075376E-4
examples 2.979737783075089E-4 1.1394342831883648 3.395215384947452E-4
versions 2.979737783075089E-4 2.456735772821304 7.320428405307818E-4
following 0.0020858164481525627 0.2160260835453457 4.505907582888617E-4
theory 2.979737783075089E-4 1.5271998141971284 4.5506549886684393E-4
internal 2.979737783075089E-4 1.3805963400052528 4.113815077488834E-4
foundation 2.979737783075089E-4 2.2744142160273495 6.777157973859801E-4
tools 2.979737783075089E-4 1.252762968495368 3.7329051504629557E-4
our 8.939213349225268E-4 0.19497267434751336 1.7429023332614423E-4
out 5.959475566150178E-4 0.368995428326773 2.1990192391345233E-4
feature 0.0020858164481525627 1.4035858582299516 0.002927622469490364
recall 5.959475566150178E-4 1.8689491079191851 0.0011137956543022557
continues 2.979737783075089E-4 2.2203469947570738 6.61605183181488E-4
initialized 2.979737783075089E-4 3.7784916128036232 0.0011258914221703286
place 8.939213349225268E-4 1.3805963400052528 0.0012341445232466502
leaf 8.939213349225268E-4 3.5553480614894135 0.0031782014852408343
lead 5.959475566150178E-4 0.7703368192510752 4.590803452032629E-4
fraction 2.979737783075089E-4 2.331572629867298 6.947475059199338E-4
help 2.979737783075089E-4 0.8743265327751228 2.6052638044550737E-4
site 2.979737783075089E-4 1.730798769438368 5.157326488195375E-4
minimum 2.979737783075089E-4 1.3361445774344192 3.981360481032238E-4
first 5.959475566150178E-4 0.167573700159399 9.986513716293146E-5
date 2.979737783075089E-4 1.8689491079191851 5.568978271511279E-4
voice 2.979737783075089E-4 2.7668907011251433 8.244608763781714E-4
exponential 5.959475566150178E-4 2.8622008809294686 0.0017057216215312684
addresses 2.979737783075089E-4 2.5998366164619773 7.746831395893854E-4
data 0.003575685339690107 0.167573700159399 5.991908229775888E-4
theoretical 2.979737783075089E-4 1.5538680612792897 4.6301193721075376E-4
threshold 2.979737783075089E-4 2.120263536200091 6.317829368891808E-4
should 0.0014898688915375446 0.368995428326773 5.497548097836308E-4
only 2.979737783075089E-4 0.10854016857520597 3.234212412848807E-5
create 5.959475566150178E-4 1.0704414117014134 6.379269438029877E-4
html 2.979737783075089E-4 3.7784916128036232 0.0011258914221703286
from 0.0038736591179976162 0.023122417420854212 8.956836307243885E-5
seadm 5.959475566150178E-4 5.1647859739235145 0.003077941581599234
individual 2.979737783075089E-4 0.7221347174331975 2.1517721020059517E-4
like 8.939213349225268E-4 0.7827593392496325 6.997252734651065E-4
populated 5.959475566150178E-4 3.7784916128036232 0.002251782844340657
published 0.005065554231227652 0.03488725900044054 1.767233024456166E-4
towards 2.979737783075089E-4 1.5012243277938677 4.4732548503988905E-4
preparing 2.979737783075089E-4 2.7668907011251433 8.244608763781714E-4
proposed 0.0023837902264600714 0.7459453661269161 0.0017781772732465221
techniques 2.979737783075089E-4 0.9751312318970885 2.9056353751403114E-4
intervention 2.979737783075089E-4 1.79749014393704 5.356049296594279E-4
send 2.979737783075089E-4 3.373026504695459 0.0010050734519354764
potentially 8.939213349225268E-4 1.1394342831883648 0.0010185646154842354
instances 2.979737783075089E-4 1.9459101490553132 5.798301993609396E-4
normalized 2.979737783075089E-4 2.392197251683733 7.128120535410408E-4
link 0.0017878426698450535 1.6384254493073527 0.0029292469296317387
scale 2.979737783075089E-4 1.4271163556401458 4.2524325257453687E-4
error 5.959475566150178E-4 1.5538680612792897 9.260238744215075E-4
tune 2.979737783075089E-4 4.0661736852554045 0.0012116131362501204
network 0.0011918951132300357 1.0704414117014134 0.0012758538876059755
can 0.009833134684147794 0.0958817717032825 9.428183749130878E-4
numerical 8.939213349225268E-4 1.6990500711237875 0.0015188171076791902
security 8.939213349225268E-4 2.073743520565198 0.001853763576190582
paper 8.939213349225268E-4 0.9306794693262548 8.319542336051145E-4
array 2.979737783075089E-4 3.2188758248682006 9.591405914386771E-4
loukas 2.979737783075089E-4 5.1647859739235145 0.001538970790799617
studies 2.979737783075089E-4 0.24480504809538922 7.294548512973456E-5
bayes 0.0017878426698450535 2.7668907011251433 0.004946765258269028
value 0.0029797377830750892 0.6214911916535102 0.0018518807856183258
carried 2.979737783075089E-4 1.121734706088964 3.342475286319916E-4
will 0.0011918951132300357 0.3526016185510966 4.2026414606805316E-4
weakest 2.979737783075089E-4 4.0661736852554045 0.0012116131362501204
implementation 5.959475566150178E-4 1.4035858582299516 8.364635627115325E-4
confidence 2.979737783075089E-4 1.906689435902032 5.681434552747413E-4
follow 8.939213349225268E-4 1.4512139072192063 0.0012972710731995287
instead 2.979737783075089E-4 1.0376515888784226 3.091929645048935E-4
intent 0.0011918951132300357 3.2188758248682006 0.0038365623657547086
ultimately 2.979737783075089E-4 2.120263536200091 6.317829368891808E-4
factors 2.979737783075089E-4 0.6321864807702582 1.8837499427004116E-4
currently 2.979737783075089E-4 1.4035858582299516 4.1823178135576625E-4
stages 2.979737783075089E-4 1.906689435902032 5.681434552747413E-4
category 2.979737783075089E-4 1.252762968495368 3.7329051504629557E-4
tends 2.979737783075089E-4 2.2744142160273495 6.777157973859801E-4
