annotate 2.0738282870178348E-4 2.9675613965872945 6.154212767704883E-4
scenarios 4.1476565740356696E-4 1.9867321435755685 8.240282636149184E-4
building 2.0738282870178348E-4 1.4759065198095778 3.0607766897751507E-4
without 8.295313148071339E-4 0.32850406697203605 2.7250441059480384E-4
setting 0.0010369141435089175 1.3581234841531944 0.0014082574493500565
these 0.002488593944421402 0.03488725900044054 8.682022148595738E-5
dutch 0.0016590626296142678 3.7784916128036232 0.006268754231113435
score 6.221484861053505E-4 1.121734706088964 6.978855492050793E-4
introduced 2.0738282870178348E-4 1.0059028905638423 2.0860698684443016E-4
contributions 2.0738282870178348E-4 2.120263536200091 4.397062497304212E-4
conneau 2.0738282870178348E-4 4.471638793363569 9.273411019003668E-4
because 0.0014516798009124845 0.34450440831847723 5.001100908812403E-4
calculate 6.221484861053505E-4 1.6682784124570338 0.001037916888712381
inspired 2.0738282870178348E-4 2.2744142160273495 4.7167445375930096E-4
analysis 0.004562422231439237 0.15415067982725836 7.033004886353554E-4
community 4.1476565740356696E-4 1.730798769438368 7.178758894393894E-4
version 2.0738282870178348E-4 1.3805963400052528 2.863119742856186E-4
size 0.0031107424305267524 0.127833371509885 3.9765669279308893E-4
correlation 2.0738282870178348E-4 1.3805963400052528 2.863119742856186E-4
applies 2.0738282870178348E-4 2.169053700369523 4.498244919887024E-4
selection 4.1476565740356696E-4 1.1043429633770947 4.5804353520410395E-4
detail 4.1476565740356696E-4 1.6990500711237875 7.047076197112349E-4
metrics 2.0738282870178348E-4 2.073743520565198 4.3005879729680587E-4
much 2.0738282870178348E-4 0.7827593392496325 1.6233084596632775E-4
role 6.221484861053505E-4 0.6761496041913742 4.206654526283954E-4
achieve 4.1476565740356696E-4 1.0376515888784226 4.303822434170147E-4
datasets 0.0035255080879303194 1.4512139072192063 0.005116266367218272
karimi 2.0738282870178348E-4 5.1647859739235145 0.0010710879249115541
manual 2.0738282870178348E-4 1.4512139072192063 3.0095684513048654E-4
gold 2.0738282870178348E-4 2.7668907011251433 5.738056203079932E-4
result 2.0738282870178348E-4 0.4285875255290187 8.888169339050573E-5
vocabulary 2.0738282870178348E-4 2.120263536200091 4.397062497304212E-4
same 4.1476565740356696E-4 0.2972515234679317 1.232897235453885E-4
aspect 0.007465781833264205 1.6682784124570338 0.012455002664548572
wikipedia 2.0738282870178348E-4 2.6798793241355137 5.557609548186465E-4
after 2.0738282870178348E-4 0.12136085700426753 2.5168157819217652E-5
close 2.0738282870178348E-4 1.1394342831883648 2.3629910476739212E-4
borrowed 2.0738282870178348E-4 4.471638793363569 9.273411019003668E-4
annotation 6.221484861053505E-4 2.169053700369523 0.0013494734759661074
address 6.221484861053505E-4 1.0872485300177945 6.764300269708386E-4
alignments 2.0738282870178348E-4 4.471638793363569 9.273411019003668E-4
sets 2.0738282870178348E-4 1.3146383722134554 2.726334243495345E-4
learn 2.0738282870178348E-4 1.4512139072192063 3.0095684513048654E-4
the 0.12712567399419328 0.017291497110061043 0.0021981932244851555
obvious 6.221484861053505E-4 2.0292917579943643 0.001262520795102259
information 4.1476565740356696E-4 0.3049735695618419 1.264925630700298E-4
combined 6.221484861053505E-4 0.9600933545325481 5.973206270422323E-4
novel 4.1476565740356696E-4 1.3805963400052528 5.726239485712372E-4
discuss 2.0738282870178348E-4 1.4759065198095778 3.0607766897751507E-4
acceptable 2.0738282870178348E-4 2.120263536200091 4.397062497304212E-4
acd 0.002488593944421402 5.1647859739235145 0.012853055098938651
achieves 2.0738282870178348E-4 2.5257286443082556 5.237927507897668E-4
good 4.1476565740356696E-4 0.8080771472339223 3.3516264920527674E-4
syntactic 2.0738282870178348E-4 2.2203469947570738 4.6046184047222595E-4
pad 2.0738282870178348E-4 4.471638793363569 9.273411019003668E-4
layers 0.0010369141435089175 1.730798769438368 0.0017946897235984738
ith 2.0738282870178348E-4 2.9675613965872945 6.154212767704883E-4
predicted 6.221484861053505E-4 1.5271998141971284 9.50145052383116E-4
polarity 0.0010369141435089175 2.7668907011251433 0.002869028101539966
analysed 4.1476565740356696E-4 1.8325814637483102 7.600918555571589E-4
making 2.0738282870178348E-4 1.0704414117014134 2.219911679181695E-4
need 2.0738282870178348E-4 0.5013468798114469 1.0397073409611092E-4
chi 2.0738282870178348E-4 5.1647859739235145 0.0010710879249115541
pay 2.0738282870178348E-4 2.456735772821304 5.094848139405441E-4
its 2.0738282870178348E-4 0.19497267434751336 4.043398472573898E-5
list 2.0738282870178348E-4 1.3581234841531944 2.8165148987001126E-4
users 2.0738282870178348E-4 1.4759065198095778 3.0607766897751507E-4
lack 4.1476565740356696E-4 0.6988778552689304 2.8987053308541285E-4
outperformed 4.1476565740356696E-4 2.9675613965872945 0.0012308425535409765
success 4.1476565740356696E-4 1.6384254493073527 6.795626085886987E-4
alignment 4.1476565740356696E-4 2.9675613965872945 0.0012308425535409765
activation 2.0738282870178348E-4 2.073743520565198 4.3005879729680587E-4
neural 4.1476565740356696E-4 1.5271998141971284 6.334300349220772E-4
applied 6.221484861053505E-4 0.6109090823229731 3.800761607152467E-4
provided 2.0738282870178348E-4 0.7104386776700063 1.4733278259436048E-4
choose 8.295313148071339E-4 1.8689491079191851 0.0015503518107998218
bitext 2.0738282870178348E-4 5.1647859739235145 0.0010710879249115541
representation 0.0010369141435089175 1.2729656758128876 0.0013199561134517707
prevent 2.0738282870178348E-4 1.4512139072192063 3.0095684513048654E-4
mixture 2.0738282870178348E-4 2.5998366164619773 5.391614716843586E-4
projection 2.0738282870178348E-4 2.456735772821304 5.094848139405441E-4
effectiveness 0.002488593944421402 1.5271998141971284 0.003800580209532464
identify 4.1476565740356696E-4 0.6214911916535102 2.5777320267669437E-4
multiple 0.002903359601824969 0.5108256237659907 0.0014831104796192182
perform 6.221484861053505E-4 0.9600933545325481 5.973206270422323E-4
rusian 2.0738282870178348E-4 5.1647859739235145 0.0010710879249115541
better 0.001244296972210701 0.4285875255290187 5.332901603430345E-4
kalyan 2.0738282870178348E-4 5.1647859739235145 0.0010710879249115541
special 2.0738282870178348E-4 1.4512139072192063 3.0095684513048654E-4
noted 2.0738282870178348E-4 1.157452788691043 2.4003583340751616E-4
with 0.009124844462878473 0.017291497110061043 1.5778222165961964E-4
supervised 6.221484861053505E-4 1.9867321435755685 0.001236042395422378
truth 2.0738282870178348E-4 2.6798793241355137 5.557609548186465E-4
etymologically 2.0738282870178348E-4 5.1647859739235145 0.0010710879249115541
service 2.0738282870178348E-4 1.6990500711237875 3.5235380985561743E-4
there 0.002073828287017835 0.12136085700426753 2.5168157819217656E-4
translation 6.221484861053505E-4 1.9867321435755685 0.001236042395422378
well 2.0738282870178348E-4 0.3127557100038969 6.486016383324282E-5
achieved 0.0010369141435089175 1.121734706088964 0.0011631425820084653
detected 2.0738282870178348E-4 1.5271998141971284 3.167150174610386E-4
suitable 2.0738282870178348E-4 1.121734706088964 2.3262851640169305E-4
romance 2.0738282870178348E-4 4.471638793363569 9.273411019003668E-4
named 8.295313148071339E-4 1.9867321435755685 0.0016480565272298368
illustrates 2.0738282870178348E-4 2.073743520565198 4.3005879729680587E-4
called 2.0738282870178348E-4 1.2729656758128876 2.639912226903541E-4
focus 2.0738282870178348E-4 0.6874491594453075 1.4256515127443123E-4
entire 2.0738282870178348E-4 1.1944940603713923 2.477175571072983E-4
approach 0.0018664454583160513 0.5398131606392429 0.001007531822014348
gains 2.0738282870178348E-4 2.6798793241355137 5.557609548186465E-4
number 0.002488593944421402 0.167573700159399 4.1702289546096814E-4
experiment 8.295313148071339E-4 1.730798769438368 0.0014357517788787788
pei 2.0738282870178348E-4 5.1647859739235145 0.0010710879249115541
hate 4.1476565740356696E-4 4.0661736852554045 0.0016865092016820425
per 6.221484861053505E-4 0.7339691750802005 4.566378111241397E-4
order 8.295313148071339E-4 0.6214911916535102 5.155464053533887E-4
shorter 2.0738282870178348E-4 2.120263536200091 4.397062497304212E-4
hugging 2.0738282870178348E-4 5.1647859739235145 0.0010710879249115541
similar 8.295313148071339E-4 0.20895891632225325 1.7333796459747261E-4
lexical 4.1476565740356696E-4 2.120263536200091 8.794124994608424E-4
testing 2.0738282870178348E-4 1.293584963015623 2.682673087962719E-4
cls 2.0738282870178348E-4 4.471638793363569 9.273411019003668E-4
jointly 4.1476565740356696E-4 2.8622008809294686 0.0011871426299997795
system 4.1476565740356696E-4 0.44628710262841953 1.851045635124096E-4
binary 4.1476565740356696E-4 1.6990500711237875 7.047076197112349E-4
authors 0.0051845707175445874 0.023122417420854212 1.1987980827900359E-4
lauscher 6.221484861053505E-4 5.1647859739235145 0.0032132637747346628
larger 2.0738282870178348E-4 0.9162907318741551 1.9002296388928973E-4
other 0.0016590626296142678 0.0408219945202552 6.772624557487383E-5
indicated 8.295313148071339E-4 1.3361445774344192 0.0011083737680915961
aim 4.1476565740356696E-4 1.0376515888784226 4.303822434170147E-4
against 2.0738282870178348E-4 0.9600933545325481 1.991068756807441E-4
representations 2.0738282870178348E-4 2.120263536200091 4.397062497304212E-4
denoising 2.0738282870178348E-4 5.1647859739235145 0.0010710879249115541
top 6.221484861053505E-4 1.5538680612792897 9.667366619323661E-4
indicates 2.0738282870178348E-4 1.0376515888784226 2.1519112170850736E-4
yield 2.0738282870178348E-4 1.906689435902032 3.954146486731713E-4
have 0.002903359601824969 0.028987536873252187 8.416124351421207E-5
share 4.1476565740356696E-4 1.4035858582299516 5.821592112110957E-4
linear 2.0738282870178348E-4 1.3146383722134554 2.726334243495345E-4
particularly 4.1476565740356696E-4 0.9751312318970885 4.04450946452546E-4
question 2.0738282870178348E-4 1.2329603411991883 2.556948032350038E-4
produce 4.1476565740356696E-4 1.157452788691043 4.8007166681503233E-4
inconsistent 2.0738282870178348E-4 2.6798793241355137 5.557609548186465E-4
proportionally 2.0738282870178348E-4 3.373026504695459 6.995077778298339E-4
framework 2.0738282870178348E-4 1.4271163556401458 2.959594267192339E-4
powerful 2.0738282870178348E-4 2.0292917579943643 4.2084026503408633E-4
future 6.221484861053505E-4 0.48265474679929443 3.002829200327423E-4
entity 8.295313148071339E-4 2.331572629867298 0.0019341125092221466
ngoc 0.0037328909166321027 4.471638793363569 0.0166921398342066
employed 6.221484861053505E-4 1.4035858582299516 8.732388168166435E-4
duong 0.0037328909166321027 5.1647859739235145 0.019279582648407977
crawl 2.0738282870178348E-4 4.0661736852554045 8.432546008410212E-4
whether 2.0738282870178348E-4 0.5300569856938783 1.0992471706633726E-4
function 4.1476565740356696E-4 0.6321864807702582 2.6220924129832356E-4
implemented 2.0738282870178348E-4 1.293584963015623 2.682673087962719E-4
quite 2.0738282870178348E-4 1.5012243277938677 3.113281476138257E-4
mbert 0.0010369141435089175 4.471638793363569 0.0046367055095018345
all 0.005806719203649938 0.017291497110061043 1.0040686832884886E-4
always 2.0738282870178348E-4 1.2729656758128876 2.639912226903541E-4
new 0.0010369141435089175 0.38566248081198473 3.998988809746835E-4
settings 8.295313148071339E-4 2.0292917579943643 0.0016833610601363453
including 0.0014516798009124845 0.2669461739726028 3.8752036868689745E-4
comparison 6.221484861053505E-4 0.758066726659261 4.716300663578978E-4
already 2.0738282870178348E-4 1.157452788691043 2.4003583340751616E-4
domains 2.0738282870178348E-4 1.9459101490553132 4.035483511106E-4
conducted 8.295313148071339E-4 0.664976303593249 5.516186674352956E-4
plenty 2.0738282870178348E-4 3.5553480614894135 7.37318138011077E-4
zhou 2.0738282870178348E-4 3.0853444322436783 6.398474558779922E-4
kumar 2.0738282870178348E-4 3.2188758248682006 6.67539573800954E-4
improve 0.0022812111157196184 0.7104386776700063 0.0016206606085379656
were 2.0738282870178348E-4 0.0958817717032825 1.9884233036765345E-5
leverage 2.0738282870178348E-4 2.5998366164619773 5.391614716843586E-4
technique 2.0738282870178348E-4 1.1758019273592397 2.4384112968876806E-4
represents 8.295313148071339E-4 0.9751312318970885 8.08901892905092E-4
effective 2.0738282870178348E-4 0.8472978603872037 1.757150270400671E-4
and 0.03504769805060141 0.017291497110061043 6.060271695562662E-4
influences 2.0738282870178348E-4 2.2744142160273495 4.7167445375930096E-4
predict 4.1476565740356696E-4 1.2729656758128876 5.279824453807082E-4
tokens 4.1476565740356696E-4 2.120263536200091 8.794124994608424E-4
row 2.0738282870178348E-4 2.8622008809294686 5.935713149998898E-4
contextualized 0.004355039402737453 3.5553480614894135 0.015483680898232618
comments 8.295313148071339E-4 2.5257286443082556 0.002095171003159067
rates 2.0738282870178348E-4 1.2329603411991883 2.556948032350038E-4
specific 0.0018664454583160513 0.40261203912575794 7.514534118896353E-4
korean 2.0738282870178348E-4 3.0853444322436783 6.398474558779922E-4
formulated 2.0738282870178348E-4 1.7635885922613586 3.657379909293568E-4
csc 0.002903359601824969 5.1647859739235145 0.01499523094876176
conduct 0.001244296972210701 1.6990500711237875 0.002114122859133705
consists 6.221484861053505E-4 1.2135422553420867 7.55003476985952E-4
objectives 2.0738282870178348E-4 2.456735772821304 5.094848139405441E-4
strategy 8.295313148071339E-4 1.2135422553420867 0.0010066713026479358
remainder 2.0738282870178348E-4 2.2744142160273495 4.7167445375930096E-4
unlabelled 2.0738282870178348E-4 3.373026504695459 6.995077778298339E-4
reason 4.1476565740356696E-4 1.0059028905638423 4.172139736888603E-4
germanic 2.0738282870178348E-4 4.0661736852554045 8.432546008410212E-4
discussion 2.0738282870178348E-4 0.2595111954850846 5.3818165799478346E-5
johnson 2.0738282870178348E-4 4.0661736852554045 8.432546008410212E-4
nguyen 0.0037328909166321027 3.5553480614894135 0.013271726484199386
english 0.004355039402737453 1.4512139072192063 0.006320093747740218
formulation 4.1476565740356696E-4 2.2203469947570738 9.209236809444519E-4
represented 6.221484861053505E-4 0.8881198549074587 5.52542423210779E-4
let 4.1476565740356696E-4 1.9459101490553132 8.070967022212E-4
state 6.221484861053505E-4 1.0376515888784226 6.455733651255221E-4
defined 2.0738282870178348E-4 0.5300569856938783 1.0992471706633726E-4
fully 4.1476565740356696E-4 1.2729656758128876 5.279824453807082E-4
element 2.0738282870178348E-4 1.8325814637483102 3.8004592777857946E-4
models 0.014102032351721278 0.7953381214564925 0.011215883919336684
using 0.0035255080879303194 0.083381608939051 2.939625366992673E-4
abundant 2.0738282870178348E-4 2.7668907011251433 5.738056203079932E-4
rietzler 2.0738282870178348E-4 5.1647859739235145 0.0010710879249115541
each 0.0022812111157196184 0.13434805253107854 3.064762708091796E-4
labels 2.0738282870178348E-4 1.8689491079191851 3.8758795269995544E-4
input 0.0010369141435089175 1.0216512475319812 0.0010593646282994415
pooling 2.0738282870178348E-4 3.373026504695459 6.995077778298339E-4
devlin 6.221484861053505E-4 3.7784916128036232 0.0023507828366675382
comparisons 2.0738282870178348E-4 1.9867321435755685 4.120141318074592E-4
difference 0.0010369141435089175 0.6004377824556778 6.226024289254229E-4
increased 4.1476565740356696E-4 0.4919571394616079 2.040469263631721E-4
another 4.1476565740356696E-4 0.40261203912575794 1.669896470865856E-4
recommend 4.1476565740356696E-4 2.392197251683733 9.922012657336097E-4
networks 2.0738282870178348E-4 1.4759065198095778 3.0607766897751507E-4
two 0.007880547490667772 0.11492996667397702 9.057110604751403E-4
increases 4.1476565740356696E-4 1.1394342831883648 4.7259820953478424E-4
found 8.295313148071339E-4 0.27443684570176036 2.276539574465038E-4
are 0.007051016175860639 0.028987536873252187 2.043915913916579E-4
scenario 2.0738282870178348E-4 2.456735772821304 5.094848139405441E-4
does 2.0738282870178348E-4 0.5696661237889241 1.1813897216692743E-4
reported 2.0738282870178348E-4 0.5300569856938783 1.0992471706633726E-4
structured 2.0738282870178348E-4 1.3805963400052528 2.863119742856186E-4
where 0.0026959767731231854 0.32850406697203605 8.856393344331125E-4
attribute 2.0738282870178348E-4 2.6798793241355137 5.557609548186465E-4
broader 2.0738282870178348E-4 2.331572629867298 4.8352812730553666E-4
pires 2.0738282870178348E-4 4.471638793363569 9.273411019003668E-4
popular 2.0738282870178348E-4 1.252762968495368 2.598015280994127E-4
gives 6.221484861053505E-4 1.3146383722134554 8.179002730486036E-4
latest 6.221484861053505E-4 2.2744142160273495 0.001415023361277903
detection 0.0026959767731231854 1.5271998141971284 0.004117295226993502
languages 0.012857735379510576 1.6990500711237875 0.021845936211048283
lacking 2.0738282870178348E-4 2.331572629867298 4.8352812730553666E-4
combining 0.0014516798009124845 1.6682784124570338 0.0024218060736622225
summarized 2.0738282870178348E-4 1.4271163556401458 2.959594267192339E-4
services 4.1476565740356696E-4 1.6682784124570338 6.919445924749207E-4
describes 2.0738282870178348E-4 1.5012243277938677 3.113281476138257E-4
such 0.002903359601824969 0.10219094089654716 2.9669704947151815E-4
nlp 0.002073828287017835 0.41119578281714936 8.527494459086466E-4
speech 4.1476565740356696E-4 2.120263536200091 8.794124994608424E-4
metric 2.0738282870178348E-4 2.331572629867298 4.8352812730553666E-4
relations 2.0738282870178348E-4 1.906689435902032 3.954146486731713E-4
dataset 6.221484861053505E-4 1.2729656758128876 7.919736680710624E-4
through 2.0738282870178348E-4 0.2595111954850846 5.3818165799478346E-5
semeval 0.001244296972210701 4.0661736852554045 0.005059527605046128
source 0.009124844462878473 0.9452782687474074 0.00862551717645913
research 0.001244296972210701 0.41119578281714936 5.116496675451879E-4
lin 2.0738282870178348E-4 3.373026504695459 6.995077778298339E-4
features 2.0738282870178348E-4 0.8340526336371831 1.729681944498513E-4
view 2.0738282870178348E-4 1.4035858582299516 2.9107960560554783E-4
late 2.0738282870178348E-4 1.9867321435755685 4.120141318074592E-4
hao 0.0037328909166321027 5.1647859739235145 0.019279582648407977
bias 2.0738282870178348E-4 1.5271998141971284 3.167150174610386E-4
has 0.002073828287017835 0.05279818556697083 1.0949437073200089E-4
results 0.010576524263790958 0.08961215868968714 9.477851707121618E-4
recurrent 2.0738282870178348E-4 1.9867321435755685 4.120141318074592E-4
given 8.295313148071339E-4 0.3526016185510966 2.924940842398147E-4
last 4.1476565740356696E-4 0.7703368192510752 3.1950925725884497E-4
might 6.221484861053505E-4 0.7339691750802005 4.566378111241397E-4
adapt 2.0738282870178348E-4 2.392197251683733 4.961006328668048E-4
batch 2.0738282870178348E-4 2.8622008809294686 5.935713149998898E-4
weight 8.295313148071339E-4 1.3361445774344192 0.0011083737680915961
significant 4.1476565740356696E-4 0.377294231141468 1.5648868981396431E-4
develop 2.0738282870178348E-4 1.157452788691043 2.4003583340751616E-4
bold 4.1476565740356696E-4 3.373026504695459 0.0013990155556596678
expressions 4.1476565740356696E-4 1.8689491079191851 7.751759053999109E-4
worse 2.0738282870178348E-4 1.6094379124341003 3.33769786900477E-4
improving 2.0738282870178348E-4 1.3361445774344192 2.7709344202289903E-4
leads 4.1476565740356696E-4 1.1758019273592397 4.8768225937753613E-4
overall 8.295313148071339E-4 0.7339691750802005 6.088504148321863E-4
fields 2.0738282870178348E-4 1.4759065198095778 3.0607766897751507E-4
correlated 2.0738282870178348E-4 1.9867321435755685 4.120141318074592E-4
parameters 6.221484861053505E-4 1.2135422553420867 7.55003476985952E-4
full 0.0022812111157196184 0.14750613710858965 3.3649263960897676E-4
benefits 2.0738282870178348E-4 1.6384254493073527 3.3978130429434937E-4
next 2.0738282870178348E-4 0.8080771472339223 1.6758132460263837E-4
hidden 8.295313148071339E-4 1.730798769438368 0.0014357517788787788
distance 6.221484861053505E-4 1.4271163556401458 8.878782801577018E-4
attract 2.0738282870178348E-4 3.5553480614894135 7.37318138011077E-4
classes 2.0738282870178348E-4 1.7635885922613586 3.657379909293568E-4
show 6.221484861053505E-4 0.6321864807702582 3.933138619474854E-4
quoc 0.0037328909166321027 5.1647859739235145 0.019279582648407977
treebanks 2.0738282870178348E-4 4.471638793363569 9.273411019003668E-4
conclusion 2.0738282870178348E-4 0.653926467406664 1.356131205737586E-4
not 0.0022812111157196184 0.03488725900044054 7.958520302879426E-5
negative 6.221484861053505E-4 0.6429973968744738 4.000398570351351E-4
early 2.0738282870178348E-4 0.8340526336371831 1.729681944498513E-4
enhance 2.0738282870178348E-4 1.6990500711237875 3.5235380985561743E-4
overview 4.1476565740356696E-4 1.4271163556401458 5.919188534384678E-4
wan 2.0738282870178348E-4 3.5553480614894135 7.37318138011077E-4
detects 2.0738282870178348E-4 3.373026504695459 6.995077778298339E-4
pair 0.0010369141435089175 1.9867321435755685 0.0020600706590372963
target 0.008502695976773124 1.0704414117014134 0.00910163788464495
ensured 2.0738282870178348E-4 2.5998366164619773 5.391614716843586E-4
refer 2.0738282870178348E-4 1.6682784124570338 3.4597229623746034E-4
sigmoid 4.1476565740356696E-4 3.373026504695459 0.0013990155556596678
time 2.0738282870178348E-4 0.20194134366360675 4.187916708079775E-5
contextual 6.221484861053505E-4 1.906689435902032 0.001186243946019514
play 2.0738282870178348E-4 1.2729656758128876 2.639912226903541E-4
stratification 2.0738282870178348E-4 3.5553480614894135 7.37318138011077E-4
quickly 2.0738282870178348E-4 2.0292917579943643 4.2084026503408633E-4
experimental 0.004562422231439237 1.4512139072192063 0.006621050592870705
when 8.295313148071339E-4 0.14750613710858965 1.2236095985780973E-4
three 0.0014516798009124845 0.22314355131420976 3.2393298614671683E-4
greater 2.0738282870178348E-4 0.8743265327751228 1.813203095759276E-4
plan 2.0738282870178348E-4 2.120263536200091 4.397062497304212E-4
case 4.1476565740356696E-4 0.38566248081198473 1.5995955238987336E-4
russian 0.0010369141435089175 3.7784916128036232 0.003917971394445897
depends 2.0738282870178348E-4 1.6682784124570338 3.4597229623746034E-4
probability 0.0010369141435089175 1.4271163556401458 0.0014797971335961696
conclusions 2.0738282870178348E-4 1.0872485300177945 2.2547667565694617E-4
provide 6.221484861053505E-4 0.44628710262841953 2.776568452686144E-4
utilize 4.1476565740356696E-4 2.0292917579943643 8.416805300681727E-4
valuable 2.0738282870178348E-4 1.730798769438368 3.589379447196947E-4
requires 6.221484861053505E-4 0.8881198549074587 5.52542423210779E-4
primary 2.0738282870178348E-4 0.9306794693262548 1.9300694096355346E-4
implicit 2.0738282870178348E-4 2.6798793241355137 5.557609548186465E-4
study 0.001244296972210701 0.15415067982725836 1.9180922417327877E-4
log 6.221484861053505E-4 1.9459101490553132 0.0012106450533318001
joshi 2.0738282870178348E-4 5.1647859739235145 0.0010710879249115541
methods 4.1476565740356696E-4 0.20194134366360675 8.37583341615955E-5
sentences 2.0738282870178348E-4 1.5812670354674039 3.279276307481136E-4
adamw 2.0738282870178348E-4 5.1647859739235145 0.0010710879249115541
confirmed 2.0738282870178348E-4 1.252762968495368 2.598015280994127E-4
layer 6.221484861053505E-4 1.6990500711237875 0.0010570614295668526
lot 6.221484861053505E-4 2.073743520565198 0.0012901763918904178
linguistic 0.0010369141435089175 1.79749014393704 0.0018638429530661968
modern 2.0738282870178348E-4 2.0292917579943643 4.2084026503408633E-4
consult 2.0738282870178348E-4 3.5553480614894135 7.37318138011077E-4
categories 0.0022812111157196184 1.0216512475319812 0.0023306021822587708
embedding 0.0010369141435089175 1.9867321435755685 0.0020600706590372963
minimizing 2.0738282870178348E-4 2.8622008809294686 5.935713149998898E-4
architecture 0.002903359601824969 1.79749014393704 0.005218760268585351
means 4.1476565740356696E-4 0.6988778552689304 2.8987053308541285E-4
explore 0.001244296972210701 1.2329603411991883 0.001534168819410023
more 0.0014516798009124845 0.05279818556697083 7.664605951240063E-5
analysing 2.0738282870178348E-4 2.2203469947570738 4.6046184047222595E-4
display 0.0016590626296142678 0.167573700159399 2.780152636406454E-4
csvdisplay 0.002073828287017835 0.2669461739726028 5.536005266955678E-4
great 2.0738282870178348E-4 1.3361445774344192 2.7709344202289903E-4
grid 2.0738282870178348E-4 2.6798793241355137 5.557609548186465E-4
summarize 4.1476565740356696E-4 2.6798793241355137 0.001111521909637293
levels 4.1476565740356696E-4 0.9452782687474074 3.920689625663241E-4
statistics 2.0738282870178348E-4 1.5538680612792897 3.222455539774553E-4
fed 2.0738282870178348E-4 1.9867321435755685 4.120141318074592E-4
before 4.1476565740356696E-4 0.5203950747821414 2.1584200530159328E-4
section 0.0016590626296142678 0.7953381214564925 0.0013195157552160805
used 0.0014516798009124845 0.07103577311675174 1.031211969757906E-4
influence 4.1476565740356696E-4 0.9306794693262548 3.860138819271069E-4
shows 0.0014516798009124845 0.5596157879354227 8.123829356175775E-4
major 2.0738282870178348E-4 0.7104386776700063 1.4733278259436048E-4
shown 0.0022812111157196184 0.3364722366212129 7.675642063113525E-4
answering 2.0738282870178348E-4 2.169053700369523 4.498244919887024E-4
presented 0.0022812111157196184 0.4373981552111735 9.97797533662984E-4
worldwide 4.1476565740356696E-4 2.7668907011251433 0.0011476112406159863
feasible 2.0738282870178348E-4 2.331572629867298 4.8352812730553666E-4
consider 4.1476565740356696E-4 0.8080771472339223 3.3516264920527674E-4
potential 2.0738282870178348E-4 0.44628710262841953 9.25522817562048E-5
described 2.0738282870178348E-4 0.44628710262841953 9.25522817562048E-5
combination 0.002488593944421402 0.758066726659261 0.0018865202654315912
group 6.221484861053505E-4 0.6321864807702582 3.933138619474854E-4
obtain 4.1476565740356696E-4 1.0872485300177945 4.5095335131389234E-4
manually 2.0738282870178348E-4 1.4512139072192063 3.0095684513048654E-4
both 0.002073828287017835 0.13434805253107854 2.786147916447087E-4
produced 4.1476565740356696E-4 1.3581234841531944 5.633029797400225E-4
most 0.002073828287017835 0.0771896386911299 1.6007805618235152E-4
important 8.295313148071339E-4 0.2669461739726028 2.214402106782271E-4
vectors 2.0738282870178348E-4 1.79749014393704 3.727685906132393E-4
transfer 0.0031107424305267524 1.906689435902032 0.00593121973009757
slavic 2.0738282870178348E-4 3.7784916128036232 7.835942788891794E-4
hung 0.0037328909166321027 4.471638793363569 0.0166921398342066
effect 2.0738282870178348E-4 0.758066726659261 1.5721002211929925E-4
produces 2.0738282870178348E-4 2.073743520565198 4.3005879729680587E-4
limitation 4.1476565740356696E-4 1.4035858582299516 5.821592112110957E-4
classify 2.0738282870178348E-4 1.5271998141971284 3.167150174610386E-4
relied 2.0738282870178348E-4 2.5998366164619773 5.391614716843586E-4
values 2.0738282870178348E-4 0.5900749954201312 1.2237142169641875E-4
part 4.1476565740356696E-4 0.5496654570822546 2.2798235465875343E-4
their 0.0016590626296142678 0.12136085700426753 2.0134526255374122E-4
point 2.0738282870178348E-4 0.7703368192510752 1.5975462862942249E-4
tend 2.0738282870178348E-4 1.4759065198095778 3.0607766897751507E-4
parallel 2.0738282870178348E-4 1.6990500711237875 3.5235380985561743E-4
mentioned 8.295313148071339E-4 1.0376515888784226 8.607644868340294E-4
dimension 2.0738282870178348E-4 1.8689491079191851 3.8758795269995544E-4
introduction 2.0738282870178348E-4 0.10219094089654716 2.119264639082272E-5
applying 4.1476565740356696E-4 1.1758019273592397 4.8768225937753613E-4
padding 2.0738282870178348E-4 5.1647859739235145 0.0010710879249115541
amount 0.0016590626296142678 1.121734706088964 0.0018610281312135444
process 2.0738282870178348E-4 0.5013468798114469 1.0397073409611092E-4
pamungkas 4.1476565740356696E-4 5.1647859739235145 0.0021421758498231082
also 0.0018664454583160513 0.05279818556697083 9.85449336588008E-5
approaches 0.0010369141435089175 0.9021060968821986 9.354065708027775E-4
enough 2.0738282870178348E-4 1.4512139072192063 3.0095684513048654E-4
increase 4.1476565740356696E-4 0.5013468798114469 2.0794146819222184E-4
outperforms 2.0738282870178348E-4 2.5257286443082556 5.237927507897668E-4
build 4.1476565740356696E-4 1.5271998141971284 6.334300349220772E-4
various 0.002073828287017835 0.5798184952529422 0.0012024439967916677
organizations 4.1476565740356696E-4 2.5998366164619773 0.0010783229433687172
attention 6.221484861053505E-4 1.157452788691043 7.201075002225486E-4
further 2.0738282870178348E-4 0.27443684570176036 5.691348936162595E-5
methodology 6.221484861053505E-4 1.3361445774344192 8.312803260686972E-4
customer 2.0738282870178348E-4 2.5257286443082556 5.237927507897668E-4
been 0.0018664454583160513 0.05279818556697083 9.85449336588008E-5
mixing 2.0738282870178348E-4 3.0853444322436783 6.398474558779922E-4
extracted 2.0738282870178348E-4 1.0704414117014134 2.219911679181695E-4
der 4.1476565740356696E-4 2.9675613965872945 0.0012308425535409765
evaluation 0.0014516798009124845 0.7953381214564925 0.0011545762858140706
phan 4.1476565740356696E-4 5.1647859739235145 0.0021421758498231082
diverse 2.0738282870178348E-4 1.7635885922613586 3.657379909293568E-4
evaluated 4.1476565740356696E-4 0.9600933545325481 3.982137513614882E-4
investigated 6.221484861053505E-4 1.3581234841531944 8.449544696100339E-4
knowledge 0.0016590626296142678 0.8080771472339223 0.001340650596821107
unsupervised 2.0738282870178348E-4 2.0292917579943643 4.2084026503408633E-4
domain 4.1476565740356696E-4 1.1944940603713923 4.954351142145966E-4
intermediate 2.0738282870178348E-4 2.2203469947570738 4.6046184047222595E-4
ammar 2.0738282870178348E-4 4.471638793363569 9.273411019003668E-4
assigned 2.0738282870178348E-4 1.3805963400052528 2.863119742856186E-4
simultaneously 2.0738282870178348E-4 2.169053700369523 4.498244919887024E-4
evaluating 2.0738282870178348E-4 1.4512139072192063 3.0095684513048654E-4
greatly 2.0738282870178348E-4 2.2203469947570738 4.6046184047222595E-4
deal 2.0738282870178348E-4 1.8689491079191851 3.8758795269995544E-4
compare 6.221484861053505E-4 0.9306794693262548 5.790208228906604E-4
affect 4.1476565740356696E-4 0.990398704027877 4.107833695677631E-4
cimiano 4.1476565740356696E-4 5.1647859739235145 0.0021421758498231082
how 2.0738282870178348E-4 0.5496654570822546 1.1399117732937671E-4
proved 2.0738282870178348E-4 1.9459101490553132 4.035483511106E-4
see 6.221484861053505E-4 1.0376515888784226 6.455733651255221E-4
unlike 2.0738282870178348E-4 1.6682784124570338 3.4597229623746034E-4
term 4.1476565740356696E-4 1.1944940603713923 4.954351142145966E-4
indicate 4.1476565740356696E-4 1.0704414117014134 4.43982335836339E-4
customers 2.0738282870178348E-4 2.7668907011251433 5.738056203079932E-4
compared 0.001244296972210701 0.2669461739726028 3.321603160173407E-4
set 0.0033181252592285357 0.5596157879354227 0.0018568752814116056
business 6.221484861053505E-4 2.073743520565198 0.0012901763918904178
words 2.0738282870178348E-4 0.9751312318970885 2.02225473226273E-4
column 2.0738282870178348E-4 2.6798793241355137 5.557609548186465E-4
possible 4.1476565740356696E-4 0.38566248081198473 1.5995955238987336E-4
food 2.0738282870178348E-4 2.2203469947570738 4.6046184047222595E-4
compares 4.1476565740356696E-4 2.2744142160273495 9.433489075186019E-4
recreate 2.0738282870178348E-4 5.1647859739235145 0.0010710879249115541
advantages 2.0738282870178348E-4 1.6094379124341003 3.33769786900477E-4
answer 2.0738282870178348E-4 1.79749014393704 3.727685906132393E-4
phenomena 2.0738282870178348E-4 2.169053700369523 4.498244919887024E-4
did 2.0738282870178348E-4 0.5108256237659907 1.0593646282994415E-4
represent 8.295313148071339E-4 0.8209805520698303 6.810290767895731E-4
performs 2.0738282870178348E-4 1.906689435902032 3.954146486731713E-4
transferred 4.1476565740356696E-4 2.392197251683733 9.922012657336097E-4
added 4.1476565740356696E-4 1.1758019273592397 4.8768225937753613E-4
corpus 6.221484861053505E-4 1.6094379124341003 0.001001309360701431
language 0.02613023641642472 0.6988778552689304 0.01826184358438101
observe 6.221484861053505E-4 1.9459101490553132 0.0012106450533318001
correctly 2.0738282870178348E-4 2.0292917579943643 4.2084026503408633E-4
brings 4.1476565740356696E-4 2.5998366164619773 0.0010783229433687172
train 0.0014516798009124845 1.9867321435755685 0.002884098922652215
computational 4.1476565740356696E-4 1.3146383722134554 5.45266848699069E-4
which 0.0035255080879303194 0.023122417420854212 8.151826962972244E-5
static 2.0738282870178348E-4 2.331572629867298 4.8352812730553666E-4
test 6.221484861053505E-4 0.7104386776700063 4.4199834778308155E-4
monolingual 0.0026959767731231854 3.373026504695459 0.009093601111787841
diversify 2.0738282870178348E-4 5.1647859739235145 0.0010710879249115541
graph 4.1476565740356696E-4 2.169053700369523 8.996489839774048E-4
contradictory 2.0738282870178348E-4 3.5553480614894135 7.37318138011077E-4
take 6.221484861053505E-4 0.8743265327751228 5.439609287277828E-4
beneficial 8.295313148071339E-4 1.9459101490553132 0.0016141934044424
final 6.221484861053505E-4 0.6988778552689304 4.3480579962811933E-4
tackle 4.1476565740356696E-4 2.6798793241355137 0.001111521909637293
helps 2.0738282870178348E-4 1.6682784124570338 3.4597229623746034E-4
some 2.0738282870178348E-4 0.2160260835453457 4.480010027900159E-5
deep 8.295313148071339E-4 1.4271163556401458 0.0011838377068769355
trained 0.004977187888842804 1.3805963400052528 0.006871487382854847
beginning 2.0738282870178348E-4 1.6990500711237875 3.5235380985561743E-4
optimized 8.295313148071339E-4 2.5998366164619773 0.0021566458867374344
additional 2.0738282870178348E-4 0.5300569856938783 1.0992471706633726E-4
for 0.032973869763583574 0.017291497110061043 5.701675737245346E-4
training 0.020323517212774783 1.0059028905638423 0.02044348471075416
states 2.0738282870178348E-4 1.293584963015623 2.682673087962719E-4
random 4.1476565740356696E-4 1.2329603411991883 5.113896064700076E-4
transferring 4.1476565740356696E-4 3.7784916128036232 0.0015671885577783588
related 6.221484861053505E-4 0.27443684570176036 1.707404680848779E-4
optimizer 2.0738282870178348E-4 3.2188758248682006 6.67539573800954E-4
ignore 2.0738282870178348E-4 2.5257286443082556 5.237927507897668E-4
unfair 2.0738282870178348E-4 3.5553480614894135 7.37318138011077E-4
human 2.0738282870178348E-4 0.9162907318741551 1.9002296388928973E-4
just 4.1476565740356696E-4 1.3146383722134554 5.45266848699069E-4
class 4.1476565740356696E-4 1.3805963400052528 5.726239485712372E-4
notice 2.0738282870178348E-4 2.6798793241355137 5.557609548186465E-4
over 4.1476565740356696E-4 0.3364722366212129 1.395571284202459E-4
spanish 0.0014516798009124845 3.2188758248682006 0.004672777016606679
length 0.0010369141435089175 1.2329603411991883 0.0012784740161750192
affects 2.0738282870178348E-4 1.5012243277938677 3.113281476138257E-4
jebbara 4.1476565740356696E-4 5.1647859739235145 0.0021421758498231082
approximately 2.0738282870178348E-4 0.9452782687474074 1.9603448128316205E-4
although 2.0738282870178348E-4 0.4285875255290187 8.888169339050573E-5
nooralahzadeh 4.1476565740356696E-4 5.1647859739235145 0.0021421758498231082
significantly 2.0738282870178348E-4 0.5900749954201312 1.2237142169641875E-4
comprehensive 6.221484861053505E-4 1.3805963400052528 8.589359228568558E-4
presents 0.0010369141435089175 1.1394342831883648 0.0011814955238369606
assign 2.0738282870178348E-4 1.9459101490553132 4.035483511106E-4
explain 2.0738282870178348E-4 1.4759065198095778 3.0607766897751507E-4
very 2.0738282870178348E-4 0.5596157879354227 1.1605470508822535E-4
select 4.1476565740356696E-4 1.8325814637483102 7.600918555571589E-4
improves 6.221484861053505E-4 2.2203469947570738 0.001381385521416678
recommendation 2.0738282870178348E-4 2.5998366164619773 5.391614716843586E-4
output 0.0016590626296142678 1.1944940603713923 0.0019817404568583863
tables 4.1476565740356696E-4 1.8689491079191851 7.751759053999109E-4
four 4.1476565740356696E-4 0.4643056081310978 1.9257802079265771E-4
context 4.1476565740356696E-4 0.9162907318741551 3.8004592777857946E-4
model 0.013687266694317711 0.48265474679929443 0.006606224240720331
text 2.0738282870178348E-4 0.8607208807193443 1.7849873096626798E-4
tasks 0.0033181252592285357 1.293584963015623 0.0042922769407403505
validation 2.0738282870178348E-4 1.8325814637483102 3.8004592777857946E-4
french 0.001244296972210701 3.2188758248682006 0.004005237442805724
sentence 0.0018664454583160513 1.6094379124341003 0.0030039280821042933
song 2.0738282870178348E-4 3.7784916128036232 7.835942788891794E-4
large 0.0016590626296142678 0.34450440831847723 5.715543895785603E-4
researchers 4.1476565740356696E-4 1.1043429633770947 4.5804353520410395E-4
lingual 2.0738282870178348E-4 4.471638793363569 9.273411019003668E-4
lower 4.1476565740356696E-4 0.5300569856938783 2.1984943413267451E-4
being 2.0738282870178348E-4 0.48265474679929443 1.0009430667758076E-4
classification 0.0035255080879303194 0.9751312318970885 0.0034378330448466415
traditional 2.0738282870178348E-4 1.1758019273592397 2.4384112968876806E-4
field 6.221484861053505E-4 0.8472978603872037 5.271450811202014E-4
explored 4.1476565740356696E-4 1.5538680612792897 6.444911079549106E-4
attracted 2.0738282870178348E-4 2.8622008809294686 5.935713149998898E-4
contrast 2.0738282870178348E-4 1.5538680612792897 3.222455539774553E-4
hindi 2.0738282870178348E-4 3.7784916128036232 7.835942788891794E-4
gave 2.0738282870178348E-4 2.073743520565198 4.3005879729680587E-4
tuples 2.0738282870178348E-4 4.471638793363569 9.273411019003668E-4
evaluate 0.0010369141435089175 0.758066726659261 7.860501105964963E-4
become 2.0738282870178348E-4 0.8607208807193443 1.7849873096626798E-4
encoded 2.0738282870178348E-4 2.456735772821304 5.094848139405441E-4
semantic 2.0738282870178348E-4 1.4512139072192063 3.0095684513048654E-4
longest 2.0738282870178348E-4 3.0853444322436783 6.398474558779922E-4
works 2.0738282870178348E-4 1.3805963400052528 2.863119742856186E-4
focuses 2.0738282870178348E-4 1.5538680612792897 3.222455539774553E-4
products 4.1476565740356696E-4 1.9867321435755685 8.240282636149184E-4
entropy 2.0738282870178348E-4 3.5553480614894135 7.37318138011077E-4
library 2.0738282870178348E-4 1.79749014393704 3.727685906132393E-4
dependence 2.0738282870178348E-4 2.5998366164619773 5.391614716843586E-4
ability 4.1476565740356696E-4 0.8881198549074587 3.683616154738526E-4
table 0.0060141020323517215 0.18805223150293962 0.0011309653076701056
convolutional 2.0738282870178348E-4 2.5998366164619773 5.391614716843586E-4
may 4.1476565740356696E-4 0.15415067982725836 6.393640805775959E-5
max 2.0738282870178348E-4 2.169053700369523 4.498244919887024E-4
could 6.221484861053505E-4 0.22314355131420976 1.388284226343072E-4
topics 2.0738282870178348E-4 1.6384254493073527 3.3978130429434937E-4
restaurant 4.1476565740356696E-4 3.373026504695459 0.0013990155556596678
positive 6.221484861053505E-4 0.6988778552689304 4.3480579962811933E-4
computation 2.0738282870178348E-4 2.5257286443082556 5.237927507897668E-4
exploring 0.003940273745333886 2.169053700369523 0.008546665347785346
machine 2.0738282870178348E-4 1.0872485300177945 2.2547667565694617E-4
able 4.1476565740356696E-4 0.7703368192510752 3.1950925725884497E-4
improvements 6.221484861053505E-4 1.6990500711237875 0.0010570614295668526
use 0.0016590626296142678 0.20895891632225325 3.4667592919494523E-4
several 0.001244296972210701 0.3526016185510966 4.387411263597221E-4
recognition 6.221484861053505E-4 1.6384254493073527 0.0010193439128830483
main 8.295313148071339E-4 0.6004377824556778 4.980819431403382E-4
while 0.0016590626296142678 0.20895891632225325 3.4667592919494523E-4
that 0.011198672749896308 0.017291497110061043 1.9364181749135137E-4
download 0.002073828287017835 0.2595111954850846 5.381816579947835E-4
high 2.0738282870178348E-4 0.2521310881874621 5.228765827197472E-5
split 2.0738282870178348E-4 1.6384254493073527 3.3978130429434937E-4
find 2.0738282870178348E-4 0.9306794693262548 1.9300694096355346E-4
than 0.0031107424305267524 0.058840500022933395 1.8303764005474926E-4
sufficient 2.0738282870178348E-4 1.5012243277938677 3.113281476138257E-4
different 0.00414765657403567 0.18805223150293962 7.799760742552452E-4
directly 2.0738282870178348E-4 0.7703368192510752 1.5975462862942249E-4
calculated 2.0738282870178348E-4 0.9021060968821986 1.8708131416055547E-4
selected 4.1476565740356696E-4 0.758066726659261 3.144200442385985E-4
combine 6.221484861053505E-4 1.8689491079191851 0.0011627638580998664
author 6.221484861053505E-4 2.0292917579943643 0.001262520795102259
difficult 2.0738282870178348E-4 0.7703368192510752 1.5975462862942249E-4
steps 2.0738282870178348E-4 1.3146383722134554 2.726334243495345E-4
labelled 6.221484861053505E-4 2.120263536200091 0.0013191187491912637
feed 2.0738282870178348E-4 2.5998366164619773 5.391614716843586E-4
task 0.00414765657403567 1.2329603411991883 0.005113896064700077
focused 2.0738282870178348E-4 1.0704414117014134 2.219911679181695E-4
prediction 4.1476565740356696E-4 1.6384254493073527 6.795626085886987E-4
true 4.1476565740356696E-4 1.1394342831883648 4.7259820953478424E-4
survey 4.1476565740356696E-4 1.5812670354674039 6.558552614962272E-4
present 6.221484861053505E-4 0.38566248081198473 2.399393285848101E-4
termed 2.0738282870178348E-4 3.2188758248682006 6.67539573800954E-4
sentiment 0.0076731646619659895 1.906689435902032 0.01463034200090734
polarities 4.1476565740356696E-4 3.7784916128036232 0.0015671885577783588
belong 2.0738282870178348E-4 2.2203469947570738 4.6046184047222595E-4
scores 0.0022812111157196184 1.6094379124341003 0.0036714676559052475
transformer 0.002073828287017835 2.7668907011251433 0.005738056203079932
best 0.0031107424305267524 0.6988778552689304 0.0021740289981405964
sentiments 2.0738282870178348E-4 2.456735772821304 5.094848139405441E-4
investigate 6.221484861053505E-4 0.9600933545325481 5.973206270422323E-4
total 2.0738282870178348E-4 0.5108256237659907 1.0593646282994415E-4
auxiliary 2.0738282870178348E-4 2.6798793241355137 5.557609548186465E-4
transformed 2.0738282870178348E-4 1.8325814637483102 3.8004592777857946E-4
make 2.0738282870178348E-4 0.664976303593249 1.379046668588239E-4
combing 2.0738282870178348E-4 4.471638793363569 9.273411019003668E-4
pretty 2.0738282870178348E-4 3.7784916128036232 7.835942788891794E-4
plays 2.0738282870178348E-4 1.79749014393704 3.727685906132393E-4
social 2.0738282870178348E-4 1.0704414117014134 2.219911679181695E-4
interesting 4.1476565740356696E-4 1.6682784124570338 6.919445924749207E-4
cross 4.1476565740356696E-4 2.7668907011251433 0.0011476112406159863
relying 2.0738282870178348E-4 2.5257286443082556 5.237927507897668E-4
impressive 2.0738282870178348E-4 3.0853444322436783 6.398474558779922E-4
bert 0.00414765657403567 2.392197251683733 0.009922012657336098
compound 6.221484861053505E-4 2.5998366164619773 0.0016174844150530759
surveyed 2.0738282870178348E-4 3.0853444322436783 6.398474558779922E-4
concerning 2.0738282870178348E-4 2.0292917579943643 4.2084026503408633E-4
due 4.1476565740356696E-4 0.20895891632225325 8.666898229873631E-5
sota 4.1476565740356696E-4 5.1647859739235145 0.0021421758498231082
diagonal 2.0738282870178348E-4 3.5553480614894135 7.37318138011077E-4
architectures 2.0738282870178348E-4 2.7668907011251433 5.738056203079932E-4
absa 0.005391953546246371 5.1647859739235145 0.02784828604770041
depend 2.0738282870178348E-4 1.7635885922613586 3.657379909293568E-4
about 4.1476565740356696E-4 0.377294231141468 1.5648868981396431E-4
parsing 2.0738282870178348E-4 2.6798793241355137 5.557609548186465E-4
objective 2.0738282870178348E-4 1.1944940603713923 2.477175571072983E-4
observed 4.1476565740356696E-4 0.6988778552689304 2.8987053308541285E-4
sizes 6.221484861053505E-4 2.331572629867298 0.00145058438191661
above 4.1476565740356696E-4 0.9021060968821986 3.7416262832111095E-4
corpora 2.0738282870178348E-4 2.2744142160273495 4.7167445375930096E-4
recent 0.0010369141435089175 0.5596157879354227 5.802735254411268E-4
they 0.0010369141435089175 0.167573700159399 1.7375953977540338E-4
released 2.0738282870178348E-4 2.2203469947570738 4.6046184047222595E-4
based 0.00953961012028204 0.18805223150293962 0.0017939449707870638
them 4.1476565740356696E-4 0.5696661237889241 2.3627794433385486E-4
then 8.295313148071339E-4 0.4285875255290187 3.555267735620229E-4
benefit 4.1476565740356696E-4 1.293584963015623 5.365346175925438E-4
highest 0.0010369141435089175 1.0872485300177945 0.001127383378284731
stopping 2.0738282870178348E-4 3.2188758248682006 6.67539573800954E-4
processing 6.221484861053505E-4 0.7221347174331975 4.492750212151789E-4
except 6.221484861053505E-4 1.3805963400052528 8.589359228568558E-4
conditions 2.0738282870178348E-4 1.0376515888784226 2.1519112170850736E-4
fasttext 2.0738282870178348E-4 2.9675613965872945 6.154212767704883E-4
examine 4.1476565740356696E-4 1.4512139072192063 6.019136902609731E-4
experiments 0.002903359601824969 1.5812670354674039 0.004590986830473591
sum 2.0738282870178348E-4 1.8689491079191851 3.8758795269995544E-4
sun 4.1476565740356696E-4 3.5553480614894135 0.001474636276022154
seen 6.221484861053505E-4 0.8472978603872037 5.271450811202014E-4
softmax 4.1476565740356696E-4 2.6798793241355137 0.001111521909637293
into 6.221484861053505E-4 0.10854016857520597 6.752810156068393E-5
current 2.0738282870178348E-4 0.4919571394616079 1.0202346318158604E-4
variety 2.0738282870178348E-4 1.0872485300177945 2.2547667565694617E-4
vector 0.0010369141435089175 1.3146383722134554 0.0013631671217476727
relationship 2.0738282870178348E-4 0.9162907318741551 1.9002296388928973E-4
strategies 0.003940273745333886 1.4271163556401458 0.005623229107665444
one 0.0010369141435089175 0.06491954609931569 6.731599554055962E-5
denotes 8.295313148071339E-4 2.073743520565198 0.0017202351891872235
many 0.0016590626296142678 0.20194134366360675 3.35033336646382E-4
closer 2.0738282870178348E-4 1.6990500711237875 3.5235380985561743E-4
single 2.0738282870178348E-4 0.6429973968744738 1.333466190117117E-4
connected 4.1476565740356696E-4 1.4512139072192063 6.019136902609731E-4
pretrained 4.1476565740356696E-4 3.373026504695459 0.0013990155556596678
lstm 2.0738282870178348E-4 2.456735772821304 5.094848139405441E-4
extensive 8.295313148071339E-4 1.5271998141971284 0.0012668600698441544
face 2.0738282870178348E-4 2.2203469947570738 4.6046184047222595E-4
texts 2.0738282870178348E-4 1.4512139072192063 3.0095684513048654E-4
associated 4.1476565740356696E-4 0.4373981552111735 1.814177333932698E-4
showed 0.0014516798009124845 0.5398131606392429 7.836358615667152E-4
operation 2.0738282870178348E-4 2.0292917579943643 4.2084026503408633E-4
ratio 2.0738282870178348E-4 1.1758019273592397 2.4384112968876806E-4
but 6.221484861053505E-4 0.083381608939051 5.187574177045894E-5
embeddings 2.0738282870178348E-4 2.2203469947570738 4.6046184047222595E-4
joint 0.012857735379510576 1.906689435902032 0.02451570821773662
conditional 2.0738282870178348E-4 2.120263536200091 4.397062497304212E-4
available 8.295313148071339E-4 0.5696661237889241 4.725558886677097E-4
pairs 0.001244296972210701 2.120263536200091 0.0026382374983825274
zero 2.0738282870178348E-4 2.073743520565198 4.3005879729680587E-4
aharoni 2.0738282870178348E-4 5.1647859739235145 0.0010710879249115541
five 0.0026959767731231854 0.9021060968821986 0.002432057084087221
generate 2.0738282870178348E-4 1.3361445774344192 2.7709344202289903E-4
hoang 2.0738282870178348E-4 4.0661736852554045 8.432546008410212E-4
this 0.010991289921194525 0.017291497110061043 1.9005585790817818E-4
iterative 2.0738282870178348E-4 2.169053700369523 4.498244919887024E-4
modelling 6.221484861053505E-4 1.906689435902032 0.001186243946019514
thin 0.003940273745333886 3.0853444322436783 0.01215710166168185
mlm 2.0738282870178348E-4 5.1647859739235145 0.0010710879249115541
incorrectly 2.0738282870178348E-4 3.2188758248682006 6.67539573800954E-4
remarkable 2.0738282870178348E-4 2.456735772821304 5.094848139405441E-4
sarkar 2.0738282870178348E-4 5.1647859739235145 0.0010710879249115541
especially 8.295313148071339E-4 0.7104386776700063 5.893311303774419E-4
demonstrate 2.0738282870178348E-4 1.293584963015623 2.682673087962719E-4
support 2.0738282870178348E-4 0.7104386776700063 1.4733278259436048E-4
higher 2.0738282870178348E-4 0.41985384556026406 8.70704781336093E-5
reasons 2.0738282870178348E-4 1.3581234841531944 2.8165148987001126E-4
ranges 2.0738282870178348E-4 2.2744142160273495 4.7167445375930096E-4
figures 4.1476565740356696E-4 1.6990500711237875 7.047076197112349E-4
idea 4.1476565740356696E-4 1.3805963400052528 5.726239485712372E-4
detect 2.0738282870178348E-4 1.3146383722134554 2.726334243495345E-4
learning 0.00891746163417669 0.9306794693262548 0.008299298461432798
kim 4.1476565740356696E-4 2.9675613965872945 0.0012308425535409765
common 6.221484861053505E-4 0.3526016185510966 2.1937056317986104E-4
similarity 2.0738282870178348E-4 1.6094379124341003 3.33769786900477E-4
gap 2.0738282870178348E-4 1.8689491079191851 3.8758795269995544E-4
dang 0.0037328909166321027 4.0661736852554045 0.015178582815138382
performances 8.295313148071339E-4 3.0853444322436783 0.0025593898235119687
mask 2.0738282870178348E-4 4.471638793363569 9.273411019003668E-4
figure 0.004562422231439237 0.20194134366360675 9.213416757775505E-4
previous 0.0014516798009124845 0.32850406697203605 4.7688271854090677E-4
recently 2.0738282870178348E-4 1.5271998141971284 3.167150174610386E-4
reading 2.0738282870178348E-4 1.9459101490553132 4.035483511106E-4
calculating 2.0738282870178348E-4 2.169053700369523 4.498244919887024E-4
base 6.221484861053505E-4 1.5538680612792897 9.667366619323661E-4
employ 6.221484861053505E-4 2.073743520565198 0.0012901763918904178
tested 0.0018664454583160513 1.3581234841531944 0.0025348634088301013
masked 4.1476565740356696E-4 3.2188758248682006 0.001335079147601908
whole 4.1476565740356696E-4 1.252762968495368 5.196030561988254E-4
fair 2.0738282870178348E-4 2.7668907011251433 5.738056203079932E-4
during 2.0738282870178348E-4 0.28958865072236245 6.00557135467363E-5
type 2.0738282870178348E-4 0.5203950747821414 1.0792100265079664E-4
annotated 0.0010369141435089175 1.9459101490553132 0.0020177417555530004
feedback 2.0738282870178348E-4 1.79749014393704 3.727685906132393E-4
loss 4.1476565740356696E-4 0.9162907318741551 3.8004592777857946E-4
problem 0.0016590626296142678 0.9162907318741551 0.0015201837111143179
relate 2.0738282870178348E-4 2.0292917579943643 4.2084026503408633E-4
filtered 2.0738282870178348E-4 2.456735772821304 5.094848139405441E-4
terms 4.1476565740356696E-4 0.5696661237889241 2.3627794433385486E-4
review 0.0016590626296142678 0.5696661237889241 9.451117773354194E-4
albuquerque 2.0738282870178348E-4 5.1647859739235145 0.0010710879249115541
between 0.0026959767731231854 0.058840500022933395 1.5863262138078268E-4
ote 2.0738282870178348E-4 5.1647859739235145 0.0010710879249115541
van 0.004355039402737453 2.2744142160273495 0.009905163528945321
still 2.0738282870178348E-4 0.5300569856938783 1.0992471706633726E-4
natural 2.0738282870178348E-4 0.6429973968744738 1.333466190117117E-4
work 0.0010369141435089175 0.5696661237889241 5.906948608346372E-4
conclude 2.0738282870178348E-4 2.073743520565198 4.3005879729680587E-4
baseline 2.0738282870178348E-4 1.5538680612792897 3.222455539774553E-4
comprehension 2.0738282870178348E-4 3.0853444322436783 6.398474558779922E-4
benchmark 2.0738282870178348E-4 2.6798793241355137 5.557609548186465E-4
samples 0.002073828287017835 1.6682784124570338 0.0034597229623746038
exist 2.0738282870178348E-4 1.5271998141971284 3.167150174610386E-4
insight 2.0738282870178348E-4 1.5271998141971284 3.167150174610386E-4
toward 2.0738282870178348E-4 1.6094379124341003 3.33769786900477E-4
among 4.1476565740356696E-4 0.32850406697203605 1.3625220529740192E-4
following 8.295313148071339E-4 0.2160260835453457 1.7920040111600637E-4
dropout 2.0738282870178348E-4 3.373026504695459 6.995077778298339E-4
labelling 4.1476565740356696E-4 2.392197251683733 9.922012657336097E-4
word 0.0010369141435089175 1.1394342831883648 0.0011814955238369606
keung 4.1476565740356696E-4 5.1647859739235145 0.0021421758498231082
range 2.0738282870178348E-4 0.6988778552689304 1.4493526654270643E-4
distribution 4.1476565740356696E-4 0.9751312318970885 4.04450946452546E-4
our 0.0031107424305267524 0.19497267434751336 6.065097708860847E-4
out 2.0738282870178348E-4 0.368995428326773 7.652331570443239E-5
across 4.1476565740356696E-4 0.7703368192510752 3.1950925725884497E-4
uniform 2.0738282870178348E-4 2.6798793241355137 5.557609548186465E-4
get 2.0738282870178348E-4 1.3805963400052528 2.863119742856186E-4
hedderich 2.0738282870178348E-4 5.1647859739235145 0.0010710879249115541
place 2.0738282870178348E-4 1.3805963400052528 2.863119742856186E-4
power 6.221484861053505E-4 1.4759065198095778 9.182330069325453E-4
demonstrated 0.001244296972210701 0.8607208807193443 0.001070992385797608
multilingual 0.012235586893405226 3.0853444322436783 0.037750999896801536
downstream 4.1476565740356696E-4 2.5998366164619773 0.0010783229433687172
opinion 4.1476565740356696E-4 2.2203469947570738 9.209236809444519E-4
token 6.221484861053505E-4 2.456735772821304 0.0015284544418216325
lots 2.0738282870178348E-4 3.5553480614894135 7.37318138011077E-4
help 2.0738282870178348E-4 0.8743265327751228 1.813203095759276E-4
massive 2.0738282870178348E-4 2.120263536200091 4.397062497304212E-4
elements 2.0738282870178348E-4 1.5012243277938677 3.113281476138257E-4
behaviour 2.0738282870178348E-4 2.456735772821304 5.094848139405441E-4
schmitt 2.0738282870178348E-4 5.1647859739235145 0.0010710879249115541
infoxlm 8.295313148071339E-4 5.1647859739235145 0.0042843516996462164
sharma 2.0738282870178348E-4 3.7784916128036232 7.835942788891794E-4
first 4.1476565740356696E-4 0.167573700159399 6.950381591016135E-5
categorical 2.0738282870178348E-4 2.0292917579943643 4.2084026503408633E-4
imbalance 2.0738282870178348E-4 2.9675613965872945 6.154212767704883E-4
data 0.008502695976773124 0.167573700159399 0.0014248282261583077
threshold 2.0738282870178348E-4 2.120263536200091 4.397062497304212E-4
tremendous 2.0738282870178348E-4 3.7784916128036232 7.835942788891794E-4
ngan 0.0037328909166321027 5.1647859739235145 0.019279582648407977
only 0.001244296972210701 0.10854016857520597 1.3505620312136786E-4
should 2.0738282870178348E-4 0.368995428326773 7.652331570443239E-5
adversarial 2.0738282870178348E-4 3.2188758248682006 6.67539573800954E-4
from 0.00414765657403567 0.023122417420854212 9.590384662320288E-5
development 6.221484861053505E-4 0.6004377824556778 3.735614573552537E-4
demonstrates 2.0738282870178348E-4 2.120263536200091 4.397062497304212E-4
resource 2.0738282870178348E-4 1.5812670354674039 3.279276307481136E-4
capture 2.0738282870178348E-4 1.293584963015623 2.682673087962719E-4
comparing 6.221484861053505E-4 1.0539121097502027 6.556898235691846E-4
mining 2.0738282870178348E-4 1.8325814637483102 3.8004592777857946E-4
published 0.003940273745333886 0.03488725900044054 1.3746535068609916E-4
towards 2.0738282870178348E-4 1.5012243277938677 3.113281476138257E-4
sequence 0.0010369141435089175 1.4271163556401458 0.0014797971335961696
ending 2.0738282870178348E-4 3.2188758248682006 6.67539573800954E-4
addressed 2.0738282870178348E-4 1.4271163556401458 2.959594267192339E-4
proposed 6.221484861053505E-4 0.7459453661269161 4.6408878025316224E-4
heijden 4.1476565740356696E-4 5.1647859739235145 0.0021421758498231082
techniques 4.1476565740356696E-4 0.9751312318970885 4.04450946452546E-4
ground 2.0738282870178348E-4 2.169053700369523 4.498244919887024E-4
epochs 6.221484861053505E-4 3.2188758248682006 0.002002618721402862
typologically 2.0738282870178348E-4 4.471638793363569 9.273411019003668E-4
note 2.0738282870178348E-4 1.0872485300177945 2.2547667565694617E-4
solving 2.0738282870178348E-4 1.8325814637483102 3.8004592777857946E-4
covering 2.0738282870178348E-4 2.2203469947570738 4.6046184047222595E-4
purpose 4.1476565740356696E-4 1.0539121097502027 4.37126549046123E-4
instances 4.1476565740356696E-4 1.9459101490553132 8.070967022212E-4
network 2.0738282870178348E-4 1.0704414117014134 2.219911679181695E-4
can 0.00414765657403567 0.0958817717032825 3.97684660735307E-4
paper 4.1476565740356696E-4 0.9306794693262548 3.860138819271069E-4
studies 0.0018664454583160513 0.24480504809538922 4.569152701904817E-4
value 4.1476565740356696E-4 0.6214911916535102 2.5777320267669437E-4
considers 2.0738282870178348E-4 2.0292917579943643 4.2084026503408633E-4
costs 2.0738282870178348E-4 1.9459101490553132 4.035483511106E-4
will 4.1476565740356696E-4 0.3526016185510966 1.4624704211990735E-4
advantage 4.1476565740356696E-4 1.4271163556401458 5.919188534384678E-4
studied 6.221484861053505E-4 1.0539121097502027 6.556898235691846E-4
february 0.0037328909166321027 2.2203469947570738 0.008288313128500067
resources 0.001244296972210701 1.3805963400052528 0.0017178718457137117
instead 0.0014516798009124845 1.0376515888784226 0.0015063378519595517
efficacy 2.0738282870178348E-4 1.9867321435755685 4.120141318074592E-4
expensive 2.0738282870178348E-4 2.331572629867298 4.8352812730553666E-4
factors 2.0738282870178348E-4 0.6321864807702582 1.3110462064916178E-4
performance 0.008087930319369557 0.7703368192510752 0.006230430516547478
currently 2.0738282870178348E-4 1.4035858582299516 2.9107960560554783E-4
corresponding 0.002073828287017835 1.0872485300177945 0.002254766756569462
sultan 2.0738282870178348E-4 4.471638793363569 9.273411019003668E-4
xlm 2.0738282870178348E-4 5.1647859739235145 0.0010710879249115541
challenge 2.0738282870178348E-4 1.4271163556401458 2.959594267192339E-4
category 0.005391953546246371 1.252762968495368 0.00675483973058473
mulcaire 6.221484861053505E-4 5.1647859739235145 0.0032132637747346628
