prepare 2.0699648105982198E-4 3.373026504695459 6.982046169934711E-4
introduces 2.0699648105982198E-4 2.0292917579943643 4.200562529485333E-4
hands 2.0699648105982198E-4 4.0661736852554045 8.416836442259168E-4
numerous 2.0699648105982198E-4 1.6384254493073527 3.3914830248547975E-4
accuracy 8.279859242392879E-4 1.0539121097502027 8.726243922584993E-4
explanation 2.0699648105982198E-4 1.8689491079191851 3.8686588861916476E-4
without 0.001241978886358932 0.32850406697203605 4.079951152623093E-4
building 2.0699648105982198E-4 1.4759065198095778 3.05507455973831E-4
these 0.0026909542537776857 0.03488725900044054 9.388001800987932E-5
themes 2.0699648105982198E-4 2.5998366164619773 5.381570309381034E-4
introduced 2.0699648105982198E-4 1.0059028905638423 2.0821835863461856E-4
would 6.20989443179466E-4 0.5013468798114469 3.11331119733873E-4
mikolov 2.0699648105982198E-4 3.373026504695459 6.982046169934711E-4
understanding 2.0699648105982198E-4 0.990398704027877 2.0500904657997867E-4
because 6.20989443179466E-4 0.34450440831847723 2.1393360069456256E-4
thus 4.1399296211964395E-4 0.8881198549074587 3.6767536945040726E-4
devices 2.0699648105982198E-4 2.7668907011251433 5.727366386100483E-4
neutral 0.008279859242392879 2.392197251683733 0.0198070565239804
google 6.20989443179466E-4 1.9867321435755685 0.0012337396875857392
analysis 0.01262678534464914 0.15415067982725836 0.0019464275449105276
packages 2.0699648105982198E-4 3.7784916128036232 7.821344675644013E-4
version 2.0699648105982198E-4 1.3805963400052528 2.857785841451569E-4
contains 2.0699648105982198E-4 1.2135422553420867 2.511989764732119E-4
correlation 0.0037259366590767957 1.3805963400052528 0.005144014514612823
selection 2.0699648105982198E-4 1.1043429633770947 2.2859510730223446E-4
size 0.003932933140136618 0.127833371509885 5.027601032266229E-4
left 4.1399296211964395E-4 1.2729656758128876 5.269988308064117E-4
detail 2.0699648105982198E-4 1.6990500711237875 3.5169738586706426E-4
much 0.001448975367418754 0.7827593392496325 0.0011341990011896972
appropriate 0.0010349824052991099 1.0704414117014134 0.0011078880270145035
forest 2.0699648105982198E-4 2.9675613965872945 6.142747664225407E-4
role 0.001241978886358932 0.6761496041913742 8.397635324256355E-4
independent 2.0699648105982198E-4 1.0059028905638423 2.0821835863461856E-4
concluded 2.0699648105982198E-4 1.9867321435755685 4.112465625285797E-4
worded 2.0699648105982198E-4 5.1647859739235145 0.001069092522029293
matrix 0.002483957772717864 1.5012243277938677 0.003728977837616728
example 2.0699648105982198E-4 0.9162907318741551 1.8966895712567897E-4
result 0.00517491202649555 0.4285875255290187 0.0022179027402660875
vocabulary 2.0699648105982198E-4 2.120263536200091 4.388870909128733E-4
same 0.001448975367418754 0.2972515234679317 4.3071013543273073E-4
listing 6.20989443179466E-4 3.2188758248682006 0.001998887906148748
headline 0.001241978886358932 4.0661736852554045 0.005050101865355501
close 6.20989443179466E-4 1.1394342831883648 7.075766610567366E-4
minimize 4.1399296211964395E-4 2.2203469947570738 9.192080292929305E-4
learn 4.1399296211964395E-4 1.4512139072192063 6.007923441189014E-4
decreased 4.1399296211964395E-4 1.293584963015623 5.355350705922679E-4
textual 4.1399296211964395E-4 1.9459101490553132 8.05593106626087E-4
predictions 2.0699648105982198E-4 2.5257286443082556 5.228169414838036E-4
the 0.11177809977230387 0.017291497110061043 0.0019328106891809073
indices 2.0699648105982198E-4 2.7668907011251433 5.727366386100483E-4
decreases 2.0699648105982198E-4 2.2203469947570738 4.5960401464646526E-4
days 0.0010349824052991099 1.1043429633770947 0.0011429755365111724
information 0.0010349824052991099 0.3049735695618419 3.1564227857777054E-4
adopted 2.0699648105982198E-4 1.5538680612792897 3.216452207160608E-4
incorporates 2.0699648105982198E-4 4.471638793363569 9.256134947968472E-4
inputs 4.1399296211964395E-4 1.906689435902032 7.893560074113152E-4
historical 8.279859242392879E-4 2.392197251683733 0.00198070565239804
analyses 0.001448975367418754 0.9021060968821986 0.0013071295131805818
imdb 2.0699648105982198E-4 5.1647859739235145 0.001069092522029293
layers 0.0010349824052991099 1.730798769438368 0.0017913462734820615
besides 2.0699648105982198E-4 1.8689491079191851 3.8686588861916476E-4
polarity 0.002483957772717864 2.7668907011251433 0.006872839663320579
making 6.20989443179466E-4 1.0704414117014134 6.647328162087022E-4
its 0.0018629683295383979 0.19497267434751336 3.63227917434821E-4
often 2.0699648105982198E-4 0.5900749954201312 1.2214344761335771E-4
list 2.0699648105982198E-4 1.3581234841531944 2.8112678206441613E-4
gpu 2.0699648105982198E-4 4.0661736852554045 8.416836442259168E-4
distorted 2.0699648105982198E-4 3.373026504695459 6.982046169934711E-4
article 2.0699648105982198E-4 1.5812670354674039 3.273167119576493E-4
volume 6.20989443179466E-4 1.4512139072192063 9.01188516178352E-4
external 4.1399296211964395E-4 1.4759065198095778 6.11014911947662E-4
outperformed 2.0699648105982198E-4 2.9675613965872945 6.142747664225407E-4
conditioning 2.0699648105982198E-4 3.7784916128036232 7.821344675644013E-4
exchange 2.0699648105982198E-4 1.8325814637483102 3.7933791425135793E-4
useful 2.0699648105982198E-4 0.9162907318741551 1.8966895712567897E-4
neural 0.004553922583316084 1.5271998141971284 0.00695474972310843
applied 2.0699648105982198E-4 0.6109090823229731 1.2645603028834054E-4
provided 6.20989443179466E-4 0.7104386776700063 4.4117491885945333E-4
divided 4.1399296211964395E-4 1.1758019273592397 4.867737227734381E-4
interface 2.0699648105982198E-4 2.073743520565198 4.2925761137760257E-4
representation 2.0699648105982198E-4 1.2729656758128876 2.6349941540320586E-4
compiled 4.1399296211964395E-4 3.2188758248682006 0.0013325919374324985
unites 2.0699648105982198E-4 4.0661736852554045 8.416836442259168E-4
previously 2.0699648105982198E-4 0.8340526336371831 1.7264596018157382E-4
intentionally 2.0699648105982198E-4 3.373026504695459 6.982046169934711E-4
provides 6.20989443179466E-4 0.6214911916535102 3.8593946904585605E-4
end 2.0699648105982198E-4 1.1758019273592397 2.4338686138671904E-4
ticker 4.1399296211964395E-4 5.1647859739235145 0.002138185044058586
capabilities 2.0699648105982198E-4 2.6798793241355137 5.547255897610253E-4
perform 0.0010349824052991099 0.9600933545325481 9.936797293857876E-4
multiple 4.1399296211964395E-4 0.5108256237659907 2.114782131094973E-4
rich 2.0699648105982198E-4 1.9867321435755685 4.112465625285797E-4
label 4.1399296211964395E-4 2.120263536200091 8.777741818257466E-4
evolution 2.0699648105982198E-4 2.120263536200091 4.388870909128733E-4
marquardt 4.1399296211964395E-4 5.1647859739235145 0.002138185044058586
significance 2.0699648105982198E-4 1.2329603411991883 2.5521845191454944E-4
better 4.1399296211964395E-4 0.4285875255290187 1.7743221922128698E-4
noted 0.0010349824052991099 1.157452788691043 0.001197943271259618
ranging 2.0699648105982198E-4 1.6094379124341003 3.3314798435812463E-4
with 0.00931484164769199 0.017291497110061043 1.6106755743174227E-4
supervised 2.0699648105982198E-4 1.9867321435755685 4.112465625285797E-4
there 0.004553922583316084 0.12136085700426753 5.526679474423279E-4
arises 2.0699648105982198E-4 2.6798793241355137 5.547255897610253E-4
automate 2.0699648105982198E-4 3.5553480614894135 7.359445376711682E-4
translation 2.0699648105982198E-4 1.9867321435755685 4.112465625285797E-4
well 6.20989443179466E-4 0.3127557100038969 1.9421799420651846E-4
detected 2.0699648105982198E-4 1.5271998141971284 3.161249874140195E-4
backup 2.0699648105982198E-4 5.1647859739235145 0.001069092522029293
smaller 8.279859242392879E-4 1.121734706088964 9.287805473723568E-4
called 2.0699648105982198E-4 1.2729656758128876 2.6349941540320586E-4
focus 4.1399296211964395E-4 0.6874491594453075 2.8459911382542225E-4
delivered 2.0699648105982198E-4 2.8622008809294686 5.924655104387226E-4
entire 4.1399296211964395E-4 1.1944940603713923 4.945121342874735E-4
investors 2.0699648105982198E-4 4.0661736852554045 8.416836442259168E-4
approach 6.20989443179466E-4 0.5398131606392429 3.3521827404631106E-4
number 2.0699648105982198E-4 0.167573700159399 3.468716625116933E-5
gradually 2.0699648105982198E-4 2.2744142160273495 4.7079573919009513E-4
normalization 2.0699648105982198E-4 2.9675613965872945 6.142747664225407E-4
outbreak 2.0699648105982198E-4 3.7784916128036232 7.821344675644013E-4
algorithm 4.1399296211964395E-4 1.0059028905638423 4.164367172692371E-4
similar 6.20989443179466E-4 0.20895891632225325 1.2976128109434067E-4
period 0.004760919064375905 0.8472978603872037 0.0040339165367223526
hybridise 2.0699648105982198E-4 5.1647859739235145 0.001069092522029293
considering 2.0699648105982198E-4 0.9162907318741551 1.8966895712567897E-4
testing 2.0699648105982198E-4 1.293584963015623 2.6776753529613394E-4
specify 4.1399296211964395E-4 2.7668907011251433 0.0011454732772200966
understand 2.0699648105982198E-4 1.121734706088964 2.321951368430892E-4
distributed 2.0699648105982198E-4 1.6094379124341003 3.3314798435812463E-4
impacts 2.0699648105982198E-4 2.169053700369523 4.4898648320627676E-4
aggregated 4.1399296211964395E-4 2.8622008809294686 0.0011849310208774451
propose 4.1399296211964395E-4 1.5812670354674039 6.546334239152986E-4
jointly 4.1399296211964395E-4 2.8622008809294686 0.0011849310208774451
relevance 2.0699648105982198E-4 2.073743520565198 4.2925761137760257E-4
system 2.0699648105982198E-4 0.44628710262841953 9.237985978646647E-5
even 0.001241978886358932 0.377294231141468 4.6859146902272986E-4
strongly 4.1399296211964395E-4 1.6990500711237875 7.033947717341285E-4
analyze 8.279859242392879E-4 1.5271998141971284 0.001264499949656078
presenting 2.0699648105982198E-4 1.4759065198095778 3.05507455973831E-4
assumed 2.0699648105982198E-4 1.6094379124341003 3.3314798435812463E-4
authors 0.003518940178016974 0.023122417420854212 8.13664036751235E-5
algorithms 2.0699648105982198E-4 1.1758019273592397 2.4338686138671904E-4
other 0.0033119436969571516 0.0408219945202552 1.3520014744857858E-4
attila 0.003518940178016974 4.0661736852554045 0.014308621951840588
categorized 4.1399296211964395E-4 1.8325814637483102 7.586758285027159E-4
representations 6.20989443179466E-4 2.120263536200091 0.0013166612727386199
local 4.1399296211964395E-4 1.0704414117014134 4.4315521080580145E-4
notedly 2.0699648105982198E-4 5.1647859739235145 0.001069092522029293
have 0.0033119436969571516 0.028987536873252187 9.60050900376806E-5
modelled 2.0699648105982198E-4 2.8622008809294686 5.924655104387226E-4
balahur 2.0699648105982198E-4 5.1647859739235145 0.001069092522029293
decisions 2.0699648105982198E-4 1.6094379124341003 3.3314798435812463E-4
share 2.0699648105982198E-4 1.4035858582299516 2.9053733351893014E-4
outcome 2.0699648105982198E-4 1.3361445774344192 2.765772257160876E-4
particularly 2.0699648105982198E-4 0.9751312318970885 2.0184873357422656E-4
question 2.0699648105982198E-4 1.2329603411991883 2.5521845191454944E-4
additions 2.0699648105982198E-4 4.0661736852554045 8.416836442259168E-4
inaccuracy 2.0699648105982198E-4 5.1647859739235145 0.001069092522029293
opportunities 2.0699648105982198E-4 1.8325814637483102 3.7933791425135793E-4
framework 2.0699648105982198E-4 1.4271163556401458 2.954080636804276E-4
names 4.1399296211964395E-4 1.8689491079191851 7.737317772383295E-4
powerful 0.0010349824052991099 2.0292917579943643 0.0021002812647426664
future 0.001241978886358932 0.48265474679929443 5.9944700492564E-4
industries 2.0699648105982198E-4 2.5998366164619773 5.381570309381034E-4
outputs 2.0699648105982198E-4 2.169053700369523 4.4898648320627676E-4
possibilities 8.279859242392879E-4 2.2203469947570738 0.001838416058585861
almost 6.20989443179466E-4 1.1043429633770947 6.857853219067034E-4
rating 2.0699648105982198E-4 2.5998366164619773 5.381570309381034E-4
upon 2.0699648105982198E-4 1.5538680612792897 3.216452207160608E-4
automation 2.0699648105982198E-4 3.5553480614894135 7.359445376711682E-4
pages 2.0699648105982198E-4 3.2188758248682006 6.662959687162493E-4
earlier 4.1399296211964395E-4 1.5012243277938677 6.214963062694546E-4
whether 2.0699648105982198E-4 0.5300569856938783 1.097199307998092E-4
function 2.0699648105982198E-4 0.6321864807702582 1.3086037689303626E-4
implemented 2.0699648105982198E-4 1.293584963015623 2.6776753529613394E-4
quite 8.279859242392879E-4 1.5012243277938677 0.0012429926125389092
stock 0.023804595321879528 3.373026504695459 0.08029353095424918
all 0.00620989443179466 0.017291497110061043 1.0737837162116152E-4
new 0.0010349824052991099 0.38566248081198473 3.9915388202440975E-4
unigram 4.1399296211964395E-4 3.5553480614894135 0.0014718890753423364
constructing 2.0699648105982198E-4 2.456735772821304 5.085356598677922E-4
comparison 4.1399296211964395E-4 0.758066726659261 3.138342896540099E-4
read 2.0699648105982198E-4 1.7635885922613586 3.650566326353464E-4
below 4.1399296211964395E-4 1.4035858582299516 5.810746670378603E-4
cpu 2.0699648105982198E-4 3.373026504695459 6.982046169934711E-4
less 4.1399296211964395E-4 0.368995428326773 1.5276151038160754E-4
real 2.0699648105982198E-4 1.3361445774344192 2.765772257160876E-4
tool 0.0018629683295383979 1.1758019273592397 0.0021904817524804714
intervals 2.0699648105982198E-4 2.2744142160273495 4.7079573919009513E-4
rnn 0.005795901469675016 3.2188758248682006 0.018656287124054982
were 0.001241978886358932 0.0958817717032825 1.1908313604216416E-4
improve 6.20989443179466E-4 0.7104386776700063 4.4117491885945333E-4
summarunner 2.0699648105982198E-4 5.1647859739235145 0.001069092522029293
scales 4.1399296211964395E-4 2.7668907011251433 0.0011454732772200966
unidirectional 4.1399296211964395E-4 5.1647859739235145 0.002138185044058586
amd 0.001241978886358932 4.0661736852554045 0.005050101865355501
try 4.1399296211964395E-4 2.169053700369523 8.979729664125535E-4
october 2.0699648105982198E-4 2.0292917579943643 4.200562529485333E-4
collect 6.20989443179466E-4 1.6682784124570338 0.001035983282420017
became 2.0699648105982198E-4 1.8689491079191851 3.8686588861916476E-4
unexpectedly 2.0699648105982198E-4 3.7784916128036232 7.821344675644013E-4
nallapati 2.0699648105982198E-4 5.1647859739235145 0.001069092522029293
financial 4.1399296211964395E-4 1.8689491079191851 7.737317772383295E-4
media 0.0010349824052991099 1.5812670354674039 0.0016365835597882466
around 2.0699648105982198E-4 1.0216512475319812 2.1147821310949725E-4
effective 4.1399296211964395E-4 0.8472978603872037 3.5077535101933497E-4
times 8.279859242392879E-4 0.9600933545325481 7.949437835086301E-4
and 0.0424342786172635 0.017291497110061043 7.33752206077937E-4
today 2.0699648105982198E-4 2.8622008809294686 5.924655104387226E-4
define 6.20989443179466E-4 1.3146383722134554 8.163765507431932E-4
predict 0.001448975367418754 1.2729656758128876 0.0018444959078224412
row 2.0699648105982198E-4 2.8622008809294686 5.924655104387226E-4
possibility 6.20989443179466E-4 1.252762968495368 7.779525782417935E-4
measurable 2.0699648105982198E-4 3.5553480614894135 7.359445376711682E-4
direction 6.20989443179466E-4 1.6682784124570338 0.001035983282420017
declared 2.0699648105982198E-4 5.1647859739235145 0.001069092522029293
categorization 2.0699648105982198E-4 3.2188758248682006 6.662959687162493E-4
performing 2.0699648105982198E-4 1.5812670354674039 3.273167119576493E-4
automatic 2.0699648105982198E-4 1.5812670354674039 3.273167119576493E-4
specific 0.002897950734837508 0.40261203912575794 0.0011667498546389177
any 0.0010349824052991099 0.2669461739726028 2.7628459322355905E-4
intuitive 2.0699648105982198E-4 2.7668907011251433 5.727366386100483E-4
despite 2.0699648105982198E-4 0.7221347174331975 1.4947934535980076E-4
rated 4.1399296211964395E-4 2.7668907011251433 0.0011454732772200966
application 2.0699648105982198E-4 1.0376515888784226 2.1479022746396658E-4
consists 2.0699648105982198E-4 1.2135422553420867 2.511989764732119E-4
until 4.1399296211964395E-4 1.0376515888784226 4.2958045492793315E-4
machines 2.0699648105982198E-4 2.2203469947570738 4.5960401464646526E-4
strategy 2.0699648105982198E-4 1.2135422553420867 2.511989764732119E-4
extending 2.0699648105982198E-4 2.392197251683733 4.9517641309951E-4
unlabelled 2.0699648105982198E-4 3.373026504695459 6.982046169934711E-4
developments 2.0699648105982198E-4 2.169053700369523 4.4898648320627676E-4
accurate 0.001241978886358932 1.3805963400052528 0.0017146715048709411
accessibility 2.0699648105982198E-4 2.8622008809294686 5.924655104387226E-4
shift 4.1399296211964395E-4 1.9867321435755685 8.224931250571594E-4
compiling 4.1399296211964395E-4 4.471638793363569 0.0018512269895936944
lee 2.0699648105982198E-4 2.392197251683733 4.9517641309951E-4
companies 0.0037259366590767957 2.073743520565198 0.007726637004796846
worked 2.0699648105982198E-4 2.331572629867298 4.8262732971792545E-4
generalized 2.0699648105982198E-4 2.392197251683733 4.9517641309951E-4
fully 2.0699648105982198E-4 1.2729656758128876 2.6349941540320586E-4
events 2.0699648105982198E-4 1.4759065198095778 3.05507455973831E-4
displayed 2.0699648105982198E-4 2.2744142160273495 4.7079573919009513E-4
models 0.0026909542537776857 0.7953381214564925 0.002140218501124902
using 0.0074518733181535915 0.083381608939051 6.213491868776311E-4
expected 4.1399296211964395E-4 0.9600933545325481 3.974718917543151E-4
each 0.0016559718484785758 0.13434805253107854 2.2247659288938693E-4
labels 2.0699648105982198E-4 1.8689491079191851 3.8686588861916476E-4
input 0.0016559718484785758 1.0216512475319812 0.001691825704875978
dictionary 4.1399296211964395E-4 2.2203469947570738 9.192080292929305E-4
wang 2.0699648105982198E-4 2.073743520565198 4.2925761137760257E-4
toolkit 2.0699648105982198E-4 2.9675613965872945 6.142747664225407E-4
devlin 2.0699648105982198E-4 3.7784916128036232 7.821344675644013E-4
comparisons 2.0699648105982198E-4 1.9867321435755685 4.112465625285797E-4
difference 6.20989443179466E-4 0.6004377824556778 3.728655241910647E-4
items 2.0699648105982198E-4 1.906689435902032 3.946780037056576E-4
increased 4.1399296211964395E-4 0.4919571394616079 2.0366679340161784E-4
dominates 2.0699648105982198E-4 4.471638793363569 9.256134947968472E-4
document 4.1399296211964395E-4 1.4035858582299516 5.810746670378603E-4
another 0.0010349824052991099 0.40261203912575794 4.166963766567563E-4
networks 4.1399296211964395E-4 1.4759065198095778 6.11014911947662E-4
two 8.279859242392879E-4 0.11492996667397702 9.516039467934342E-5
found 4.1399296211964395E-4 0.27443684570176036 1.1361492266684345E-4
weibo 2.0699648105982198E-4 4.471638793363569 9.256134947968472E-4
are 0.007865866280273236 0.028987536873252187 2.2801208883949144E-4
does 4.1399296211964395E-4 0.5696661237889241 2.3583776600659246E-4
builder 2.0699648105982198E-4 5.1647859739235145 0.001069092522029293
where 0.004346926102256262 0.32850406697203605 0.0014279829034180827
takes 6.20989443179466E-4 1.3805963400052528 8.573357524354706E-4
mechanism 2.0699648105982198E-4 1.4512139072192063 3.003961720594507E-4
popular 6.20989443179466E-4 1.252762968495368 7.779525782417935E-4
gives 4.1399296211964395E-4 1.3146383722134554 5.442510338287954E-4
situation 2.0699648105982198E-4 1.7635885922613586 3.650566326353464E-4
broken 2.0699648105982198E-4 2.8622008809294686 5.924655104387226E-4
art 2.0699648105982198E-4 2.5998366164619773 5.381570309381034E-4
backpropagate 2.0699648105982198E-4 5.1647859739235145 0.001069092522029293
services 2.0699648105982198E-4 1.6682784124570338 3.4532776080667226E-4
diagram 6.20989443179466E-4 2.0292917579943643 0.0012601687588456
such 0.001448975367418754 0.10219094089654716 1.480721561324426E-4
kalyani 2.0699648105982198E-4 5.1647859739235145 0.001069092522029293
nlp 8.279859242392879E-4 0.41119578281714936 3.4046432027915493E-4
describe 2.0699648105982198E-4 1.0216512475319812 2.1147821310949725E-4
dataset 8.279859242392879E-4 1.2729656758128876 0.0010539976616128234
chart 2.0699648105982198E-4 1.8325814637483102 3.7933791425135793E-4
textblob 0.0018629683295383979 4.471638793363569 0.008330521453171626
through 2.0699648105982198E-4 0.2595111954850846 5.371790426104008E-5
strength 2.0699648105982198E-4 1.9867321435755685 4.112465625285797E-4
developing 2.0699648105982198E-4 1.157452788691043 2.3958865425192363E-4
run 0.0010349824052991099 2.0292917579943643 0.0021002812647426664
had 6.20989443179466E-4 0.32059888746492277 1.9908852461079867E-4
source 8.279859242392879E-4 0.9452782687474074 7.826771010121361E-4
features 2.0699648105982198E-4 0.8340526336371831 1.7264596018157382E-4
either 6.20989443179466E-4 0.7827593392496325 4.8608528622415595E-4
compile 4.1399296211964395E-4 4.0661736852554045 0.0016833672884518337
liu 2.0699648105982198E-4 2.392197251683733 4.9517641309951E-4
huge 4.1399296211964395E-4 1.9459101490553132 8.05593106626087E-4
has 0.002276961291658042 0.05279818556697083 1.2021942480577089E-4
helpful 2.0699648105982198E-4 2.2203469947570738 4.5960401464646526E-4
recurrent 0.00310494721589733 1.9867321435755685 0.006168698437928695
results 0.014282757193127717 0.08961215868968714 0.0012799087041168314
those 2.0699648105982198E-4 0.3364722366212129 6.964856895491883E-5
offers 2.0699648105982198E-4 1.6682784124570338 3.4532776080667226E-4
given 0.00310494721589733 0.3526016185510966 0.0010948094138411198
weight 2.0699648105982198E-4 1.3361445774344192 2.765772257160876E-4
develop 2.0699648105982198E-4 1.157452788691043 2.3958865425192363E-4
significant 0.004760919064375905 0.377294231141468 0.0017962672979204644
sharing 4.1399296211964395E-4 2.169053700369523 8.979729664125535E-4
surprising 4.1399296211964395E-4 2.6798793241355137 0.0011094511795220507
decrease 6.20989443179466E-4 1.3146383722134554 8.163765507431932E-4
name 2.0699648105982198E-4 1.8325814637483102 3.7933791425135793E-4
overall 6.20989443179466E-4 0.7339691750802005 4.557871093439457E-4
page 2.0699648105982198E-4 3.0853444322436783 6.386554403319557E-4
parameters 2.0699648105982198E-4 1.2135422553420867 2.511989764732119E-4
full 0.004553922583316084 0.14750613710858965 6.71731528956525E-4
next 8.279859242392879E-4 0.8080771472339223 6.690765036091263E-4
memory 6.20989443179466E-4 2.073743520565198 0.0012877728341328077
hidden 0.001448975367418754 1.730798769438368 0.0025078847828748866
concept 2.0699648105982198E-4 1.3581234841531944 2.8112678206441613E-4
approaching 2.0699648105982198E-4 4.0661736852554045 8.416836442259168E-4
show 0.0010349824052991099 0.6321864807702582 6.543018844651813E-4
effort 4.1399296211964395E-4 1.8689491079191851 7.737317772383295E-4
conclusion 2.0699648105982198E-4 0.653926467406664 1.3536047762505981E-4
negative 0.005588904988615194 0.6429973968744738 0.00359365135905833
not 0.0016559718484785758 0.03488725900044054 5.777231877531035E-5
genres 2.0699648105982198E-4 3.7784916128036232 7.821344675644013E-4
now 4.1399296211964395E-4 1.4035858582299516 5.810746670378603E-4
factor 4.1399296211964395E-4 0.7703368192510752 3.189140216315774E-4
incorporating 2.0699648105982198E-4 2.392197251683733 4.9517641309951E-4
news 0.015317739598426828 2.0292917579943643 0.031084162718191467
learned 4.1399296211964395E-4 2.0292917579943643 8.401125058970666E-4
introduce 4.1399296211964395E-4 1.7635885922613586 7.301132652706928E-4
was 0.005588904988615194 0.058840500022933395 3.2885396411078485E-4
libraries 6.20989443179466E-4 3.0853444322436783 0.0019159663209958673
start 4.1399296211964395E-4 1.5271998141971284 6.32249974828039E-4
yet 2.0699648105982198E-4 1.4271163556401458 2.954080636804276E-4
titles 2.0699648105982198E-4 3.0853444322436783 6.386554403319557E-4
way 2.0699648105982198E-4 0.9306794693262548 1.9264737514515726E-4
manage 6.20989443179466E-4 2.0292917579943643 0.0012601687588456
what 8.279859242392879E-4 0.8209805520698303 6.797603411880193E-4
separating 2.0699648105982198E-4 2.9675613965872945 6.142747664225407E-4
detailed 4.1399296211964395E-4 1.1394342831883648 4.7171777403782437E-4
assuming 2.0699648105982198E-4 1.9459101490553132 4.027965533130435E-4
initially 2.0699648105982198E-4 1.6990500711237875 3.5169738586706426E-4
time 0.004760919064375905 0.20194134366360675 9.614263929337518E-4
reducing 2.0699648105982198E-4 1.5538680612792897 3.216452207160608E-4
interpretable 2.0699648105982198E-4 3.5553480614894135 7.359445376711682E-4
finance 2.0699648105982198E-4 3.7784916128036232 7.821344675644013E-4
play 8.279859242392879E-4 1.2729656758128876 0.0010539976616128234
contextual 2.0699648105982198E-4 1.906689435902032 3.946780037056576E-4
downward 2.0699648105982198E-4 3.5553480614894135 7.359445376711682E-4
collected 2.0699648105982198E-4 0.8340526336371831 1.7264596018157382E-4
complementary 2.0699648105982198E-4 2.073743520565198 4.2925761137760257E-4
three 6.20989443179466E-4 0.22314355131420976 1.385697896796997E-4
when 0.001448975367418754 0.14750613710858965 2.137327592134398E-4
trains 2.0699648105982198E-4 3.5553480614894135 7.359445376711682E-4
twitter 4.1399296211964395E-4 2.456735772821304 0.0010170713197355844
options 4.1399296211964395E-4 2.0292917579943643 8.401125058970666E-4
specifically 4.1399296211964395E-4 1.3805963400052528 5.715571682903137E-4
enter 2.0699648105982198E-4 2.5257286443082556 5.228169414838036E-4
case 0.0037259366590767957 0.38566248081198473 0.0014369539752878751
give 4.1399296211964395E-4 1.157452788691043 4.7917730850384726E-4
depends 2.0699648105982198E-4 1.6682784124570338 3.4532776080667226E-4
insightful 2.0699648105982198E-4 4.0661736852554045 8.416836442259168E-4
extraction 2.0699648105982198E-4 1.3361445774344192 2.765772257160876E-4
priority 2.0699648105982198E-4 2.7668907011251433 5.727366386100483E-4
lowest 0.0010349824052991099 1.6094379124341003 0.0016657399217906233
provide 6.20989443179466E-4 0.44628710262841953 2.771395793593994E-4
determined 2.0699648105982198E-4 1.0376515888784226 2.1479022746396658E-4
excessive 2.0699648105982198E-4 3.2188758248682006 6.662959687162493E-4
completely 0.0010349824052991099 1.3805963400052528 0.0014288929207257842
care 2.0699648105982198E-4 1.1758019273592397 2.4338686138671904E-4
study 0.001241978886358932 0.15415067982725836 1.9145188966333062E-4
sentences 4.1399296211964395E-4 1.5812670354674039 6.546334239152986E-4
differences 0.0016559718484785758 0.7953381214564925 0.001317057539153786
confirmed 4.1399296211964395E-4 1.252762968495368 5.186350521611956E-4
layer 8.279859242392879E-4 1.6990500711237875 0.001406789543468257
scrape 2.0699648105982198E-4 5.1647859739235145 0.001069092522029293
tensorflow 2.0699648105982198E-4 4.0661736852554045 8.416836442259168E-4
ways 2.0699648105982198E-4 1.4035858582299516 2.9053733351893014E-4
levenberg 4.1399296211964395E-4 5.1647859739235145 0.002138185044058586
emphasized 2.0699648105982198E-4 2.5257286443082556 5.228169414838036E-4
visibly 2.0699648105982198E-4 3.7784916128036232 7.821344675644013E-4
categories 4.1399296211964395E-4 1.0216512475319812 4.229564262189945E-4
lexicon 0.003932933140136618 2.9675613965872945 0.011671220562028276
pang 2.0699648105982198E-4 4.0661736852554045 8.416836442259168E-4
phases 2.0699648105982198E-4 2.392197251683733 4.9517641309951E-4
means 8.279859242392879E-4 0.6988778552689304 5.786610269252167E-4
initial 4.1399296211964395E-4 0.6988778552689304 2.8933051346260834E-4
more 0.0033119436969571516 0.05279818556697083 1.748646178993031E-4
display 0.003518940178016974 0.167573700159399 5.896818262698786E-4
performed 2.0699648105982198E-4 0.4643056081310978 9.610962701947791E-5
great 2.0699648105982198E-4 1.3361445774344192 2.765772257160876E-4
summarize 2.0699648105982198E-4 2.6798793241355137 5.547255897610253E-4
certain 6.20989443179466E-4 0.8209805520698303 5.098202558910145E-4
economic 0.00952183812875181 1.6990500711237875 0.016178079749884954
small 2.0699648105982198E-4 0.6214911916535102 1.2864648968195203E-4
fed 2.0699648105982198E-4 1.9867321435755685 4.112465625285797E-4
before 2.0699648105982198E-4 0.5203950747821414 1.0771994924076618E-4
simple 4.1399296211964395E-4 1.157452788691043 4.7917730850384726E-4
section 6.20989443179466E-4 0.7953381214564925 4.938965771826698E-4
used 0.0020699648105982197 0.07103577311675174 1.4704155064531514E-4
influence 0.0010349824052991099 0.9306794693262548 9.632368757257863E-4
shows 0.003518940178016974 0.5596157879354227 0.0019692544804185853
major 4.1399296211964395E-4 0.7104386776700063 2.941166125729689E-4
shown 0.0010349824052991099 0.3364722366212129 3.4824284477459415E-4
presented 2.0699648105982198E-4 0.4373981552111735 9.053987895077075E-5
das 2.0699648105982198E-4 4.471638793363569 9.256134947968472E-4
consider 2.0699648105982198E-4 0.8080771472339223 1.6726912590228158E-4
totally 2.0699648105982198E-4 3.0853444322436783 6.386554403319557E-4
potential 4.1399296211964395E-4 0.44628710262841953 1.8475971957293295E-4
day 0.001241978886358932 1.4271163556401458 0.0017724483820825657
connections 2.0699648105982198E-4 2.5257286443082556 5.228169414838036E-4
obtain 4.1399296211964395E-4 1.0872485300177945 4.5011323950229536E-4
crisis 2.0699648105982198E-4 2.6798793241355137 5.547255897610253E-4
created 2.0699648105982198E-4 1.0704414117014134 2.2157760540290073E-4
kind 0.0018629683295383979 1.6990500711237875 0.0031652764728035783
format 2.0699648105982198E-4 2.2203469947570738 4.5960401464646526E-4
particular 4.1399296211964395E-4 1.0704414117014134 4.4315521080580145E-4
archive 2.0699648105982198E-4 4.0661736852554045 8.416836442259168E-4
lrp 4.1399296211964395E-4 5.1647859739235145 0.002138185044058586
done 2.0699648105982198E-4 0.9452782687474074 1.9566927525303403E-4
both 0.001241978886358932 0.13434805253107854 1.6685744466704021E-4
most 0.0018629683295383979 0.0771896386911299 1.4380185225008673E-4
market 0.010556820534050921 2.073743520565198 0.02189213818025773
important 0.001241978886358932 0.2669461739726028 3.315415118682709E-4
effects 6.20989443179466E-4 1.0216512475319812 6.344346393284917E-4
refers 4.1399296211964395E-4 1.5271998141971284 6.32249974828039E-4
perceived 2.0699648105982198E-4 1.730798769438368 3.582692546964123E-4
effect 0.00310494721589733 0.758066726659261 0.0023537571724050747
daily 0.001448975367418754 1.6384254493073527 0.0023740381173983586
produces 2.0699648105982198E-4 2.073743520565198 4.2925761137760257E-4
topic 4.1399296211964395E-4 1.2729656758128876 5.269988308064117E-4
managing 2.0699648105982198E-4 2.5257286443082556 5.228169414838036E-4
correction 2.0699648105982198E-4 3.373026504695459 6.982046169934711E-4
option 2.0699648105982198E-4 2.331572629867298 4.8262732971792545E-4
classify 4.1399296211964395E-4 1.5271998141971284 6.32249974828039E-4
dhaka 2.0699648105982198E-4 5.1647859739235145 0.001069092522029293
values 0.013661767749948251 0.5900749954201312 0.008061467542481611
part 0.0026909542537776857 0.5496654570822546 0.001479124599890149
determines 2.0699648105982198E-4 2.169053700369523 4.4898648320627676E-4
contribute 2.0699648105982198E-4 1.0704414117014134 2.2157760540290073E-4
their 0.0020699648105982197 0.12136085700426753 2.5121270338287626E-4
numeric 2.0699648105982198E-4 2.9675613965872945 6.142747664225407E-4
diagrams 4.1399296211964395E-4 3.5553480614894135 0.0014718890753423364
percent 0.002483957772717864 2.5998366164619773 0.00645788437125724
point 2.0699648105982198E-4 0.7703368192510752 1.594570108157887E-4
general 4.1399296211964395E-4 0.4734380916943703 1.9600003796082396E-4
alone 4.1399296211964395E-4 1.730798769438368 7.165385093928247E-4
traced 4.1399296211964395E-4 4.0661736852554045 0.0016833672884518337
mentioned 0.001448975367418754 1.0376515888784226 0.0015035315922477662
designed 4.1399296211964395E-4 1.0872485300177945 4.5011323950229536E-4
introduction 2.0699648105982198E-4 0.10219094089654716 2.1153165161777513E-5
process 8.279859242392879E-4 0.5013468798114469 4.1510815964516403E-4
move 6.20989443179466E-4 1.906689435902032 0.001184034011116973
amount 6.20989443179466E-4 1.121734706088964 6.965854105292676E-4
original 2.0699648105982198E-4 1.1944940603713923 2.4725606714373676E-4
built 8.279859242392879E-4 1.6094379124341003 0.0013325919374324985
cpus 2.0699648105982198E-4 5.1647859739235145 0.001069092522029293
clear 2.0699648105982198E-4 1.0704414117014134 2.2157760540290073E-4
also 0.004139929621196439 0.05279818556697083 2.1858077237412886E-4
say 4.1399296211964395E-4 2.2744142160273495 9.415914783801903E-4
increase 2.0699648105982198E-4 0.5013468798114469 1.0377703991129101E-4
marking 2.0699648105982198E-4 3.373026504695459 6.982046169934711E-4
third 2.0699648105982198E-4 1.0059028905638423 2.0821835863461856E-4
build 4.1399296211964395E-4 1.5271998141971284 6.32249974828039E-4
various 0.001241978886358932 0.5798184952529422 7.201223290245608E-4
earn 2.0699648105982198E-4 4.471638793363569 9.256134947968472E-4
interaction 2.0699648105982198E-4 1.4271163556401458 2.954080636804276E-4
attention 2.0699648105982198E-4 1.157452788691043 2.3958865425192363E-4
further 0.001241978886358932 0.27443684570176036 3.4084476800053034E-4
user 2.0699648105982198E-4 1.6990500711237875 3.5169738586706426E-4
integrates 2.0699648105982198E-4 3.5553480614894135 7.359445376711682E-4
snippet 4.1399296211964395E-4 5.1647859739235145 0.002138185044058586
extent 2.0699648105982198E-4 1.3805963400052528 2.857785841451569E-4
been 6.20989443179466E-4 0.05279818556697083 3.278711585611933E-5
reflected 4.1399296211964395E-4 1.9459101490553132 8.05593106626087E-4
kiss 0.003518940178016974 4.471638793363569 0.015735429411546403
analyzing 4.1399296211964395E-4 1.6094379124341003 6.662959687162493E-4
bar 2.0699648105982198E-4 3.2188758248682006 6.662959687162493E-4
neighbourhood 2.0699648105982198E-4 3.0853444322436783 6.386554403319557E-4
unthinkable 2.0699648105982198E-4 4.471638793363569 9.256134947968472E-4
diverse 2.0699648105982198E-4 1.7635885922613586 3.650566326353464E-4
examining 2.0699648105982198E-4 2.5257286443082556 5.228169414838036E-4
addition 0.001241978886358932 0.8080771472339223 0.0010036147554136896
impact 0.002483957772717864 0.7827593392496325 0.0019443411448966238
opportunity 2.0699648105982198E-4 1.6384254493073527 3.3914830248547975E-4
easy 2.0699648105982198E-4 1.5538680612792897 3.216452207160608E-4
distort 4.1399296211964395E-4 4.471638793363569 0.0018512269895936944
tags 2.0699648105982198E-4 2.5998366164619773 5.381570309381034E-4
unsupervised 2.0699648105982198E-4 2.0292917579943643 4.200562529485333E-4
looking 2.0699648105982198E-4 1.6990500711237875 3.5169738586706426E-4
competitive 2.0699648105982198E-4 2.5257286443082556 5.228169414838036E-4
evaluating 2.0699648105982198E-4 1.4512139072192063 3.003961720594507E-4
formed 4.1399296211964395E-4 1.9867321435755685 8.224931250571594E-4
greatly 2.0699648105982198E-4 2.2203469947570738 4.5960401464646526E-4
compare 0.0010349824052991099 0.9306794693262548 9.632368757257863E-4
strong 2.0699648105982198E-4 1.2135422553420867 2.511989764732119E-4
prove 2.0699648105982198E-4 2.073743520565198 4.2925761137760257E-4
affect 2.0699648105982198E-4 0.990398704027877 2.0500904657997867E-4
how 0.002276961291658042 0.5496654570822546 0.0012515669691378184
communications 2.0699648105982198E-4 3.2188758248682006 6.662959687162493E-4
see 0.0016559718484785758 1.0376515888784226 0.0017183218197117326
offered 2.0699648105982198E-4 2.120263536200091 4.388870909128733E-4
unlike 4.1399296211964395E-4 1.6682784124570338 6.906555216133445E-4
genre 2.0699648105982198E-4 3.7784916128036232 7.821344675644013E-4
subsequent 6.20989443179466E-4 1.3581234841531944 8.433803461932485E-4
embedded 2.0699648105982198E-4 1.8689491079191851 3.8686588861916476E-4
compared 0.0016559718484785758 0.2669461739726028 4.420553491576945E-4
incorrect 2.0699648105982198E-4 2.5998366164619773 5.381570309381034E-4
emotional 0.003932933140136618 2.5257286443082556 0.00993352188819227
words 0.0010349824052991099 0.9751312318970885 0.0010092436678711327
column 2.0699648105982198E-4 2.6798793241355137 5.547255897610253E-4
right 8.279859242392879E-4 1.4759065198095778 0.001222029823895324
procedure 2.0699648105982198E-4 1.1394342831883648 2.3585888701891218E-4
possible 0.001448975367418754 0.38566248081198473 5.588154348341737E-4
advantages 2.0699648105982198E-4 1.6094379124341003 3.3314798435812463E-4
taught 6.20989443179466E-4 3.0853444322436783 0.0019159663209958673
stage 8.279859242392879E-4 1.6990500711237875 0.001406789543468257
series 2.0699648105982198E-4 1.1758019273592397 2.4338686138671904E-4
extractive 2.0699648105982198E-4 4.471638793363569 9.256134947968472E-4
proposing 2.0699648105982198E-4 3.373026504695459 6.982046169934711E-4
visualization 2.0699648105982198E-4 2.456735772821304 5.085356598677922E-4
nltk 0.005588904988615194 3.2188758248682006 0.017989991155338732
language 0.001448975367418754 0.6988778552689304 0.0010126567971191292
developed 2.0699648105982198E-4 0.48265474679929443 9.990783415427333E-5
down 2.0699648105982198E-4 1.6384254493073527 3.3914830248547975E-4
shifting 2.0699648105982198E-4 3.373026504695459 6.982046169934711E-4
chinese 2.0699648105982198E-4 2.5998366164619773 5.381570309381034E-4
later 4.1399296211964395E-4 1.3361445774344192 5.531544514321752E-4
aggregating 2.0699648105982198E-4 3.373026504695459 6.982046169934711E-4
talk 2.0699648105982198E-4 2.456735772821304 5.085356598677922E-4
reply 2.0699648105982198E-4 4.471638793363569 9.256134947968472E-4
train 4.1399296211964395E-4 1.9867321435755685 8.224931250571594E-4
computational 2.0699648105982198E-4 1.3146383722134554 2.721255169143977E-4
possibly 2.0699648105982198E-4 1.6384254493073527 3.3914830248547975E-4
which 0.005588904988615194 0.023122417420854212 1.2922899407225496E-4
needs 2.0699648105982198E-4 1.1394342831883648 2.3585888701891218E-4
test 4.1399296211964395E-4 0.7104386776700063 2.941166125729689E-4
regarding 4.1399296211964395E-4 0.758066726659261 3.138342896540099E-4
graph 4.1399296211964395E-4 2.169053700369523 8.979729664125535E-4
take 2.0699648105982198E-4 0.8743265327751228 1.8098251558168552E-4
adjust 2.0699648105982198E-4 2.2203469947570738 4.5960401464646526E-4
final 2.0699648105982198E-4 0.6988778552689304 1.4466525673130417E-4
parts 6.20989443179466E-4 1.4035858582299516 8.716120005567905E-4
dictionaries 2.0699648105982198E-4 2.6798793241355137 5.547255897610253E-4
carrying 2.0699648105982198E-4 3.2188758248682006 6.662959687162493E-4
little 2.0699648105982198E-4 1.252762968495368 2.593175260805978E-4
some 0.001448975367418754 0.2160260835453457 3.1301647377715173E-4
deep 0.001241978886358932 1.4271163556401458 0.0017724483820825657
trained 6.20989443179466E-4 1.3805963400052528 8.573357524354706E-4
analytical 6.20989443179466E-4 1.9459101490553132 0.0012083896599391305
rather 2.0699648105982198E-4 0.758066726659261 1.5691714482700495E-4
additional 2.0699648105982198E-4 0.5300569856938783 1.097199307998092E-4
for 0.009935831090871455 0.017291497110061043 1.7180539459385843E-4
back 2.0699648105982198E-4 1.6682784124570338 3.4532776080667226E-4
training 6.20989443179466E-4 1.0059028905638423 6.246550759038557E-4
aggregation 2.0699648105982198E-4 3.0853444322436783 6.386554403319557E-4
expectation 2.0699648105982198E-4 3.2188758248682006 6.662959687162493E-4
title 4.1399296211964395E-4 2.9675613965872945 0.0012285495328450814
explained 4.1399296211964395E-4 1.6094379124341003 6.662959687162493E-4
primarily 6.20989443179466E-4 1.4512139072192063 9.01188516178352E-4
states 2.0699648105982198E-4 1.293584963015623 2.6776753529613394E-4
random 4.1399296211964395E-4 1.2329603411991883 5.104369038290989E-4
attuned 2.0699648105982198E-4 5.1647859739235145 0.001069092522029293
perhaps 4.1399296211964395E-4 1.9459101490553132 8.05593106626087E-4
related 8.279859242392879E-4 0.27443684570176036 2.272298453336869E-4
rate 2.0699648105982198E-4 0.7221347174331975 1.4947934535980076E-4
company 0.0037259366590767957 2.2203469947570738 0.008272872263636375
highlighting 2.0699648105982198E-4 2.2203469947570738 4.5960401464646526E-4
human 6.20989443179466E-4 0.9162907318741551 5.690068713770369E-4
just 4.1399296211964395E-4 1.3146383722134554 5.442510338287954E-4
notice 2.0699648105982198E-4 2.6798793241355137 5.547255897610253E-4
over 0.0010349824052991099 0.3364722366212129 3.4824284477459415E-4
outperform 2.0699648105982198E-4 2.5998366164619773 5.381570309381034E-4
length 2.0699648105982198E-4 1.2329603411991883 2.5521845191454944E-4
existing 2.0699648105982198E-4 0.9452782687474074 1.9566927525303403E-4
although 2.0699648105982198E-4 0.4285875255290187 8.871610961064349E-5
management 4.1399296211964395E-4 0.9452782687474074 3.9133855050606806E-4
interpret 2.0699648105982198E-4 2.120263536200091 4.388870909128733E-4
clicks 2.0699648105982198E-4 3.7784916128036232 7.821344675644013E-4
avoid 2.0699648105982198E-4 1.252762968495368 2.593175260805978E-4
fresh 2.0699648105982198E-4 3.373026504695459 6.982046169934711E-4
articles 8.279859242392879E-4 1.6682784124570338 0.001381311043226689
humans 2.0699648105982198E-4 2.120263536200091 4.388870909128733E-4
significantly 0.0016559718484785758 0.5900749954201312 9.771475809068617E-4
showing 2.0699648105982198E-4 1.5012243277938677 3.107481531347273E-4
presents 4.1399296211964395E-4 1.1394342831883648 4.7171777403782437E-4
very 0.001241978886358932 0.5596157879354227 6.950309930889124E-4
big 6.20989443179466E-4 1.6682784124570338 0.001035983282420017
placed 2.0699648105982198E-4 2.120263536200091 4.388870909128733E-4
improves 2.0699648105982198E-4 2.2203469947570738 4.5960401464646526E-4
bit 2.0699648105982198E-4 3.2188758248682006 6.662959687162493E-4
attempt 2.0699648105982198E-4 1.6682784124570338 3.4532776080667226E-4
output 4.1399296211964395E-4 1.1944940603713923 4.945121342874735E-4
improved 4.1399296211964395E-4 0.8607208807193443 3.5633238696723007E-4
relationships 2.0699648105982198E-4 1.5271998141971284 3.161249874140195E-4
striking 4.1399296211964395E-4 3.5553480614894135 0.0014718890753423364
appeared 2.0699648105982198E-4 1.79749014393704 3.720741345346802E-4
four 2.0699648105982198E-4 0.4643056081310978 9.610962701947791E-5
context 4.1399296211964395E-4 0.9162907318741551 3.7933791425135793E-4
easily 2.0699648105982198E-4 1.4271163556401458 2.954080636804276E-4
model 0.006416890912854482 0.48265474679929443 0.0030971428587824733
text 0.001241978886358932 0.8607208807193443 0.0010689971609016903
portal 4.1399296211964395E-4 3.7784916128036232 0.0015642689351288027
tasks 6.20989443179466E-4 1.293584963015623 8.033026058884018E-4
reduce 2.0699648105982198E-4 0.8340526336371831 1.7264596018157382E-4
encouraging 2.0699648105982198E-4 3.0853444322436783 6.386554403319557E-4
large 4.1399296211964395E-4 0.34450440831847723 1.426224004630417E-4
made 2.0699648105982198E-4 0.6109090823229731 1.2645603028834054E-4
portals 2.0699648105982198E-4 5.1647859739235145 0.001069092522029293
index 4.1399296211964395E-4 1.5538680612792897 6.432904414321216E-4
classified 2.0699648105982198E-4 1.2135422553420867 2.511989764732119E-4
being 4.1399296211964395E-4 0.48265474679929443 1.9981566830854666E-4
classification 6.20989443179466E-4 0.9751312318970885 6.055462007226797E-4
encoder 0.001241978886358932 2.6798793241355137 0.0033283535385661522
resulting 2.0699648105982198E-4 1.0059028905638423 2.0821835863461856E-4
traditional 6.20989443179466E-4 1.1758019273592397 7.301605841601572E-4
field 4.1399296211964395E-4 0.8472978603872037 3.5077535101933497E-4
contrast 2.0699648105982198E-4 1.5538680612792897 3.216452207160608E-4
gave 6.20989443179466E-4 2.073743520565198 0.0012877728341328077
interval 2.0699648105982198E-4 1.79749014393704 3.720741345346802E-4
become 4.1399296211964395E-4 0.8607208807193443 3.5633238696723007E-4
skew 2.0699648105982198E-4 3.7784916128036232 7.821344675644013E-4
works 4.1399296211964395E-4 1.3805963400052528 5.715571682903137E-4
brought 2.0699648105982198E-4 2.456735772821304 5.085356598677922E-4
explores 2.0699648105982198E-4 2.9675613965872945 6.142747664225407E-4
focuses 2.0699648105982198E-4 1.5538680612792897 3.216452207160608E-4
mention 4.1399296211964395E-4 2.2744142160273495 9.415914783801903E-4
streaming 2.0699648105982198E-4 3.7784916128036232 7.821344675644013E-4
file 2.0699648105982198E-4 2.7668907011251433 5.727366386100483E-4
library 2.0699648105982198E-4 1.79749014393704 3.720741345346802E-4
stream 2.0699648105982198E-4 3.0853444322436783 6.386554403319557E-4
modifications 2.0699648105982198E-4 2.6798793241355137 5.547255897610253E-4
may 0.0016559718484785758 0.15415067982725836 2.5526918621777414E-4
break 2.0699648105982198E-4 2.9675613965872945 6.142747664225407E-4
topics 2.0699648105982198E-4 1.6384254493073527 3.3914830248547975E-4
could 6.20989443179466E-4 0.22314355131420976 1.385697896796997E-4
change 6.20989443179466E-4 0.7104386776700063 4.4117491885945333E-4
health 2.0699648105982198E-4 0.990398704027877 2.0500904657997867E-4
positive 0.006002897950734837 0.6988778552689304 0.004195292445207821
draw 2.0699648105982198E-4 1.9867321435755685 4.112465625285797E-4
computation 2.0699648105982198E-4 2.5257286443082556 5.228169414838036E-4
machine 2.0699648105982198E-4 1.0872485300177945 2.2505661975114768E-4
able 4.1399296211964395E-4 0.7703368192510752 3.189140216315774E-4
gpus 2.0699648105982198E-4 4.0661736852554045 8.416836442259168E-4
shuffle 2.0699648105982198E-4 5.1647859739235145 0.001069092522029293
comparable 4.1399296211964395E-4 1.5812670354674039 6.546334239152986E-4
bidirectional 6.20989443179466E-4 2.2744142160273495 0.0014123872175702853
yaseen 2.0699648105982198E-4 5.1647859739235145 0.001069092522029293
use 0.00310494721589733 0.20895891632225325 6.488064054717033E-4
several 2.0699648105982198E-4 0.3526016185510966 7.298729425607465E-5
main 0.001241978886358932 0.6004377824556778 7.457310483821294E-4
posts 2.0699648105982198E-4 2.9675613965872945 6.142747664225407E-4
second 6.20989443179466E-4 0.4643056081310978 2.8832888105843375E-4
stands 0.0033119436969571516 2.6798793241355137 0.008875609436176405
that 0.010970813496170566 0.017291497110061043 1.8970178986405203E-4
faster 4.1399296211964395E-4 1.8325814637483102 7.586758285027159E-4
solution 2.0699648105982198E-4 1.293584963015623 2.6776753529613394E-4
than 0.002897950734837508 0.058840500022933395 1.7051687027966624E-4
publication 2.0699648105982198E-4 2.073743520565198 4.2925761137760257E-4
expressed 2.0699648105982198E-4 1.1758019273592397 2.4338686138671904E-4
different 0.005795901469675016 0.18805223150293962 0.0010899322049435542
selected 2.0699648105982198E-4 0.758066726659261 1.5691714482700495E-4
level 2.0699648105982198E-4 0.5798184952529422 1.2002038817076012E-4
experiences 2.0699648105982198E-4 1.79749014393704 3.720741345346802E-4
steps 2.0699648105982198E-4 1.3146383722134554 2.721255169143977E-4
labelled 4.1399296211964395E-4 2.120263536200091 8.777741818257466E-4
predicts 2.0699648105982198E-4 2.5998366164619773 5.381570309381034E-4
expansion 2.0699648105982198E-4 2.456735772821304 5.085356598677922E-4
feed 2.0699648105982198E-4 2.5998366164619773 5.381570309381034E-4
prediction 0.004139929621196439 1.6384254493073527 0.006782966049709595
present 6.20989443179466E-4 0.38566248081198473 2.3949232921464586E-4
since 2.0699648105982198E-4 0.377294231141468 7.809857817045498E-5
sentiment 0.01904367625750362 1.906689435902032 0.036310376340920505
code 4.1399296211964395E-4 1.8325814637483102 7.586758285027159E-4
belong 2.0699648105982198E-4 2.2203469947570738 4.5960401464646526E-4
transformer 2.0699648105982198E-4 2.7668907011251433 5.727366386100483E-4
movements 6.20989443179466E-4 3.2188758248682006 0.001998887906148748
best 2.0699648105982198E-4 0.6988778552689304 1.4466525673130417E-4
sentiments 2.0699648105982198E-4 2.456735772821304 5.085356598677922E-4
investigate 2.0699648105982198E-4 0.9600933545325481 1.9873594587715754E-4
total 0.0010349824052991099 0.5108256237659907 5.286955327737432E-4
considerable 2.0699648105982198E-4 1.7635885922613586 3.650566326353464E-4
prices 4.1399296211964395E-4 3.0853444322436783 0.0012773108806639114
make 6.20989443179466E-4 0.664976303593249 4.129432644959112E-4
categorize 2.0699648105982198E-4 3.5553480614894135 7.359445376711682E-4
allows 2.0699648105982198E-4 1.2135422553420867 2.511989764732119E-4
declines 2.0699648105982198E-4 4.471638793363569 9.256134947968472E-4
plays 4.1399296211964395E-4 1.79749014393704 7.441482690693604E-4
determine 0.001241978886358932 0.7221347174331975 8.968760721588045E-4
social 0.001448975367418754 1.0704414117014134 0.0015510432378203051
bert 0.002483957772717864 2.392197251683733 0.00594211695719412
decreasing 2.0699648105982198E-4 1.9459101490553132 4.027965533130435E-4
coloured 2.0699648105982198E-4 4.471638793363569 9.256134947968472E-4
compound 0.0010349824052991099 2.5998366164619773 0.0026907851546905167
structure 2.0699648105982198E-4 1.0216512475319812 2.1147821310949725E-4
processed 2.0699648105982198E-4 1.6990500711237875 3.5169738586706426E-4
due 6.20989443179466E-4 0.20895891632225325 1.2976128109434067E-4
easier 2.0699648105982198E-4 2.331572629867298 4.8262732971792545E-4
essentially 2.0699648105982198E-4 2.456735772821304 5.085356598677922E-4
properties 2.0699648105982198E-4 1.6094379124341003 3.3314798435812463E-4
architectures 2.0699648105982198E-4 2.7668907011251433 5.727366386100483E-4
emotive 2.0699648105982198E-4 5.1647859739235145 0.001069092522029293
about 0.001448975367418754 0.377294231141468 5.466900471931849E-4
observed 8.279859242392879E-4 0.6988778552689304 5.786610269252167E-4
meaning 4.1399296211964395E-4 1.121734706088964 4.643902736861784E-4
above 4.1399296211964395E-4 0.9021060968821986 3.7346557519445187E-4
recent 4.1399296211964395E-4 0.5596157879354227 2.3167699769630415E-4
they 0.002276961291658042 0.167573700159399 3.8155882876286264E-4
trends 4.1399296211964395E-4 1.7635885922613586 7.301132652706928E-4
based 0.002897950734837508 0.18805223150293962 5.449661024717771E-4
multitask 2.0699648105982198E-4 4.471638793363569 9.256134947968472E-4
them 8.279859242392879E-4 0.5696661237889241 4.7167553201318493E-4
received 2.0699648105982198E-4 0.9452782687474074 1.9566927525303403E-4
then 8.279859242392879E-4 0.4285875255290187 3.5486443844257395E-4
bigram 4.1399296211964395E-4 3.5553480614894135 0.0014718890753423364
benefit 2.0699648105982198E-4 1.293584963015623 2.6776753529613394E-4
remaining 2.0699648105982198E-4 1.293584963015623 2.6776753529613394E-4
pillar 2.0699648105982198E-4 5.1647859739235145 0.001069092522029293
highest 8.279859242392879E-4 1.0872485300177945 9.002264790045907E-4
unique 4.1399296211964395E-4 1.157452788691043 4.7917730850384726E-4
processing 6.20989443179466E-4 0.7221347174331975 4.484380360794023E-4
obtained 0.0010349824052991099 0.6004377824556778 6.214425403184411E-4
shared 2.0699648105982198E-4 1.730798769438368 3.582692546964123E-4
enhances 2.0699648105982198E-4 3.373026504695459 6.982046169934711E-4
fact 2.0699648105982198E-4 0.990398704027877 2.0500904657997867E-4
examine 4.1399296211964395E-4 1.4512139072192063 6.007923441189014E-4
focussing 6.20989443179466E-4 4.0661736852554045 0.0025250509326777506
fundamental 2.0699648105982198E-4 1.9459101490553132 4.027965533130435E-4
global 4.1399296211964395E-4 1.6682784124570338 6.906555216133445E-4
collecting 4.1399296211964395E-4 2.169053700369523 8.979729664125535E-4
extended 2.0699648105982198E-4 1.6682784124570338 3.4532776080667226E-4
long 4.1399296211964395E-4 0.7827593392496325 3.2405685748277064E-4
seen 4.1399296211964395E-4 0.8472978603872037 3.5077535101933497E-4
seem 2.0699648105982198E-4 1.6094379124341003 3.3314798435812463E-4
remember 2.0699648105982198E-4 3.7784916128036232 7.821344675644013E-4
into 0.0018629683295383979 0.10854016857520597 2.0220689653836757E-4
current 8.279859242392879E-4 0.4919571394616079 4.073335868032357E-4
variety 2.0699648105982198E-4 1.0872485300177945 2.2505661975114768E-4
managed 4.1399296211964395E-4 2.073743520565198 8.585152227552051E-4
vector 6.20989443179466E-4 1.3146383722134554 8.163765507431932E-4
relationship 2.0699648105982198E-4 0.9162907318741551 1.8966895712567897E-4
key 2.0699648105982198E-4 1.0216512475319812 2.1147821310949725E-4
measurements 2.0699648105982198E-4 2.120263536200091 4.388870909128733E-4
decision 2.0699648105982198E-4 1.157452788691043 2.3958865425192363E-4
strategies 4.1399296211964395E-4 1.4271163556401458 5.908161273608552E-4
one 0.0016559718484785758 0.06491954609931569 1.0750494075647392E-4
makes 4.1399296211964395E-4 1.0539121097502027 4.363121961292497E-4
analyzed 2.0699648105982198E-4 1.0872485300177945 2.2505661975114768E-4
launch 2.0699648105982198E-4 3.7784916128036232 7.821344675644013E-4
many 0.001448975367418754 0.20194134366360675 2.9260803263201143E-4
people 2.0699648105982198E-4 1.0539121097502027 2.1815609806462484E-4
connected 2.0699648105982198E-4 1.4512139072192063 3.003961720594507E-4
single 4.1399296211964395E-4 0.6429973968744738 2.661963969672837E-4
actually 2.0699648105982198E-4 1.5812670354674039 3.273167119576493E-4
appear 2.0699648105982198E-4 1.4512139072192063 3.003961720594507E-4
lstm 2.0699648105982198E-4 2.456735772821304 5.085356598677922E-4
texts 2.0699648105982198E-4 1.4512139072192063 3.003961720594507E-4
oldest 2.0699648105982198E-4 4.471638793363569 9.256134947968472E-4
showed 2.0699648105982198E-4 0.5398131606392429 1.1173942468210367E-4
ratio 0.0010349824052991099 1.1758019273592397 0.001216934306933595
but 0.004346926102256262 0.083381608939051 3.6245369234528483E-4
separate 4.1399296211964395E-4 1.3146383722134554 5.442510338287954E-4
available 4.1399296211964395E-4 0.5696661237889241 2.3583776600659246E-4
project 2.0699648105982198E-4 1.79749014393704 3.720741345346802E-4
contexts 2.0699648105982198E-4 2.0292917579943643 4.200562529485333E-4
zero 4.1399296211964395E-4 2.073743520565198 8.585152227552051E-4
emotionally 2.0699648105982198E-4 5.1647859739235145 0.001069092522029293
sector 2.0699648105982198E-4 2.2203469947570738 4.5960401464646526E-4
generate 2.0699648105982198E-4 1.3361445774344192 2.765772257160876E-4
emotions 2.0699648105982198E-4 2.456735772821304 5.085356598677922E-4
usual 2.0699648105982198E-4 2.456735772821304 5.085356598677922E-4
this 0.008486855723452702 0.017291497110061043 1.467504412155874E-4
collection 0.0018629683295383979 1.0216512475319812 0.0019033039179854752
modelling 2.0699648105982198E-4 1.906689435902032 3.946780037056576E-4
look 2.0699648105982198E-4 1.6682784124570338 3.4532776080667226E-4
sections 2.0699648105982198E-4 1.6094379124341003 3.3314798435812463E-4
incorrectly 2.0699648105982198E-4 3.2188758248682006 6.662959687162493E-4
remarkable 2.0699648105982198E-4 2.456735772821304 5.085356598677922E-4
especially 4.1399296211964395E-4 0.7104386776700063 2.941166125729689E-4
ripple 2.0699648105982198E-4 5.1647859739235145 0.001069092522029293
headlines 0.011384806458290209 4.0661736852554045 0.046292600432425425
know 2.0699648105982198E-4 1.8689491079191851 3.8686588861916476E-4
dataframe 0.0010349824052991099 5.1647859739235145 0.005345462610146465
sina 2.0699648105982198E-4 4.471638793363569 9.256134947968472E-4
support 2.0699648105982198E-4 0.7104386776700063 1.4705830628648444E-4
pretrain 2.0699648105982198E-4 5.1647859739235145 0.001069092522029293
higher 2.0699648105982198E-4 0.41985384556026406 8.690826859040862E-5
changed 2.0699648105982198E-4 1.79749014393704 3.720741345346802E-4
allow 2.0699648105982198E-4 1.252762968495368 2.593175260805978E-4
implements 2.0699648105982198E-4 2.8622008809294686 5.924655104387226E-4
breakthrough 2.0699648105982198E-4 4.0661736852554045 8.416836442259168E-4
needed 4.1399296211964395E-4 0.8080771472339223 3.3453825180456315E-4
changes 0.005381908507555371 0.9021060968821986 0.004855052477527874
proper 2.0699648105982198E-4 1.5538680612792897 3.216452207160608E-4
rule 2.0699648105982198E-4 1.730798769438368 3.582692546964123E-4
detect 2.0699648105982198E-4 1.3146383722134554 2.721255169143977E-4
learning 0.0010349824052991099 0.9306794693262548 9.632368757257863E-4
modifiers 2.0699648105982198E-4 3.5553480614894135 7.359445376711682E-4
themselves 2.0699648105982198E-4 1.6094379124341003 3.3314798435812463E-4
throughout 2.0699648105982198E-4 1.4759065198095778 3.05507455973831E-4
scraped 2.0699648105982198E-4 4.471638793363569 9.256134947968472E-4
summary 2.0699648105982198E-4 1.4271163556401458 2.954080636804276E-4
characteristics 4.1399296211964395E-4 0.7703368192510752 3.189140216315774E-4
figure 0.012212792382529498 0.20194134366360675 0.002466267703612668
cases 4.1399296211964395E-4 0.6004377824556778 2.4857701612737644E-4
previous 0.003932933140136618 0.32850406697203605 0.0012919845316639797
apply 4.1399296211964395E-4 1.3146383722134554 5.442510338287954E-4
separated 0.002483957772717864 2.169053700369523 0.005387837798475322
reading 4.1399296211964395E-4 1.9459101490553132 8.05593106626087E-4
calculating 2.0699648105982198E-4 2.169053700369523 4.4898648320627676E-4
nemes 0.003518940178016974 5.1647859739235145 0.01817457287449798
muhammad 2.0699648105982198E-4 4.0661736852554045 8.416836442259168E-4
suport 2.0699648105982198E-4 5.1647859739235145 0.001069092522029293
tagging 2.0699648105982198E-4 2.392197251683733 4.9517641309951E-4
trend 0.0010349824052991099 1.5271998141971284 0.0015806249370700976
frameworks 2.0699648105982198E-4 2.9675613965872945 6.142747664225407E-4
reach 2.0699648105982198E-4 1.730798769438368 3.582692546964123E-4
comparative 4.1399296211964395E-4 2.2744142160273495 9.415914783801903E-4
whole 2.0699648105982198E-4 1.252762968495368 2.593175260805978E-4
during 8.279859242392879E-4 0.28958865072236245 2.397753266175636E-4
reliable 2.0699648105982198E-4 1.6990500711237875 3.5169738586706426E-4
problem 4.1399296211964395E-4 0.9162907318741551 3.7933791425135793E-4
closing 6.20989443179466E-4 3.373026504695459 0.0020946138509804132
relate 2.0699648105982198E-4 2.0292917579943643 4.200562529485333E-4
filtered 2.0699648105982198E-4 2.456735772821304 5.085356598677922E-4
terms 6.20989443179466E-4 0.5696661237889241 3.5375664900988874E-4
enable 2.0699648105982198E-4 1.5012243277938677 3.107481531347273E-4
price 2.0699648105982198E-4 2.331572629867298 4.8262732971792545E-4
review 2.0699648105982198E-4 0.5696661237889241 1.1791888300329623E-4
emphasizing 2.0699648105982198E-4 4.0661736852554045 8.416836442259168E-4
between 0.006002897950734837 0.058840500022933395 3.5321351700788004E-4
khedr 2.0699648105982198E-4 5.1647859739235145 0.001069092522029293
still 4.1399296211964395E-4 0.5300569856938783 2.194398615996184E-4
transformers 2.0699648105982198E-4 3.0853444322436783 6.386554403319557E-4
goal 0.0016559718484785758 1.4759065198095778 0.002444059647790648
natural 4.1399296211964395E-4 0.6429973968744738 2.661963969672837E-4
method 4.1399296211964395E-4 0.4734380916943703 1.9600003796082396E-4
work 8.279859242392879E-4 0.5696661237889241 4.7167553201318493E-4
conclude 2.0699648105982198E-4 2.073743520565198 4.2925761137760257E-4
reduced 0.0010349824052991099 0.9452782687474074 9.7834637626517E-4
vader 0.004139929621196439 3.7784916128036232 0.015642689351288028
smartsa 2.0699648105982198E-4 5.1647859739235145 0.001069092522029293
freshly 2.0699648105982198E-4 5.1647859739235145 0.001069092522029293
examples 2.0699648105982198E-4 1.1394342831883648 2.3585888701891218E-4
among 6.20989443179466E-4 0.32850406697203605 2.0399755763115466E-4
following 0.0020699648105982197 0.2160260835453457 4.471663911102167E-4
labelling 4.1399296211964395E-4 2.392197251683733 9.9035282619902E-4
word 4.1399296211964395E-4 1.1394342831883648 4.7171777403782437E-4
stated 2.0699648105982198E-4 1.9459101490553132 4.027965533130435E-4
range 2.0699648105982198E-4 0.6988778552689304 1.4466525673130417E-4
tracked 2.0699648105982198E-4 4.0661736852554045 8.416836442259168E-4
our 0.0016559718484785758 0.19497267434751336 3.228692599420631E-4
tools 0.002483957772717864 1.252762968495368 0.003111810312967174
specified 4.1399296211964395E-4 1.8325814637483102 7.586758285027159E-4
across 4.1399296211964395E-4 0.7703368192510752 3.189140216315774E-4
get 4.1399296211964395E-4 1.3805963400052528 5.715571682903137E-4
course 2.0699648105982198E-4 1.6990500711237875 3.5169738586706426E-4
billah 2.0699648105982198E-4 5.1647859739235145 0.001069092522029293
place 2.0699648105982198E-4 1.3805963400052528 2.857785841451569E-4
simplest 2.0699648105982198E-4 3.5553480614894135 7.359445376711682E-4
include 2.0699648105982198E-4 0.5013468798114469 1.0377703991129101E-4
gathering 2.0699648105982198E-4 3.0853444322436783 6.386554403319557E-4
help 6.20989443179466E-4 0.8743265327751228 5.429475467450567E-4
expect 6.20989443179466E-4 2.2203469947570738 0.0013788120439393958
site 2.0699648105982198E-4 1.730798769438368 3.582692546964123E-4
prone 2.0699648105982198E-4 2.5257286443082556 5.228169414838036E-4
asset 2.0699648105982198E-4 3.2188758248682006 6.662959687162493E-4
runs 4.1399296211964395E-4 2.5998366164619773 0.0010763140618762067
first 8.279859242392879E-4 0.167573700159399 1.387486650046773E-4
date 2.0699648105982198E-4 1.8689491079191851 3.8686588861916476E-4
reveal 2.0699648105982198E-4 1.9867321435755685 4.112465625285797E-4
data 0.0103498240529911 0.167573700159399 0.0017343583125584664
own 6.20989443179466E-4 1.3361445774344192 8.297316771482628E-4
fewer 2.0699648105982198E-4 1.6384254493073527 3.3914830248547975E-4
multiplicative 2.0699648105982198E-4 4.471638793363569 9.256134947968472E-4
realistic 2.0699648105982198E-4 2.392197251683733 4.9517641309951E-4
only 6.20989443179466E-4 0.10854016857520597 6.740229884612252E-5
should 8.279859242392879E-4 0.368995428326773 3.055230207632151E-4
create 8.279859242392879E-4 1.0704414117014134 8.863104216116029E-4
from 0.0074518733181535915 0.023122417420854212 1.723053254296733E-4
assessing 2.0699648105982198E-4 2.073743520565198 4.2925761137760257E-4
mechanisms 4.1399296211964395E-4 1.4759065198095778 6.11014911947662E-4
development 2.0699648105982198E-4 0.6004377824556778 1.2428850806368822E-4
demonstrates 2.0699648105982198E-4 2.120263536200091 4.388870909128733E-4
individual 4.1399296211964395E-4 0.7221347174331975 2.989586907196015E-4
like 0.001241978886358932 0.7827593392496325 9.721705724483119E-4
insights 2.0699648105982198E-4 1.6990500711237875 3.5169738586706426E-4
proposes 2.0699648105982198E-4 2.456735772821304 5.085356598677922E-4
capture 2.0699648105982198E-4 1.293584963015623 2.6776753529613394E-4
published 0.003518940178016974 0.03488725900044054 1.227661773975345E-4
decoder 2.0699648105982198E-4 3.5553480614894135 7.359445376711682E-4
sequence 8.279859242392879E-4 1.4271163556401458 0.0011816322547217105
techniques 2.0699648105982198E-4 0.9751312318970885 2.0184873357422656E-4
here 2.0699648105982198E-4 1.3361445774344192 2.765772257160876E-4
summarization 2.0699648105982198E-4 4.0661736852554045 8.416836442259168E-4
purpose 4.1399296211964395E-4 1.0539121097502027 4.363121961292497E-4
timestamps 6.20989443179466E-4 5.1647859739235145 0.003207277566087879
normalized 0.0010349824052991099 2.392197251683733 0.00247588206549755
according 8.279859242392879E-4 0.4919571394616079 4.073335868032357E-4
distinct 2.0699648105982198E-4 1.6990500711237875 3.5169738586706426E-4
scale 2.0699648105982198E-4 1.4271163556401458 2.954080636804276E-4
error 8.279859242392879E-4 1.5538680612792897 0.0012865808828642431
platform 2.0699648105982198E-4 1.8325814637483102 3.7933791425135793E-4
network 0.002897950734837508 1.0704414117014134 0.0031020864756406102
aggregate 0.0020699648105982197 2.5998366164619773 0.005381570309381033
aware 2.0699648105982198E-4 2.169053700369523 4.4898648320627676E-4
can 0.010556820534050921 0.0958817717032825 0.0010122066563583952
inclusion 2.0699648105982198E-4 1.3581234841531944 2.8112678206441613E-4
security 2.0699648105982198E-4 2.073743520565198 4.2925761137760257E-4
public 6.20989443179466E-4 1.3361445774344192 8.297316771482628E-4
paper 2.0699648105982198E-4 0.9306794693262548 1.9264737514515726E-4
ready 2.0699648105982198E-4 2.8622008809294686 5.924655104387226E-4
bayes 4.1399296211964395E-4 2.7668907011251433 0.0011454732772200966
said 2.0699648105982198E-4 2.169053700369523 4.4898648320627676E-4
value 0.00620989443179466 0.6214911916535102 0.0038593946904585605
arras 2.0699648105982198E-4 5.1647859739235145 0.001069092522029293
aims 4.1399296211964395E-4 1.4271163556401458 5.908161273608552E-4
will 8.279859242392879E-4 0.3526016185510966 2.919491770242986E-4
traded 2.0699648105982198E-4 4.471638793363569 9.256134947968472E-4
february 0.003518940178016974 2.2203469947570738 0.00781326824898991
reads 4.1399296211964395E-4 3.2188758248682006 0.0013325919374324985
follow 4.1399296211964395E-4 1.4512139072192063 6.007923441189014E-4
really 4.1399296211964395E-4 2.5998366164619773 0.0010763140618762067
performance 2.0699648105982198E-4 0.7703368192510752 1.594570108157887E-4
growth 2.0699648105982198E-4 1.4512139072192063 3.003961720594507E-4
category 4.1399296211964395E-4 1.252762968495368 5.186350521611956E-4
