optimal 0.0014503263234227702 1.2329603411991883 0.001788194838577503
allowed 7.251631617113851E-4 1.4512139072192063 0.0010523668652786123
analyse 2.4172105390379503E-4 2.0292917579943643 4.905225424206828E-4
shooting 2.4172105390379503E-4 3.5553480614894135 8.594024804180356E-4
scenarios 2.4172105390379503E-4 1.9867321435755685 4.8023498756963226E-4
without 0.0014503263234227702 0.32850406697203605 4.764380956809805E-4
setting 2.4172105390379503E-4 1.3581234841531944 3.282870399210042E-4
these 0.005801305293691081 0.03488725900044054 2.0239164032162752E-4
acuity 0.002175489485134155 1.5271998141971284 0.003322407137484688
would 0.0036258158085569255 0.5013468798114469 0.0018177914423910331
poor 2.4172105390379503E-4 1.0539121097502027 2.547527458907911E-4
visual 0.01595358955765047 1.157452788691043 0.018465526723134843
warrant 2.4172105390379503E-4 3.373026504695459 8.153315215604204E-4
because 0.001692047377326565 0.34450440831847723 5.829177805727195E-4
moving 4.8344210780759005E-4 2.120263536200091 0.0010250246730481465
unlikely 2.4172105390379503E-4 2.456735772821304 5.938447601695199E-4
agreement 4.8344210780759005E-4 1.906689435902032 9.217739598269433E-4
thus 4.8344210780759005E-4 0.8881198549074587 4.293545346422329E-4
analysis 0.0019337684312303602 0.15415067982725836 2.980917183026509E-4
community 2.4172105390379503E-4 1.730798769438368 4.1837050264403387E-4
adapted 2.4172105390379503E-4 1.9459101490553132 4.703674520317412E-4
size 0.002175489485134155 0.127833371509885 2.7810015556900287E-4
correlation 0.0026589315929417454 1.3805963400052528 0.0036709112255397104
selection 2.4172105390379503E-4 1.1043429633770947 2.6694294497875144E-4
object 2.4172105390379503E-4 2.169053700369523 5.243059464272475E-4
appropriate 9.668842156151801E-4 1.0704414117014134 0.001034992904714927
poorly 2.4172105390379503E-4 2.8622008809294686 6.918542134226416E-4
statistical 2.4172105390379503E-4 0.653926467406664 1.580677948771245E-4
achieve 7.251631617113851E-4 1.0376515888784226 7.524667069459193E-4
least 4.8344210780759005E-4 0.653926467406664 3.16135589754249E-4
plausible 2.4172105390379503E-4 2.8622008809294686 6.918542134226416E-4
result 2.4172105390379503E-4 0.4285875255290187 1.0359862836089406E-4
swimming 4.8344210780759005E-4 4.471638793363569 0.0021617784836178724
blindfolded 2.4172105390379503E-4 5.1647859739235145 0.0012484375088043303
same 0.001692047377326565 0.2972515234679317 5.029636606902398E-4
variations 2.4172105390379503E-4 2.331572629867298 5.635901933447662E-4
spanning 2.4172105390379503E-4 3.2188758248682006 7.78070056772589E-4
aspect 2.4172105390379503E-4 1.6682784124570338 4.032580160640643E-4
certified 2.4172105390379503E-4 3.5553480614894135 8.594024804180356E-4
after 9.668842156151801E-4 0.12136085700426753 1.1734189703095725E-4
close 2.4172105390379503E-4 1.1394342831883648 2.754252557864068E-4
agreed 2.4172105390379503E-4 2.2744142160273495 5.497738013119047E-4
hand 2.4172105390379503E-4 1.5271998141971284 3.691563486094098E-4
federation 2.4172105390379503E-4 4.471638793363569 0.0010808892418089362
committee 4.8344210780759005E-4 2.120263536200091 0.0010250246730481465
representing 2.4172105390379503E-4 1.3361445774344192 3.2297427542528866E-4
the 0.07952622673434856 0.017291497110061043 0.0013751275197510474
component 2.4172105390379503E-4 1.3361445774344192 3.2297427542528866E-4
blue 9.668842156151801E-4 2.456735772821304 0.0023753790406780798
severe 0.001692047377326565 1.157452788691043 0.0019584649554839984
information 0.001208605269518975 0.3049735695618419 3.685926632364538E-4
bimodally 2.4172105390379503E-4 5.1647859739235145 0.0012484375088043303
november 0.0019337684312303602 1.1758019273592397 0.002273728648507111
organised 2.4172105390379503E-4 3.0853444322436783 7.457927078181481E-4
evidence 4.8344210780759005E-4 0.9306794693262548 4.49929644344334E-4
official 2.4172105390379503E-4 2.392197251683733 5.78244440822754E-4
good 2.4172105390379503E-4 0.8080771472339223 1.9532925966495585E-4
analyses 0.00241721053903795 0.9021060968821986 0.0021805803647140403
red 0.0014503263234227702 1.9459101490553132 0.0028222047121904473
assessment 0.0014503263234227702 1.3146383722134554 0.001906654637002836
besides 4.8344210780759005E-4 1.8689491079191851 9.03528696117566E-4
discrimination 4.8344210780759005E-4 3.7784916128036232 0.0018266819496270841
others 9.668842156151801E-4 1.1758019273592397 0.0011368643242535554
predicted 2.4172105390379503E-4 1.5271998141971284 3.691563486094098E-4
area 4.8344210780759005E-4 0.9600933545325481 4.641495550072749E-4
add 2.4172105390379503E-4 1.7635885922613586 4.2629649317412583E-4
analysed 9.668842156151801E-4 1.8325814637483102 0.0017718940911272036
making 2.4172105390379503E-4 1.0704414117014134 2.587482261787318E-4
need 0.00241721053903795 0.5013468798114469 0.0012118609615940218
often 0.001208605269518975 0.5900749954201312 7.131677488761557E-4
obtaining 2.4172105390379503E-4 2.0292917579943643 4.905225424206828E-4
analyser 2.4172105390379503E-4 4.471638793363569 0.0010808892418089362
volume 2.4172105390379503E-4 1.4512139072192063 3.507889550928708E-4
tests 0.001208605269518975 1.3581234841531944 0.001641435199605021
success 2.4172105390379503E-4 1.6384254493073527 3.960419263493722E-4
therefore 0.00241721053903795 1.1394342831883648 0.0027542525578640674
young 2.4172105390379503E-4 1.9459101490553132 4.703674520317412E-4
applied 2.4172105390379503E-4 0.6109090823229731 1.4766958721850934E-4
provided 7.251631617113851E-4 0.7104386776700063 5.151839577012374E-4
divided 2.4172105390379503E-4 1.1758019273592397 2.8421608106338886E-4
lines 0.0019337684312303602 1.9459101490553132 0.0037629396162539297
identify 4.8344210780759005E-4 0.6214911916535102 3.004550116768239E-4
approval 2.4172105390379503E-4 1.9459101490553132 4.703674520317412E-4
perform 9.668842156151801E-4 0.9600933545325481 9.282991100145498E-4
multiple 0.0014503263234227702 0.5108256237659907 7.408638488266726E-4
objectively 2.4172105390379503E-4 3.373026504695459 8.153315215604204E-4
recorded 2.4172105390379503E-4 1.5012243277938677 3.6287752666034994E-4
improvement 2.4172105390379503E-4 1.157452788691043 2.797807079262855E-4
better 0.0026589315929417454 0.4285875255290187 0.0011395849119698346
ranging 2.4172105390379503E-4 1.6094379124341003 3.890350283862945E-4
with 0.017645636934977036 0.017291497110061043 3.0511948006634184E-4
berkeley 2.4172105390379503E-4 5.1647859739235145 0.0012484375088043303
there 9.668842156151801E-4 0.12136085700426753 1.1734189703095725E-4
well 4.8344210780759005E-4 0.3127557100038969 1.511992796731433E-4
progressive 2.4172105390379503E-4 2.9675613965872945 7.173220683072987E-4
achieved 2.4172105390379503E-4 1.121734706088964 2.7114689535628813E-4
suitable 7.251631617113851E-4 1.121734706088964 8.134406860688644E-4
considered 9.668842156151801E-4 0.32059888746492277 3.0998200383362123E-4
approach 2.4172105390379503E-4 0.5398131606392429 1.304842061008564E-4
years 4.8344210780759005E-4 0.7104386776700063 3.434559718008249E-4
number 0.0019337684312303602 0.167573700159399 3.240487312727078E-4
ibsa 7.251631617113851E-4 5.1647859739235145 0.003745312526412991
implication 2.4172105390379503E-4 2.8622008809294686 6.918542134226416E-4
narrow 2.4172105390379503E-4 2.5257286443082556 6.10521789777195E-4
order 2.4172105390379503E-4 0.6214911916535102 1.5022750583841194E-4
algorithm 4.8344210780759005E-4 1.0059028905638423 4.862958136639315E-4
poorer 2.4172105390379503E-4 2.456735772821304 5.938447601695199E-4
splitting 9.668842156151801E-4 3.373026504695459 0.0032613260862416815
similar 4.8344210780759005E-4 0.20895891632225325 1.0101953895201994E-4
antithesis 2.4172105390379503E-4 5.1647859739235145 0.0012484375088043303
considering 2.4172105390379503E-4 0.9162907318741551 2.2148676139090046E-4
testing 2.4172105390379503E-4 1.293584963015623 3.1268672057423814E-4
distributed 2.4172105390379503E-4 1.6094379124341003 3.890350283862945E-4
philosophers 4.8344210780759005E-4 3.7784916128036232 0.0018266819496270841
system 0.0014503263234227702 0.44628710262841953 6.472619327460762E-4
likelihood 2.4172105390379503E-4 1.7635885922613586 4.2629649317412583E-4
even 0.002175489485134155 0.377294231141468 8.207996326500391E-4
strongly 2.4172105390379503E-4 1.6990500711237875 4.106961738273598E-4
binary 2.4172105390379503E-4 1.6990500711237875 4.106961738273598E-4
authors 0.0019337684312303602 0.023122417420854212 4.47134008621788E-5
women 9.668842156151801E-4 2.169053700369523 0.00209722378570899
other 0.0031423737007493352 0.0408219945202552 1.2827796199258343E-4
aim 0.0019337684312303602 1.0376515888784226 0.002006577885189118
against 0.001692047377326565 0.9600933545325481 0.001624523442525462
retain 2.4172105390379503E-4 4.0661736852554045 9.828797885558145E-4
combatants 2.4172105390379503E-4 5.1647859739235145 0.0012484375088043303
recursive 4.8344210780759005E-4 3.5553480614894135 0.0017188049608360713
indicating 4.8344210780759005E-4 1.5271998141971284 7.383126972188197E-4
accommodate 2.4172105390379503E-4 4.471638793363569 0.0010808892418089362
indicates 2.4172105390379503E-4 1.0376515888784226 2.5082223564863975E-4
too 9.668842156151801E-4 1.3361445774344192 0.0012918971017011546
have 0.0031423737007493352 0.028987536873252187 9.108967352000929E-5
decisions 2.4172105390379503E-4 1.6094379124341003 3.890350283862945E-4
outcome 7.251631617113851E-4 1.3361445774344192 9.68922826275866E-4
anonymised 2.4172105390379503E-4 4.0661736852554045 9.828797885558145E-4
particularly 4.8344210780759005E-4 0.9751312318970885 4.7141949813734034E-4
linear 0.00241721053903795 1.3146383722134554 0.00317775772833806
competitions 0.002175489485134155 4.0661736852554045 0.00884591809700233
boxplot 7.251631617113851E-4 5.1647859739235145 0.003745312526412991
learners 2.4172105390379503E-4 3.373026504695459 8.153315215604204E-4
future 4.8344210780759005E-4 0.48265474679929443 2.3333562813598958E-4
stored 4.8344210780759005E-4 1.9867321435755685 9.604699751392645E-4
retains 2.4172105390379503E-4 3.7784916128036232 9.133409748135421E-4
equally 2.4172105390379503E-4 2.073743520565198 5.012674693171859E-4
findings 0.0014503263234227702 0.7459453661269161 0.0010818642003291024
harmful 2.4172105390379503E-4 3.0853444322436783 7.457927078181481E-4
perception 4.8344210780759005E-4 1.3805963400052528 6.674384046435836E-4
points 0.001692047377326565 0.9751312318970885 0.001649968243480691
amongst 2.4172105390379503E-4 3.5553480614894135 8.594024804180356E-4
earlier 0.001208605269518975 1.5012243277938677 0.0018143876333017496
whether 0.0019337684312303602 0.5300569856938783 0.0010250074656879445
function 0.010394005317863187 0.6321864807702582 0.006570949643007277
all 0.00870195794053662 0.017291497110061043 1.5046988058066172E-4
border 2.4172105390379503E-4 4.0661736852554045 9.828797885558145E-4
new 0.001692047377326565 0.38566248081198473 6.525591891911755E-4
including 2.4172105390379503E-4 0.2669461739726028 6.452651050824336E-5
differs 2.4172105390379503E-4 1.8689491079191851 4.51764348058783E-4
less 0.0019337684312303602 0.368995428326773 7.135517105666387E-4
basis 0.0031423737007493352 1.3146383722134554 0.004131085046839478
differed 2.4172105390379503E-4 2.9675613965872945 7.173220683072987E-4
condition 2.4172105390379503E-4 1.5271998141971284 3.691563486094098E-4
were 0.005317863185883491 0.0958817717032825 5.098861439381715E-4
collect 2.4172105390379503E-4 1.6682784124570338 4.032580160640643E-4
functionally 9.668842156151801E-4 4.471638793363569 0.004323556967235745
cause 4.8344210780759005E-4 1.1394342831883648 5.508505115728136E-4
lightweight 2.4172105390379503E-4 4.471638793363569 0.0010808892418089362
represents 0.0026589315929417454 0.9751312318970885 0.002592807239755372
blindfold 2.4172105390379503E-4 5.1647859739235145 0.0012484375088043303
summarised 2.4172105390379503E-4 2.7668907011251433 6.6881573631258E-4
and 0.029489968576262994 0.017291497110061043 5.099257064122426E-4
measurable 2.4172105390379503E-4 3.5553480614894135 8.594024804180356E-4
visualisations 4.8344210780759005E-4 3.7784916128036232 0.0018266819496270841
specific 0.0014503263234227702 0.40261203912575794 5.83918838471005E-4
despite 2.4172105390379503E-4 0.7221347174331975 1.7455516495847173E-4
any 7.251631617113851E-4 0.2669461739726028 1.9357953152473008E-4
suggested 0.0026589315929417454 1.121734706088964 0.0029826158489191694
partitioning 4.8344210780759005E-4 4.0661736852554045 0.001965759577111629
machines 2.4172105390379503E-4 2.2203469947570738 5.367046156048039E-4
sport 0.005076142131979695 3.7784916128036232 0.01918016047108438
splits 9.668842156151801E-4 3.5553480614894135 0.0034376099216721426
accurate 4.8344210780759005E-4 1.3805963400052528 6.674384046435836E-4
octopus 2.4172105390379503E-4 5.1647859739235145 0.0012484375088043303
maintain 2.4172105390379503E-4 1.79749014393704 4.3449121197414555E-4
establishing 4.8344210780759005E-4 3.2188758248682006 0.001556140113545178
led 2.4172105390379503E-4 1.3581234841531944 3.282870399210042E-4
discussion 2.4172105390379503E-4 0.2595111954850846 6.272931967248842E-5
concern 2.4172105390379503E-4 1.6384254493073527 3.960419263493722E-4
fully 2.4172105390379503E-4 1.2729656758128876 3.0770260474084787E-4
eliminated 2.4172105390379503E-4 3.2188758248682006 7.78070056772589E-4
using 0.001692047377326565 0.083381608939051 1.4108563272259052E-4
separately 2.4172105390379503E-4 2.331572629867298 5.635901933447662E-4
remain 2.4172105390379503E-4 1.5538680612792897 3.7560262539987663E-4
expected 0.001208605269518975 0.9600933545325481 0.0011603738875181871
sampling 4.8344210780759005E-4 1.8689491079191851 9.03528696117566E-4
noting 2.4172105390379503E-4 2.331572629867298 5.635901933447662E-4
monitoring 2.4172105390379503E-4 1.8325814637483102 4.429735227818009E-4
each 0.005076142131979695 0.13434805253107854 6.81969809802429E-4
univariate 2.4172105390379503E-4 2.8622008809294686 6.918542134226416E-4
input 2.4172105390379503E-4 1.0216512475319812 2.4695461627555746E-4
rendered 2.4172105390379503E-4 4.0661736852554045 9.828797885558145E-4
toolkit 2.4172105390379503E-4 2.9675613965872945 7.173220683072987E-4
comparisons 0.001208605269518975 1.9867321435755685 0.002401174937848161
difference 4.8344210780759005E-4 0.6004377824556778 2.902769071576881E-4
philosophical 2.4172105390379503E-4 4.0661736852554045 9.828797885558145E-4
argued 2.4172105390379503E-4 2.2203469947570738 5.367046156048039E-4
frequently 9.668842156151801E-4 1.157452788691043 0.001119122831705142
another 0.001208605269518975 0.40261203912575794 4.865990320591708E-4
recommend 2.4172105390379503E-4 2.392197251683733 5.78244440822754E-4
two 0.004592700024172105 0.11492996667397702 5.278388607216735E-4
ravensbergen 0.0019337684312303602 5.1647859739235145 0.009987500070434642
worth 2.4172105390379503E-4 1.8325814637483102 4.429735227818009E-4
paralympic 0.0014503263234227702 5.1647859739235145 0.007490625052825982
found 0.001692047377326565 0.27443684570176036 4.643601450114388E-4
are 0.005317863185883491 0.028987536873252187 1.5415175518770804E-4
does 7.251631617113851E-4 0.5696661237889241 4.131008874466455E-4
mcnamee 2.4172105390379503E-4 5.1647859739235145 0.0012484375088043303
taken 4.8344210780759005E-4 0.990398704027877 4.788004370451424E-4
where 0.0019337684312303602 0.32850406697203605 6.352507942413073E-4
broader 2.4172105390379503E-4 2.331572629867298 5.635901933447662E-4
black 0.001208605269518975 2.392197251683733 0.0028912222041137694
consensus 2.4172105390379503E-4 2.073743520565198 5.012674693171859E-4
such 7.251631617113851E-4 0.10219094089654716 7.410510579880142E-5
nlp 0.0014503263234227702 0.41119578281714936 5.963680679001441E-4
blindfolding 2.4172105390379503E-4 5.1647859739235145 0.0012484375088043303
abovementioned 2.4172105390379503E-4 3.5553480614894135 8.594024804180356E-4
dataset 9.668842156151801E-4 1.2729656758128876 0.0012308104189633915
supported 9.668842156151801E-4 1.79749014393704 0.0017379648478965822
through 4.8344210780759005E-4 0.2595111954850846 1.2545863934497684E-4
metres 2.4172105390379503E-4 5.1647859739235145 0.0012484375088043303
medical 2.4172105390379503E-4 0.9600933545325481 2.3207477750363746E-4
administration 2.4172105390379503E-4 2.2744142160273495 5.497738013119047E-4
remains 7.251631617113851E-4 1.4512139072192063 0.0010523668652786123
had 0.001208605269518975 0.32059888746492277 3.8747750479202654E-4
individuals 2.4172105390379503E-4 1.4759065198095778 3.5675767943185347E-4
anymore 2.4172105390379503E-4 3.7784916128036232 9.133409748135421E-4
repeated 2.4172105390379503E-4 1.79749014393704 4.3449121197414555E-4
challenging 2.4172105390379503E-4 1.5538680612792897 3.7560262539987663E-4
research 0.0026589315929417454 0.41119578281714936 0.001093341457816931
either 0.001208605269518975 0.7827593392496325 9.460470621822968E-4
kinaesthetic 2.4172105390379503E-4 5.1647859739235145 0.0012484375088043303
white 4.8344210780759005E-4 2.5998366164619773 0.0012568704938177313
tweedy 2.4172105390379503E-4 5.1647859739235145 0.0012484375088043303
has 9.668842156151801E-4 0.05279818556697083 5.104973223782531E-5
starts 2.4172105390379503E-4 2.2203469947570738 5.367046156048039E-4
results 0.0036258158085569255 0.08961215868968714 3.249171816159795E-4
those 0.004109257916364515 0.3364722366212129 0.0013826512019725935
stability 7.251631617113851E-4 2.392197251683733 0.0017347333224682618
might 0.006043026347594876 0.7339691750802005 0.004435395063332128
weight 0.0036258158085569255 1.3361445774344192 0.00484461413137933
athletes 0.01885424220449601 4.471638793363569 0.08430936086109701
significant 7.251631617113851E-4 0.377294231141468 2.7359987755001304E-4
worse 0.0038675368624607204 1.6094379124341003 0.006224560454180712
decrease 2.4172105390379503E-4 1.3146383722134554 3.1777577283380597E-4
measure 0.001692047377326565 1.0216512475319812 0.0017286823139289022
institutional 2.4172105390379503E-4 1.3361445774344192 3.2297427542528866E-4
overall 4.8344210780759005E-4 0.7339691750802005 3.5483160506657026E-4
leaving 2.4172105390379503E-4 2.5257286443082556 6.10521789777195E-4
fields 2.4172105390379503E-4 1.4759065198095778 3.5675767943185347E-4
full 0.001692047377326565 0.14750613710858965 2.495873724341618E-4
next 4.8344210780759005E-4 0.8080771472339223 3.906585193299117E-4
blind 0.00241721053903795 3.373026504695459 0.008153315215604202
distance 2.4172105390379503E-4 1.4271163556401458 3.449640695286792E-4
counterintuitive 2.4172105390379503E-4 5.1647859739235145 0.0012484375088043303
classes 0.00435097897026831 1.7635885922613586 0.007673336877134265
show 4.8344210780759005E-4 0.6321864807702582 3.056255647910361E-4
aspects 2.4172105390379503E-4 1.0872485300177945 2.6281086053125323E-4
recursively 2.4172105390379503E-4 4.0661736852554045 9.828797885558145E-4
conclusion 7.251631617113851E-4 0.653926467406664 4.742033846313735E-4
not 0.007493352671017646 0.03488725900044054 2.6142253541543554E-4
negative 4.8344210780759005E-4 0.6429973968744738 3.1085201685978914E-4
now 2.4172105390379503E-4 1.4035858582299516 3.392762528958065E-4
dotted 9.668842156151801E-4 3.2188758248682006 0.003112280227090356
effectively 2.4172105390379503E-4 1.6384254493073527 3.960419263493722E-4
was 0.00676818950930626 0.058840500022933395 3.9824365497755256E-4
yet 0.00338409475465313 1.4271163556401458 0.004829496973401509
experimentally 2.4172105390379503E-4 3.5553480614894135 8.594024804180356E-4
way 4.8344210780759005E-4 0.9306794693262548 4.49929644344334E-4
target 2.4172105390379503E-4 1.0704414117014134 2.587482261787318E-4
equal 7.251631617113851E-4 1.3805963400052528 0.0010011576069653754
bevers 2.4172105390379503E-4 5.1647859739235145 0.0012484375088043303
what 7.251631617113851E-4 0.8209805520698303 5.953448528425166E-4
separating 2.4172105390379503E-4 2.9675613965872945 7.173220683072987E-4
clarity 2.4172105390379503E-4 3.0853444322436783 7.457927078181481E-4
refer 2.4172105390379503E-4 1.6682784124570338 4.032580160640643E-4
observing 2.4172105390379503E-4 2.5998366164619773 6.284352469088656E-4
risk 2.4172105390379503E-4 0.8209805520698303 1.9844828428083885E-4
time 7.251631617113851E-4 0.20194134366360675 1.4644042325134645E-4
measured 0.0014503263234227702 1.0704414117014134 0.0015524893570723907
resamples 2.4172105390379503E-4 5.1647859739235145 0.0012484375088043303
moshfeghi 2.4172105390379503E-4 4.471638793363569 0.0010808892418089362
criteria 0.00241721053903795 1.121734706088964 0.0027114689535628813
eligibility 4.8344210780759005E-4 3.373026504695459 0.0016306630431208407
collected 0.0019337684312303602 0.8340526336371831 0.001612864652912126
decide 4.8344210780759005E-4 2.5257286443082556 0.00122104357955439
when 0.00338409475465313 0.14750613710858965 4.991747448683236E-4
three 0.001208605269518975 0.22314355131420976 2.6969247197753174E-4
required 4.8344210780759005E-4 0.5900749954201312 2.852670995504623E-4
excluded 2.4172105390379503E-4 1.293584963015623 3.1268672057423814E-4
measures 0.002175489485134155 1.2329603411991883 0.0026822922578662546
subgroups 9.668842156151801E-4 3.0853444322436783 0.0029831708312725923
identified 2.4172105390379503E-4 0.6321864807702582 1.5281278239551806E-4
largely 4.8344210780759005E-4 1.79749014393704 8.689824239482911E-4
specifically 2.4172105390379503E-4 1.3805963400052528 3.337192023217918E-4
severely 0.001208605269518975 2.7668907011251433 0.0033440786815628998
case 9.668842156151801E-4 0.38566248081198473 3.728909652521003E-4
having 4.8344210780759005E-4 0.8340526336371831 4.032161632280315E-4
judo 0.012569494802997341 5.1647859739235145 0.06491875045782518
eighteen 2.4172105390379503E-4 4.471638793363569 0.0010808892418089362
grouping 2.4172105390379503E-4 2.9675613965872945 7.173220683072987E-4
speculated 2.4172105390379503E-4 3.7784916128036232 9.133409748135421E-4
classifications 2.4172105390379503E-4 2.9675613965872945 7.173220683072987E-4
bootstrapping 4.8344210780759005E-4 3.7784916128036232 0.0018266819496270841
allocate 2.4172105390379503E-4 3.5553480614894135 8.594024804180356E-4
provide 4.8344210780759005E-4 0.44628710262841953 2.157539775820254E-4
light 0.001692047377326565 1.2729656758128876 0.002153918233185935
apparently 2.4172105390379503E-4 3.2188758248682006 7.78070056772589E-4
determined 2.4172105390379503E-4 1.0376515888784226 2.5082223564863975E-4
completely 2.4172105390379503E-4 1.3805963400052528 3.337192023217918E-4
card 2.4172105390379503E-4 3.373026504695459 8.153315215604204E-4
purely 2.4172105390379503E-4 2.6798793241355137 6.477832545650263E-4
study 0.001208605269518975 0.15415067982725836 1.863073239391568E-4
differences 2.4172105390379503E-4 0.7953381214564925 1.922499689283279E-4
direct 0.001208605269518975 0.990398704027877 0.0011970010926128558
pattern 2.4172105390379503E-4 1.6682784124570338 4.032580160640643E-4
confirmed 9.668842156151801E-4 1.252762968495368 0.0012112767401453886
low 7.251631617113851E-4 0.6761496041913742 4.903187847653185E-4
older 2.4172105390379503E-4 1.8325814637483102 4.429735227818009E-4
categories 9.668842156151801E-4 1.0216512475319812 9.878184651022298E-4
merely 2.4172105390379503E-4 2.5257286443082556 6.10521789777195E-4
meant 2.4172105390379503E-4 2.331572629867298 5.635901933447662E-4
means 7.251631617113851E-4 0.6988778552689304 5.068004751768893E-4
grip 4.8344210780759005E-4 5.1647859739235145 0.0024968750176086606
more 0.0062847474014986705 0.05279818556697083 3.3182325954586453E-4
rudimentary 4.8344210780759005E-4 4.471638793363569 0.0021617784836178724
display 0.0014503263234227702 0.167573700159399 2.4303654845453084E-4
csvdisplay 4.8344210780759005E-4 0.2669461739726028 1.2905302101648671E-4
consistent 2.4172105390379503E-4 0.9306794693262548 2.24964822172167E-4
consulted 2.4172105390379503E-4 3.5553480614894135 8.594024804180356E-4
performed 0.0019337684312303602 0.4643056081310978 8.978595274471313E-4
conceptual 2.4172105390379503E-4 2.120263536200091 5.125123365240733E-4
wfd 4.8344210780759005E-4 5.1647859739235145 0.0024968750176086606
randomly 7.251631617113851E-4 1.6384254493073527 0.0011881257790481165
levels 7.251631617113851E-4 0.9452782687474074 6.854809780619343E-4
wfp 2.4172105390379503E-4 5.1647859739235145 0.0012484375088043303
small 2.4172105390379503E-4 0.6214911916535102 1.5022750583841194E-4
bout 2.4172105390379503E-4 5.1647859739235145 0.0012484375088043303
questionable 2.4172105390379503E-4 3.5553480614894135 8.594024804180356E-4
before 2.4172105390379503E-4 0.5203950747821414 1.2579044592268346E-4
used 0.001208605269518975 0.07103577311675174 8.58542097132605E-5
cloud 2.4172105390379503E-4 2.6798793241355137 6.477832545650263E-4
shows 2.4172105390379503E-4 0.5596157879354227 1.3527091804095302E-4
presented 7.251631617113851E-4 0.4373981552111735 3.171850291596617E-4
percentage 2.4172105390379503E-4 1.3146383722134554 3.1777577283380597E-4
talent 2.4172105390379503E-4 5.1647859739235145 0.0012484375088043303
few 2.4172105390379503E-4 0.6988778552689304 1.689334917256298E-4
potential 2.4172105390379503E-4 0.44628710262841953 1.078769887910127E-4
described 2.4172105390379503E-4 0.44628710262841953 1.078769887910127E-4
group 0.0019337684312303602 0.6321864807702582 0.0012225022591641444
combination 2.4172105390379503E-4 0.758066726659261 1.832406880974767E-4
humphrey 2.4172105390379503E-4 3.5553480614894135 8.594024804180356E-4
obtain 2.4172105390379503E-4 1.0872485300177945 2.6281086053125323E-4
created 9.668842156151801E-4 1.0704414117014134 0.001034992904714927
tree 0.0029006526468455403 1.7635885922613586 0.00511555791808951
done 2.4172105390379503E-4 0.9452782687474074 2.284936593539781E-4
both 2.4172105390379503E-4 0.13434805253107854 3.247475284773472E-5
important 4.8344210780759005E-4 0.2669461739726028 1.2905302101648671E-4
most 0.005076142131979695 0.0771896386911299 3.918255771123345E-4
twice 2.4172105390379503E-4 2.5257286443082556 6.10521789777195E-4
effect 2.4172105390379503E-4 0.758066726659261 1.832406880974767E-4
hypothesised 4.8344210780759005E-4 4.471638793363569 0.0021617784836178724
perceive 4.8344210780759005E-4 2.456735772821304 0.0011876895203390399
who 0.0031423737007493352 0.44628710262841953 0.001402400854283165
option 7.251631617113851E-4 2.331572629867298 0.0016907705800342987
limitation 2.4172105390379503E-4 1.4035858582299516 3.392762528958065E-4
classify 2.4172105390379503E-4 1.5271998141971284 3.691563486094098E-4
critical 2.4172105390379503E-4 1.2135422553420867 2.933387129180775E-4
values 0.0029006526468455403 0.5900749954201312 0.0017116025973027736
their 0.005076142131979695 0.12136085700426753 6.160449594125255E-4
numeric 4.8344210780759005E-4 2.9675613965872945 0.0014346441366145973
point 0.00435097897026831 0.7703368192510752 0.0033517193005848087
necessarily 2.4172105390379503E-4 1.6990500711237875 4.106961738273598E-4
causing 2.4172105390379503E-4 1.7635885922613586 4.2629649317412583E-4
para 0.002175489485134155 5.1647859739235145 0.011235937579238972
visually 9.668842156151801E-4 2.9675613965872945 0.0028692882732291947
david 0.0019337684312303602 2.2744142160273495 0.004398190410495237
designed 2.4172105390379503E-4 1.0872485300177945 2.6281086053125323E-4
win 0.0048344210780759 4.0661736852554045 0.01965759577111629
introduction 2.4172105390379503E-4 0.10219094089654716 2.4701701932933808E-5
applying 7.251631617113851E-4 1.1758019273592397 8.526482431901666E-4
process 2.4172105390379503E-4 0.5013468798114469 1.2118609615940219E-4
amount 2.4172105390379503E-4 1.121734706088964 2.7114689535628813E-4
original 9.668842156151801E-4 1.1944940603713923 0.0011549374526191852
built 2.4172105390379503E-4 1.6094379124341003 3.890350283862945E-4
also 9.668842156151801E-4 0.05279818556697083 5.104973223782531E-5
enough 2.4172105390379503E-4 1.4512139072192063 3.507889550928708E-4
increase 2.4172105390379503E-4 0.5013468798114469 1.2118609615940219E-4
differ 4.8344210780759005E-4 1.5271998141971284 7.383126972188197E-4
mean 2.4172105390379503E-4 0.6214911916535102 1.5022750583841194E-4
equitably 2.4172105390379503E-4 5.1647859739235145 0.0012484375088043303
further 0.00241721053903795 0.27443684570176036 6.633716357306268E-4
account 2.4172105390379503E-4 1.0539121097502027 2.547527458907911E-4
demands 2.4172105390379503E-4 2.456735772821304 5.938447601695199E-4
simply 2.4172105390379503E-4 1.4512139072192063 3.507889550928708E-4
equivalent 4.8344210780759005E-4 1.7635885922613586 8.525929863482517E-4
tournaments 9.668842156151801E-4 5.1647859739235145 0.004993750035217321
constricted 2.4172105390379503E-4 5.1647859739235145 0.0012484375088043303
losing 2.4172105390379503E-4 2.9675613965872945 7.173220683072987E-4
fit 0.0014503263234227702 1.9459101490553132 0.0028222047121904473
evaluation 7.251631617113851E-4 0.7953381214564925 5.767499067849837E-4
depending 2.4172105390379503E-4 1.2729656758128876 3.0770260474084787E-4
limitations 2.4172105390379503E-4 0.9162907318741551 2.2148676139090046E-4
impact 0.0031423737007493352 0.7827593392496325 0.002459722361673972
accurately 2.4172105390379503E-4 2.073743520565198 5.012674693171859E-4
unanimously 2.4172105390379503E-4 5.1647859739235145 0.0012484375088043303
competitive 0.0014503263234227702 2.5257286443082556 0.00366313073866317
assigned 9.668842156151801E-4 1.3805963400052528 0.0013348768092871673
consideration 2.4172105390379503E-4 1.5812670354674039 3.822255343165105E-4
average 0.0014503263234227702 0.7459453661269161 0.0010818642003291024
strong 9.668842156151801E-4 1.2135422553420867 0.00117335485167231
subgroup 4.8344210780759005E-4 2.9675613965872945 0.0014346441366145973
prove 2.4172105390379503E-4 2.073743520565198 5.012674693171859E-4
see 9.668842156151801E-4 1.0376515888784226 0.001003288942594559
evgeny 0.0019337684312303602 5.1647859739235145 0.009987500070434642
indicate 7.251631617113851E-4 1.0704414117014134 7.762446785361954E-4
panel 4.8344210780759005E-4 2.7668907011251433 0.00133763147262516
compared 0.0014503263234227702 0.2669461739726028 3.8715906304946017E-4
set 7.251631617113851E-4 0.5596157879354227 4.0581275412285907E-4
joined 2.4172105390379503E-4 3.7784916128036232 9.133409748135421E-4
possible 9.668842156151801E-4 0.38566248081198473 3.728909652521003E-4
procedure 2.4172105390379503E-4 1.1394342831883648 2.754252557864068E-4
sample 9.668842156151801E-4 0.7221347174331975 6.982206598338869E-4
drastically 2.4172105390379503E-4 3.373026504695459 8.153315215604204E-4
under 7.251631617113851E-4 0.7459453661269161 5.409321001645512E-4
corresponds 2.4172105390379503E-4 1.7635885922613586 4.2629649317412583E-4
did 0.0014503263234227702 0.5108256237659907 7.408638488266726E-4
represent 9.668842156151801E-4 0.8209805520698303 7.937931371233554E-4
compete 0.00241721053903795 4.0661736852554045 0.009828797885558144
performs 2.4172105390379503E-4 1.906689435902032 4.6088697991347163E-4
residual 0.001208605269518975 2.5257286443082556 0.0030526089488859746
promise 2.4172105390379503E-4 2.9675613965872945 7.173220683072987E-4
retrieved 2.4172105390379503E-4 2.7668907011251433 6.6881573631258E-4
developed 2.4172105390379503E-4 0.48265474679929443 1.1666781406799479E-4
down 4.8344210780759005E-4 1.6384254493073527 7.920838526987444E-4
hold 9.668842156151801E-4 2.073743520565198 0.0020050698772687437
designated 2.4172105390379503E-4 3.2188758248682006 7.78070056772589E-4
contact 2.4172105390379503E-4 2.2744142160273495 5.497738013119047E-4
won 4.8344210780759005E-4 4.0661736852554045 0.001965759577111629
rare 2.4172105390379503E-4 1.906689435902032 4.6088697991347163E-4
legal 2.4172105390379503E-4 2.7668907011251433 6.6881573631258E-4
radius 2.4172105390379503E-4 4.0661736852554045 9.828797885558145E-4
which 0.004592700024172105 0.023122417420854212 1.0619432704767465E-4
needs 2.4172105390379503E-4 1.1394342831883648 2.754252557864068E-4
disadvantage 2.4172105390379503E-4 2.9675613965872945 7.173220683072987E-4
test 9.668842156151801E-4 0.7104386776700063 6.869119436016498E-4
remained 2.4172105390379503E-4 1.6384254493073527 3.960419263493722E-4
varied 2.4172105390379503E-4 1.7635885922613586 4.2629649317412583E-4
vision 0.007735073724921441 1.4271163556401458 0.011038850224917735
relatively 2.4172105390379503E-4 0.8209805520698303 1.9844828428083885E-4
narrowing 2.4172105390379503E-4 4.0661736852554045 9.828797885558145E-4
frame 2.4172105390379503E-4 2.456735772821304 5.938447601695199E-4
some 0.0019337684312303602 0.2160260835453457 4.177444206823219E-4
trained 2.4172105390379503E-4 1.3805963400052528 3.337192023217918E-4
rather 0.001208605269518975 0.758066726659261 9.162034404873833E-4
additional 0.002175489485134155 0.5300569856938783 0.0011531333988989375
for 0.021754894851341553 0.017291497110061043 3.761747014516543E-4
capable 2.4172105390379503E-4 2.073743520565198 5.012674693171859E-4
heavier 2.4172105390379503E-4 4.471638793363569 0.0010808892418089362
explained 2.4172105390379503E-4 1.6094379124341003 3.890350283862945E-4
random 2.4172105390379503E-4 1.2329603411991883 2.980324730962505E-4
sheets 2.4172105390379503E-4 4.471638793363569 0.0010808892418089362
related 0.001208605269518975 0.27443684570176036 3.316858178653134E-4
plot 4.8344210780759005E-4 2.331572629867298 0.0011271803866895324
unfair 2.4172105390379503E-4 3.5553480614894135 8.594024804180356E-4
divide 2.4172105390379503E-4 2.2744142160273495 5.497738013119047E-4
class 0.0038675368624607204 1.3805963400052528 0.005339507237148669
just 2.4172105390379503E-4 1.3146383722134554 3.1777577283380597E-4
over 0.00241721053903795 0.3364722366212129 8.133242364544667E-4
six 4.8344210780759005E-4 0.9162907318741551 4.429735227818009E-4
permission 2.4172105390379503E-4 3.0853444322436783 7.457927078181481E-4
considerations 2.4172105390379503E-4 2.392197251683733 5.78244440822754E-4
existing 4.8344210780759005E-4 0.9452782687474074 4.569873187079562E-4
championships 2.4172105390379503E-4 5.1647859739235145 0.0012484375088043303
although 9.668842156151801E-4 0.4285875255290187 4.1439451344357623E-4
form 2.4172105390379503E-4 0.664976303593249 1.607387729256101E-4
approximately 2.4172105390379503E-4 0.9452782687474074 2.284936593539781E-4
blackened 2.4172105390379503E-4 5.1647859739235145 0.0012484375088043303
interpret 2.4172105390379503E-4 2.120263536200091 5.125123365240733E-4
showing 9.668842156151801E-4 1.5012243277938677 0.0014515101066413997
significantly 9.668842156151801E-4 0.5900749954201312 5.705341991009246E-4
straightforward 4.8344210780759005E-4 2.2744142160273495 0.0010995476026238093
qualified 4.8344210780759005E-4 3.5553480614894135 0.0017188049608360713
expert 9.668842156151801E-4 1.9459101490553132 0.0018814698081269648
logmar 0.007493352671017646 2.331572629867298 0.017471295993687755
practice 2.4172105390379503E-4 1.2729656758128876 3.0770260474084787E-4
evaluators 2.4172105390379503E-4 4.471638793363569 0.0010808892418089362
recommendation 2.4172105390379503E-4 2.5998366164619773 6.284352469088656E-4
relationships 9.668842156151801E-4 1.5271998141971284 0.0014766253944376393
jacobs 2.4172105390379503E-4 5.1647859739235145 0.0012484375088043303
impaired 0.00241721053903795 2.8622008809294686 0.006918542134226416
bailey 2.4172105390379503E-4 5.1647859739235145 0.0012484375088043303
four 4.8344210780759005E-4 0.4643056081310978 2.2446488186178283E-4
classifier 2.4172105390379503E-4 2.169053700369523 5.243059464272475E-4
majority 2.4172105390379503E-4 0.9452782687474074 2.284936593539781E-4
whereas 4.8344210780759005E-4 1.0872485300177945 5.256217210625065E-4
likely 7.251631617113851E-4 0.5798184952529422 4.2046301323636127E-4
issue 2.4172105390379503E-4 1.3805963400052528 3.337192023217918E-4
large 7.251631617113851E-4 0.34450440831847723 2.498219059597369E-4
researchers 2.4172105390379503E-4 1.1043429633770947 2.6694294497875144E-4
made 0.001208605269518975 0.6109090823229731 7.383479360925467E-4
lower 7.251631617113851E-4 0.5300569856938783 3.8437779963297917E-4
classified 0.001208605269518975 1.2135422553420867 0.0014666935645903875
being 9.668842156151801E-4 0.48265474679929443 4.6667125627197916E-4
classification 0.008460236886632826 0.9751312318970885 0.008249841217403455
removing 2.4172105390379503E-4 1.79749014393704 4.3449121197414555E-4
heavy 4.8344210780759005E-4 2.6798793241355137 0.0012955665091300525
field 0.002175489485134155 0.8472978603872037 0.001843287586049029
contrast 7.251631617113851E-4 1.5538680612792897 0.00112680787619963
legitimate 4.8344210780759005E-4 4.471638793363569 0.0021617784836178724
continuing 2.4172105390379503E-4 3.2188758248682006 7.78070056772589E-4
evaluate 2.4172105390379503E-4 0.758066726659261 1.832406880974767E-4
turned 2.4172105390379503E-4 2.5998366164619773 6.284352469088656E-4
targets 2.4172105390379503E-4 2.5998366164619773 6.284352469088656E-4
world 7.251631617113851E-4 1.4035858582299516 0.0010178287586874197
known 2.4172105390379503E-4 0.8607208807193443 2.0805435840448255E-4
ability 4.8344210780759005E-4 0.8881198549074587 4.293545346422329E-4
stand 4.8344210780759005E-4 2.5998366164619773 0.0012568704938177313
elimination 2.4172105390379503E-4 3.373026504695459 8.153315215604204E-4
table 0.001208605269518975 0.18805223150293962 2.2728091793925502E-4
together 2.4172105390379503E-4 1.1394342831883648 2.754252557864068E-4
competed 0.0036258158085569255 5.1647859739235145 0.018726562632064955
may 0.005076142131979695 0.15415067982725836 7.824907605444586E-4
within 0.005801305293691081 0.3127557100038969 0.0018143913560777197
could 0.002175489485134155 0.22314355131420976 4.854464495595571E-4
change 4.8344210780759005E-4 0.7104386776700063 3.434559718008249E-4
health 4.8344210780759005E-4 0.990398704027877 4.788004370451424E-4
ethical 4.8344210780759005E-4 1.8325814637483102 8.859470455636018E-4
generally 4.8344210780759005E-4 0.9021060968821986 4.361160729428081E-4
bootstrapped 4.8344210780759005E-4 4.471638793363569 0.0021617784836178724
able 2.4172105390379503E-4 0.7703368192510752 1.8620662781026716E-4
complete 4.8344210780759005E-4 0.9600933545325481 4.641495550072749E-4
presumably 4.8344210780759005E-4 3.7784916128036232 0.0018266819496270841
use 4.8344210780759005E-4 0.20895891632225325 1.0101953895201994E-4
several 2.4172105390379503E-4 0.3526016185510966 8.523123484435499E-5
main 2.4172105390379503E-4 0.6004377824556778 1.4513845357884406E-4
while 2.4172105390379503E-4 0.20895891632225325 5.050976947600997E-5
second 4.8344210780759005E-4 0.4643056081310978 2.2446488186178283E-4
that 0.00918540004834421 0.017291497110061043 1.5882931839069847E-4
download 4.8344210780759005E-4 0.2595111954850846 1.2545863934497684E-4
faster 2.4172105390379503E-4 1.8325814637483102 4.429735227818009E-4
high 4.8344210780759005E-4 0.2521310881874621 1.2189078471716805E-4
falls 2.4172105390379503E-4 2.456735772821304 5.938447601695199E-4
split 0.008943678994440415 1.6384254493073527 0.01465355127492677
find 9.668842156151801E-4 0.9306794693262548 8.99859288688668E-4
than 0.007735073724921441 0.058840500022933395 4.5513560568863153E-4
opponent 2.4172105390379503E-4 4.0661736852554045 9.828797885558145E-4
sufficient 2.4172105390379503E-4 1.5012243277938677 3.6287752666034994E-4
classifiers 0.001208605269518975 2.5257286443082556 0.0030526089488859746
expressed 4.8344210780759005E-4 1.1758019273592397 5.684321621267777E-4
different 0.0031423737007493352 0.18805223150293962 5.909303866420631E-4
international 0.001692047377326565 1.5538680612792897 0.0026292183777991366
directly 2.4172105390379503E-4 0.7703368192510752 1.8620662781026716E-4
calculated 7.251631617113851E-4 0.9021060968821986 6.541741094142122E-4
selected 0.0026589315929417454 0.758066726659261 0.0020156475690722435
alter 2.4172105390379503E-4 2.8622008809294686 6.918542134226416E-4
peripheral 4.8344210780759005E-4 2.2744142160273495 0.0010995476026238093
ideal 4.8344210780759005E-4 2.2203469947570738 0.0010734092312096079
level 0.001208605269518975 0.5798184952529422 7.007716887272687E-4
establishment 4.8344210780759005E-4 4.0661736852554045 0.001965759577111629
establish 0.0019337684312303602 1.7635885922613586 0.0034103719453930066
background 4.8344210780759005E-4 1.6682784124570338 8.065160321281286E-4
perimeter 2.4172105390379503E-4 4.471638793363569 0.0010808892418089362
true 2.4172105390379503E-4 1.1394342831883648 2.754252557864068E-4
position 2.4172105390379503E-4 1.2729656758128876 3.0770260474084787E-4
present 2.4172105390379503E-4 0.38566248081198473 9.322274131302508E-5
careful 7.251631617113851E-4 2.6798793241355137 0.0019433497636950788
box 9.668842156151801E-4 2.392197251683733 0.002312977763291016
best 2.4172105390379503E-4 0.6988778552689304 1.689334917256298E-4
kai 0.0019337684312303602 4.471638793363569 0.00864711393447149
total 4.8344210780759005E-4 0.5108256237659907 2.469546162755575E-4
uncommon 2.4172105390379503E-4 2.9675613965872945 7.173220683072987E-4
considerable 4.8344210780759005E-4 1.7635885922613586 8.525929863482517E-4
men 7.251631617113851E-4 2.392197251683733 0.0017347333224682618
cups 2.4172105390379503E-4 5.1647859739235145 0.0012484375088043303
make 2.4172105390379503E-4 0.664976303593249 1.607387729256101E-4
fulfil 4.8344210780759005E-4 3.373026504695459 0.0016306630431208407
met 2.4172105390379503E-4 1.906689435902032 4.6088697991347163E-4
included 0.00241721053903795 0.41985384556026406 0.001014875140343882
allocated 0.0014503263234227702 3.5553480614894135 0.005156414882508214
highly 2.4172105390379503E-4 0.9162907318741551 2.2148676139090046E-4
chance 2.4172105390379503E-4 2.2744142160273495 5.497738013119047E-4
sports 0.002175489485134155 4.471638793363569 0.009728003176280425
determine 4.8344210780759005E-4 0.7221347174331975 3.4911032991694345E-4
nature 2.4172105390379503E-4 1.0216512475319812 2.4695461627555746E-4
social 2.4172105390379503E-4 1.0704414117014134 2.587482261787318E-4
blindfolds 4.8344210780759005E-4 5.1647859739235145 0.0024968750176086606
control 2.4172105390379503E-4 0.7459453661269161 1.803107000548504E-4
demanding 2.4172105390379503E-4 2.9675613965872945 7.173220683072987E-4
decreasing 2.4172105390379503E-4 1.9459101490553132 4.703674520317412E-4
structure 4.8344210780759005E-4 1.0216512475319812 4.939092325511149E-4
acknowledge 4.8344210780759005E-4 2.7668907011251433 0.00133763147262516
opinions 2.4172105390379503E-4 2.2744142160273495 5.497738013119047E-4
essentially 2.4172105390379503E-4 2.456735772821304 5.938447601695199E-4
subtends 2.4172105390379503E-4 5.1647859739235145 0.0012484375088043303
vary 4.8344210780759005E-4 1.8325814637483102 8.859470455636018E-4
empirical 4.8344210780759005E-4 1.8325814637483102 8.859470455636018E-4
adaptation 4.8344210780759005E-4 2.2744142160273495 0.0010995476026238093
reclassified 2.4172105390379503E-4 5.1647859739235145 0.0012484375088043303
fighting 0.0014503263234227702 4.0661736852554045 0.005897278731334887
trees 0.0014503263234227702 2.8622008809294686 0.00415112528053585
granted 2.4172105390379503E-4 3.5553480614894135 8.594024804180356E-4
observed 2.4172105390379503E-4 0.6988778552689304 1.689334917256298E-4
firm 2.4172105390379503E-4 3.5553480614894135 8.594024804180356E-4
competitors 7.251631617113851E-4 4.0661736852554045 0.0029486393656674437
meaning 2.4172105390379503E-4 1.121734706088964 2.7114689535628813E-4
estimate 2.4172105390379503E-4 1.5812670354674039 3.822255343165105E-4
above 2.4172105390379503E-4 0.9021060968821986 2.1805803647140405E-4
drawn 7.251631617113851E-4 1.906689435902032 0.001382660939740415
they 0.001692047377326565 0.167573700159399 2.835426398636193E-4
trends 2.4172105390379503E-4 1.7635885922613586 4.2629649317412583E-4
moderate 2.4172105390379503E-4 2.073743520565198 5.012674693171859E-4
based 0.002175489485134155 0.18805223150293962 4.091056522906591E-4
grouped 2.4172105390379503E-4 1.9459101490553132 4.703674520317412E-4
distinguish 4.8344210780759005E-4 1.906689435902032 9.217739598269433E-4
blindness 2.4172105390379503E-4 2.8622008809294686 6.918542134226416E-4
opponents 0.001208605269518975 4.0661736852554045 0.004914398942779072
then 2.4172105390379503E-4 0.4285875255290187 1.0359862836089406E-4
remaining 4.8344210780759005E-4 1.293584963015623 6.253734411484763E-4
benefit 2.4172105390379503E-4 1.293584963015623 3.1268672057423814E-4
secondary 2.4172105390379503E-4 1.4271163556401458 3.449640695286792E-4
highest 2.4172105390379503E-4 1.0872485300177945 2.6281086053125323E-4
obtained 9.668842156151801E-4 0.6004377824556778 5.805538143153762E-4
bridge 2.4172105390379503E-4 3.2188758248682006 7.78070056772589E-4
starting 2.4172105390379503E-4 1.3146383722134554 3.1777577283380597E-4
conditions 2.4172105390379503E-4 1.0376515888784226 2.5082223564863975E-4
functional 7.251631617113851E-4 1.4759065198095778 0.0010702730382955604
access 7.251631617113851E-4 1.252762968495368 9.084575551090414E-4
activity 2.4172105390379503E-4 1.3805963400052528 3.337192023217918E-4
examine 2.4172105390379503E-4 1.4512139072192063 3.507889550928708E-4
mic 2.4172105390379503E-4 4.0661736852554045 9.828797885558145E-4
overcome 2.4172105390379503E-4 2.0292917579943643 4.905225424206828E-4
association 2.4172105390379503E-4 1.2135422553420867 2.933387129180775E-4
fundamental 2.4172105390379503E-4 1.9459101490553132 4.703674520317412E-4
long 4.8344210780759005E-4 0.7827593392496325 3.7841882487291877E-4
seem 9.668842156151801E-4 1.6094379124341003 0.001556140113545178
into 0.004592700024172105 0.10854016857520597 4.984924348389928E-4
archived 2.4172105390379503E-4 4.471638793363569 0.0010808892418089362
current 0.004592700024172105 0.4919571394616079 0.002259411566296966
perspective 2.4172105390379503E-4 1.5538680612792897 3.7560262539987663E-4
examined 4.8344210780759005E-4 1.3805963400052528 6.674384046435836E-4
relationship 0.005559584239787286 0.9162907318741551 0.00509419551199071
situations 2.4172105390379503E-4 2.120263536200091 5.125123365240733E-4
equalise 2.4172105390379503E-4 5.1647859739235145 0.0012484375088043303
variables 2.4172105390379503E-4 0.9452782687474074 2.284936593539781E-4
stopped 2.4172105390379503E-4 3.2188758248682006 7.78070056772589E-4
though 4.8344210780759005E-4 1.1043429633770947 5.338858899575029E-4
decision 0.00435097897026831 1.157452788691043 0.005036052742673138
necessary 4.8344210780759005E-4 0.8607208807193443 4.161087168089651E-4
fights 4.8344210780759005E-4 5.1647859739235145 0.0024968750176086606
one 0.00435097897026831 0.06491954609931569 2.8246357983748667E-4
mann 0.0019337684312303602 4.471638793363569 0.00864711393447149
makes 2.4172105390379503E-4 1.0539121097502027 2.547527458907911E-4
lighter 4.8344210780759005E-4 5.1647859739235145 0.0024968750176086606
many 7.251631617113851E-4 0.20194134366360675 1.4644042325134645E-4
ideally 2.4172105390379503E-4 4.0661736852554045 9.828797885558145E-4
single 7.251631617113851E-4 0.6429973968744738 4.662780252896837E-4
actually 2.4172105390379503E-4 1.5812670354674039 3.822255343165105E-4
associated 7.251631617113851E-4 0.4373981552111735 3.171850291596617E-4
showed 9.668842156151801E-4 0.5398131606392429 5.219368244034256E-4
holds 2.4172105390379503E-4 2.331572629867298 5.635901933447662E-4
experts 0.001692047377326565 2.2203469947570738 0.003756932309233627
partially 0.0014503263234227702 2.169053700369523 0.0031458356785634854
ratio 0.0026589315929417454 1.1758019273592397 0.003126376891697278
but 4.8344210780759005E-4 0.083381608939051 4.0310180777883005E-5
calculation 2.4172105390379503E-4 1.8689491079191851 4.51764348058783E-4
joint 2.4172105390379503E-4 1.906689435902032 4.6088697991347163E-4
separate 0.0019337684312303602 1.3146383722134554 0.0025422061826704478
reasonable 2.4172105390379503E-4 1.5012243277938677 3.6287752666034994E-4
available 4.8344210780759005E-4 0.5696661237889241 2.75400591631097E-4
numbers 2.4172105390379503E-4 1.121734706088964 2.7114689535628813E-4
sighted 0.001692047377326565 5.1647859739235145 0.008739062561630312
seven 7.251631617113851E-4 1.5538680612792897 0.00112680787619963
rules 4.8344210780759005E-4 1.79749014393704 8.689824239482911E-4
independence 2.4172105390379503E-4 2.8622008809294686 6.918542134226416E-4
descriptions 2.4172105390379503E-4 1.8325814637483102 4.429735227818009E-4
pairs 2.4172105390379503E-4 2.120263536200091 5.125123365240733E-4
mainly 2.4172105390379503E-4 1.0059028905638423 2.4314790683196576E-4
standardised 2.4172105390379503E-4 3.5553480614894135 8.594024804180356E-4
interzeag 2.4172105390379503E-4 5.1647859739235145 0.0012484375088043303
dynamic 2.4172105390379503E-4 1.7635885922613586 4.2629649317412583E-4
optometry 2.4172105390379503E-4 5.1647859739235145 0.0012484375088043303
written 2.4172105390379503E-4 1.121734706088964 2.7114689535628813E-4
ensure 4.8344210780759005E-4 1.4035858582299516 6.78552505791613E-4
athlete 0.0026589315929417454 4.471638793363569 0.0118897816598983
this 0.006526468455402465 0.017291497110061043 1.128524104354963E-4
degree 9.668842156151801E-4 1.2729656758128876 0.0012308104189633915
finding 2.4172105390379503E-4 0.9751312318970885 2.3570974906867017E-4
fits 9.668842156151801E-4 2.8622008809294686 0.0027674168536905666
bwd 4.8344210780759005E-4 5.1647859739235145 0.0024968750176086606
opt 2.4172105390379503E-4 3.373026504695459 8.153315215604204E-4
especially 2.4172105390379503E-4 0.7104386776700063 1.7172798590041246E-4
once 4.8344210780759005E-4 1.4271163556401458 6.899281390573584E-4
goggles 2.4172105390379503E-4 3.7784916128036232 9.133409748135421E-4
coefficient 2.4172105390379503E-4 1.9867321435755685 4.8023498756963226E-4
suggesting 2.4172105390379503E-4 1.5812670354674039 3.822255343165105E-4
support 9.668842156151801E-4 0.7104386776700063 6.869119436016498E-4
higher 7.251631617113851E-4 0.41985384556026406 3.044625421031647E-4
heavyweight 2.4172105390379503E-4 5.1647859739235145 0.0012484375088043303
assessed 7.251631617113851E-4 1.3581234841531944 9.848611197630127E-4
needed 4.8344210780759005E-4 0.8080771472339223 3.906585193299117E-4
adults 2.4172105390379503E-4 2.169053700369523 5.243059464272475E-4
changes 2.4172105390379503E-4 0.9021060968821986 2.1805803647140405E-4
vertical 9.668842156151801E-4 2.9675613965872945 0.0028692882732291947
underrepresented 2.4172105390379503E-4 3.373026504695459 8.153315215604204E-4
mashkovskiy 4.8344210780759005E-4 5.1647859739235145 0.0024968750176086606
gap 2.4172105390379503E-4 1.8689491079191851 4.51764348058783E-4
ophthalmology 2.4172105390379503E-4 2.5998366164619773 6.284352469088656E-4
definition 2.4172105390379503E-4 1.6990500711237875 4.106961738273598E-4
mandated 2.4172105390379503E-4 4.0661736852554045 9.828797885558145E-4
clusters 2.4172105390379503E-4 2.5257286443082556 6.10521789777195E-4
successful 7.251631617113851E-4 1.3361445774344192 9.68922826275866E-4
normal 4.8344210780759005E-4 1.4035858582299516 6.78552505791613E-4
allocation 2.4172105390379503E-4 2.120263536200091 5.125123365240733E-4
figure 0.0038675368624607204 0.20194134366360675 7.810155906738478E-4
encourages 2.4172105390379503E-4 3.5553480614894135 8.594024804180356E-4
gradual 2.4172105390379503E-4 3.7784916128036232 9.133409748135421E-4
cases 9.668842156151801E-4 0.6004377824556778 5.805538143153762E-4
winning 2.4172105390379503E-4 4.471638793363569 0.0010808892418089362
previous 4.8344210780759005E-4 0.32850406697203605 1.5881269856032684E-4
argue 2.4172105390379503E-4 1.9867321435755685 4.8023498756963226E-4
indeed 4.8344210780759005E-4 2.2744142160273495 0.0010995476026238093
impairment 0.007735073724921441 2.9675613965872945 0.022954306185833558
unbiased 2.4172105390379503E-4 3.5553480614894135 8.594024804180356E-4
disadvantaged 4.8344210780759005E-4 4.0661736852554045 0.001965759577111629
held 2.4172105390379503E-4 2.392197251683733 5.78244440822754E-4
trend 4.8344210780759005E-4 1.5271998141971284 7.383126972188197E-4
competition 0.00241721053903795 2.6798793241355137 0.006477832545650262
whole 4.8344210780759005E-4 1.252762968495368 6.056383700726943E-4
during 0.0019337684312303602 0.28958865072236245 5.599973908094996E-4
degrees 9.668842156151801E-4 2.7668907011251433 0.00267526294525032
loss 2.4172105390379503E-4 0.9162907318741551 2.2148676139090046E-4
justify 2.4172105390379503E-4 3.373026504695459 8.153315215604204E-4
sharpness 4.8344210780759005E-4 5.1647859739235145 0.0024968750176086606
between 0.017645636934977036 0.058840500022933395 0.0010382781004771907
brvt 4.8344210780759005E-4 5.1647859739235145 0.0024968750176086606
still 0.001208605269518975 0.5300569856938783 6.406296660549653E-4
method 2.4172105390379503E-4 0.4734380916943703 1.1443995448256473E-4
inconclusive 2.4172105390379503E-4 3.5553480614894135 8.594024804180356E-4
relating 4.8344210780759005E-4 2.392197251683733 0.001156488881645508
work 7.251631617113851E-4 0.5696661237889241 4.131008874466455E-4
reduced 2.4172105390379503E-4 0.9452782687474074 2.284936593539781E-4
samples 9.668842156151801E-4 1.6682784124570338 0.0016130320642562571
exist 2.4172105390379503E-4 1.5271998141971284 3.691563486094098E-4
legitimacy 2.4172105390379503E-4 3.5553480614894135 8.594024804180356E-4
exact 7.251631617113851E-4 1.5271998141971284 0.0011074690458282295
substantially 0.0014503263234227702 2.5257286443082556 0.00366313073866317
sensitivity 2.4172105390379503E-4 2.0292917579943643 4.905225424206828E-4
continental 2.4172105390379503E-4 4.471638793363569 0.0010808892418089362
gender 0.0019337684312303602 2.2744142160273495 0.004398190410495237
range 0.0026589315929417454 0.6988778552689304 0.0018582684089819277
bootstrap 0.001208605269518975 3.373026504695459 0.004076657607802101
variability 0.001208605269518975 2.2203469947570738 0.0026835230780240193
distribution 4.8344210780759005E-4 0.9751312318970885 4.7141949813734034E-4
our 0.0026589315929417454 0.19497267434751336 5.184190035829459E-4
out 4.8344210780759005E-4 0.368995428326773 1.7838792764165968E-4
weak 2.4172105390379503E-4 2.456735772821304 5.938447601695199E-4
throwing 2.4172105390379503E-4 5.1647859739235145 0.0012484375088043303
across 0.0014503263234227702 0.7703368192510752 0.001117239766861603
fall 2.4172105390379503E-4 2.456735772821304 5.938447601695199E-4
believes 2.4172105390379503E-4 4.0661736852554045 9.828797885558145E-4
undergo 2.4172105390379503E-4 2.7668907011251433 6.6881573631258E-4
include 2.4172105390379503E-4 0.5013468798114469 1.2118609615940219E-4
continued 7.251631617113851E-4 1.906689435902032 0.001382660939740415
suggest 9.668842156151801E-4 1.0059028905638423 9.72591627327863E-4
lead 2.4172105390379503E-4 0.7703368192510752 1.8620662781026716E-4
opinion 7.251631617113851E-4 2.2203469947570738 0.0016101138468144118
help 2.4172105390379503E-4 0.8743265327751228 2.1134313095845368E-4
depth 2.4172105390379503E-4 2.7668907011251433 6.6881573631258E-4
assess 7.251631617113851E-4 0.9751312318970885 7.071292472060106E-4
regulations 2.4172105390379503E-4 2.6798793241355137 6.477832545650263E-4
minimum 2.4172105390379503E-4 1.3361445774344192 3.2297427542528866E-4
first 0.00241721053903795 0.167573700159399 4.050609140908847E-4
date 2.4172105390379503E-4 1.8689491079191851 4.51764348058783E-4
confounding 2.4172105390379503E-4 2.9675613965872945 7.173220683072987E-4
allen 2.4172105390379503E-4 4.0661736852554045 9.828797885558145E-4
data 0.00821851583272903 0.167573700159399 0.0013772071079090082
theoretical 2.4172105390379503E-4 1.5538680612792897 3.7560262539987663E-4
own 2.4172105390379503E-4 1.3361445774344192 3.2297427542528866E-4
krabben 0.0029006526468455403 5.1647859739235145 0.014981250105651964
clearly 2.4172105390379503E-4 1.6384254493073527 3.960419263493722E-4
space 2.4172105390379503E-4 1.3146383722134554 3.1777577283380597E-4
lightest 2.4172105390379503E-4 5.1647859739235145 0.0012484375088043303
only 0.0048344210780759 0.10854016857520597 5.247288787778872E-4
should 0.00241721053903795 0.368995428326773 8.919396382082983E-4
from 0.005317863185883491 0.023122417420854212 1.229618523709917E-4
development 7.251631617113851E-4 0.6004377824556778 4.3541536073653215E-4
multidisciplinary 4.8344210780759005E-4 2.9675613965872945 0.0014346441366145973
individual 7.251631617113851E-4 0.7221347174331975 5.236654948754152E-4
like 2.4172105390379503E-4 0.7827593392496325 1.8920941243645939E-4
published 0.0019337684312303602 0.03488725900044054 6.746388010720917E-5
judged 2.4172105390379503E-4 2.8622008809294686 6.918542134226416E-4
histogram 7.251631617113851E-4 3.0853444322436783 0.002237378123454444
efforts 4.8344210780759005E-4 1.7635885922613586 8.525929863482517E-4
addressed 2.4172105390379503E-4 1.4271163556401458 3.449640695286792E-4
chances 2.4172105390379503E-4 3.7784916128036232 9.133409748135421E-4
purposes 4.8344210780759005E-4 1.906689435902032 9.217739598269433E-4
judokas 0.0026589315929417454 5.1647859739235145 0.013732812596847634
clinically 2.4172105390379503E-4 2.2744142160273495 5.497738013119047E-4
replacement 7.251631617113851E-4 2.456735772821304 0.00178153428050856
seems 2.4172105390379503E-4 1.4271163556401458 3.449640695286792E-4
potentially 2.4172105390379503E-4 1.1394342831883648 2.754252557864068E-4
challenges 2.4172105390379503E-4 1.3581234841531944 3.282870399210042E-4
advice 2.4172105390379503E-4 2.7668907011251433 6.6881573631258E-4
line 0.0014503263234227702 1.0059028905638423 0.0014588874409917946
scientific 2.4172105390379503E-4 1.8325814637483102 4.429735227818009E-4
ocular 2.4172105390379503E-4 1.5538680612792897 3.7560262539987663E-4
can 0.0019337684312303602 0.0958817717032825 1.8541314325024415E-4
inclusion 2.4172105390379503E-4 1.3581234841531944 3.282870399210042E-4
jackson 2.4172105390379503E-4 5.1647859739235145 0.0012484375088043303
eligible 9.668842156151801E-4 2.7668907011251433 0.00267526294525032
goldmann 2.4172105390379503E-4 3.373026504695459 8.153315215604204E-4
studies 4.8344210780759005E-4 0.24480504809538922 1.1834906845317343E-4
predictor 2.4172105390379503E-4 2.392197251683733 5.78244440822754E-4
value 0.001692047377326565 0.6214911916535102 0.0010515925408688836
considers 2.4172105390379503E-4 2.0292917579943643 4.905225424206828E-4
aims 4.8344210780759005E-4 1.4271163556401458 6.899281390573584E-4
limited 9.668842156151801E-4 0.5696661237889241 5.50801183262194E-4
will 4.8344210780759005E-4 0.3526016185510966 1.7046246968870999E-4
advantage 9.668842156151801E-4 1.4271163556401458 0.0013798562781147169
match 4.8344210780759005E-4 2.2744142160273495 0.0010995476026238093
groups 0.0014503263234227702 0.8472978603872037 0.0012288583906993526
heaviest 2.4172105390379503E-4 4.471638793363569 0.0010808892418089362
instead 2.4172105390379503E-4 1.0376515888784226 2.5082223564863975E-4
factors 9.668842156151801E-4 0.6321864807702582 6.112511295820722E-4
performance 0.01353637901861252 0.7703368192510752 0.01042757115737496
currently 9.668842156151801E-4 1.4035858582299516 0.001357105011583226
response 2.4172105390379503E-4 1.1758019273592397 2.8421608106338886E-4
variable 2.4172105390379503E-4 1.3146383722134554 3.1777577283380597E-4
challenge 2.4172105390379503E-4 1.4271163556401458 3.449640695286792E-4
category 2.4172105390379503E-4 1.252762968495368 3.0281918503634715E-4
