half 2.7005130974885227E-4 1.3805963400052528 3.7283184985289027E-4
references 2.7005130974885227E-4 2.169053700369523 5.857557927003843E-4
optimal 2.7005130974885227E-4 1.2329603411991883 3.329625550092326E-4
objects 2.7005130974885227E-4 2.169053700369523 5.857557927003843E-4
analyse 5.401026194977045E-4 2.0292917579943643 0.001096025794217858
your 0.001080205238995409 3.0853444322436783 0.003332805219814937
without 2.7005130974885227E-4 0.32850406697203605 8.871295354362302E-5
building 2.7005130974885227E-4 1.4759065198095778 3.9857048874144684E-4
setting 2.7005130974885227E-4 1.3581234841531944 3.6676302569624476E-4
these 0.001890359168241966 0.03488725900044054 6.594944990631483E-5
imperfect 2.7005130974885227E-4 4.471638793363569 0.0012075719128716092
introduced 2.7005130974885227E-4 1.0059028905638423 2.71645393076922E-4
would 0.0013502565487442614 0.5013468798114469 6.769469076579082E-4
framed 5.401026194977045E-4 3.5553480614894135 0.0019202528012365182
calculate 8.101539292465569E-4 1.6682784124570338 0.001351562310929274
kth 2.7005130974885227E-4 4.471638793363569 0.0012075719128716092
successfully 5.401026194977045E-4 1.5538680612792897 8.39248210250764E-4
dealing 2.7005130974885227E-4 2.169053700369523 5.857557927003843E-4
noun 5.401026194977045E-4 3.2188758248682006 0.0017385232648491496
economy 2.7005130974885227E-4 2.9675613965872945 8.013938419085321E-4
analysis 8.101539292465569E-4 0.15415067982725836 1.2488577895808131E-4
contains 2.7005130974885227E-4 1.2135422553420867 3.277186754907066E-4
size 0.001080205238995409 0.127833371509885 1.3808627762342424E-4
generalizing 2.7005130974885227E-4 4.471638793363569 0.0012075719128716092
detail 2.7005130974885227E-4 1.6990500711237875 4.588306970358594E-4
metrics 8.101539292465569E-4 2.073743520565198 0.001680051461435483
inefficient 2.7005130974885227E-4 3.2188758248682006 8.692616324245748E-4
much 2.7005130974885227E-4 0.7827593392496325 2.1138518478250944E-4
appropriate 2.7005130974885227E-4 1.0704414117014134 2.8907410523937706E-4
independent 0.001890359168241966 1.0059028905638423 0.0019015177515384542
achieve 5.401026194977045E-4 1.0376515888784226 5.604383412791912E-4
annotating 8.101539292465569E-4 3.2188758248682006 0.0026077848972737246
matrix 2.7005130974885227E-4 1.5012243277938677 4.054075959475743E-4
example 5.401026194977045E-4 0.9162907318741551 4.948910245067E-4
result 2.7005130974885227E-4 0.4285875255290187 1.1574062261113115E-4
gold 8.101539292465569E-4 2.7668907011251433 0.0022416073733122956
same 8.101539292465569E-4 0.2972515234679317 2.4081948971207E-4
heuristics 0.001890359168241966 3.7784916128036232 0.007142706262388702
legalization 5.401026194977045E-4 5.1647859739235145 0.0027895144336610935
close 2.7005130974885227E-4 1.1394342831883648 3.0770572054776254E-4
linked 2.7005130974885227E-4 1.730798769438368 4.6740447459853304E-4
policy 2.7005130974885227E-4 2.169053700369523 5.857557927003843E-4
annotation 0.0016203078584931137 2.169053700369523 0.0035145347562023058
address 2.7005130974885227E-4 1.0872485300177945 2.936128895538197E-4
failures 2.7005130974885227E-4 3.5553480614894135 9.601264006182591E-4
sets 0.0013502565487442614 1.3146383722134554 0.001775099071311714
mitigate 2.7005130974885227E-4 2.169053700369523 5.857557927003843E-4
subtasks 2.7005130974885227E-4 4.0661736852554045 0.0010980755293695393
probabilistic 5.401026194977045E-4 2.5257286443082556 0.001364152656931275
representing 0.001080205238995409 1.3361445774344192 0.0014433103725999667
combines 8.101539292465569E-4 2.2744142160273495 0.0018426256138487844
union 2.7005130974885227E-4 2.7668907011251433 7.472024577707651E-4
beliefs 2.7005130974885227E-4 3.2188758248682006 8.692616324245748E-4
textual 2.7005130974885227E-4 1.9459101490553132 5.254955844059717E-4
predictions 2.7005130974885227E-4 2.5257286443082556 6.820763284656375E-4
the 0.0945179584120983 0.017291497110061043 0.0016343570047316677
consisting 0.001080205238995409 1.906689435902032 0.002059615917798576
descent 2.7005130974885227E-4 3.373026504695459 9.108902254106019E-4
component 0.0024304617877396704 1.3361445774344192 0.003247448338349925
debates 2.7005130974885227E-4 4.471638793363569 0.0012075719128716092
shallow 2.7005130974885227E-4 3.2188758248682006 8.692616324245748E-4
information 5.401026194977045E-4 0.3049735695618419 1.6471702379791624E-4
leverages 2.7005130974885227E-4 3.5553480614894135 9.601264006182591E-4
novel 8.101539292465569E-4 1.3805963400052528 0.0011184955495586709
adopted 2.7005130974885227E-4 1.5538680612792897 4.19624105125382E-4
standard 2.7005130974885227E-4 0.7827593392496325 2.1138518478250944E-4
acknowledgement 2.7005130974885227E-4 4.471638793363569 0.0012075719128716092
correct 2.7005130974885227E-4 1.7635885922613586 4.762594091983145E-4
excitatory 2.7005130974885227E-4 5.1647859739235145 0.0013947572168305467
achieves 2.7005130974885227E-4 2.5257286443082556 6.820763284656375E-4
good 5.401026194977045E-4 0.8080771472339223 4.3644458397727374E-4
acp 0.002160410477990818 5.1647859739235145 0.011158057734644374
compute 2.7005130974885227E-4 2.2203469947570738 5.996076140310758E-4
wish 5.401026194977045E-4 3.373026504695459 0.0018217804508212038
act 5.401026194977045E-4 1.4271163556401458 7.707892820092605E-4
amounts 2.7005130974885227E-4 1.9459101490553132 5.254955844059717E-4
speakers 2.7005130974885227E-4 2.9675613965872945 8.013938419085321E-4
imperfectly 2.7005130974885227E-4 5.1647859739235145 0.0013947572168305467
assigns 2.7005130974885227E-4 2.6798793241355137 7.237049214516645E-4
weighted 5.401026194977045E-4 1.9459101490553132 0.0010509911688119434
others 5.401026194977045E-4 1.1758019273592397 6.350537009771751E-4
predicted 8.101539292465569E-4 1.5271998141971284 0.001237266930216415
area 2.7005130974885227E-4 0.9600933545325481 2.592744678726838E-4
need 2.7005130974885227E-4 0.5013468798114469 1.3538938153158164E-4
often 0.0013502565487442614 0.5900749954201312 7.967526268162722E-4
list 0.001080205238995409 1.3581234841531944 0.001467052102784979
encoding 2.7005130974885227E-4 2.7668907011251433 7.472024577707651E-4
article 2.7005130974885227E-4 1.5812670354674039 4.2702323399065726E-4
claims 0.006751282743721307 2.169053700369523 0.014643894817509608
disallowing 5.401026194977045E-4 5.1647859739235145 0.0027895144336610935
neural 2.7005130974885227E-4 1.5271998141971284 4.1242231007213834E-4
applied 0.001080205238995409 0.6109090823229731 6.599071912751532E-4
provided 2.7005130974885227E-4 0.7104386776700063 1.918548954010279E-4
representation 2.7005130974885227E-4 1.2729656758128876 3.4376604801860316E-4
lenient 0.0024304617877396704 4.471638793363569 0.010868147215844483
remove 2.7005130974885227E-4 1.8689491079191851 5.04712154447525E-4
prevent 2.7005130974885227E-4 1.4512139072192063 3.9190221637029605E-4
verifiable 2.7005130974885227E-4 5.1647859739235145 0.0013947572168305467
compiled 2.7005130974885227E-4 3.2188758248682006 8.692616324245748E-4
producing 2.7005130974885227E-4 2.6798793241355137 7.237049214516645E-4
arranged 2.7005130974885227E-4 2.8622008809294686 7.729410966593217E-4
previously 5.401026194977045E-4 0.8340526336371831 4.504740122264018E-4
divides 2.7005130974885227E-4 3.5553480614894135 9.601264006182591E-4
sampled 2.7005130974885227E-4 2.9675613965872945 8.013938419085321E-4
fails 2.7005130974885227E-4 2.9675613965872945 8.013938419085321E-4
identify 5.401026194977045E-4 0.6214911916535102 3.356690206068108E-4
multiple 2.7005130974885227E-4 0.5108256237659907 1.3794912875128023E-4
label 0.001890359168241966 2.120263536200091 0.004008059614744973
noted 2.7005130974885227E-4 1.157452788691043 3.125716415584777E-4
occurring 2.7005130974885227E-4 2.0292917579943643 5.48012897108929E-4
better 8.101539292465569E-4 0.4285875255290187 3.4722186783339346E-4
with 0.008101539292465569 0.017291497110061043 1.4008774326271437E-4
supervised 5.401026194977045E-4 1.9867321435755685 0.001073039234985454
there 8.101539292465569E-4 0.12136085700426753 9.832097515873686E-5
well 2.7005130974885227E-4 0.3127557100038969 8.446008911798457E-5
achieved 2.7005130974885227E-4 1.121734706088964 3.0292592657006856E-4
contributors 2.7005130974885227E-4 4.0661736852554045 0.0010980755293695393
taking 5.401026194977045E-4 1.3581234841531944 7.335260513924895E-4
albeit 2.7005130974885227E-4 2.8622008809294686 7.729410966593217E-4
slightly 2.7005130974885227E-4 1.5271998141971284 4.1242231007213834E-4
disabling 2.7005130974885227E-4 4.471638793363569 0.0012075719128716092
considered 5.401026194977045E-4 0.32059888746492277 1.7315629892785458E-4
outperforming 2.7005130974885227E-4 5.1647859739235145 0.0013947572168305467
focus 5.401026194977045E-4 0.6874491594453075 3.7129309178790575E-4
entire 5.401026194977045E-4 1.1944940603713923 6.451493709810382E-4
approach 0.001890359168241966 0.5398131606392429 0.0010204407573520659
variation 2.7005130974885227E-4 1.4035858582299516 3.790401993599653E-4
number 0.0027005130974885228 0.167573700159399 4.525349720750716E-4
experiment 0.0013502565487442614 1.730798769438368 0.002337022372992665
per 0.0016203078584931137 0.7339691750802005 0.001189256022274157
algorithm 5.401026194977045E-4 1.0059028905638423 5.43290786153844E-4
order 2.7005130974885227E-4 0.6214911916535102 1.678345103034054E-4
splitting 2.7005130974885227E-4 3.373026504695459 9.108902254106019E-4
similar 5.401026194977045E-4 0.20895891632225325 1.1285925807305063E-4
considering 5.401026194977045E-4 0.9162907318741551 4.948910245067E-4
birth 2.7005130974885227E-4 4.0661736852554045 0.0010980755293695393
distributed 0.001080205238995409 1.6094379124341003 0.0017385232648491496
underlying 2.7005130974885227E-4 1.293584963015623 3.493343135337896E-4
propose 8.101539292465569E-4 1.5812670354674039 0.0012810697019719718
relevance 5.401026194977045E-4 2.073743520565198 0.0011200343076236553
jointly 5.401026194977045E-4 2.8622008809294686 0.0015458821933186434
illustrated 2.7005130974885227E-4 1.8325814637483102 4.948910245067E-4
drives 2.7005130974885227E-4 3.7784916128036232 0.0010203866089126717
even 5.401026194977045E-4 0.377294231141468 2.0377760256087927E-4
binary 0.0016203078584931137 1.6990500711237875 0.0027529841822151566
authors 0.001890359168241966 0.023122417420854212 4.3709673763429513E-5
larger 2.7005130974885227E-4 0.9162907318741551 2.4744551225335E-4
other 0.001080205238995409 0.0408219945202552 4.4096132347021545E-5
aim 2.7005130974885227E-4 1.0376515888784226 2.802191706395956E-4
triplets 5.401026194977045E-4 3.5553480614894135 0.0019202528012365182
against 5.401026194977045E-4 0.9600933545325481 5.185489357453676E-4
annotators 0.0016203078584931137 3.0853444322436783 0.004999207829722406
respectively 2.7005130974885227E-4 1.9459101490553132 5.254955844059717E-4
representations 8.101539292465569E-4 2.120263536200091 0.001717739834890703
restrict 2.7005130974885227E-4 3.2188758248682006 8.692616324245748E-4
segments 0.003780718336483932 2.456735772821304 0.009288225984201528
valid 2.7005130974885227E-4 1.79749014393704 4.854145676308507E-4
tuple 5.401026194977045E-4 4.0661736852554045 0.0021961510587390786
asked 5.401026194977045E-4 2.073743520565198 0.0011200343076236553
holders 2.7005130974885227E-4 4.471638793363569 0.0012075719128716092
indicates 0.0013502565487442614 1.0376515888784226 0.001401095853197978
too 2.7005130974885227E-4 1.3361445774344192 3.6082759314999167E-4
yield 2.7005130974885227E-4 1.906689435902032 5.14903979449644E-4
have 0.002160410477990818 0.028987536873252187 6.262497839211922E-5
stochastic 2.7005130974885227E-4 2.456735772821304 6.634447131572519E-4
decisions 2.7005130974885227E-4 1.6094379124341003 4.346308162122874E-4
assertion 5.401026194977045E-4 4.471638793363569 0.0024151438257432184
share 2.7005130974885227E-4 1.4035858582299516 3.790401993599653E-4
particularly 2.7005130974885227E-4 0.9751312318970885 2.6333546635082055E-4
linear 8.101539292465569E-4 1.3146383722134554 0.0010650594427870283
dominant 2.7005130974885227E-4 2.2744142160273495 6.142085379495948E-4
question 2.7005130974885227E-4 1.2329603411991883 3.329625550092326E-4
drugs 5.401026194977045E-4 2.9675613965872945 0.0016027876838170642
reproducibility 2.7005130974885227E-4 3.5553480614894135 9.601264006182591E-4
produce 0.001080205238995409 1.157452788691043 0.0012502865662339109
ensembling 2.7005130974885227E-4 4.471638793363569 0.0012075719128716092
framework 5.401026194977045E-4 1.4271163556401458 7.707892820092605E-4
powerful 2.7005130974885227E-4 2.0292917579943643 5.48012897108929E-4
future 5.401026194977045E-4 0.48265474679929443 2.606830930593002E-4
logic 2.7005130974885227E-4 2.5998366164619773 7.020892834085815E-4
outputs 0.0013502565487442614 2.169053700369523 0.0029287789635019214
con 2.7005130974885227E-4 4.471638793363569 0.0012075719128716092
equally 2.7005130974885227E-4 2.073743520565198 5.600171538118276E-4
inhibitory 2.7005130974885227E-4 3.5553480614894135 9.601264006182591E-4
precision 0.0013502565487442614 1.8689491079191851 0.002523560772237625
marijuana 0.0032406157169862274 4.471638793363569 0.01449086295445931
implicitly 2.7005130974885227E-4 2.9675613965872945 8.013938419085321E-4
upon 5.401026194977045E-4 1.5538680612792897 8.39248210250764E-4
harmful 8.101539292465569E-4 3.0853444322436783 0.002499603914861203
correspond 2.7005130974885227E-4 1.9459101490553132 5.254955844059717E-4
points 2.7005130974885227E-4 0.9751312318970885 2.6333546635082055E-4
employed 2.7005130974885227E-4 1.4035858582299516 3.790401993599653E-4
spur 2.7005130974885227E-4 4.0661736852554045 0.0010980755293695393
declares 5.401026194977045E-4 4.471638793363569 0.0024151438257432184
optimize 8.101539292465569E-4 2.5257286443082556 0.0020462289853969123
biggest 2.7005130974885227E-4 2.7668907011251433 7.472024577707651E-4
whether 5.401026194977045E-4 0.5300569856938783 2.8628516645632095E-4
function 8.101539292465569E-4 0.6321864807702582 5.121683614125775E-4
implemented 2.7005130974885227E-4 1.293584963015623 3.493343135337896E-4
links 2.7005130974885227E-4 2.392197251683733 6.460160009947968E-4
verbs 2.7005130974885227E-4 2.8622008809294686 7.729410966593217E-4
all 0.0054010261949770455 0.017291497110061043 9.339182884180957E-5
new 5.401026194977045E-4 0.38566248081198473 2.0829731612853616E-4
comparison 0.0013502565487442614 0.758066726659261 0.0010235845620567932
subscript 2.7005130974885227E-4 4.471638793363569 0.0012075719128716092
below 2.7005130974885227E-4 1.4035858582299516 3.790401993599653E-4
less 2.7005130974885227E-4 0.368995428326773 9.96476987109838E-5
basis 5.401026194977045E-4 1.3146383722134554 7.100396285246855E-4
improve 0.001080205238995409 0.7104386776700063 7.674195816041116E-4
were 0.0016203078584931137 0.0958817717032825 1.553579881770713E-4
mapped 5.401026194977045E-4 2.169053700369523 0.0011715115854007685
basic 5.401026194977045E-4 1.1944940603713923 6.451493709810382E-4
boundary 2.7005130974885227E-4 2.456735772821304 6.634447131572519E-4
respective 5.401026194977045E-4 1.9459101490553132 0.0010509911688119434
ensemble 0.001080205238995409 3.2188758248682006 0.0034770465296982992
media 5.401026194977045E-4 1.5812670354674039 8.540464679813145E-4
units 5.401026194977045E-4 1.7635885922613586 9.52518818396629E-4
favour 2.7005130974885227E-4 3.5553480614894135 9.601264006182591E-4
around 2.7005130974885227E-4 1.0216512475319812 2.758982575025604E-4
represents 0.001080205238995409 0.9751312318970885 0.0010533418654032822
effective 2.7005130974885227E-4 0.8472978603872037 2.2881389694496453E-4
and 0.04266810694031866 0.017291497110061043 7.377954478502957E-4
crf 8.101539292465569E-4 3.5553480614894135 0.0028803792018547774
design 2.7005130974885227E-4 1.0376515888784226 2.802191706395956E-4
extra 2.7005130974885227E-4 2.073743520565198 5.600171538118276E-4
define 0.0013502565487442614 1.3146383722134554 0.001775099071311714
chose 2.7005130974885227E-4 1.906689435902032 5.14903979449644E-4
predict 0.0024304617877396704 1.2729656758128876 0.0030938944321674284
working 2.7005130974885227E-4 1.5538680612792897 4.19624105125382E-4
tokens 0.001890359168241966 2.120263536200091 0.004008059614744973
direction 5.401026194977045E-4 1.6682784124570338 9.010415406195159E-4
subjective 2.7005130974885227E-4 2.0292917579943643 5.48012897108929E-4
comments 0.0013502565487442614 2.5257286443082556 0.0034103816423281873
performing 5.401026194977045E-4 1.5812670354674039 8.540464679813145E-4
rates 2.7005130974885227E-4 1.2329603411991883 3.329625550092326E-4
automatic 8.101539292465569E-4 1.5812670354674039 0.0012810697019719718
specific 2.7005130974885227E-4 0.40261203912575794 1.0872590848656709E-4
any 2.7005130974885227E-4 0.2669461739726028 7.208916391374635E-5
consecutive 2.7005130974885227E-4 1.9867321435755685 5.36519617492727E-4
formulated 2.7005130974885227E-4 1.7635885922613586 4.762594091983145E-4
adopts 2.7005130974885227E-4 2.9675613965872945 8.013938419085321E-4
until 2.7005130974885227E-4 1.0376515888784226 2.802191706395956E-4
formally 2.7005130974885227E-4 3.5553480614894135 9.601264006182591E-4
forms 2.7005130974885227E-4 1.4512139072192063 3.9190221637029605E-4
entails 2.7005130974885227E-4 3.373026504695459 9.108902254106019E-4
reason 8.101539292465569E-4 1.0059028905638423 8.149361792307661E-4
accurate 2.7005130974885227E-4 1.3805963400052528 3.7283184985289027E-4
discussion 2.7005130974885227E-4 0.2595111954850846 7.008133823523754E-5
powerset 2.7005130974885227E-4 5.1647859739235145 0.0013947572168305467
identification 2.7005130974885227E-4 1.3146383722134554 3.5501981426234276E-4
jan 0.0016203078584931137 3.2188758248682006 0.005215569794547449
let 2.7005130974885227E-4 1.9459101490553132 5.254955844059717E-4
represented 0.0013502565487442614 0.8881198549074587 0.0011991896501585993
optimizing 2.7005130974885227E-4 3.5553480614894135 9.601264006182591E-4
state 5.401026194977045E-4 1.0376515888784226 5.604383412791912E-4
thinks 2.7005130974885227E-4 3.2188758248682006 8.692616324245748E-4
defined 0.0027005130974885228 0.5300569856938783 0.0014314258322816048
fully 2.7005130974885227E-4 1.2729656758128876 3.4376604801860316E-4
element 2.7005130974885227E-4 1.8325814637483102 4.948910245067E-4
models 0.007831487982716717 0.7953381214564925 0.00622868094038301
using 0.004050769646232784 0.083381608939051 3.3775969054436E-4
each 0.004050769646232784 0.13434805253107854 5.442130132233805E-4
labels 0.001890359168241966 1.8689491079191851 0.003532985081132675
input 0.0016203078584931137 1.0216512475319812 0.0016553895450153624
bilstm 0.0032406157169862274 3.5553480614894135 0.01152151680741911
difference 2.7005130974885227E-4 0.6004377824556778 1.6214900957485222E-4
dissipate 2.7005130974885227E-4 5.1647859739235145 0.0013947572168305467
randomized 5.401026194977045E-4 1.9459101490553132 0.0010509911688119434
degrades 2.7005130974885227E-4 5.1647859739235145 0.0013947572168305467
increased 2.7005130974885227E-4 0.4919571394616079 1.3285366985190598E-4
perfectly 2.7005130974885227E-4 3.5553480614894135 9.601264006182591E-4
automatically 5.401026194977045E-4 1.4759065198095778 7.971409774828937E-4
another 2.7005130974885227E-4 0.40261203912575794 1.0872590848656709E-4
networks 2.7005130974885227E-4 1.4759065198095778 3.9857048874144684E-4
two 0.007291385363219011 0.11492996667397702 8.379986768018848E-4
increases 2.7005130974885227E-4 1.1394342831883648 3.0770572054776254E-4
pot 8.101539292465569E-4 4.471638793363569 0.0036227157386148276
are 0.008641641911963273 0.028987536873252187 2.504999135684769E-4
pos 2.7005130974885227E-4 2.9675613965872945 8.013938419085321E-4
scenario 2.7005130974885227E-4 2.456735772821304 6.634447131572519E-4
does 5.401026194977045E-4 0.5696661237889241 3.0767816569750154E-4
structured 0.005130974885228194 1.3805963400052528 0.007083805147204916
where 0.004050769646232784 0.32850406697203605 0.0013306943031543453
popular 2.7005130974885227E-4 1.252762968495368 3.383102804470343E-4
gives 2.7005130974885227E-4 1.3146383722134554 3.5501981426234276E-4
broken 0.0016203078584931137 2.8622008809294686 0.004637646579955931
think 5.401026194977045E-4 2.0292917579943643 0.001096025794217858
detection 2.7005130974885227E-4 1.5271998141971284 4.1242231007213834E-4
vice 2.7005130974885227E-4 2.9675613965872945 8.013938419085321E-4
desires 2.7005130974885227E-4 4.471638793363569 0.0012075719128716092
gradient 2.7005130974885227E-4 2.5998366164619773 7.020892834085815E-4
structures 0.004860923575479341 1.6682784124570338 0.008109373865575644
propositional 0.001080205238995409 4.471638793363569 0.004830287651486437
lacking 2.7005130974885227E-4 2.331572629867298 6.296442424702397E-4
holder 8.101539292465569E-4 5.1647859739235145 0.00418427165049164
combining 2.7005130974885227E-4 1.6682784124570338 4.5052077030975797E-4
simplification 2.7005130974885227E-4 4.0661736852554045 0.0010980755293695393
such 0.0027005130974885228 0.10219094089654716 2.759679743358011E-4
nlp 0.001080205238995409 0.41119578281714936 4.4417583885190314E-4
describe 5.401026194977045E-4 1.0216512475319812 5.517965150051208E-4
relations 0.0035106670267350797 1.906689435902032 0.006693751732845373
dataset 0.001890359168241966 1.2729656758128876 0.002406362336130222
discontinuous 0.0013502565487442614 4.471638793363569 0.006037859564358046
supported 2.7005130974885227E-4 1.79749014393704 4.854145676308507E-4
pipelined 5.401026194977045E-4 5.1647859739235145 0.0027895144336610935
antecedent 2.7005130974885227E-4 3.7784916128036232 0.0010203866089126717
solved 2.7005130974885227E-4 2.2203469947570738 5.996076140310758E-4
had 2.7005130974885227E-4 0.32059888746492277 8.657814946392729E-5
remains 2.7005130974885227E-4 1.4512139072192063 3.9190221637029605E-4
source 2.7005130974885227E-4 0.9452782687474074 2.5527363455236495E-4
viterbi 2.7005130974885227E-4 4.471638793363569 0.0012075719128716092
challenging 5.401026194977045E-4 1.5538680612792897 8.39248210250764E-4
research 5.401026194977045E-4 0.41119578281714936 2.2208791942595157E-4
features 8.101539292465569E-4 0.8340526336371831 6.757110183396028E-4
either 8.101539292465569E-4 0.7827593392496325 6.341555543475283E-4
segment 0.0035106670267350797 2.120263536200091 0.00744353928452638
has 8.101539292465569E-4 0.05279818556697083 4.277465749417026E-5
starts 2.7005130974885227E-4 2.2203469947570738 5.996076140310758E-4
recurrent 5.401026194977045E-4 1.9867321435755685 0.001073039234985454
results 0.0032406157169862274 0.08961215868968714 2.903985698828641E-4
those 5.401026194977045E-4 0.3364722366212129 1.8172953638736854E-4
given 2.7005130974885227E-4 0.3526016185510966 9.522052890928884E-5
last 2.7005130974885227E-4 0.7703368192510752 2.0803046698651773E-4
involves 2.7005130974885227E-4 1.6094379124341003 4.346308162122874E-4
might 8.101539292465569E-4 0.7339691750802005 5.946280111370785E-4
widely 2.7005130974885227E-4 1.0059028905638423 2.71645393076922E-4
significant 2.7005130974885227E-4 0.377294231141468 1.0188880128043963E-4
pro 2.7005130974885227E-4 4.471638793363569 0.0012075719128716092
worse 5.401026194977045E-4 1.6094379124341003 8.692616324245748E-4
typology 2.7005130974885227E-4 4.471638793363569 0.0012075719128716092
longer 5.401026194977045E-4 1.1758019273592397 6.350537009771751E-4
improving 2.7005130974885227E-4 1.3361445774344192 3.6082759314999167E-4
overlap 2.7005130974885227E-4 2.456735772821304 6.634447131572519E-4
converted 2.7005130974885227E-4 1.5538680612792897 4.19624105125382E-4
overall 5.401026194977045E-4 0.7339691750802005 3.9641867409138563E-4
fields 5.401026194977045E-4 1.4759065198095778 7.971409774828937E-4
parameters 2.7005130974885227E-4 1.2135422553420867 3.277186754907066E-4
experimenting 2.7005130974885227E-4 3.7784916128036232 0.0010203866089126717
full 5.401026194977045E-4 0.14750613710858965 7.966845104433683E-5
next 8.101539292465569E-4 0.8080771472339223 6.546668759659106E-4
memory 2.7005130974885227E-4 2.073743520565198 5.600171538118276E-4
hidden 5.401026194977045E-4 1.730798769438368 9.348089491970661E-4
concept 0.001890359168241966 1.3581234841531944 0.0025673411798737135
motivation 2.7005130974885227E-4 2.120263536200091 5.725799449635676E-4
classes 2.7005130974885227E-4 1.7635885922613586 4.762594091983145E-4
legalized 0.0013502565487442614 5.1647859739235145 0.0069737860841527334
description 2.7005130974885227E-4 1.4512139072192063 3.9190221637029605E-4
conclusion 2.7005130974885227E-4 0.653926467406664 1.765936990026098E-4
negative 0.001080205238995409 0.6429973968744738 6.945691567642169E-4
not 0.0024304617877396704 0.03488725900044054 8.479214987954763E-5
minimal 2.7005130974885227E-4 1.906689435902032 5.14903979449644E-4
drops 2.7005130974885227E-4 2.9675613965872945 8.013938419085321E-4
now 2.7005130974885227E-4 1.4035858582299516 3.790401993599653E-4
statement 5.401026194977045E-4 2.331572629867298 0.0012592884849404794
hence 2.7005130974885227E-4 2.0292917579943643 5.48012897108929E-4
assembled 2.7005130974885227E-4 3.5553480614894135 9.601264006182591E-4
effectively 2.7005130974885227E-4 1.6384254493073527 4.424589385113023E-4
introduce 5.401026194977045E-4 1.7635885922613586 9.52518818396629E-4
was 0.0027005130974885228 0.058840500022933395 1.5889954097470535E-4
way 5.401026194977045E-4 0.9306794693262548 5.026624192958438E-4
target 5.401026194977045E-4 1.0704414117014134 5.781482104787541E-4
discourse 5.401026194977045E-4 2.392197251683733 0.0012920320019895936
what 2.7005130974885227E-4 0.8209805520698303 2.217068733647935E-4
separating 2.7005130974885227E-4 2.9675613965872945 8.013938419085321E-4
detailed 2.7005130974885227E-4 1.1394342831883648 3.0770572054776254E-4
refer 2.7005130974885227E-4 1.6682784124570338 4.5052077030975797E-4
assuming 2.7005130974885227E-4 1.9459101490553132 5.254955844059717E-4
sigmoid 2.7005130974885227E-4 3.373026504695459 9.108902254106019E-4
short 2.7005130974885227E-4 1.157452788691043 3.125716415584777E-4
time 2.7005130974885227E-4 0.20194134366360675 5.4534524348800094E-5
rise 2.7005130974885227E-4 2.0292917579943643 5.48012897108929E-4
extracting 5.401026194977045E-4 2.0292917579943643 0.001096025794217858
semantics 5.401026194977045E-4 2.392197251683733 0.0012920320019895936
taxonomy 5.401026194977045E-4 3.2188758248682006 0.0017385232648491496
three 0.004590872265730489 0.22314355131420976 0.0010244235410050138
when 5.401026194977045E-4 0.14750613710858965 7.966845104433683E-5
lowers 2.7005130974885227E-4 4.471638793363569 0.0012075719128716092
marijuna 2.7005130974885227E-4 5.1647859739235145 0.0013947572168305467
options 2.7005130974885227E-4 2.0292917579943643 5.48012897108929E-4
specifically 2.7005130974885227E-4 1.3805963400052528 3.7283184985289027E-4
odour 2.7005130974885227E-4 5.1647859739235145 0.0013947572168305467
probabilities 2.7005130974885227E-4 2.392197251683733 6.460160009947968E-4
struggle 2.7005130974885227E-4 3.373026504695459 9.108902254106019E-4
promising 8.101539292465569E-4 1.8325814637483102 0.0014846730735201
identifier 2.7005130974885227E-4 4.0661736852554045 0.0010980755293695393
subscribes 2.7005130974885227E-4 5.1647859739235145 0.0013947572168305467
identifies 2.7005130974885227E-4 2.0292917579943643 5.48012897108929E-4
having 5.401026194977045E-4 0.8340526336371831 4.504740122264018E-4
probability 2.7005130974885227E-4 1.4271163556401458 3.8539464100463024E-4
chained 2.7005130974885227E-4 4.0661736852554045 0.0010980755293695393
insightful 2.7005130974885227E-4 4.0661736852554045 0.0010980755293695393
deemed 2.7005130974885227E-4 2.5257286443082556 6.820763284656375E-4
extraction 0.0013502565487442614 1.3361445774344192 0.0018041379657499582
matches 2.7005130974885227E-4 2.9675613965872945 8.013938419085321E-4
dependencies 2.7005130974885227E-4 2.7668907011251433 7.472024577707651E-4
classifications 2.7005130974885227E-4 2.9675613965872945 8.013938419085321E-4
provide 2.7005130974885227E-4 0.44628710262841953 1.2052041658882514E-4
rely 2.7005130974885227E-4 1.6094379124341003 4.346308162122874E-4
bilstms 2.7005130974885227E-4 5.1647859739235145 0.0013947572168305467
study 2.7005130974885227E-4 0.15415067982725836 4.16285929860271E-5
methods 2.7005130974885227E-4 0.20194134366360675 5.4534524348800094E-5
sentences 8.101539292465569E-4 1.5812670354674039 0.0012810697019719718
layer 0.0016203078584931137 1.6990500711237875 0.0027529841822151566
linguistic 2.7005130974885227E-4 1.79749014393704 4.854145676308507E-4
ways 5.401026194977045E-4 1.4035858582299516 7.580803987199306E-4
low 5.401026194977045E-4 0.6761496041913742 3.651901723960973E-4
embedding 2.7005130974885227E-4 1.9867321435755685 5.36519617492727E-4
phases 2.7005130974885227E-4 2.392197251683733 6.460160009947968E-4
architecture 8.101539292465569E-4 1.79749014393704 0.0014562437028925522
means 2.7005130974885227E-4 0.6988778552689304 1.8873288016984347E-4
chain 0.0035106670267350797 2.331572629867298 0.008185375152113117
explore 2.7005130974885227E-4 1.2329603411991883 3.329625550092326E-4
decomposed 2.7005130974885227E-4 4.471638793363569 0.0012075719128716092
more 0.005130974885228194 0.05279818556697083 2.70906164129745E-4
display 8.101539292465569E-4 0.167573700159399 1.357604916225215E-4
csvdisplay 8.101539292465569E-4 0.2669461739726028 2.1626749174123909E-4
subtask 2.7005130974885227E-4 4.0661736852554045 0.0010980755293695393
great 2.7005130974885227E-4 1.3361445774344192 3.6082759314999167E-4
performed 2.7005130974885227E-4 0.4643056081310978 1.2538633759954032E-4
proceeded 2.7005130974885227E-4 4.471638793363569 0.0012075719128716092
grid 8.101539292465569E-4 2.6798793241355137 0.0021711147643549934
choice 2.7005130974885227E-4 1.6682784124570338 4.5052077030975797E-4
fed 2.7005130974885227E-4 1.9867321435755685 5.36519617492727E-4
conceptually 2.7005130974885227E-4 3.373026504695459 9.108902254106019E-4
recognizing 8.101539292465569E-4 3.0853444322436783 0.002499603914861203
section 0.001080205238995409 0.7953381214564925 8.591284055700702E-4
wrapper 2.7005130974885227E-4 4.471638793363569 0.0012075719128716092
used 0.004590872265730489 0.07103577311675174 3.2611616067641905E-4
alleviate 2.7005130974885227E-4 3.2188758248682006 8.692616324245748E-4
influence 2.7005130974885227E-4 0.9306794693262548 2.513312096479219E-4
shows 0.001080205238995409 0.5596157879354227 6.044999059523874E-4
denote 2.7005130974885227E-4 2.331572629867298 6.296442424702397E-4
shown 8.101539292465569E-4 0.3364722366212129 2.7259430458105284E-4
presented 2.7005130974885227E-4 0.4373981552111735 1.1811994469650917E-4
percentage 2.7005130974885227E-4 1.3146383722134554 3.5501981426234276E-4
feasible 2.7005130974885227E-4 2.331572629867298 6.296442424702397E-4
consider 0.001890359168241966 0.8080771472339223 0.0015275560439204582
potential 2.7005130974885227E-4 0.44628710262841953 1.2052041658882514E-4
connections 2.7005130974885227E-4 2.5257286443082556 6.820763284656375E-4
combination 2.7005130974885227E-4 0.758066726659261 2.0471691241135862E-4
described 2.7005130974885227E-4 0.44628710262841953 1.2052041658882514E-4
obtain 8.101539292465569E-4 1.0872485300177945 8.808386686614592E-4
manually 0.0016203078584931137 1.4512139072192063 0.0023514132982217764
particular 2.7005130974885227E-4 1.0704414117014134 2.8907410523937706E-4
done 2.7005130974885227E-4 0.9452782687474074 2.5527363455236495E-4
both 0.0027005130974885228 0.13434805253107854 3.628086754822537E-4
produced 0.001080205238995409 1.3581234841531944 0.001467052102784979
most 0.0016203078584931137 0.0771896386911299 1.2507097816548187E-4
effects 2.7005130974885227E-4 1.0216512475319812 2.758982575025604E-4
hurts 2.7005130974885227E-4 5.1647859739235145 0.0013947572168305467
outside 2.7005130974885227E-4 1.4035858582299516 3.790401993599653E-4
produces 5.401026194977045E-4 2.073743520565198 0.0011200343076236553
topic 8.101539292465569E-4 1.2729656758128876 0.0010312981440558095
who 5.401026194977045E-4 0.44628710262841953 2.4104083317765028E-4
classify 5.401026194977045E-4 1.5271998141971284 8.248446201442767E-4
values 5.401026194977045E-4 0.5900749954201312 3.187010507265089E-4
part 8.101539292465569E-4 0.5496654570822546 4.453136298262932E-4
their 0.0013502565487442614 0.12136085700426753 1.638682919312281E-4
why 2.7005130974885227E-4 1.4271163556401458 3.8539464100463024E-4
inspiration 2.7005130974885227E-4 3.373026504695459 9.108902254106019E-4
point 0.001080205238995409 0.7703368192510752 8.321218679460709E-4
general 2.7005130974885227E-4 0.4734380916943703 1.2785257674706191E-4
relies 2.7005130974885227E-4 2.169053700369523 5.857557927003843E-4
designed 5.401026194977045E-4 1.0872485300177945 5.872257791076394E-4
introduction 2.7005130974885227E-4 0.10219094089654716 2.7596797433580114E-5
rest 2.7005130974885227E-4 1.7635885922613586 4.762594091983145E-4
amount 2.7005130974885227E-4 1.121734706088964 3.0292592657006856E-4
process 5.401026194977045E-4 0.5013468798114469 2.707787630631633E-4
original 2.7005130974885227E-4 1.1944940603713923 3.225746854905191E-4
alternative 8.101539292465569E-4 1.3805963400052528 0.0011184955495586709
also 0.0013502565487442614 0.05279818556697083 7.12910958236171E-5
approaches 0.0013502565487442614 0.9021060968821986 0.0012180746649773136
differ 2.7005130974885227E-4 1.5271998141971284 4.1242231007213834E-4
outperforms 5.401026194977045E-4 2.5257286443082556 0.001364152656931275
anaphoric 2.7005130974885227E-4 4.471638793363569 0.0012075719128716092
third 8.101539292465569E-4 1.0059028905638423 8.149361792307661E-4
build 2.7005130974885227E-4 1.5271998141971284 4.1242231007213834E-4
latter 2.7005130974885227E-4 1.8325814637483102 4.948910245067E-4
uses 2.7005130974885227E-4 1.1394342831883648 3.0770572054776254E-4
further 2.7005130974885227E-4 0.27443684570176036 7.411202962510406E-5
user 5.401026194977045E-4 1.6990500711237875 9.176613940717188E-4
simply 5.401026194977045E-4 1.4512139072192063 7.838044327405921E-4
account 2.7005130974885227E-4 1.0539121097502027 2.8461034559821837E-4
been 5.401026194977045E-4 0.05279818556697083 2.8516438329446842E-5
mostly 5.401026194977045E-4 1.1758019273592397 6.350537009771751E-4
bad 5.401026194977045E-4 3.5553480614894135 0.0019202528012365182
bring 5.401026194977045E-4 1.9867321435755685 0.001073039234985454
extracted 0.001080205238995409 1.0704414117014134 0.0011562964209575082
offer 2.7005130974885227E-4 1.5271998141971284 4.1242231007213834E-4
evaluation 5.401026194977045E-4 0.7953381214564925 4.295642027850351E-4
fix 2.7005130974885227E-4 3.7784916128036232 0.0010203866089126717
retrieval 2.7005130974885227E-4 2.331572629867298 6.296442424702397E-4
assumption 2.7005130974885227E-4 1.9867321435755685 5.36519617492727E-4
diverse 2.7005130974885227E-4 1.7635885922613586 4.762594091983145E-4
promotes 0.001080205238995409 2.9675613965872945 0.0032055753676341284
reflects 2.7005130974885227E-4 1.9867321435755685 5.36519617492727E-4
adequately 2.7005130974885227E-4 2.392197251683733 6.460160009947968E-4
past 2.7005130974885227E-4 1.293584963015623 3.493343135337896E-4
impact 2.7005130974885227E-4 0.7827593392496325 2.1138518478250944E-4
preference 2.7005130974885227E-4 2.169053700369523 5.857557927003843E-4
narrowly 2.7005130974885227E-4 5.1647859739235145 0.0013947572168305467
tags 0.001080205238995409 2.5998366164619773 0.002808357133634326
domain 0.007831487982716717 1.1944940603713923 0.009354665879225055
peace 2.7005130974885227E-4 4.471638793363569 0.0012075719128716092
consideration 2.7005130974885227E-4 1.5812670354674039 4.2702323399065726E-4
assigned 8.101539292465569E-4 1.3805963400052528 0.0011184955495586709
looking 2.7005130974885227E-4 1.6990500711237875 4.588306970358594E-4
greatly 2.7005130974885227E-4 2.2203469947570738 5.996076140310758E-4
average 5.401026194977045E-4 0.7459453661269161 4.0288704624732167E-4
compare 8.101539292465569E-4 0.9306794693262548 7.539936289437657E-4
ordering 5.401026194977045E-4 3.373026504695459 0.0018217804508212038
how 8.101539292465569E-4 0.5496654570822546 4.453136298262932E-4
proved 5.401026194977045E-4 1.9459101490553132 0.0010509911688119434
search 5.401026194977045E-4 1.1043429633770947 5.964585273438264E-4
see 2.7005130974885227E-4 1.0376515888784226 2.802191706395956E-4
unlike 5.401026194977045E-4 1.6682784124570338 9.010415406195159E-4
segmentation 0.007291385363219011 2.7668907011251433 0.02017446635981066
indicate 2.7005130974885227E-4 1.0704414117014134 2.8907410523937706E-4
empirically 2.7005130974885227E-4 3.0853444322436783 8.332013049537342E-4
paired 2.7005130974885227E-4 2.331572629867298 6.296442424702397E-4
compared 5.401026194977045E-4 0.2669461739726028 1.441783278274927E-4
enabling 2.7005130974885227E-4 2.169053700369523 5.857557927003843E-4
set 0.0035106670267350797 0.5596157879354227 0.001964624694345259
contain 5.401026194977045E-4 1.4035858582299516 7.580803987199306E-4
uncovering 2.7005130974885227E-4 4.0661736852554045 0.0010980755293695393
possible 0.002160410477990818 0.38566248081198473 8.331892645141447E-4
involve 2.7005130974885227E-4 1.8325814637483102 4.948910245067E-4
transition 8.101539292465569E-4 2.331572629867298 0.0018889327274107194
instructed 2.7005130974885227E-4 2.8622008809294686 7.729410966593217E-4
phrases 2.7005130974885227E-4 2.169053700369523 5.857557927003843E-4
under 2.7005130974885227E-4 0.7459453661269161 2.0144352312366083E-4
corresponds 8.101539292465569E-4 1.7635885922613586 0.0014287782275949434
did 2.7005130974885227E-4 0.5108256237659907 1.3794912875128023E-4
represent 0.001080205238995409 0.8209805520698303 8.86827493459174E-4
encode 8.101539292465569E-4 2.6798793241355137 0.0021711147643549934
performs 5.401026194977045E-4 1.906689435902032 0.001029807958899288
putting 2.7005130974885227E-4 3.7784916128036232 0.0010203866089126717
added 2.7005130974885227E-4 1.1758019273592397 3.1752685048858754E-4
language 0.001080205238995409 0.6988778552689304 7.549315206793739E-4
down 0.0016203078584931137 1.6384254493073527 0.002654753631067814
observe 8.101539292465569E-4 1.9459101490553132 0.0015764867532179151
correctly 8.101539292465569E-4 2.0292917579943643 0.0016440386913267873
accomplished 2.7005130974885227E-4 3.5553480614894135 9.601264006182591E-4
hierarchical 2.7005130974885227E-4 2.5257286443082556 6.820763284656375E-4
boundaries 2.7005130974885227E-4 2.7668907011251433 7.472024577707651E-4
modal 2.7005130974885227E-4 3.7784916128036232 0.0010203866089126717
train 0.002160410477990818 1.9867321435755685 0.004292156939941816
which 0.007291385363219011 0.023122417420854212 1.685944559446567E-4
needs 5.401026194977045E-4 1.1394342831883648 6.154114410955251E-4
commonly 2.7005130974885227E-4 1.0216512475319812 2.758982575025604E-4
typically 0.0013502565487442614 1.1394342831883648 0.0015385286027388128
never 5.401026194977045E-4 2.169053700369523 0.0011715115854007685
parts 2.7005130974885227E-4 1.4035858582299516 3.790401993599653E-4
final 2.7005130974885227E-4 0.6988778552689304 1.8873288016984347E-4
relatively 2.7005130974885227E-4 0.8209805520698303 2.217068733647935E-4
tackle 2.7005130974885227E-4 2.6798793241355137 7.237049214516645E-4
frame 8.101539292465569E-4 2.456735772821304 0.001990334139471756
however 2.7005130974885227E-4 1.9459101490553132 5.254955844059717E-4
some 0.001890359168241966 0.2160260835453457 4.0836688760934915E-4
deep 0.001080205238995409 1.4271163556401458 0.001541578564018521
trained 5.401026194977045E-4 1.3805963400052528 7.456636997057805E-4
rather 2.7005130974885227E-4 0.758066726659261 2.0471691241135862E-4
additional 5.401026194977045E-4 0.5300569856938783 2.8628516645632095E-4
deem 5.401026194977045E-4 4.471638793363569 0.0024151438257432184
for 0.022144207399405886 0.017291497110061043 3.8290649825141926E-4
back 2.7005130974885227E-4 1.6682784124570338 4.5052077030975797E-4
training 0.001080205238995409 1.0059028905638423 0.001086581572307688
content 0.001890359168241966 1.293584963015623 0.0024453401947365275
states 2.7005130974885227E-4 1.293584963015623 3.493343135337896E-4
random 0.0013502565487442614 1.2329603411991883 0.001664812775046163
related 0.0013502565487442614 0.27443684570176036 3.7056014812552034E-4
rate 2.7005130974885227E-4 0.7221347174331975 1.950134262579523E-4
ignore 2.7005130974885227E-4 2.5257286443082556 6.820763284656375E-4
averaged 5.401026194977045E-4 2.6798793241355137 0.001447409842903329
featuring 2.7005130974885227E-4 3.7784916128036232 0.0010203866089126717
class 0.0013502565487442614 1.3805963400052528 0.0018641592492644515
over 5.401026194977045E-4 0.3364722366212129 1.8172953638736854E-4
practical 5.401026194977045E-4 1.5538680612792897 8.39248210250764E-4
entailed 2.7005130974885227E-4 4.471638793363569 0.0012075719128716092
bound 5.401026194977045E-4 2.5998366164619773 0.001404178566817163
length 2.7005130974885227E-4 1.2329603411991883 3.329625550092326E-4
obviously 2.7005130974885227E-4 2.8622008809294686 7.729410966593217E-4
formalize 2.7005130974885227E-4 5.1647859739235145 0.0013947572168305467
form 5.401026194977045E-4 0.664976303593249 3.591554434746146E-4
although 2.7005130974885227E-4 0.4285875255290187 1.1574062261113115E-4
setup 8.101539292465569E-4 2.392197251683733 0.0019380480029843907
significantly 2.7005130974885227E-4 0.5900749954201312 1.5935052536325444E-4
assign 2.7005130974885227E-4 1.9459101490553132 5.254955844059717E-4
very 5.401026194977045E-4 0.5596157879354227 3.022499529761937E-4
improves 2.7005130974885227E-4 2.2203469947570738 5.996076140310758E-4
bio 0.002970564407237375 3.7784916128036232 0.011224252698039389
construct 5.401026194977045E-4 1.79749014393704 9.708291352617013E-4
hope 2.7005130974885227E-4 2.9675613965872945 8.013938419085321E-4
attempt 2.7005130974885227E-4 1.6682784124570338 4.5052077030975797E-4
output 5.401026194977045E-4 1.1944940603713923 6.451493709810382E-4
pertains 2.7005130974885227E-4 4.471638793363569 0.0012075719128716092
four 0.002160410477990818 0.4643056081310978 0.0010030907007963225
revealed 2.7005130974885227E-4 1.3581234841531944 3.6676302569624476E-4
classifier 0.0024304617877396704 2.169053700369523 0.005271802134303459
model 0.00945179584120983 0.48265474679929443 0.004561954128537754
majority 0.0013502565487442614 0.9452782687474074 0.0012763681727618248
text 0.005130974885228194 0.8607208807193443 0.0044163372221624475
whereas 0.001080205238995409 1.0872485300177945 0.0011744515582152789
usually 2.7005130974885227E-4 0.9600933545325481 2.592744678726838E-4
tasks 5.401026194977045E-4 1.293584963015623 6.986686270675792E-4
validation 2.7005130974885227E-4 1.8325814637483102 4.948910245067E-4
sentence 8.101539292465569E-4 1.6094379124341003 0.0013038924486368623
likely 2.7005130974885227E-4 0.5798184952529422 1.565807440596657E-4
faithfully 2.7005130974885227E-4 5.1647859739235145 0.0013947572168305467
framing 2.7005130974885227E-4 3.5553480614894135 9.601264006182591E-4
large 2.7005130974885227E-4 0.34450440831847723 9.303386668065818E-5
inspecting 0.001080205238995409 3.7784916128036232 0.004081546435650687
dependency 2.7005130974885227E-4 2.120263536200091 5.725799449635676E-4
lower 5.401026194977045E-4 0.5300569856938783 2.8628516645632095E-4
being 0.001080205238995409 0.48265474679929443 5.213661861186005E-4
classification 0.0035106670267350797 0.9751312318970885 0.0034233610625606673
yielded 2.7005130974885227E-4 2.392197251683733 6.460160009947968E-4
removing 2.7005130974885227E-4 1.79749014393704 4.854145676308507E-4
resulting 2.7005130974885227E-4 1.0059028905638423 2.71645393076922E-4
heavy 5.401026194977045E-4 2.6798793241355137 0.001447409842903329
lung 2.7005130974885227E-4 2.9675613965872945 8.013938419085321E-4
field 5.401026194977045E-4 0.8472978603872037 4.5762779388992906E-4
invalid 2.7005130974885227E-4 3.7784916128036232 0.0010203866089126717
hardest 2.7005130974885227E-4 5.1647859739235145 0.0013947572168305467
evaluate 0.0016203078584931137 0.758066726659261 0.0012283014744681518
begin 2.7005130974885227E-4 2.5998366164619773 7.020892834085815E-4
become 2.7005130974885227E-4 0.8607208807193443 2.3243880116644456E-4
semantic 0.002970564407237375 1.4512139072192063 0.0043109243800732566
works 2.7005130974885227E-4 1.3805963400052528 3.7283184985289027E-4
inference 8.101539292465569E-4 2.5257286443082556 0.0020462289853969123
sequences 2.7005130974885227E-4 2.2203469947570738 5.996076140310758E-4
sparsely 2.7005130974885227E-4 3.5553480614894135 9.601264006182591E-4
world 5.401026194977045E-4 1.4035858582299516 7.580803987199306E-4
induction 2.7005130974885227E-4 2.7668907011251433 7.472024577707651E-4
belief 2.7005130974885227E-4 2.8622008809294686 7.729410966593217E-4
map 8.101539292465569E-4 1.9867321435755685 0.0016095588524781814
table 0.004590872265730489 0.18805223150293962 8.633237741155749E-4
predicting 8.101539292465569E-4 2.169053700369523 0.0017572673781011529
together 5.401026194977045E-4 1.1394342831883648 6.154114410955251E-4
may 0.004320820955981636 0.15415067982725836 6.660574877764336E-4
within 2.7005130974885227E-4 0.3127557100038969 8.446008911798457E-5
seemed 2.7005130974885227E-4 2.2744142160273495 6.142085379495948E-4
could 0.001080205238995409 0.22314355131420976 2.4104083317765028E-4
topics 5.401026194977045E-4 1.6384254493073527 8.849178770226046E-4
forward 5.401026194977045E-4 1.8689491079191851 0.00100942430889505
health 8.101539292465569E-4 0.990398704027877 8.023754015888823E-4
positive 5.401026194977045E-4 0.6988778552689304 3.7746576033968694E-4
draw 2.7005130974885227E-4 1.9867321435755685 5.36519617492727E-4
multiclass 0.0013502565487442614 4.471638793363569 0.006037859564358046
machine 0.0016203078584931137 1.0872485300177945 0.0017616773373229184
overlapping 0.0016203078584931137 2.6798793241355137 0.004342229528709987
truthfully 2.7005130974885227E-4 5.1647859739235145 0.0013947572168305467
efficiently 5.401026194977045E-4 2.0292917579943643 0.001096025794217858
comparable 5.401026194977045E-4 1.5812670354674039 8.540464679813145E-4
negation 2.7005130974885227E-4 3.0853444322436783 8.332013049537342E-4
instance 5.401026194977045E-4 2.2203469947570738 0.0011992152280621516
use 0.006481231433972455 0.20895891632225325 0.0013543110968766076
several 8.101539292465569E-4 0.3526016185510966 2.856615867278666E-4
recognition 2.7005130974885227E-4 1.6384254493073527 4.424589385113023E-4
expresses 2.7005130974885227E-4 2.9675613965872945 8.013938419085321E-4
serve 2.7005130974885227E-4 1.730798769438368 4.6740447459853304E-4
while 0.0024304617877396704 0.20895891632225325 5.078666613287278E-4
second 0.0024304617877396704 0.4643056081310978 0.0011284770383958628
arrangement 2.7005130974885227E-4 4.0661736852554045 0.0010980755293695393
that 0.010802052389954091 0.017291497110061043 1.8678365768361914E-4
download 8.101539292465569E-4 0.2595111954850846 2.1024401470571261E-4
high 2.7005130974885227E-4 0.2521310881874621 6.808833059342751E-5
falls 2.7005130974885227E-4 2.456735772821304 6.634447131572519E-4
split 2.7005130974885227E-4 1.6384254493073527 4.424589385113023E-4
than 0.0016203078584931137 0.058840500022933395 9.533972458482322E-5
sufficient 2.7005130974885227E-4 1.5012243277938677 4.054075959475743E-4
classifiers 0.0013502565487442614 2.5257286443082556 0.0034103816423281873
claim 0.03672697812584391 2.6798793241355137 0.09842386931742637
backward 2.7005130974885227E-4 2.5257286443082556 6.820763284656375E-4
expressed 0.001080205238995409 1.1758019273592397 0.0012701074019543501
picker 2.7005130974885227E-4 5.1647859739235145 0.0013947572168305467
different 8.101539292465569E-4 0.18805223150293962 1.5235125425568967E-4
combine 2.7005130974885227E-4 1.8689491079191851 5.04712154447525E-4
hasan 2.7005130974885227E-4 5.1647859739235145 0.0013947572168305467
motivated 5.401026194977045E-4 2.392197251683733 0.0012920320019895936
level 8.101539292465569E-4 0.5798184952529422 4.6974223217899715E-4
dominating 2.7005130974885227E-4 4.0661736852554045 0.0010980755293695393
difficult 8.101539292465569E-4 0.7703368192510752 6.240914009595532E-4
weights 2.7005130974885227E-4 1.9867321435755685 5.36519617492727E-4
weighting 2.7005130974885227E-4 2.5257286443082556 6.820763284656375E-4
predicts 8.101539292465569E-4 2.5998366164619773 0.0021062678502257446
feed 2.7005130974885227E-4 2.5998366164619773 7.020892834085815E-4
expand 2.7005130974885227E-4 2.169053700369523 5.857557927003843E-4
task 0.0024304617877396704 1.2329603411991883 0.0029966629950830934
dubbed 2.7005130974885227E-4 3.7784916128036232 0.0010203866089126717
directions 2.7005130974885227E-4 2.0292917579943643 5.48012897108929E-4
infer 8.101539292465569E-4 2.7668907011251433 0.0022416073733122956
prediction 0.004320820955981636 1.6384254493073527 0.007079343016180837
true 2.7005130974885227E-4 1.1394342831883648 3.0770572054776254E-4
position 2.7005130974885227E-4 1.2729656758128876 3.4376604801860316E-4
comprised 2.7005130974885227E-4 2.331572629867298 6.296442424702397E-4
present 2.7005130974885227E-4 0.38566248081198473 1.0414865806426808E-4
since 0.002160410477990818 0.377294231141468 8.151104102435171E-4
problems 0.001080205238995409 1.1758019273592397 0.0012701074019543501
sentiment 2.7005130974885227E-4 1.906689435902032 5.14903979449644E-4
behind 2.7005130974885227E-4 1.6682784124570338 4.5052077030975797E-4
belong 2.7005130974885227E-4 2.2203469947570738 5.996076140310758E-4
paradigm 2.7005130974885227E-4 2.9675613965872945 8.013938419085321E-4
mental 2.7005130974885227E-4 2.169053700369523 5.857557927003843E-4
best 8.101539292465569E-4 0.6988778552689304 5.661986405095305E-4
investigate 2.7005130974885227E-4 0.9600933545325481 2.592744678726838E-4
decent 2.7005130974885227E-4 4.471638793363569 0.0012075719128716092
total 8.101539292465569E-4 0.5108256237659907 4.138473862538407E-4
criminalize 8.101539292465569E-4 5.1647859739235145 0.00418427165049164
auxiliary 2.7005130974885227E-4 2.6798793241355137 7.237049214516645E-4
smoking 0.001080205238995409 3.373026504695459 0.0036435609016424076
proposition 2.7005130974885227E-4 3.0853444322436783 8.332013049537342E-4
rooted 2.7005130974885227E-4 3.5553480614894135 9.601264006182591E-4
included 2.7005130974885227E-4 0.41985384556026406 1.1338208089664165E-4
allows 2.7005130974885227E-4 1.2135422553420867 3.277186754907066E-4
determine 8.101539292465569E-4 0.7221347174331975 5.85040278773857E-4
social 5.401026194977045E-4 1.0704414117014134 5.781482104787541E-4
nature 2.7005130974885227E-4 1.0216512475319812 2.758982575025604E-4
considerably 2.7005130974885227E-4 2.331572629867298 6.296442424702397E-4
segmented 0.0016203078584931137 2.9675613965872945 0.004808363051451193
purview 2.7005130974885227E-4 5.1647859739235145 0.0013947572168305467
suppresses 0.001080205238995409 3.373026504695459 0.0036435609016424076
exactly 5.401026194977045E-4 2.8622008809294686 0.0015458821933186434
structure 0.008101539292465569 1.0216512475319812 0.008276947725076813
due 0.001080205238995409 0.20895891632225325 2.2571851614610125E-4
opinions 0.001080205238995409 2.2744142160273495 0.002456834151798379
online 2.7005130974885227E-4 1.3581234841531944 3.6676302569624476E-4
essentially 2.7005130974885227E-4 2.456735772821304 6.634447131572519E-4
stance 0.0013502565487442614 4.0661736852554045 0.005490377646847697
upper 5.401026194977045E-4 1.8689491079191851 0.00100942430889505
about 5.401026194977045E-4 0.377294231141468 2.0377760256087927E-4
parsing 0.0032406157169862274 2.6798793241355137 0.008684459057419974
cover 2.7005130974885227E-4 1.79749014393704 4.854145676308507E-4
contribution 2.7005130974885227E-4 1.5538680612792897 4.19624105125382E-4
extremely 8.101539292465569E-4 1.9459101490553132 0.0015764867532179151
meaning 2.7005130974885227E-4 1.121734706088964 3.0292592657006856E-4
exhibit 2.7005130974885227E-4 2.5998366164619773 7.020892834085815E-4
recent 2.7005130974885227E-4 0.5596157879354227 1.5112497648809686E-4
they 0.002160410477990818 0.167573700159399 3.6202797766005725E-4
comprise 2.7005130974885227E-4 2.8622008809294686 7.729410966593217E-4
based 0.0013502565487442614 0.18805223150293962 2.539187570928161E-4
closely 2.7005130974885227E-4 1.6990500711237875 4.588306970358594E-4
distinguish 2.7005130974885227E-4 1.906689435902032 5.14903979449644E-4
implicative 2.7005130974885227E-4 5.1647859739235145 0.0013947572168305467
them 8.101539292465569E-4 0.5696661237889241 4.615172485462523E-4
then 0.003780718336483932 0.4285875255290187 0.0016203687165558362
something 2.7005130974885227E-4 2.169053700369523 5.857557927003843E-4
accept 5.401026194977045E-4 2.7668907011251433 0.0014944049155415301
concepts 0.003780718336483932 1.79749014393704 0.00679580394683191
adopt 0.001890359168241966 2.331572629867298 0.004407509697291679
processing 5.401026194977045E-4 0.7221347174331975 3.900268525159046E-4
except 2.7005130974885227E-4 1.3805963400052528 3.7283184985289027E-4
obtained 2.7005130974885227E-4 0.6004377824556778 1.6214900957485222E-4
starting 5.401026194977045E-4 1.3146383722134554 7.100396285246855E-4
shared 2.7005130974885227E-4 1.730798769438368 4.6740447459853304E-4
functional 2.7005130974885227E-4 1.4759065198095778 3.9857048874144684E-4
components 0.002160410477990818 1.3361445774344192 0.0028866207451999333
fact 5.401026194977045E-4 0.990398704027877 5.349169343925881E-4
contradicts 2.7005130974885227E-4 3.7784916128036232 0.0010203866089126717
experiments 5.401026194977045E-4 1.5812670354674039 8.540464679813145E-4
sum 2.7005130974885227E-4 1.8689491079191851 5.04712154447525E-4
annotator 2.7005130974885227E-4 3.0853444322436783 8.332013049537342E-4
long 2.7005130974885227E-4 0.7827593392496325 2.1138518478250944E-4
seen 2.7005130974885227E-4 0.8472978603872037 2.2881389694496453E-4
extended 2.7005130974885227E-4 1.6682784124570338 4.5052077030975797E-4
seem 2.7005130974885227E-4 1.6094379124341003 4.346308162122874E-4
softmax 2.7005130974885227E-4 2.6798793241355137 7.237049214516645E-4
into 0.005671077504725898 0.10854016857520597 6.155397083660075E-4
attitudinal 2.7005130974885227E-4 4.0661736852554045 0.0010980755293695393
current 2.7005130974885227E-4 0.4919571394616079 1.3285366985190598E-4
managed 2.7005130974885227E-4 2.073743520565198 5.600171538118276E-4
vector 0.0013502565487442614 1.3146383722134554 0.001775099071311714
addicted 2.7005130974885227E-4 5.1647859739235145 0.0013947572168305467
though 2.7005130974885227E-4 1.1043429633770947 2.982292636719132E-4
one 0.0032406157169862274 0.06491954609931569 2.1037930142905436E-4
manages 8.101539292465569E-4 4.0661736852554045 0.003294226588108618
makes 8.101539292465569E-4 1.0539121097502027 8.538310367946551E-4
svm 0.0024304617877396704 2.8622008809294686 0.006956469869933896
many 0.001080205238995409 0.20194134366360675 2.1813809739520038E-4
people 5.401026194977045E-4 1.0539121097502027 5.692206911964367E-4
single 0.001890359168241966 0.6429973968744738 0.0012154960243373795
pretrained 0.001080205238995409 3.373026504695459 0.0036435609016424076
lstm 8.101539292465569E-4 2.456735772821304 0.001990334139471756
texts 2.7005130974885227E-4 1.4512139072192063 3.9190221637029605E-4
showed 2.7005130974885227E-4 0.5398131606392429 1.4577725105029512E-4
seeks 2.7005130974885227E-4 2.8622008809294686 7.729410966593217E-4
but 0.002160410477990818 0.083381608939051 1.8013850162365864E-4
embeddings 0.001080205238995409 2.2203469947570738 0.0023984304561243033
joint 0.0027005130974885228 1.906689435902032 0.005149039794496441
conditional 8.101539292465569E-4 2.120263536200091 0.001717739834890703
separate 2.7005130974885227E-4 1.3146383722134554 3.5501981426234276E-4
express 5.401026194977045E-4 1.8689491079191851 0.00100942430889505
pairs 2.7005130974885227E-4 2.120263536200091 5.725799449635676E-4
mainly 2.7005130974885227E-4 1.0059028905638423 2.71645393076922E-4
trainable 2.7005130974885227E-4 4.471638793363569 0.0012075719128716092
ambiguity 2.7005130974885227E-4 2.9675613965872945 8.013938419085321E-4
argumentative 0.005130974885228194 5.1647859739235145 0.026500387119780387
roughly 2.7005130974885227E-4 1.9459101490553132 5.254955844059717E-4
fragments 8.101539292465569E-4 3.373026504695459 0.0027326706762318058
tobacco 2.7005130974885227E-4 3.7784916128036232 0.0010203866089126717
satisfactory 2.7005130974885227E-4 2.7668907011251433 7.472024577707651E-4
generate 5.401026194977045E-4 1.3361445774344192 7.216551862999833E-4
ensure 2.7005130974885227E-4 1.4035858582299516 3.790401993599653E-4
maps 8.101539292465569E-4 2.8622008809294686 0.0023188232899779655
solutions 5.401026194977045E-4 1.4271163556401458 7.707892820092605E-4
this 0.007831487982716717 0.017291497110061043 1.3541815182062389E-4
felt 2.7005130974885227E-4 2.5998366164619773 7.020892834085815E-4
finding 5.401026194977045E-4 0.9751312318970885 5.266709327016411E-4
look 2.7005130974885227E-4 1.6682784124570338 4.5052077030975797E-4
modelling 5.401026194977045E-4 1.906689435902032 0.001029807958899288
modulating 2.7005130974885227E-4 4.471638793363569 0.0012075719128716092
opt 2.7005130974885227E-4 3.373026504695459 9.108902254106019E-4
achieving 8.101539292465569E-4 2.2203469947570738 0.0017988228420932274
extract 2.7005130974885227E-4 1.3805963400052528 3.7283184985289027E-4
especially 0.001080205238995409 0.7104386776700063 7.674195816041116E-4
once 2.7005130974885227E-4 1.4271163556401458 3.8539464100463024E-4
solve 0.001080205238995409 1.730798769438368 0.0018696178983941322
inspect 2.7005130974885227E-4 3.7784916128036232 0.0010203866089126717
support 0.001080205238995409 0.7104386776700063 7.674195816041116E-4
suggesting 2.7005130974885227E-4 1.5812670354674039 4.2702323399065726E-4
internet 2.7005130974885227E-4 2.2744142160273495 6.142085379495948E-4
allow 0.001080205238995409 1.252762968495368 0.0013532411217881371
doing 2.7005130974885227E-4 2.0292917579943643 5.48012897108929E-4
reasons 8.101539292465569E-4 1.3581234841531944 0.0011002890770887342
decompose 2.7005130974885227E-4 3.7784916128036232 0.0010203866089126717
learning 0.002160410477990818 0.9306794693262548 0.002010649677183375
underrepresented 2.7005130974885227E-4 3.373026504695459 9.108902254106019E-4
graphs 2.7005130974885227E-4 2.7668907011251433 7.472024577707651E-4
subfield 2.7005130974885227E-4 4.0661736852554045 0.0010980755293695393
wants 2.7005130974885227E-4 3.7784916128036232 0.0010203866089126717
lies 2.7005130974885227E-4 2.456735772821304 6.634447131572519E-4
definition 5.401026194977045E-4 1.6990500711237875 9.176613940717188E-4
causal 2.7005130974885227E-4 2.5257286443082556 6.820763284656375E-4
types 5.401026194977045E-4 0.7459453661269161 4.0288704624732167E-4
figure 0.0016203078584931137 0.20194134366360675 3.2720714609280055E-4
odours 2.7005130974885227E-4 5.1647859739235145 0.0013947572168305467
previous 2.7005130974885227E-4 0.32850406697203605 8.871295354362302E-5
apply 5.401026194977045E-4 1.3146383722134554 7.100396285246855E-4
consumption 2.7005130974885227E-4 2.2203469947570738 5.996076140310758E-4
cells 2.7005130974885227E-4 1.730798769438368 4.6740447459853304E-4
yields 5.401026194977045E-4 2.392197251683733 0.0012920320019895936
ones 5.401026194977045E-4 2.120263536200091 0.0011451598899271352
bipolar 2.7005130974885227E-4 3.7784916128036232 0.0010203866089126717
comment 0.001080205238995409 3.0853444322436783 0.003332805219814937
employ 5.401026194977045E-4 2.073743520565198 0.0011200343076236553
triplet 2.7005130974885227E-4 3.373026504695459 9.108902254106019E-4
tagging 5.401026194977045E-4 2.392197251683733 0.0012920320019895936
reasoning 2.7005130974885227E-4 2.5257286443082556 6.820763284656375E-4
fair 2.7005130974885227E-4 2.7668907011251433 7.472024577707651E-4
none 2.7005130974885227E-4 1.6384254493073527 4.424589385113023E-4
during 2.7005130974885227E-4 0.28958865072236245 7.820379441597689E-5
type 0.001080205238995409 0.5203950747821414 5.621334861270769E-4
beyond 2.7005130974885227E-4 1.5538680612792897 4.19624105125382E-4
annotated 0.002160410477990818 1.9459101490553132 0.004203964675247774
relation 0.003780718336483932 1.3361445774344192 0.0050515863040998836
feedback 2.7005130974885227E-4 1.79749014393704 4.854145676308507E-4
loss 0.0024304617877396704 0.9162907318741551 0.00222700961028015
compatible 2.7005130974885227E-4 3.2188758248682006 8.692616324245748E-4
problem 8.101539292465569E-4 0.9162907318741551 7.4233653676005E-4
review 2.7005130974885227E-4 0.5696661237889241 1.5383908284875077E-4
preliminary 5.401026194977045E-4 2.120263536200091 0.0011451598899271352
subtyped 5.401026194977045E-4 5.1647859739235145 0.0027895144336610935
randomize 2.7005130974885227E-4 5.1647859739235145 0.0013947572168305467
between 0.0027005130974885228 0.058840500022933395 1.5889954097470535E-4
phase 2.7005130974885227E-4 1.5538680612792897 4.19624105125382E-4
natural 0.001080205238995409 0.6429973968744738 6.945691567642169E-4
work 0.001890359168241966 0.5696661237889241 0.0010768735799412555
conclude 0.001080205238995409 2.073743520565198 0.0022400686152473106
reduced 5.401026194977045E-4 0.9452782687474074 5.105472691047299E-4
constitute 2.7005130974885227E-4 2.5998366164619773 7.020892834085815E-4
baseline 8.101539292465569E-4 1.5538680612792897 0.001258872315376146
combinations 5.401026194977045E-4 2.0292917579943643 0.001096025794217858
convince 2.7005130974885227E-4 5.1647859739235145 0.0013947572168305467
among 2.7005130974885227E-4 0.32850406697203605 8.871295354362302E-5
following 5.401026194977045E-4 0.2160260835453457 1.1667625360267118E-4
exact 8.101539292465569E-4 1.5271998141971284 0.001237266930216415
labelling 5.401026194977045E-4 2.392197251683733 0.0012920320019895936
word 0.002160410477990818 1.1394342831883648 0.0024616457643821003
filip 0.0016203078584931137 5.1647859739235145 0.00836854330098328
internal 5.401026194977045E-4 1.3805963400052528 7.456636997057805E-4
our 0.002970564407237375 0.19497267434751336 5.791788868006068E-4
out 0.002970564407237375 0.368995428326773 0.0010961246858208218
arity 0.001080205238995409 5.1647859739235145 0.005579028867322187
across 0.001080205238995409 0.7703368192510752 8.321218679460709E-4
believes 2.7005130974885227E-4 4.0661736852554045 0.0010980755293695393
labeling 2.7005130974885227E-4 3.2188758248682006 8.692616324245748E-4
causes 8.101539292465569E-4 1.5538680612792897 0.001258872315376146
recall 0.001080205238995409 1.8689491079191851 0.0020188486177901
continues 2.7005130974885227E-4 2.2203469947570738 5.996076140310758E-4
verify 2.7005130974885227E-4 2.5257286443082556 6.820763284656375E-4
sensible 5.401026194977045E-4 3.7784916128036232 0.0020407732178253433
include 2.7005130974885227E-4 0.5013468798114469 1.3538938153158164E-4
yielding 5.401026194977045E-4 3.373026504695459 0.0018217804508212038
abstract 2.7005130974885227E-4 2.169053700369523 5.857557927003843E-4
suggest 2.7005130974885227E-4 1.0059028905638423 2.71645393076922E-4
transformation 5.401026194977045E-4 2.5257286443082556 0.001364152656931275
uniquely 2.7005130974885227E-4 3.5553480614894135 9.601264006182591E-4
degenerate 2.7005130974885227E-4 5.1647859739235145 0.0013947572168305467
opinion 0.0024304617877396704 2.2203469947570738 0.005396468526279682
token 5.401026194977045E-4 2.456735772821304 0.0013268894263145038
expect 2.7005130974885227E-4 2.2203469947570738 5.996076140310758E-4
help 2.7005130974885227E-4 0.8743265327751228 2.3611302532409474E-4
massive 2.7005130974885227E-4 2.120263536200091 5.725799449635676E-4
structuring 0.004590872265730489 4.471638793363569 0.02052872251881736
elements 2.7005130974885227E-4 1.5012243277938677 4.054075959475743E-4
first 0.0027005130974885228 0.167573700159399 4.525349720750716E-4
span 5.401026194977045E-4 2.9675613965872945 0.0016027876838170642
svms 8.101539292465569E-4 5.1647859739235145 0.00418427165049164
exponential 2.7005130974885227E-4 2.8622008809294686 7.729410966593217E-4
argument 0.002970564407237375 2.392197251683733 0.007106176010942765
reveal 2.7005130974885227E-4 1.9867321435755685 5.36519617492727E-4
theoretical 2.7005130974885227E-4 1.5538680612792897 4.19624105125382E-4
data 2.7005130974885227E-4 0.167573700159399 4.5253497207507156E-5
libsvm 2.7005130974885227E-4 5.1647859739235145 0.0013947572168305467
prefer 5.401026194977045E-4 2.7668907011251433 0.0014944049155415301
ecc 8.101539292465569E-4 5.1647859739235145 0.00418427165049164
adequate 2.7005130974885227E-4 2.120263536200091 5.725799449635676E-4
existence 8.101539292465569E-4 1.6990500711237875 0.0013764920911075783
unary 5.401026194977045E-4 5.1647859739235145 0.0027895144336610935
clearly 2.7005130974885227E-4 1.6384254493073527 4.424589385113023E-4
space 5.401026194977045E-4 1.3146383722134554 7.100396285246855E-4
drug 2.7005130974885227E-4 2.073743520565198 5.600171538118276E-4
realistic 8.101539292465569E-4 2.392197251683733 0.0019380480029843907
should 0.0024304617877396704 0.368995428326773 8.968292883988542E-4
only 0.002970564407237375 0.10854016857520597 3.224255615250515E-4
from 0.007561436672967864 0.023122417420854212 1.7483869505371805E-4
tag 8.101539292465569E-4 3.0853444322436783 0.002499603914861203
readable 2.7005130974885227E-4 4.0661736852554045 0.0010980755293695393
individual 0.0013502565487442614 0.7221347174331975 9.750671312897616E-4
insights 2.7005130974885227E-4 1.6990500711237875 4.588306970358594E-4
resource 5.401026194977045E-4 1.5812670354674039 8.540464679813145E-4
like 2.7005130974885227E-4 0.7827593392496325 2.1138518478250944E-4
capture 2.7005130974885227E-4 1.293584963015623 3.493343135337896E-4
mining 0.0016203078584931137 1.8325814637483102 0.0029693461470402
towards 5.401026194977045E-4 1.5012243277938677 8.108151918951486E-4
published 0.0016203078584931137 0.03488725900044054 5.6528099919698415E-5
failed 2.7005130974885227E-4 2.2744142160273495 6.142085379495948E-4
constrain 2.7005130974885227E-4 4.0661736852554045 0.0010980755293695393
expectedly 2.7005130974885227E-4 5.1647859739235145 0.0013947572168305467
taxonomic 2.7005130974885227E-4 4.0661736852554045 0.0010980755293695393
sequence 0.0016203078584931137 1.4271163556401458 0.0023123678460277818
solvable 2.7005130974885227E-4 4.0661736852554045 0.0010980755293695393
proposed 8.101539292465569E-4 0.7459453661269161 6.043305693709825E-4
techniques 5.401026194977045E-4 0.9751312318970885 5.266709327016411E-4
person 2.7005130974885227E-4 2.169053700369523 5.857557927003843E-4
favours 2.7005130974885227E-4 4.0661736852554045 0.0010980755293695393
covered 2.7005130974885227E-4 1.79749014393704 4.854145676308507E-4
potentially 5.401026194977045E-4 1.1394342831883648 6.154114410955251E-4
here 2.7005130974885227E-4 1.3361445774344192 3.6082759314999167E-4
penalty 2.7005130974885227E-4 3.2188758248682006 8.692616324245748E-4
according 2.7005130974885227E-4 0.4919571394616079 1.3285366985190598E-4
statements 2.7005130974885227E-4 2.392197251683733 6.460160009947968E-4
network 8.101539292465569E-4 1.0704414117014134 8.672223157181313E-4
can 0.006481231433972455 0.0958817717032825 6.214319527082852E-4
public 0.001080205238995409 1.3361445774344192 0.0014433103725999667
hyperparameters 0.001080205238995409 3.5553480614894135 0.0038405056024730364
acknowledges 2.7005130974885227E-4 4.0661736852554045 0.0010980755293695393
value 5.401026194977045E-4 0.6214911916535102 3.356690206068108E-4
ind 2.7005130974885227E-4 5.1647859739235145 0.0013947572168305467
carried 8.101539292465569E-4 1.121734706088964 9.087777797102057E-4
stating 2.7005130974885227E-4 3.7784916128036232 0.0010203866089126717
argumentation 0.004050769646232784 4.471638793363569 0.018113578693074138
will 0.001080205238995409 0.3526016185510966 3.8088211563715537E-4
match 5.401026194977045E-4 2.2744142160273495 0.0012284170758991896
revenues 2.7005130974885227E-4 4.0661736852554045 0.0010980755293695393
performance 0.001890359168241966 0.7703368192510752 0.0014562132689056244
corresponding 8.101539292465569E-4 1.0872485300177945 8.808386686614592E-4
counterparts 2.7005130974885227E-4 3.7784916128036232 0.0010203866089126717
variable 2.7005130974885227E-4 1.3146383722134554 3.5501981426234276E-4
independently 2.7005130974885227E-4 1.9459101490553132 5.254955844059717E-4
arguments 8.101539292465569E-4 3.2188758248682006 0.0026077848972737246
aiming 2.7005130974885227E-4 2.5998366164619773 7.020892834085815E-4
