exception 4.2589437819420784E-4 2.6798793241355137 0.0011413455383882086
functions 0.002555366269165247 1.3805963400052528 0.0035279293185824174
year 4.2589437819420784E-4 1.3146383722134554 5.598970920840952E-4
underline 4.2589437819420784E-4 4.0661736852554045 0.001731760513311501
analyse 4.2589437819420784E-4 2.0292917579943643 8.642639514456407E-4
annotate 4.2589437819420784E-4 2.9675613965872945 0.0012638677157526808
extracted 4.2589437819420784E-4 1.0704414117014134 4.558949794299035E-4
harvested 4.2589437819420784E-4 3.5553480614894135 0.001514202751912016
without 4.2589437819420784E-4 0.32850406697203605 1.399080353373237E-4
these 0.002129471890971039 0.03488725900044054 7.429143739446452E-5
der 0.005110732538330494 2.9675613965872945 0.015166412589032167
dutch 0.0012776831345826234 3.7784916128036232 0.004827715007841085
score 0.0017035775127768314 1.121734706088964 0.0019109620205944873
suffer 4.2589437819420784E-4 2.5257286443082556 0.001075693630454964
pubmed 8.517887563884157E-4 3.373026504695459 0.0028731060516997095
dental 4.2589437819420784E-4 5.1647859739235145 0.0021996533108703214
diverse 0.0017035775127768314 1.7635885922613586 0.0030044098675661986
evaluated 4.2589437819420784E-4 0.9600933545325481 4.088983622370307E-4
persistent 8.517887563884157E-4 2.8622008809294686 0.0024379905289007397
moving 0.004684838160136286 2.120263536200091 0.009933091523935692
knowledge 4.2589437819420784E-4 0.8080771472339223 3.4415551415414066E-4
limitations 4.2589437819420784E-4 0.9162907318741551 3.9024307149665893E-4
afterwards 4.2589437819420784E-4 3.7784916128036232 0.0016092383359470287
narratives 4.2589437819420784E-4 3.373026504695459 0.0014365530258498547
agreement 8.517887563884157E-4 1.906689435902032 0.0016240966234259218
narrative 4.2589437819420784E-4 2.8622008809294686 0.0012189952644503699
impact 0.0017035775127768314 0.7827593392496325 0.001333491208261725
analysis 8.517887563884157E-4 0.15415067982725836 1.3130381586648924E-4
version 8.517887563884157E-4 1.3805963400052528 0.0011759764395274726
adapted 4.2589437819420784E-4 1.9459101490553132 8.287521929537109E-4
ehr 0.002555366269165247 2.8622008809294686 0.007313971586702219
former 0.0017035775127768314 2.073743520565198 0.00353278282890153
population 8.517887563884157E-4 0.9751312318970885 8.306058193331248E-4
selection 0.0012776831345826234 1.1043429633770947 0.0014110003791019097
size 0.0038330494037478705 0.127833371509885 4.899916284450447E-4
interpretation 4.2589437819420784E-4 1.4759065198095778 6.285802895270774E-4
domain 0.0012776831345826234 1.1944940603713923 0.0015261849152956458
mentions 4.2589437819420784E-4 2.9675613965872945 0.0012638677157526808
squared 0.0017035775127768314 3.5553480614894135 0.006056811007648064
applicability 4.2589437819420784E-4 2.5257286443082556 0.001075693630454964
assigned 4.2589437819420784E-4 1.3805963400052528 5.879882197637363E-4
competitive 4.2589437819420784E-4 2.5257286443082556 0.001075693630454964
consideration 4.2589437819420784E-4 1.5812670354674039 6.734527408293883E-4
appropriate 4.2589437819420784E-4 1.0704414117014134 4.558949794299035E-4
average 0.0012776831345826234 0.7459453661269161 9.530818136204209E-4
treatment 4.2589437819420784E-4 0.9452782687474074 4.0258870048867434E-4
profoundly 4.2589437819420784E-4 4.471638793363569 0.001904445823408675
affect 4.2589437819420784E-4 0.990398704027877 4.2180524021630196E-4
annotating 8.517887563884157E-4 3.2188758248682006 0.0027418022358332204
equivalents 8.517887563884157E-4 3.2188758248682006 0.0027418022358332204
least 4.2589437819420784E-4 0.653926467406664 2.785036062208961E-4
comes 4.2589437819420784E-4 1.730798769438368 7.371374656892539E-4
facing 4.2589437819420784E-4 3.0853444322436783 0.0013140308484853825
subsequently 8.517887563884157E-4 1.79749014393704 0.0015310818943245657
coding 4.2589437819420784E-4 2.2203469947570738 9.45633302707442E-4
search 4.2589437819420784E-4 1.1043429633770947 4.703334597006366E-4
targeted 4.2589437819420784E-4 2.073743520565198 8.831957072253825E-4
after 0.002129471890971039 0.12136085700426753 2.584345336547435E-4
panel 4.2589437819420784E-4 2.7668907011251433 0.0011784031946870286
close 4.2589437819420784E-4 1.1394342831883648 4.8527865553167155E-4
paired 4.2589437819420784E-4 2.331572629867298 9.930036754119667E-4
metabolic 8.517887563884157E-4 3.2188758248682006 0.0027418022358332204
compared 8.517887563884157E-4 0.2669461739726028 2.27381749550769E-4
annotation 0.007666098807495741 2.169053700369523 0.016628179985797027
randomised 4.2589437819420784E-4 3.5553480614894135 0.001514202751912016
scoring 4.2589437819420784E-4 2.6798793241355137 0.0011413455383882086
contain 4.2589437819420784E-4 1.4035858582299516 5.977793263330288E-4
committee 4.2589437819420784E-4 2.120263536200091 9.030083203577901E-4
set 0.0017035775127768314 0.5596157879354227 9.53348872121674E-4
emotional 0.002555366269165247 2.5257286443082556 0.006454161782729784
laymen 4.2589437819420784E-4 5.1647859739235145 0.0021996533108703214
words 4.2589437819420784E-4 0.9751312318970885 4.153029096665624E-4
possible 4.2589437819420784E-4 0.38566248081198473 1.6425148245825585E-4
piek 0.002555366269165247 5.1647859739235145 0.013197919865221928
procedure 8.517887563884157E-4 1.1394342831883648 9.705573110633431E-4
onset 4.2589437819420784E-4 2.169053700369523 9.237877769887237E-4
sample 0.0034071550255536627 0.7221347174331975 0.002460424931629293
textual 4.2589437819420784E-4 1.9459101490553132 8.287521929537109E-4
the 0.08517887563884156 0.017291497110061043 0.0014728702819472778
instructed 4.2589437819420784E-4 2.8622008809294686 0.0012189952644503699
june 4.2589437819420784E-4 2.2744142160273495 9.686602282910347E-4
ambulation 8.517887563884157E-4 5.1647859739235145 0.004399306621740643
information 0.002555366269165247 0.3049735695618419 7.793191726452518E-4
validity 8.517887563884157E-4 2.073743520565198 0.001766391414450765
combined 4.2589437819420784E-4 0.9600933545325481 4.088983622370307E-4
novel 4.2589437819420784E-4 1.3805963400052528 5.879882197637363E-4
did 4.2589437819420784E-4 0.5108256237659907 2.1755776139948497E-4
adopted 4.2589437819420784E-4 1.5538680612792897 6.617836717543824E-4
standard 4.2589437819420784E-4 0.7827593392496325 3.3337280206543123E-4
reports 4.2589437819420784E-4 1.0539121097502027 4.488552426534083E-4
notes 0.009795570698466781 2.331572629867298 0.022839084534475237
keywords 4.2589437819420784E-4 1.906689435902032 8.120483117129609E-4
language 0.006388415672913117 0.6988778552689304 0.00446472224405194
leeden 0.002555366269165247 5.1647859739235145 0.013197919865221928
ethics 4.2589437819420784E-4 2.073743520565198 8.831957072253825E-4
developed 8.517887563884157E-4 0.48265474679929443 4.1111988654113666E-4
down 8.517887563884157E-4 1.6384254493073527 0.001395592375900641
good 4.2589437819420784E-4 0.8080771472339223 3.4415551415414066E-4
assessment 0.0012776831345826234 1.3146383722134554 0.0016796912762522852
differentiate 4.2589437819420784E-4 2.6798793241355137 0.0011413455383882086
amounts 4.2589437819420784E-4 1.9459101490553132 8.287521929537109E-4
discharge 8.517887563884157E-4 2.8622008809294686 0.0024379905289007397
layers 8.517887563884157E-4 1.730798769438368 0.0014742749313785078
computational 8.517887563884157E-4 1.3146383722134554 0.0011197941841681904
which 0.004684838160136286 0.023122417420854212 1.0832478348781787E-4
test 4.2589437819420784E-4 0.7104386776700063 3.025718388713826E-4
need 8.517887563884157E-4 0.5013468798114469 4.270416352738048E-4
prerequisite 4.2589437819420784E-4 2.9675613965872945 0.0012638677157526808
its 8.517887563884157E-4 0.19497267434751336 1.6607553181219195E-4
check 4.2589437819420784E-4 2.0292917579943643 8.642639514456407E-4
regarding 8.517887563884157E-4 0.758066726659261 6.45712714360529E-4
take 4.2589437819420784E-4 0.8743265327751228 3.723707550149586E-4
walked 4.2589437819420784E-4 4.471638793363569 0.001904445823408675
materials 4.2589437819420784E-4 1.4512139072192063 6.180638446419107E-4
sparse 4.2589437819420784E-4 3.0853444322436783 0.0013140308484853825
guideline 4.2589437819420784E-4 3.5553480614894135 0.001514202751912016
final 4.2589437819420784E-4 0.6988778552689304 2.976481496034627E-4
parts 4.2589437819420784E-4 1.4035858582299516 5.977793263330288E-4
relatively 4.2589437819420784E-4 0.8209805520698303 3.496510017333179E-4
trained 0.0017035775127768314 1.3805963400052528 0.002351952879054945
neural 8.517887563884157E-4 1.5271998141971284 0.0013008516304915914
rather 8.517887563884157E-4 0.758066726659261 6.45712714360529E-4
applied 0.0012776831345826234 0.6109090823229731 7.805482312474103E-4
importance 4.2589437819420784E-4 0.9600933545325481 4.088983622370307E-4
provided 0.0012776831345826234 0.7104386776700063 9.077155166141477E-4
divided 8.517887563884157E-4 1.1758019273592397 0.001001534861464429
for 0.02385008517887564 0.017291497110061043 4.1240367894523786E-4
training 0.004684838160136286 1.0059028905638423 0.004712492247104883
expectation 4.2589437819420784E-4 3.2188758248682006 0.0013709011179166102
explained 8.517887563884157E-4 1.6094379124341003 0.0013709011179166102
random 4.2589437819420784E-4 1.2329603411991883 5.251108778531467E-4
previously 4.2589437819420784E-4 0.8340526336371831 3.552183277841495E-4
related 4.2589437819420784E-4 0.27443684570176036 1.1688110975373099E-4
mixture 4.2589437819420784E-4 2.5998366164619773 0.001107255799174607
provides 4.2589437819420784E-4 0.6214911916535102 2.64689604622449E-4
captured 8.517887563884157E-4 1.9459101490553132 0.0016575043859074219
root 8.517887563884157E-4 2.2744142160273495 0.0019373204565820694
human 0.0017035775127768314 0.9162907318741551 0.0015609722859866357
class 4.2589437819420784E-4 1.3805963400052528 5.879882197637363E-4
recruited 4.2589437819420784E-4 2.6798793241355137 0.0011413455383882086
over 8.517887563884157E-4 0.3364722366212129 2.866032679908117E-4
approval 4.2589437819420784E-4 1.9459101490553132 8.287521929537109E-4
multiple 0.002981260647359455 0.5108256237659907 0.001522904329796395
rich 0.0012776831345826234 1.9867321435755685 0.002538414152779687
improvement 4.2589437819420784E-4 1.157452788691043 4.929526357287236E-4
jenia 0.002555366269165247 5.1647859739235145 0.013197919865221928
versus 0.0012776831345826234 1.6094379124341003 0.002056351676874915
strictly 4.2589437819420784E-4 2.8622008809294686 0.0012189952644503699
better 4.2589437819420784E-4 0.4285875255290187 1.825330176869756E-4
with 0.010647359454855196 0.017291497110061043 1.8410878524340973E-4
existing 0.0012776831345826234 0.9452782687474074 0.001207766101466023
stella 0.002555366269165247 5.1647859739235145 0.013197919865221928
environment 4.2589437819420784E-4 1.4035858582299516 5.977793263330288E-4
regression 0.002129471890971039 1.3805963400052528 0.0029399410988186813
there 4.2589437819420784E-4 0.12136085700426753 5.168690673094869E-5
well 4.2589437819420784E-4 0.3127557100038969 1.3320089863879766E-4
detected 4.2589437819420784E-4 1.5271998141971284 6.504258152457957E-4
handling 4.2589437819420784E-4 2.456735772821304 0.001046309954353196
comprehensive 8.517887563884157E-4 1.3805963400052528 0.0011759764395274726
subset 4.2589437819420784E-4 1.6990500711237875 7.236158735620901E-4
very 8.517887563884157E-4 0.5596157879354227 4.76674436060837E-4
big 4.2589437819420784E-4 1.6682784124570338 7.105103971282086E-4
expert 8.517887563884157E-4 1.9459101490553132 0.0016575043859074219
smaller 4.2589437819420784E-4 1.121734706088964 4.777405051486218E-4
considered 0.002129471890971039 0.32059888746492277 6.827063191331404E-4
inception 4.2589437819420784E-4 3.5553480614894135 0.001514202751912016
focus 4.2589437819420784E-4 0.6874491594453075 2.927807323020901E-4
approach 4.2589437819420784E-4 0.5398131606392429 2.2990339039150037E-4
recognising 8.517887563884157E-4 3.7784916128036232 0.0032184766718940574
variation 0.002129471890971039 1.4035858582299516 0.002988896631665144
years 4.2589437819420784E-4 0.7104386776700063 3.025718388713826E-4
physiotherapists 4.2589437819420784E-4 4.471638793363569 0.001904445823408675
improved 4.2589437819420784E-4 0.8607208807193443 3.6657618429273604E-4
number 0.0012776831345826234 0.167573700159399 2.141060904932696E-4
rehabilitation 0.0012776831345826234 3.373026504695459 0.004309659077549564
four 0.002129471890971039 0.4643056081310978 9.887257413353872E-4
else 4.2589437819420784E-4 2.5998366164619773 0.001107255799174607
personalised 4.2589437819420784E-4 4.0661736852554045 0.001731760513311501
recognise 4.2589437819420784E-4 2.8622008809294686 0.0012189952644503699
classifier 0.0017035775127768314 2.169053700369523 0.003695151107954895
hospitalised 8.517887563884157E-4 4.0661736852554045 0.003463521026623002
guidelines 0.0017035775127768314 1.5812670354674039 0.0026938109633175534
model 0.00596252129471891 0.48265474679929443 0.0028778392057879566
usually 4.2589437819420784E-4 0.9600933545325481 4.088983622370307E-4
text 0.002555366269165247 0.8607208807193443 0.0021994571057564164
whereas 8.517887563884157E-4 1.0872485300177945 9.261060732689903E-4
per 0.0012776831345826234 0.7339691750802005 9.377800363034929E-4
tasks 4.2589437819420784E-4 1.293584963015623 5.509305634649161E-4
algorithm 4.2589437819420784E-4 1.0059028905638423 4.284083861004439E-4
sentence 0.0012776831345826234 1.6094379124341003 0.002056351676874915
similar 8.517887563884157E-4 0.20895891632225325 1.779888554704031E-4
lexical 4.2589437819420784E-4 2.120263536200091 9.030083203577901E-4
large 0.0038330494037478705 0.34450440831847723 0.001320502416893652
made 0.0012776831345826234 0.6109090823229731 7.805482312474103E-4
considering 4.2589437819420784E-4 0.9162907318741551 3.9024307149665893E-4
testing 8.517887563884157E-4 1.293584963015623 0.0011018611269298323
handle 4.2589437819420784E-4 1.8689491079191851 7.959749181938608E-4
sense 4.2589437819420784E-4 1.5271998141971284 6.504258152457957E-4
classification 0.005536626916524702 0.9751312318970885 0.005398937825665311
encoder 4.2589437819420784E-4 2.6798793241355137 0.0011413455383882086
intelligence 4.2589437819420784E-4 1.9459101490553132 8.287521929537109E-4
classifying 8.517887563884157E-4 2.169053700369523 0.0018475755539774474
practitioners 4.2589437819420784E-4 2.456735772821304 0.001046309954353196
field 4.2589437819420784E-4 0.8472978603872037 3.608593953948908E-4
even 4.2589437819420784E-4 0.377294231141468 1.6068749196825724E-4
quirine 0.002555366269165247 5.1647859739235145 0.013197919865221928
reached 0.0012776831345826234 1.9459101490553132 0.0024862565788611327
gave 8.517887563884157E-4 2.073743520565198 0.001766391414450765
meetings 4.2589437819420784E-4 3.2188758248682006 0.0013709011179166102
assumed 4.2589437819420784E-4 1.6094379124341003 6.854505589583051E-4
diagnosed 4.2589437819420784E-4 1.6990500711237875 7.236158735620901E-4
become 4.2589437819420784E-4 0.8607208807193443 3.6657618429273604E-4
status 8.517887563884157E-4 1.3805963400052528 0.0011759764395274726
authors 0.0038330494037478705 0.023122417420854212 8.862936830821461E-5
bertje 4.2589437819420784E-4 5.1647859739235145 0.0021996533108703214
encoded 4.2589437819420784E-4 2.456735772821304 0.001046309954353196
larger 4.2589437819420784E-4 0.9162907318741551 3.9024307149665893E-4
server 8.517887563884157E-4 3.5553480614894135 0.003028405503824032
other 8.517887563884157E-4 0.0408219945202552 3.47717159457029E-5
aim 4.2589437819420784E-4 1.0376515888784226 4.4192997822760756E-4
annotators 0.0017035775127768314 3.0853444322436783 0.00525612339394153
instantaneous 4.2589437819420784E-4 3.7784916128036232 0.0016092383359470287
guy 0.002555366269165247 5.1647859739235145 0.013197919865221928
representations 0.0012776831345826234 2.120263536200091 0.0027090249610733697
sparsely 4.2589437819420784E-4 3.5553480614894135 0.001514202751912016
healthcare 4.2589437819420784E-4 1.9867321435755685 8.461380509265624E-4
eight 4.2589437819420784E-4 1.7635885922613586 7.511024668915496E-4
batches 4.2589437819420784E-4 4.0661736852554045 0.001731760513311501
prevalence 4.2589437819420784E-4 1.8689491079191851 7.959749181938608E-4
top 0.0017035775127768314 1.5538680612792897 0.0026471346870175294
native 4.2589437819420784E-4 2.7668907011251433 0.0011784031946870286
too 4.2589437819420784E-4 1.3361445774344192 5.690564639839945E-4
indicates 4.2589437819420784E-4 1.0376515888784226 4.4192997822760756E-4
electronic 0.0034071550255536627 1.730798769438368 0.005897099725514031
table 0.0038330494037478705 0.18805223150293962 7.208134938357992E-4
harmonic 0.0012776831345826234 3.5553480614894135 0.004542608255736048
predicting 4.2589437819420784E-4 2.169053700369523 9.237877769887237E-4
outcome 4.2589437819420784E-4 1.3361445774344192 5.690564639839945E-4
deployment 4.2589437819420784E-4 3.373026504695459 0.0014365530258498547
robust 8.517887563884157E-4 1.6682784124570338 0.0014210207942564172
may 0.002129471890971039 0.15415067982725836 3.282595396662231E-4
dominant 4.2589437819420784E-4 2.2744142160273495 9.686602282910347E-4
within 0.002981260647359455 0.3127557100038969 9.324062904715836E-4
could 4.2589437819420784E-4 0.22314355131420976 9.503558403501268E-5
health 0.0034071550255536627 0.990398704027877 0.0033744419217304157
positive 4.2589437819420784E-4 0.6988778552689304 2.976481496034627E-4
ethical 8.517887563884157E-4 1.8325814637483102 0.0015609722859866357
defining 4.2589437819420784E-4 1.906689435902032 8.120483117129609E-4
machine 0.002129471890971039 1.0872485300177945 0.0023152651831724754
requiring 4.2589437819420784E-4 2.120263536200091 9.030083203577901E-4
able 0.0017035775127768314 0.7703368192510752 0.0013123284825401623
stored 8.517887563884157E-4 1.9867321435755685 0.0016922761018531248
report 4.2589437819420784E-4 1.0059028905638423 4.284083861004439E-4
complete 4.2589437819420784E-4 0.9600933545325481 4.088983622370307E-4
improvements 4.2589437819420784E-4 1.6990500711237875 7.236158735620901E-4
codes 4.2589437819420784E-4 1.906689435902032 8.120483117129609E-4
covid 8.517887563884157E-4 3.7784916128036232 0.0032184766718940574
almost 8.517887563884157E-4 1.1043429633770947 9.406669194012732E-4
exhibiting 4.2589437819420784E-4 4.0661736852554045 0.001731760513311501
use 8.517887563884157E-4 0.20895891632225325 1.779888554704031E-4
precision 0.0034071550255536627 1.8689491079191851 0.006367799345550886
recognition 0.0034071550255536627 1.6384254493073527 0.005582369503602564
several 4.2589437819420784E-4 0.3526016185510966 1.5017104708309054E-4
annotations 0.002555366269165247 2.8622008809294686 0.007313971586702219
stratified 4.2589437819420784E-4 2.7668907011251433 0.0011784031946870286
lab 4.2589437819420784E-4 2.9675613965872945 0.0012638677157526808
while 8.517887563884157E-4 0.20895891632225325 1.779888554704031E-4
second 4.2589437819420784E-4 0.4643056081310978 1.9774514826707742E-4
that 0.006388415672913117 0.017291497110061043 1.1046527114604584E-4
download 0.0012776831345826234 0.2595111954850846 3.3157307770666683E-4
split 4.2589437819420784E-4 1.6384254493073527 6.977961879503205E-4
than 0.0012776831345826234 0.058840500022933395 7.517951450971046E-5
function 0.002129471890971039 0.6321864807702582 0.001346223340652168
documented 4.2589437819420784E-4 1.730798769438368 7.371374656892539E-4
sufficient 8.517887563884157E-4 1.5012243277938677 0.0012787260032315739
classifiers 8.517887563884157E-4 2.5257286443082556 0.002151387260909928
international 4.2589437819420784E-4 1.5538680612792897 6.617836717543824E-4
different 0.002981260647359455 0.18805223150293962 5.606327174278438E-4
directly 4.2589437819420784E-4 0.7703368192510752 3.280821206350406E-4
calculated 0.0012776831345826234 0.9021060968821986 0.0011526057455905432
representative 4.2589437819420784E-4 1.730798769438368 7.371374656892539E-4
selected 0.002981260647359455 0.758066726659261 0.0022599945002618515
tolerance 0.002129471890971039 3.0853444322436783 0.006570154242426913
all 0.0034071550255536627 0.017291497110061043 5.891481127789112E-5
always 4.2589437819420784E-4 1.2729656758128876 5.421489249628994E-4
new 8.517887563884157E-4 0.38566248081198473 3.285029649165117E-4
including 4.2589437819420784E-4 0.2669461739726028 1.136908747753845E-4
level 0.005536626916524702 0.5798184952529422 0.00321023868751629
illustrate 4.2589437819420784E-4 2.2203469947570738 9.45633302707442E-4
caroline 0.002555366269165247 5.1647859739235145 0.013197919865221928
differs 4.2589437819420784E-4 1.8689491079191851 7.959749181938608E-4
difficult 8.517887563884157E-4 0.7703368192510752 6.561642412700812E-4
diagnosis 4.2589437819420784E-4 1.4512139072192063 6.180638446419107E-4
domains 8.517887563884157E-4 1.9459101490553132 0.0016575043859074219
less 4.2589437819420784E-4 0.368995428326773 1.5715307850373638E-4
establish 8.517887563884157E-4 1.7635885922613586 0.0015022049337830993
chosen 4.2589437819420784E-4 1.252762968495368 5.335447054920648E-4
relevant 0.004258943781942078 0.7703368192510752 0.0032808212063504053
clinical 0.002981260647359455 0.9452782687474074 0.0028181209034207205
task 0.0012776831345826234 1.2329603411991883 0.0015753326335594398
rigorous 4.2589437819420784E-4 3.2188758248682006 0.0013709011179166102
were 0.013628620102214651 0.0958817717032825 0.001306736241271312
background 4.2589437819420784E-4 1.6682784124570338 7.105103971282086E-4
improve 4.2589437819420784E-4 0.7104386776700063 3.025718388713826E-4
prediction 0.0012776831345826234 1.6384254493073527 0.0020933885638509614
present 8.517887563884157E-4 0.38566248081198473 3.285029649165117E-4
since 4.2589437819420784E-4 0.377294231141468 1.6068749196825724E-4
ubiquitous 4.2589437819420784E-4 3.2188758248682006 0.0013709011179166102
code 4.2589437819420784E-4 1.8325814637483102 7.804861429933179E-4
scores 0.002555366269165247 1.6094379124341003 0.00411270335374983
university 8.517887563884157E-4 1.121734706088964 9.554810102972436E-4
transformer 8.517887563884157E-4 2.7668907011251433 0.0023568063893740572
mental 4.2589437819420784E-4 2.169053700369523 9.237877769887237E-4
best 0.0017035775127768314 0.6988778552689304 0.0011905925984138509
reaching 4.2589437819420784E-4 2.2744142160273495 9.686602282910347E-4
represents 4.2589437819420784E-4 0.9751312318970885 4.153029096665624E-4
total 8.517887563884157E-4 0.5108256237659907 4.3511552279896994E-4
times 4.2589437819420784E-4 0.9600933545325481 4.088983622370307E-4
and 0.054088586030664396 0.017291497110061043 9.352726290365215E-4
unstructured 8.517887563884157E-4 1.6990500711237875 0.0014472317471241802
construction 8.517887563884157E-4 1.730798769438368 0.0014742749313785078
predict 4.2589437819420784E-4 1.2729656758128876 5.421489249628994E-4
transformed 4.2589437819420784E-4 1.8325814637483102 7.804861429933179E-4
magnitude 0.0012776831345826234 2.073743520565198 0.002649587121676147
tokens 4.2589437819420784E-4 2.120263536200091 9.030083203577901E-4
physical 0.0012776831345826234 1.3146383722134554 0.0016796912762522852
department 4.2589437819420784E-4 1.79749014393704 7.655409471622828E-4
experienced 4.2589437819420784E-4 1.6094379124341003 6.854505589583051E-4
highly 4.2589437819420784E-4 0.9162907318741551 3.9024307149665893E-4
determine 8.517887563884157E-4 0.7221347174331975 6.151062329073232E-4
problematic 8.517887563884157E-4 2.5257286443082556 0.002151387260909928
control 4.2589437819420784E-4 0.7459453661269161 3.176939378734736E-4
deviation 4.2589437819420784E-4 1.8325814637483102 7.804861429933179E-4
employment 0.0017035775127768314 2.8622008809294686 0.0048759810578014795
bert 8.517887563884157E-4 2.392197251683733 0.0020376467220474728
decreasing 4.2589437819420784E-4 1.9459101490553132 8.287521929537109E-4
impairments 4.2589437819420784E-4 3.7784916128036232 0.0016092383359470287
specific 0.0034071550255536627 0.40261203912575794 0.001371761632455734
any 0.0012776831345826234 0.2669461739726028 3.4107262432615343E-4
formulated 4.2589437819420784E-4 1.7635885922613586 7.511024668915496E-4
structure 4.2589437819420784E-4 1.0216512475319812 4.351155227989699E-4
minute 4.2589437819420784E-4 3.7784916128036232 0.0016092383359470287
due 0.0012776831345826234 0.20895891632225325 2.669832832056046E-4
activities 4.2589437819420784E-4 1.6384254493073527 6.977961879503205E-4
rmse 8.517887563884157E-4 5.1647859739235145 0.004399306621740643
until 4.2589437819420784E-4 1.0376515888784226 4.4192997822760756E-4
overfitted 4.2589437819420784E-4 5.1647859739235145 0.0021996533108703214
coming 4.2589437819420784E-4 2.456735772821304 0.001046309954353196
expanding 4.2589437819420784E-4 2.7668907011251433 0.0011784031946870286
developments 4.2589437819420784E-4 2.169053700369523 9.237877769887237E-4
empirical 4.2589437819420784E-4 1.8325814637483102 7.804861429933179E-4
determination 8.517887563884157E-4 2.6798793241355137 0.002282691076776417
technische 4.2589437819420784E-4 5.1647859739235145 0.0021996533108703214
discussion 4.2589437819420784E-4 0.2595111954850846 1.1052435923555562E-4
ehrs 8.517887563884157E-4 3.2188758248682006 0.0027418022358332204
observed 4.2589437819420784E-4 0.6988778552689304 2.976481496034627E-4
speaking 4.2589437819420784E-4 3.2188758248682006 0.0013709011179166102
identification 8.517887563884157E-4 1.3146383722134554 0.0011197941841681904
english 4.2589437819420784E-4 1.4512139072192063 6.180638446419107E-4
exhibit 4.2589437819420784E-4 2.5998366164619773 0.001107255799174607
recent 8.517887563884157E-4 0.5596157879354227 4.76674436060837E-4
they 4.2589437819420784E-4 0.167573700159399 7.136869683108987E-5
defined 4.2589437819420784E-4 0.5300569856938783 2.257482903295904E-4
based 0.0034071550255536627 0.18805223150293962 6.407231056318216E-4
discussing 4.2589437819420784E-4 2.073743520565198 8.831957072253825E-4
models 0.0017035775127768314 0.7953381214564925 0.001354920138767449
using 0.007240204429301534 0.083381608939051 6.036998943628054E-4
separately 4.2589437819420784E-4 2.331572629867298 9.930036754119667E-4
grouped 0.0012776831345826234 1.9459101490553132 0.0024862565788611327
sampling 0.0017035775127768314 1.8689491079191851 0.003183899672775443
completed 4.2589437819420784E-4 2.169053700369523 9.237877769887237E-4
each 0.0038330494037478705 0.13434805253107854 5.149627226489382E-4
quality 8.517887563884157E-4 0.8080771472339223 6.883110283082813E-4
symptom 8.517887563884157E-4 2.5998366164619773 0.002214511598349214
processing 4.2589437819420784E-4 0.7221347174331975 3.075531164536616E-4
difference 0.0017035775127768314 0.6004377824556778 0.0010228923040130798
except 4.2589437819420784E-4 1.3805963400052528 5.879882197637363E-4
boost 4.2589437819420784E-4 3.0853444322436783 0.0013140308484853825
obtained 0.002129471890971039 0.6004377824556778 0.0012786153800163496
predictors 4.2589437819420784E-4 2.2203469947570738 9.45633302707442E-4
shared 8.517887563884157E-4 1.730798769438368 0.0014742749313785078
mobility 0.002129471890971039 2.7668907011251433 0.005892015973435143
functional 0.0017035775127768314 1.4759065198095778 0.0025143211581083098
nevertheless 4.2589437819420784E-4 3.0853444322436783 0.0013140308484853825
cut 4.2589437819420784E-4 2.456735772821304 0.001046309954353196
activity 0.002555366269165247 1.3805963400052528 0.0035279293185824174
automatically 8.517887563884157E-4 1.4759065198095778 0.0012571605790541549
iaa 8.517887563884157E-4 4.0661736852554045 0.003463521026623002
students 8.517887563884157E-4 2.120263536200091 0.0018060166407155801
sabina 0.002555366269165247 5.1647859739235145 0.013197919865221928
annotator 4.2589437819420784E-4 3.0853444322436783 0.0013140308484853825
two 0.002981260647359455 0.11492996667397702 3.4263618684746134E-4
collecting 4.2589437819420784E-4 2.169053700369523 9.237877769887237E-4
into 0.0038330494037478705 0.10854016857520597 4.160398284398866E-4
current 8.517887563884157E-4 0.4919571394616079 4.1904356001840537E-4
varying 4.2589437819420784E-4 2.073743520565198 8.831957072253825E-4
are 0.002555366269165247 0.028987536873252187 7.407377395209247E-5
variety 8.517887563884157E-4 1.0872485300177945 9.261060732689903E-4
taken 8.517887563884157E-4 0.990398704027877 8.436104804326039E-4
spreadsheet 4.2589437819420784E-4 4.471638793363569 0.001904445823408675
reported 4.2589437819420784E-4 0.5300569856938783 2.257482903295904E-4
structured 0.0012776831345826234 1.3805963400052528 0.0017639646592912087
where 4.2589437819420784E-4 0.32850406697203605 1.399080353373237E-4
vector 0.0012776831345826234 1.3146383722134554 0.0016796912762522852
free 8.517887563884157E-4 1.6990500711237875 0.0014472317471241802
prevented 8.517887563884157E-4 3.373026504695459 0.0028731060516997095
demonstrating 4.2589437819420784E-4 2.2203469947570738 9.45633302707442E-4
key 4.2589437819420784E-4 1.0216512475319812 4.351155227989699E-4
centres 4.2589437819420784E-4 3.373026504695459 0.0014365530258498547
measurements 4.2589437819420784E-4 2.120263536200091 9.030083203577901E-4
receive 4.2589437819420784E-4 1.8325814637483102 7.804861429933179E-4
impacted 4.2589437819420784E-4 3.373026504695459 0.0014365530258498547
detection 4.2589437819420784E-4 1.5271998141971284 6.504258152457957E-4
though 4.2589437819420784E-4 1.1043429633770947 4.703334597006366E-4
one 0.002129471890971039 0.06491954609931569 1.3824434859309134E-4
combining 8.517887563884157E-4 1.6682784124570338 0.0014210207942564172
consensus 8.517887563884157E-4 2.073743520565198 0.001766391414450765
single 4.2589437819420784E-4 0.6429973968744738 2.7384897652234827E-4
confirm 4.2589437819420784E-4 1.8325814637483102 7.804861429933179E-4
such 0.002555366269165247 0.10219094089654716 2.61135283381296E-4
multilabel 8.517887563884157E-4 4.471638793363569 0.00380889164681735
automated 0.005110732538330494 1.5538680612792897 0.007941404061052587
nlp 0.002129471890971039 0.41119578281714936 8.756298611949518E-4
texts 0.0017035775127768314 1.4512139072192063 0.002472255378567643
absolute 8.517887563884157E-4 2.120263536200091 0.0018060166407155801
associated 4.2589437819420784E-4 0.4373981552111735 1.8628541533695635E-4
showed 8.517887563884157E-4 0.5398131606392429 4.5980678078300075E-4
increasing 0.002129471890971039 0.9021060968821986 0.0019210095759842388
describe 4.2589437819420784E-4 1.0216512475319812 4.351155227989699E-4
dataset 0.002129471890971039 1.2729656758128876 0.0027107446248144963
supported 4.2589437819420784E-4 1.79749014393704 7.655409471622828E-4
through 8.517887563884157E-4 0.2595111954850846 2.2104871847111125E-4
resulted 4.2589437819420784E-4 1.3361445774344192 5.690564639839945E-4
medical 0.0012776831345826234 0.9600933545325481 0.001226695086711092
joint 4.2589437819420784E-4 1.906689435902032 8.120483117129609E-4
separate 0.0012776831345826234 1.3146383722134554 0.0016796912762522852
strength 4.2589437819420784E-4 1.9867321435755685 8.461380509265624E-4
documents 4.2589437819420784E-4 1.6682784124570338 7.105103971282086E-4
officer 4.2589437819420784E-4 5.1647859739235145 0.0021996533108703214
available 0.0012776831345826234 0.5696661237889241 7.278527987081653E-4
numbers 4.2589437819420784E-4 1.121734706088964 4.777405051486218E-4
developing 4.2589437819420784E-4 1.157452788691043 4.929526357287236E-4
secure 4.2589437819420784E-4 3.2188758248682006 0.0013709011179166102
icf 0.016609880749574105 5.1647859739235145 0.08578647912394252
descriptions 4.2589437819420784E-4 1.8325814637483102 7.804861429933179E-4
challenging 4.2589437819420784E-4 1.5538680612792897 6.617836717543824E-4
repeated 4.2589437819420784E-4 1.79749014393704 7.655409471622828E-4
mainly 4.2589437819420784E-4 1.0059028905638423 4.284083861004439E-4
standardised 4.2589437819420784E-4 3.5553480614894135 0.001514202751912016
loaded 4.2589437819420784E-4 3.5553480614894135 0.001514202751912016
ambiguity 0.002129471890971039 2.9675613965872945 0.006319338578763403
either 4.2589437819420784E-4 0.7827593392496325 3.3337280206543123E-4
written 0.0017035775127768314 1.121734706088964 0.0019109620205944873
roberta 4.2589437819420784E-4 4.0661736852554045 0.001731760513311501
has 8.517887563884157E-4 0.05279818556697083 4.497290082365488E-5
keyword 4.2589437819420784E-4 2.7668907011251433 0.0011784031946870286
results 0.002129471890971039 0.08961215868968714 1.908265730189249E-4
treated 4.2589437819420784E-4 1.0216512475319812 4.351155227989699E-4
given 0.0012776831345826234 0.3526016185510966 4.5051314124927165E-4
last 4.2589437819420784E-4 0.7703368192510752 3.280821206350406E-4
this 0.00596252129471891 0.017291497110061043 1.0310091973630946E-4
degree 4.2589437819420784E-4 1.2729656758128876 5.421489249628994E-4
batch 4.2589437819420784E-4 2.8622008809294686 0.0012189952644503699
iterative 0.002129471890971039 2.169053700369523 0.004618938884943618
modelling 0.0012776831345826234 1.906689435902032 0.0024361449351388825
expressions 4.2589437819420784E-4 1.8689491079191851 7.959749181938608E-4
improving 4.2589437819420784E-4 1.3361445774344192 5.690564639839945E-4
involved 4.2589437819420784E-4 1.1043429633770947 4.703334597006366E-4
once 4.2589437819420784E-4 1.4271163556401458 6.078008328961439E-4
detecting 8.517887563884157E-4 2.392197251683733 0.0020376467220474728
overall 4.2589437819420784E-4 0.7339691750802005 3.125933454344977E-4
demonstrate 4.2589437819420784E-4 1.293584963015623 5.509305634649161E-4
secured 4.2589437819420784E-4 3.0853444322436783 0.0013140308484853825
support 8.517887563884157E-4 0.7104386776700063 6.051436777427652E-4
full 0.0017035775127768314 0.14750613710858965 2.5128813817476943E-4
higher 4.2589437819420784E-4 0.41985384556026406 1.7881339248733563E-4
records 0.004258943781942078 1.3581234841531944 0.005784171567943758
needed 4.2589437819420784E-4 0.8080771472339223 3.4415551415414066E-4
concept 0.002555366269165247 1.3581234841531944 0.0034705029407662547
show 0.0012776831345826234 0.6321864807702582 8.077340043913009E-4
privacy 4.2589437819420784E-4 2.5998366164619773 0.001107255799174607
learning 8.517887563884157E-4 0.9306794693262548 7.927423077736412E-4
assistance 4.2589437819420784E-4 2.8622008809294686 0.0012189952644503699
life 4.2589437819420784E-4 1.4271163556401458 6.078008328961439E-4
recognised 4.2589437819420784E-4 3.7784916128036232 0.0016092383359470287
negative 8.517887563884157E-4 0.6429973968744738 5.476979530446965E-4
not 0.002981260647359455 0.03488725900044054 1.0400801235225034E-4
carel 0.002555366269165247 5.1647859739235145 0.013197919865221928
derived 4.2589437819420784E-4 1.3581234841531944 5.784171567943758E-4
enhance 4.2589437819420784E-4 1.6990500711237875 7.236158735620901E-4
coverage 4.2589437819420784E-4 2.5257286443082556 0.001075693630454964
overview 8.517887563884157E-4 1.4271163556401458 0.0012156016657922878
figure 0.004258943781942078 0.20194134366360675 8.600568299131462E-4
disease 8.517887563884157E-4 1.2729656758128876 0.0010842978499257987
previous 8.517887563884157E-4 0.32850406697203605 2.798160706746474E-4
wide 4.2589437819420784E-4 1.3361445774344192 5.690564639839945E-4
clinicalbert 4.2589437819420784E-4 5.1647859739235145 0.0021996533108703214
was 0.018739352640545145 0.058840500022933395 0.0011026328794757536
marike 0.002555366269165247 5.1647859739235145 0.013197919865221928
calculating 8.517887563884157E-4 2.169053700369523 0.0018475755539774474
vossen 0.002555366269165247 5.1647859739235145 0.013197919865221928
cumbersome 4.2589437819420784E-4 4.0661736852554045 0.001731760513311501
pair 8.517887563884157E-4 1.9867321435755685 0.0016922761018531248
bars 0.0012776831345826234 3.7784916128036232 0.004827715007841085
target 0.0012776831345826234 1.0704414117014134 0.0013676849382897103
equal 4.2589437819420784E-4 1.3805963400052528 5.879882197637363E-4
functioning 0.0017035775127768314 2.9675613965872945 0.005055470863010723
artificial 4.2589437819420784E-4 1.5012243277938677 6.393630016157869E-4
logistic 4.2589437819420784E-4 1.8689491079191851 7.959749181938608E-4
initially 4.2589437819420784E-4 1.6990500711237875 7.236158735620901E-4
optimised 4.2589437819420784E-4 3.373026504695459 0.0014365530258498547
differentiated 8.517887563884157E-4 3.7784916128036232 0.0032184766718940574
reliably 4.2589437819420784E-4 2.9675613965872945 0.0012638677157526808
criteria 4.2589437819420784E-4 1.121734706088964 4.777405051486218E-4
tested 8.517887563884157E-4 1.3581234841531944 0.0011568343135887516
fruitful 4.2589437819420784E-4 4.0661736852554045 0.001731760513311501
collected 4.2589437819420784E-4 0.8340526336371831 3.552183277841495E-4
during 8.517887563884157E-4 0.28958865072236245 2.4666835666300037E-4
type 4.2589437819420784E-4 0.5203950747821414 2.2163333678966842E-4
issues 4.2589437819420784E-4 1.121734706088964 4.777405051486218E-4
when 0.0017035775127768314 0.14750613710858965 2.5128813817476943E-4
required 4.2589437819420784E-4 0.5900749954201312 2.513096232624068E-4
annotated 0.002129471890971039 1.9459101490553132 0.004143760964768555
identified 4.2589437819420784E-4 0.6321864807702582 2.6924466813043365E-4
terms 4.2589437819420784E-4 0.5696661237889241 2.4261759956938848E-4
far 4.2589437819420784E-4 1.3361445774344192 5.690564639839945E-4
specifically 8.517887563884157E-4 1.3805963400052528 0.0011759764395274726
aligned 4.2589437819420784E-4 2.2744142160273495 9.686602282910347E-4
case 8.517887563884157E-4 0.38566248081198473 3.285029649165117E-4
between 4.2589437819420784E-4 0.058840500022933395 2.505983816990349E-5
give 4.2589437819420784E-4 1.157452788691043 4.929526357287236E-4
van 0.005110732538330494 2.2744142160273495 0.011623922739492415
transformers 4.2589437819420784E-4 3.0853444322436783 0.0013140308484853825
natural 0.0034071550255536627 0.6429973968744738 0.002190791812178786
teams 4.2589437819420784E-4 2.9675613965872945 0.0012638677157526808
work 0.0038330494037478705 0.5696661237889241 0.002183558396124496
conclusions 4.2589437819420784E-4 1.0872485300177945 4.6305303663449513E-4
qualifiers 4.2589437819420784E-4 5.1647859739235145 0.0021996533108703214
matches 4.2589437819420784E-4 2.9675613965872945 0.0012638677157526808
insight 4.2589437819420784E-4 1.5271998141971284 6.504258152457957E-4
classifications 4.2589437819420784E-4 2.9675613965872945 0.0012638677157526808
examples 0.002129471890971039 1.1394342831883648 0.002426393277658358
versions 4.2589437819420784E-4 2.456735772821304 0.001046309954353196
among 4.2589437819420784E-4 0.32850406697203605 1.399080353373237E-4
following 4.2589437819420784E-4 0.2160260835453457 9.2004294525275E-5
labelling 0.0012776831345826234 2.392197251683733 0.0030564700830712087
encompassed 8.517887563884157E-4 4.0661736852554045 0.003463521026623002
requires 8.517887563884157E-4 0.8881198549074587 7.564905067354844E-4
care 0.0012776831345826234 1.1758019273592397 0.0015023022921966435
participation 0.0034071550255536627 2.2744142160273495 0.007749281826328278
study 0.0012776831345826234 0.15415067982725836 1.9695572379973384E-4
internal 8.517887563884157E-4 1.3805963400052528 0.0011759764395274726
extension 8.517887563884157E-4 2.073743520565198 0.001766391414450765
methods 4.2589437819420784E-4 0.20194134366360675 8.600568299131463E-5
sentences 0.0038330494037478705 1.5812670354674039 0.006061074667464495
reliability 8.517887563884157E-4 2.0292917579943643 0.0017285279028912814
exercise 0.002555366269165247 2.7668907011251433 0.007070419168122171
range 4.2589437819420784E-4 0.6988778552689304 2.976481496034627E-4
distribution 0.002129471890971039 0.9751312318970885 0.002076514548332812
tools 4.2589437819420784E-4 1.252762968495368 5.335447054920648E-4
our 0.0034071550255536627 0.19497267434751336 6.643021272487678E-4
capacity 4.2589437819420784E-4 1.7635885922613586 7.511024668915496E-4
linguistic 4.2589437819420784E-4 1.79749014393704 7.655409471622828E-4
across 0.002129471890971039 0.7703368192510752 0.0016404106031752026
computer 4.2589437819420784E-4 1.5538680612792897 6.617836717543824E-4
biobert 4.2589437819420784E-4 4.471638793363569 0.001904445823408675
low 0.002555366269165247 0.6761496041913742 0.0017278098914600701
recall 0.0034071550255536627 1.8689491079191851 0.006367799345550886
get 4.2589437819420784E-4 1.3805963400052528 5.879882197637363E-4
course 8.517887563884157E-4 1.6990500711237875 0.0014472317471241802
kappa 4.2589437819420784E-4 3.0853444322436783 0.0013140308484853825
categories 0.010221465076660987 1.0216512475319812 0.010442772547175275
demonstrated 4.2589437819420784E-4 0.8607208807193443 3.6657618429273604E-4
means 4.2589437819420784E-4 0.6988778552689304 2.976481496034627E-4
edwin 0.002555366269165247 5.1647859739235145 0.013197919865221928
initial 0.0017035775127768314 0.6988778552689304 0.0011905925984138509
analysing 4.2589437819420784E-4 2.2203469947570738 9.45633302707442E-4
more 0.002129471890971039 0.05279818556697083 1.1243225205913719E-4
bigger 4.2589437819420784E-4 2.5998366164619773 0.001107255799174607
display 0.0012776831345826234 0.167573700159399 2.141060904932696E-4
csvdisplay 0.0012776831345826234 0.2669461739726028 3.4107262432615343E-4
centre 4.2589437819420784E-4 2.2203469947570738 9.45633302707442E-4
continued 4.2589437819420784E-4 1.906689435902032 8.120483117129609E-4
suggest 4.2589437819420784E-4 1.0059028905638423 4.284083861004439E-4
consulted 4.2589437819420784E-4 3.5553480614894135 0.001514202751912016
conceptual 4.2589437819420784E-4 2.120263536200091 9.030083203577901E-4
expect 4.2589437819420784E-4 2.2203469947570738 9.45633302707442E-4
january 0.002555366269165247 1.3581234841531944 0.0034705029407662547
choice 8.517887563884157E-4 1.6682784124570338 0.0014210207942564172
levels 0.0068143100511073255 0.9452782687474074 0.006441419207818789
first 0.0012776831345826234 0.167573700159399 2.141060904932696E-4
cohorts 4.2589437819420784E-4 2.7668907011251433 0.0011784031946870286
dimensions 8.517887563884157E-4 2.331572629867298 0.0019860073508239334
small 0.0012776831345826234 0.6214911916535102 7.940688138673469E-4
data 0.014054514480408859 0.167573700159399 0.0023551669954259657
disability 4.2589437819420784E-4 3.2188758248682006 0.0013709011179166102
used 0.002555366269165247 0.07103577311675174 1.8152241852662285E-4
hospitalisation 4.2589437819420784E-4 5.1647859739235145 0.0021996533108703214
hosted 4.2589437819420784E-4 4.0661736852554045 0.001731760513311501
protocol 4.2589437819420784E-4 1.730798769438368 7.371374656892539E-4
shows 0.0017035775127768314 0.5596157879354227 9.53348872121674E-4
shown 0.002555366269165247 0.3364722366212129 8.59809803972435E-4
major 4.2589437819420784E-4 0.7104386776700063 3.025718388713826E-4
presented 4.2589437819420784E-4 0.4373981552111735 1.8628541533695635E-4
only 0.002981260647359455 0.10854016857520597 3.235865332310229E-4
consequences 4.2589437819420784E-4 2.2203469947570738 9.45633302707442E-4
contextualised 4.2589437819420784E-4 5.1647859739235145 0.0021996533108703214
from 0.015332197614991482 0.023122417420854212 3.5451747323285844E-4
tag 4.2589437819420784E-4 3.0853444322436783 0.0013140308484853825
potential 8.517887563884157E-4 0.44628710262841953 3.801423361400507E-4
described 8.517887563884157E-4 0.44628710262841953 3.801423361400507E-4
multidisciplinary 4.2589437819420784E-4 2.9675613965872945 0.0012638677157526808
manually 4.2589437819420784E-4 1.4512139072192063 6.180638446419107E-4
created 4.2589437819420784E-4 1.0704414117014134 4.558949794299035E-4
bottom 0.0012776831345826234 2.7668907011251433 0.0035352095840610856
patients 0.005110732538330494 0.9452782687474074 0.004831064405864092
amsterdam 8.517887563884157E-4 5.1647859739235145 0.004399306621740643
capture 4.2589437819420784E-4 1.293584963015623 5.509305634649161E-4
published 0.002555366269165247 0.03488725900044054 8.914972487335742E-5
both 0.0012776831345826234 0.13434805253107854 1.7165424088297937E-4
most 8.517887563884157E-4 0.0771896386911299 6.574926634678867E-5
important 0.0012776831345826234 0.2669461739726028 3.4107262432615343E-4
sequence 4.2589437819420784E-4 1.4271163556401458 6.078008328961439E-4
techniques 4.2589437819420784E-4 0.9751312318970885 4.153029096665624E-4
covered 4.2589437819420784E-4 1.79749014393704 7.655409471622828E-4
potentially 4.2589437819420784E-4 1.1394342831883648 4.8527865553167155E-4
limitation 4.2589437819420784E-4 1.4035858582299516 5.977793263330288E-4
classify 4.2589437819420784E-4 1.5271998141971284 6.504258152457957E-4
line 4.2589437819420784E-4 1.0059028905638423 4.284083861004439E-4
professionals 0.0012776831345826234 2.2744142160273495 0.002905980684873104
link 4.2589437819420784E-4 1.6384254493073527 6.977961879503205E-4
according 0.0012776831345826234 0.4919571394616079 6.28565340027608E-4
their 0.0038330494037478705 0.12136085700426753 4.651821605785382E-4
scale 8.517887563884157E-4 1.4271163556401458 0.0012156016657922878
error 0.002555366269165247 1.5538680612792897 0.003970702030526294
network 8.517887563884157E-4 1.0704414117014134 9.11789958859807E-4
can 0.002555366269165247 0.0958817717032825 2.4501304523837097E-4
general 0.0012776831345826234 0.4734380916943703 6.049038650268785E-4
computing 4.2589437819420784E-4 1.9867321435755685 8.461380509265624E-4
database 4.2589437819420784E-4 1.3581234841531944 5.784171567943758E-4
paper 4.2589437819420784E-4 0.9306794693262548 3.963711538868206E-4
coders 4.2589437819420784E-4 3.2188758248682006 0.0013709011179166102
walking 0.005536626916524702 3.5553480614894135 0.019684635774856206
patient 0.004684838160136286 0.9751312318970885 0.004568332006332186
observations 4.2589437819420784E-4 2.0292917579943643 8.642639514456407E-4
studies 4.2589437819420784E-4 0.24480504809538922 1.0426109373738894E-4
hospital 8.517887563884157E-4 1.4512139072192063 0.0012361276892838215
introduction 4.2589437819420784E-4 0.10219094089654716 4.3522547230216E-5
encompassing 8.517887563884157E-4 4.471638793363569 0.00380889164681735
process 0.0012776831345826234 0.5013468798114469 6.405624529107072E-4
amount 0.0017035775127768314 1.121734706088964 0.0019109620205944873
limited 4.2589437819420784E-4 0.5696661237889241 2.4261759956938848E-4
will 8.517887563884157E-4 0.3526016185510966 3.003420941661811E-4
built 4.2589437819420784E-4 1.6094379124341003 6.854505589583051E-4
therapy 8.517887563884157E-4 1.9867321435755685 0.0016922761018531248
assignment 8.517887563884157E-4 2.9675613965872945 0.0025277354315053615
groups 4.2589437819420784E-4 0.8472978603872037 3.608593953948908E-4
increase 8.517887563884157E-4 0.5013468798114469 4.270416352738048E-4
tensor 4.2589437819420784E-4 3.7784916128036232 0.0016092383359470287
questionnaires 4.2589437819420784E-4 3.2188758248682006 0.0013709011179166102
performance 0.005536626916524702 0.7703368192510752 0.004265067568255527
marking 4.2589437819420784E-4 3.373026504695459 0.0014365530258498547
currently 8.517887563884157E-4 1.4035858582299516 0.0011955586526660577
mean 0.0038330494037478705 0.6214911916535102 0.0023822064416020405
customised 8.517887563884157E-4 4.471638793363569 0.00380889164681735
variable 4.2589437819420784E-4 1.3146383722134554 5.598970920840952E-4
latter 4.2589437819420784E-4 1.8325814637483102 7.804861429933179E-4
further 0.002555366269165247 0.27443684570176036 7.012866585223859E-4
reduction 4.2589437819420784E-4 1.4759065198095778 6.285802895270774E-4
category 0.004684838160136286 1.252762968495368 0.0058689917604127124
optimising 4.2589437819420784E-4 4.0661736852554045 0.001731760513311501
methodology 4.2589437819420784E-4 1.3361445774344192 5.690564639839945E-4
providers 4.2589437819420784E-4 2.169053700369523 9.237877769887237E-4
