exception 5.383580080753701E-4 2.6798793241355137 0.0014427344948239641
half 0.0010767160161507402 1.3805963400052528 0.0014865101911227484
optimal 2.6917900403768504E-4 1.2329603411991883 3.318870366619618E-4
numerous 5.383580080753701E-4 1.6384254493073527 8.820594612690997E-4
allowed 2.6917900403768504E-4 1.4512139072192063 3.906363141909034E-4
pertained 0.0010767160161507402 5.1647859739235145 0.005561007778114147
ignoring 2.6917900403768504E-4 3.373026504695459 9.079479151266376E-4
without 2.6917900403768504E-4 0.32850406697203605 8.842639756986165E-5
via 0.0021534320323014803 0.9021060968821986 0.001942624165560589
setting 2.6917900403768504E-4 1.3581234841531944 3.655783268245476E-4
these 0.0018842530282637954 0.03488725900044054 6.573642341940344E-5
score 5.383580080753701E-4 1.121734706088964 6.038948619590653E-4
introduced 0.0013458950201884253 1.0059028905638423 0.001353839691203018
would 8.075370121130552E-4 0.5013468798114469 4.048561613551388E-4
biases 5.383580080753701E-4 2.9675613965872945 0.0015976104423080992
understanding 2.6917900403768504E-4 0.990398704027877 2.665945367504379E-4
warrant 2.6917900403768504E-4 3.373026504695459 9.079479151266376E-4
ten 2.6917900403768504E-4 2.0292917579943643 5.46242734318806E-4
definitions 2.6917900403768504E-4 1.79749014393704 4.8384660671252756E-4
unlikely 2.6917900403768504E-4 2.456735772821304 6.613016885117911E-4
agreement 0.0013458950201884253 1.906689435902032 0.002566203816826423
thus 2.6917900403768504E-4 0.8881198549074587 2.3906321801008307E-4
dealing 2.6917900403768504E-4 2.169053700369523 5.838637147697236E-4
analysis 0.0016150740242261105 0.15415067982725836 2.4896475880580086E-4
twsi 2.6917900403768504E-4 5.1647859739235145 0.0013902519445285367
correlation 0.005652759084791386 1.3805963400052528 0.00780417850339443
size 2.6917900403768504E-4 0.127833371509885 3.441005962581023E-5
left 5.383580080753701E-4 1.2729656758128876 6.853112655789435E-4
detail 2.6917900403768504E-4 1.6990500711237875 4.5734860595525906E-4
metrics 2.6917900403768504E-4 2.073743520565198 5.582082154953426E-4
much 5.383580080753701E-4 0.7827593392496325 4.21404758680825E-4
appropriate 5.383580080753701E-4 1.0704414117014134 5.7628070616496E-4
providing 2.6917900403768504E-4 1.252762968495368 3.37217488154877E-4
least 5.383580080753701E-4 0.653926467406664 3.5204655042081506E-4
datasets 0.0013458950201884253 1.4512139072192063 0.001953181570954517
turn 5.383580080753701E-4 1.730798769438368 9.317893778941415E-4
manual 2.6917900403768504E-4 1.4512139072192063 3.906363141909034E-4
matrix 2.6917900403768504E-4 1.5012243277938677 4.0409806939269654E-4
plausible 2.6917900403768504E-4 2.8622008809294686 7.704443824843791E-4
result 2.6917900403768504E-4 0.4285875255290187 1.1536676326487716E-4
intuitively 5.383580080753701E-4 3.2188758248682006 0.0017329075773180082
same 0.0034993270524899056 0.2972515234679317 0.0010401802974651716
feeding 2.6917900403768504E-4 3.0853444322436783 8.305099413845701E-4
after 8.075370121130552E-4 0.12136085700426753 9.800338385270596E-5
senseexact 5.383580080753701E-4 5.1647859739235145 0.0027805038890570733
close 2.6917900403768504E-4 1.1394342831883648 3.067117855150376E-4
annotation 0.0024226110363391655 2.169053700369523 0.005254773432927512
fostering 2.6917900403768504E-4 5.1647859739235145 0.0013902519445285367
address 5.383580080753701E-4 1.0872485300177945 5.853289529032541E-4
sets 0.0010767160161507402 1.3146383722134554 0.0014154921908085655
probabilistic 2.6917900403768504E-4 2.5257286443082556 6.798731209443487E-4
decreased 2.6917900403768504E-4 1.293584963015623 3.4820591198267105E-4
namely 2.6917900403768504E-4 2.073743520565198 5.582082154953426E-4
representing 0.0034993270524899056 1.3361445774344192 0.004675606865853957
the 0.10201884253028264 0.017291497110061043 0.0017640585207841547
subtle 2.6917900403768504E-4 3.0853444322436783 8.305099413845701E-4
consisting 5.383580080753701E-4 1.906689435902032 0.001026481526730569
obvious 2.6917900403768504E-4 2.0292917579943643 5.46242734318806E-4
information 8.075370121130552E-4 0.3049735695618419 2.4627744513742284E-4
inflected 2.6917900403768504E-4 4.471638793363569 0.0012036712768138812
standard 0.0016150740242261105 0.7827593392496325 0.0012642142760424752
senses 0.0029609690444145358 3.7784916128036232 0.011187996700091482
completeness 8.075370121130552E-4 3.7784916128036232 0.003051271827297677
predefined 2.6917900403768504E-4 2.2203469947570738 5.976707926667762E-4
compute 2.6917900403768504E-4 2.2203469947570738 5.976707926667762E-4
syntactic 2.6917900403768504E-4 2.2203469947570738 5.976707926667762E-4
belonging 2.6917900403768504E-4 2.120263536200091 5.707304269717607E-4
generated 5.383580080753701E-4 1.1758019273592397 6.330023835043013E-4
incorporated 2.6917900403768504E-4 2.7668907011251433 7.447888832099981E-4
leave 2.6917900403768504E-4 2.2744142160273495 6.122245534393942E-4
speakers 2.6917900403768504E-4 2.9675613965872945 7.988052211540496E-4
besides 5.383580080753701E-4 1.8689491079191851 0.0010061637189336123
serious 2.6917900403768504E-4 2.120263536200091 5.707304269717607E-4
weighted 2.6917900403768504E-4 1.9459101490553132 5.237981558695325E-4
others 5.383580080753701E-4 1.1758019273592397 6.330023835043013E-4
predicted 8.075370121130552E-4 1.5271998141971284 0.0012332703748563622
posits 2.6917900403768504E-4 4.471638793363569 0.0012036712768138812
its 0.0018842530282637954 0.19497267434751336 3.673778520679929E-4
often 2.6917900403768504E-4 0.5900749954201312 1.5883579957473248E-4
respect 2.6917900403768504E-4 1.5812670354674039 4.256438857247386E-4
candidates 5.383580080753701E-4 3.0853444322436783 0.0016610198827691402
external 2.6917900403768504E-4 1.4759065198095778 3.97283047055068E-4
reflexive 2.6917900403768504E-4 5.1647859739235145 0.0013902519445285367
revise 5.383580080753701E-4 3.7784916128036232 0.002034181218198451
therefore 2.6917900403768504E-4 1.1394342831883648 3.067117855150376E-4
preserving 5.383580080753701E-4 3.0853444322436783 0.0016610198827691402
neural 0.0013458950201884253 1.5271998141971284 0.0020554506247606034
applied 2.6917900403768504E-4 0.6109090823229731 1.6444389833727405E-4
provided 0.0013458950201884253 0.7104386776700063 9.561758784253114E-4
representation 0.003768506056527591 1.2729656758128876 0.004797178859052604
compiled 2.6917900403768504E-4 3.2188758248682006 8.664537886590041E-4
expanded 2.6917900403768504E-4 2.2744142160273495 6.122245534393942E-4
producing 5.383580080753701E-4 2.6798793241355137 0.0014427344948239641
provides 2.6917900403768504E-4 0.6214911916535102 1.672923799874859E-4
disambiguation 2.6917900403768504E-4 4.471638793363569 0.0012036712768138812
end 2.6917900403768504E-4 1.1758019273592397 3.1650119175215063E-4
hard 2.6917900403768504E-4 1.8689491079191851 5.030818594668062E-4
sampled 8.075370121130552E-4 2.9675613965872945 0.002396415663462149
identify 2.6917900403768504E-4 0.6214911916535102 1.672923799874859E-4
multiple 2.6917900403768504E-4 0.5108256237659907 1.375035326422586E-4
perform 0.0010767160161507402 0.9600933545325481 0.0010337478918250854
label 5.383580080753701E-4 2.120263536200091 0.0011414608539435213
improvement 2.6917900403768504E-4 1.157452788691043 3.115619888804961E-4
ranging 2.6917900403768504E-4 1.6094379124341003 4.3322689432950204E-4
occurring 2.6917900403768504E-4 2.0292917579943643 5.46242734318806E-4
with 0.015343203230148048 0.017291497110061043 2.6530695431318423E-4
supervised 5.383580080753701E-4 1.9867321435755685 0.0010695731593946532
there 0.0021534320323014803 0.12136085700426753 2.613423569405492E-4
translation 2.6917900403768504E-4 1.9867321435755685 5.347865796973266E-4
achieved 2.6917900403768504E-4 1.121734706088964 3.0194743097953266E-4
well 0.0021534320323014803 0.3127557100038969 6.734981642075842E-4
syntax 2.6917900403768504E-4 2.9675613965872945 7.988052211540496E-4
suitable 5.383580080753701E-4 1.121734706088964 6.038948619590653E-4
strands 2.6917900403768504E-4 4.471638793363569 0.0012036712768138812
taking 5.383580080753701E-4 1.3581234841531944 7.311566536490952E-4
slightly 2.6917900403768504E-4 1.5271998141971284 4.1109012495212067E-4
smaller 2.6917900403768504E-4 1.121734706088964 3.0194743097953266E-4
considered 0.0010767160161507402 0.32059888746492277 3.451939568935911E-4
focus 2.6917900403768504E-4 0.6874491594453075 1.8504688006603162E-4
approach 0.0016150740242261105 0.5398131606392429 8.718382136838379E-4
number 0.0051144010767160165 0.167573700159399 8.570391125245172E-4
experiment 5.383580080753701E-4 1.730798769438368 9.317893778941415E-4
inventories 5.383580080753701E-4 5.1647859739235145 0.0027805038890570733
pairwise 2.6917900403768504E-4 2.6798793241355137 7.213672474119821E-4
algorithm 2.6917900403768504E-4 1.0059028905638423 2.707679382406036E-4
similar 5.383580080753701E-4 0.20895891632225325 1.124947059608362E-4
lexical 0.01641991924629879 2.120263536200091 0.0348145560452774
mapping 2.6917900403768504E-4 2.073743520565198 5.582082154953426E-4
considering 5.383580080753701E-4 0.9162907318741551 4.932924532296931E-4
isolation 2.6917900403768504E-4 3.7784916128036232 0.0010170906090992255
aggregated 2.6917900403768504E-4 2.8622008809294686 7.704443824843791E-4
lexicosemantic 2.6917900403768504E-4 5.1647859739235145 0.0013902519445285367
system 2.6917900403768504E-4 0.44628710262841953 1.201311178003821E-4
even 0.0010767160161507402 0.377294231141468 4.0623874147129794E-4
compositional 2.6917900403768504E-4 3.7784916128036232 0.0010170906090992255
granularity 2.6917900403768504E-4 3.5553480614894135 9.570250501990345E-4
strongly 2.6917900403768504E-4 1.6990500711237875 4.5734860595525906E-4
binary 8.075370121130552E-4 1.6990500711237875 0.0013720458178657774
authors 0.0013458950201884253 0.023122417420854212 3.1120346461445776E-5
larger 2.6917900403768504E-4 0.9162907318741551 2.4664622661484657E-4
distributional 0.0021534320323014803 3.0853444322436783 0.006644079531076561
algorithms 0.0013458950201884253 1.1758019273592397 0.0015825059587607534
other 0.0024226110363391655 0.0408219945202552 9.889581445014718E-5
aim 2.6917900403768504E-4 1.0376515888784226 2.793140212324152E-4
domagoj 0.0010767160161507402 5.1647859739235145 0.005561007778114147
against 5.383580080753701E-4 0.9600933545325481 5.168739459125427E-4
annotators 0.0026917900403768506 3.0853444322436783 0.008305099413845702
representations 0.0010767160161507402 2.120263536200091 0.0022829217078870426
indicating 2.6917900403768504E-4 1.5271998141971284 4.1109012495212067E-4
asked 0.0010767160161507402 2.073743520565198 0.0022328328619813705
top 5.383580080753701E-4 1.5538680612792897 8.365373142822554E-4
too 2.6917900403768504E-4 1.3361445774344192 3.596620666041505E-4
indicates 2.6917900403768504E-4 1.0376515888784226 2.793140212324152E-4
yield 2.6917900403768504E-4 1.906689435902032 5.132407633652845E-4
have 0.0024226110363391655 0.028987536873252187 7.022552674542926E-5
harmonic 5.383580080753701E-4 3.5553480614894135 0.001914050100398069
robust 5.383580080753701E-4 1.6682784124570338 8.981310430455094E-4
thoroughly 2.6917900403768504E-4 2.5257286443082556 6.798731209443487E-4
question 0.0010767160161507402 1.2329603411991883 0.0013275481466478473
clustered 5.383580080753701E-4 2.7668907011251433 0.0014895777664199962
alternations 2.6917900403768504E-4 5.1647859739235145 0.0013902519445285367
produce 8.075370121130552E-4 1.157452788691043 9.346859666414884E-4
ceases 2.6917900403768504E-4 5.1647859739235145 0.0013902519445285367
removed 2.6917900403768504E-4 1.79749014393704 4.8384660671252756E-4
powerful 2.6917900403768504E-4 2.0292917579943643 5.46242734318806E-4
future 5.383580080753701E-4 0.48265474679929443 2.5984104807499025E-4
overly 5.383580080753701E-4 3.5553480614894135 0.001914050100398069
almost 5.383580080753701E-4 1.1043429633770947 5.945318779957441E-4
findings 5.383580080753701E-4 0.7459453661269161 4.015856614411392E-4
precision 5.383580080753701E-4 1.8689491079191851 0.0010061637189336123
correspond 0.0013458950201884253 1.9459101490553132 0.0026189907793476627
identical 5.383580080753701E-4 2.2744142160273495 0.0012244491068787884
plausibility 2.6917900403768504E-4 4.471638793363569 0.0012036712768138812
whether 5.383580080753701E-4 0.5300569856938783 2.853604229845912E-4
function 2.6917900403768504E-4 0.6321864807702582 1.7017132725982722E-4
quite 5.383580080753701E-4 1.5012243277938677 8.081961387853931E-4
modified 2.6917900403768504E-4 1.8325814637483102 4.932924532296931E-4
verbs 2.6917900403768504E-4 2.8622008809294686 7.704443824843791E-4
all 0.006729475100942127 0.017291497110061043 1.1636269926016852E-4
took 0.0010767160161507402 1.7635885922613586 0.001898884083188542
including 8.075370121130552E-4 0.2669461739726028 2.1556891572484748E-4
substitutes 0.01911170928667564 4.0661736852554045 0.07771152938173181
devising 2.6917900403768504E-4 5.1647859739235145 0.0013902519445285367
introducing 2.6917900403768504E-4 2.120263536200091 5.707304269717607E-4
less 2.6917900403768504E-4 0.368995428326773 9.932582189145976E-5
quantify 5.383580080753701E-4 2.456735772821304 0.0013226033770235822
were 0.0016150740242261105 0.0958817717032825 1.5485615887474968E-4
improve 2.6917900403768504E-4 0.7104386776700063 1.9123517568506225E-4
translates 5.383580080753701E-4 3.373026504695459 0.0018158958302532753
specialized 2.6917900403768504E-4 2.456735772821304 6.613016885117911E-4
manifestly 2.6917900403768504E-4 5.1647859739235145 0.0013902519445285367
respective 5.383580080753701E-4 1.9459101490553132 0.001047596311739065
around 2.6917900403768504E-4 1.0216512475319812 2.750070652845171E-4
favour 2.6917900403768504E-4 3.5553480614894135 9.570250501990345E-4
represents 2.6917900403768504E-4 0.9751312318970885 2.6248485380809915E-4
times 2.6917900403768504E-4 0.9600933545325481 2.5843697295627134E-4
similarly 2.6917900403768504E-4 2.0292917579943643 5.46242734318806E-4
and 0.03203230148048452 0.017291497110061043 5.538864484784022E-4
design 8.075370121130552E-4 1.0376515888784226 8.379420636972458E-4
define 2.6917900403768504E-4 1.3146383722134554 3.538730477021414E-4
chose 2.6917900403768504E-4 1.906689435902032 5.132407633652845E-4
diminishes 2.6917900403768504E-4 3.7784916128036232 0.0010170906090992255
contextualized 5.383580080753701E-4 3.5553480614894135 0.001914050100398069
parasets 0.0018842530282637954 5.1647859739235145 0.009731763611699758
automatic 2.6917900403768504E-4 1.5812670354674039 4.256438857247386E-4
contributing 2.6917900403768504E-4 2.2744142160273495 6.122245534393942E-4
any 0.0013458950201884253 0.2669461739726028 3.592815262080791E-4
followed 2.6917900403768504E-4 0.758066726659261 2.040556464762479E-4
duly 2.6917900403768504E-4 5.1647859739235145 0.0013902519445285367
application 2.6917900403768504E-4 1.0376515888784226 2.793140212324152E-4
adopts 2.6917900403768504E-4 2.9675613965872945 7.988052211540496E-4
until 2.6917900403768504E-4 1.0376515888784226 2.793140212324152E-4
hypothesis 2.6917900403768504E-4 1.9459101490553132 5.237981558695325E-4
extending 2.6917900403768504E-4 2.392197251683733 6.439292736699145E-4
cluster 0.0010767160161507402 2.2203469947570738 0.002390683170667105
paracosine 5.383580080753701E-4 5.1647859739235145 0.0027805038890570733
defines 2.6917900403768504E-4 2.331572629867298 6.276103983492053E-4
decided 0.0010767160161507402 2.2203469947570738 0.002390683170667105
generalized 2.6917900403768504E-4 2.392197251683733 6.439292736699145E-4
jan 0.0010767160161507402 3.2188758248682006 0.0034658151546360164
english 0.0018842530282637954 1.4512139072192063 0.0027344541993363242
builds 2.6917900403768504E-4 2.9675613965872945 7.988052211540496E-4
represented 2.6917900403768504E-4 0.8881198549074587 2.3906321801008307E-4
let 8.075370121130552E-4 1.9459101490553132 0.0015713944676085975
defined 0.0016150740242261105 0.5300569856938783 8.560812689537738E-4
models 0.004037685060565276 0.7953381214564925 0.003211324851102931
using 0.006460296096904442 0.083381608939051 5.386698827825637E-4
apt 2.6917900403768504E-4 5.1647859739235145 0.0013902519445285367
containing 2.6917900403768504E-4 1.4759065198095778 3.97283047055068E-4
investigating 5.383580080753701E-4 2.0292917579943643 0.001092485468637612
expected 2.6917900403768504E-4 0.9600933545325481 2.5843697295627134E-4
probable 2.6917900403768504E-4 3.5553480614894135 9.570250501990345E-4
refine 2.6917900403768504E-4 3.373026504695459 9.079479151266376E-4
deteriorate 2.6917900403768504E-4 4.471638793363569 0.0012036712768138812
recognize 2.6917900403768504E-4 2.169053700369523 5.838637147697236E-4
correlations 8.075370121130552E-4 2.5998366164619773 0.00209946429323982
each 0.0029609690444145358 0.13434805253107854 3.978004247219015E-4
labels 0.0021534320323014803 1.8689491079191851 0.004024654875734449
input 2.6917900403768504E-4 1.0216512475319812 2.750070652845171E-4
induce 2.6917900403768504E-4 2.456735772821304 6.613016885117911E-4
difference 0.0016150740242261105 0.6004377824556778 9.697514656080935E-4
complexity 2.6917900403768504E-4 1.6094379124341003 4.3322689432950204E-4
discarded 2.6917900403768504E-4 4.0661736852554045 0.0010945285828412932
increased 5.383580080753701E-4 0.4919571394616079 2.648490656590083E-4
argued 2.6917900403768504E-4 2.2203469947570738 5.976707926667762E-4
perfectly 2.6917900403768504E-4 3.5553480614894135 9.570250501990345E-4
probably 2.6917900403768504E-4 1.79749014393704 4.8384660671252756E-4
automatically 2.6917900403768504E-4 1.4759065198095778 3.97283047055068E-4
another 8.075370121130552E-4 0.40261203912575794 3.2512412311635905E-4
paradice 8.075370121130552E-4 5.1647859739235145 0.004170755833585611
two 0.005383580080753701 0.11492996667397702 6.187346792677094E-4
increases 2.6917900403768504E-4 1.1394342831883648 3.067117855150376E-4
notion 2.6917900403768504E-4 2.2744142160273495 6.122245534393942E-4
default 5.383580080753701E-4 2.5998366164619773 0.00139964286215988
found 0.0010767160161507402 0.27443684570176036 2.954905471889748E-4
are 0.010228802153432033 0.028987536873252187 2.9650777959181244E-4
deteriorates 2.6917900403768504E-4 4.471638793363569 0.0012036712768138812
does 0.0013458950201884253 0.5696661237889241 7.66710799177556E-4
taken 8.075370121130552E-4 0.990398704027877 7.997836102513139E-4
where 0.0021534320323014803 0.32850406697203605 7.074111805588932E-4
cornerstone 2.6917900403768504E-4 4.471638793363569 0.0012036712768138812
popular 2.6917900403768504E-4 1.252762968495368 3.37217488154877E-4
escape 2.6917900403768504E-4 3.7784916128036232 0.0010170906090992255
situation 2.6917900403768504E-4 1.7635885922613586 4.747210207971355E-4
think 5.383580080753701E-4 2.0292917579943643 0.001092485468637612
occurred 2.6917900403768504E-4 1.3581234841531944 3.655783268245476E-4
languages 2.6917900403768504E-4 1.6990500711237875 4.5734860595525906E-4
correspondence 0.0016150740242261105 3.2188758248682006 0.005198722731954025
replaced 5.383580080753701E-4 2.331572629867298 0.0012552207966984106
summarized 2.6917900403768504E-4 1.4271163556401458 3.841497592571052E-4
such 0.0013458950201884253 0.10219094089654716 1.3753827846103254E-4
similarities 8.075370121130552E-4 2.120263536200091 0.0017121912809152822
automated 5.383580080753701E-4 1.5538680612792897 8.365373142822554E-4
nlp 0.004306864064602961 0.41119578281714936 0.0017709643405314642
metric 2.6917900403768504E-4 2.331572629867298 6.276103983492053E-4
summarizes 2.6917900403768504E-4 2.120263536200091 5.707304269717607E-4
describe 5.383580080753701E-4 1.0216512475319812 5.500141305690342E-4
relations 5.383580080753701E-4 1.906689435902032 0.001026481526730569
representatives 5.383580080753701E-4 3.373026504695459 0.0018158958302532753
dataset 0.004306864064602961 1.2729656758128876 0.005482490124631548
through 5.383580080753701E-4 0.2595111954850846 1.3970993027460812E-4
resulted 5.383580080753701E-4 1.3361445774344192 7.19324133208301E-4
principle 5.383580080753701E-4 2.331572629867298 0.0012552207966984106
semeval 0.0010767160161507402 4.0661736852554045 0.004378114331365173
run 2.6917900403768504E-4 2.0292917579943643 5.46242734318806E-4
incorporate 2.6917900403768504E-4 2.456735772821304 6.613016885117911E-4
hac 0.0010767160161507402 5.1647859739235145 0.005561007778114147
repeated 8.075370121130552E-4 1.79749014393704 0.001451539820137583
research 0.0016150740242261105 0.41119578281714936 6.641116276992991E-4
compile 2.6917900403768504E-4 4.0661736852554045 0.0010945285828412932
counterpart 2.6917900403768504E-4 3.373026504695459 9.079479151266376E-4
dogs 8.075370121130552E-4 4.471638793363569 0.003611013830441644
has 0.0018842530282637954 0.05279818556697083 9.94851410413986E-5
starts 2.6917900403768504E-4 2.2203469947570738 5.976707926667762E-4
results 0.0026917900403768506 0.08961215868968714 2.4121711625756968E-4
those 5.383580080753701E-4 0.3364722366212129 1.8114252308006076E-4
offers 2.6917900403768504E-4 1.6682784124570338 4.490655215227547E-4
given 0.0016150740242261105 0.3526016185510966 5.694777150219596E-4
actual 2.6917900403768504E-4 1.293584963015623 3.4820591198267105E-4
pronounced 2.6917900403768504E-4 2.9675613965872945 7.988052211540496E-4
involves 2.6917900403768504E-4 1.6094379124341003 4.3322689432950204E-4
superb 2.6917900403768504E-4 5.1647859739235145 0.0013902519445285367
widely 5.383580080753701E-4 1.0059028905638423 5.415358764812072E-4
merit 2.6917900403768504E-4 4.471638793363569 0.0012036712768138812
correlates 2.6917900403768504E-4 3.0853444322436783 8.305099413845701E-4
worse 2.6917900403768504E-4 1.6094379124341003 4.3322689432950204E-4
expressions 2.6917900403768504E-4 1.8689491079191851 5.030818594668062E-4
decrease 5.383580080753701E-4 1.3146383722134554 7.077460954042828E-4
inspected 2.6917900403768504E-4 3.2188758248682006 8.664537886590041E-4
measure 0.0013458950201884253 1.0216512475319812 0.0013750353264225857
leads 2.6917900403768504E-4 1.1758019273592397 3.1650119175215063E-4
detecting 2.6917900403768504E-4 2.392197251683733 6.439292736699145E-4
fixed 2.6917900403768504E-4 1.6682784124570338 4.490655215227547E-4
justifies 2.6917900403768504E-4 4.471638793363569 0.0012036712768138812
experimented 2.6917900403768504E-4 3.5553480614894135 9.570250501990345E-4
next 8.075370121130552E-4 0.8080771472339223 6.525522050341231E-4
distance 5.383580080753701E-4 1.4271163556401458 7.682995185142104E-4
aspects 2.6917900403768504E-4 1.0872485300177945 2.9266447645162705E-4
show 2.6917900403768504E-4 0.6321864807702582 1.7017132725982722E-4
refining 2.6917900403768504E-4 3.7784916128036232 0.0010170906090992255
symmetric 2.6917900403768504E-4 2.9675613965872945 7.988052211540496E-4
conclusion 2.6917900403768504E-4 0.653926467406664 1.7602327521040753E-4
not 0.0051144010767160165 0.03488725900044054 1.7842743499552364E-4
minimal 2.6917900403768504E-4 1.906689435902032 5.132407633652845E-4
early 5.383580080753701E-4 0.8340526336371831 4.4901891447493027E-4
ensures 2.6917900403768504E-4 2.392197251683733 6.439292736699145E-4
introduce 2.6917900403768504E-4 1.7635885922613586 4.747210207971355E-4
was 0.0026917900403768506 0.058840500022933395 1.5838627193252597E-4
complemented 2.6917900403768504E-4 4.0661736852554045 0.0010945285828412932
way 5.383580080753701E-4 0.9306794693262548 5.010387452631251E-4
pair 2.6917900403768504E-4 1.9867321435755685 5.347865796973266E-4
target 0.0051144010767160165 1.0704414117014134 0.005474666708567121
what 0.0016150740242261105 0.8209805520698303 0.0013259443640427947
assuming 2.6917900403768504E-4 1.9459101490553132 5.237981558695325E-4
restricted 2.6917900403768504E-4 2.392197251683733 6.439292736699145E-4
typical 2.6917900403768504E-4 1.4512139072192063 3.906363141909034E-4
observing 2.6917900403768504E-4 2.5998366164619773 6.9982143107994E-4
time 5.383580080753701E-4 0.20194134366360675 1.0871673952280308E-4
rise 2.6917900403768504E-4 2.0292917579943643 5.46242734318806E-4
penalizes 2.6917900403768504E-4 4.471638793363569 0.0012036712768138812
applications 2.6917900403768504E-4 1.2135422553420867 3.2666009565062896E-4
unquestionably 2.6917900403768504E-4 5.1647859739235145 0.0013902519445285367
discard 2.6917900403768504E-4 3.5553480614894135 9.570250501990345E-4
measured 2.6917900403768504E-4 1.0704414117014134 2.8814035308248E-4
notorious 2.6917900403768504E-4 4.471638793363569 0.0012036712768138812
collected 5.383580080753701E-4 0.8340526336371831 4.4901891447493027E-4
experimental 8.075370121130552E-4 1.4512139072192063 0.0011719089425727104
semantics 5.383580080753701E-4 2.392197251683733 0.001287858547339829
complementary 5.383580080753701E-4 2.073743520565198 0.0011164164309906853
when 0.004037685060565276 0.14750613710858965 5.955833261450457E-4
three 0.0010767160161507402 0.22314355131420976 2.402622356007642E-4
consistency 2.6917900403768504E-4 2.456735772821304 6.613016885117911E-4
issues 2.6917900403768504E-4 1.121734706088964 3.0194743097953266E-4
synonymous 5.383580080753701E-4 3.7784916128036232 0.002034181218198451
modest 2.6917900403768504E-4 3.0853444322436783 8.305099413845701E-4
measures 0.0024226110363391655 1.2329603411991883 0.0029869833299576566
identified 5.383580080753701E-4 0.6321864807702582 3.4034265451965445E-4
formalized 2.6917900403768504E-4 5.1647859739235145 0.0013902519445285367
case 0.0010767160161507402 0.38566248081198473 4.152489699186915E-4
having 2.6917900403768504E-4 0.8340526336371831 2.2450945723746514E-4
depends 8.075370121130552E-4 1.6682784124570338 0.0013471965645682643
probability 2.6917900403768504E-4 1.4271163556401458 3.841497592571052E-4
rendering 2.6917900403768504E-4 4.0661736852554045 0.0010945285828412932
deemed 2.6917900403768504E-4 2.5257286443082556 6.798731209443487E-4
grouping 2.6917900403768504E-4 2.9675613965872945 7.988052211540496E-4
matches 2.6917900403768504E-4 2.9675613965872945 7.988052211540496E-4
lowest 2.6917900403768504E-4 1.6094379124341003 4.3322689432950204E-4
synsets 2.6917900403768504E-4 4.0661736852554045 0.0010945285828412932
provide 2.6917900403768504E-4 0.44628710262841953 1.201311178003821E-4
rely 0.0010767160161507402 1.6094379124341003 0.0017329075773180082
refined 2.6917900403768504E-4 2.5257286443082556 6.798731209443487E-4
completely 2.6917900403768504E-4 1.3805963400052528 3.716275477806871E-4
valuable 2.6917900403768504E-4 1.730798769438368 4.6589468894707073E-4
requires 5.383580080753701E-4 0.8881198549074587 4.7812643602016615E-4
explicitly 2.6917900403768504E-4 1.5812670354674039 4.256438857247386E-4
study 0.0034993270524899056 0.15415067982725836 5.394236440792352E-4
computed 0.0010767160161507402 1.730798769438368 0.001863578755788283
log 0.0010767160161507402 1.9459101490553132 0.00209519262347813
methods 5.383580080753701E-4 0.20194134366360675 1.0871673952280308E-4
differences 0.0010767160161507402 0.7953381214564925 8.563532936274481E-4
direct 2.6917900403768504E-4 0.990398704027877 2.665945367504379E-4
roadmap 2.6917900403768504E-4 5.1647859739235145 0.0013902519445285367
linguistic 2.6917900403768504E-4 1.79749014393704 4.8384660671252756E-4
low 2.6917900403768504E-4 0.6761496041913742 1.8200527703670903E-4
acknowledging 2.6917900403768504E-4 3.5553480614894135 9.570250501990345E-4
merely 2.6917900403768504E-4 2.5257286443082556 6.798731209443487E-4
architecture 2.6917900403768504E-4 1.79749014393704 4.8384660671252756E-4
means 0.0010767160161507402 0.6988778552689304 7.524929801011363E-4
explore 5.383580080753701E-4 1.2329603411991883 6.637740733239237E-4
suffers 2.6917900403768504E-4 2.6798793241355137 7.213672474119821E-4
shortcomings 2.6917900403768504E-4 3.0853444322436783 8.305099413845701E-4
more 0.0051144010767160165 0.05279818556697083 2.7003109711236763E-4
display 2.6917900403768504E-4 0.167573700159399 4.510732171181669E-5
csvdisplay 8.075370121130552E-4 0.2669461739726028 2.1556891572484748E-4
consistent 2.6917900403768504E-4 0.9306794693262548 2.5051937263156253E-4
meanings 2.6917900403768504E-4 2.2744142160273495 6.122245534393942E-4
prepositions 2.6917900403768504E-4 4.0661736852554045 0.0010945285828412932
organized 2.6917900403768504E-4 1.6990500711237875 4.5734860595525906E-4
choice 0.0013458950201884253 1.6682784124570338 0.0022453276076137736
certain 8.075370121130552E-4 0.8209805520698303 6.629721820213974E-4
small 5.383580080753701E-4 0.6214911916535102 3.345847599749718E-4
conceptually 2.6917900403768504E-4 3.373026504695459 9.079479151266376E-4
dice 2.6917900403768504E-4 4.471638793363569 0.0012036712768138812
replace 2.6917900403768504E-4 2.9675613965872945 7.988052211540496E-4
simple 0.0018842530282637954 1.157452788691043 0.0021809339221634727
section 0.0013458950201884253 0.7953381214564925 0.0010704416170343102
used 0.006191117092866756 0.07103577311675174 4.3979078914812653E-4
shows 8.075370121130552E-4 0.5596157879354227 4.5191046132066437E-4
shown 0.0010767160161507402 0.3364722366212129 3.622850461601215E-4
major 2.6917900403768504E-4 0.7104386776700063 1.9123517568506225E-4
answering 2.6917900403768504E-4 2.169053700369523 5.838637147697236E-4
threaten 2.6917900403768504E-4 4.471638793363569 0.0012036712768138812
presented 2.6917900403768504E-4 0.4373981552111735 1.1773839978766446E-4
few 8.075370121130552E-4 0.6988778552689304 5.643697350758523E-4
checked 5.383580080753701E-4 2.6798793241355137 0.0014427344948239641
consider 0.0016150740242261105 0.8080771472339223 0.0013051044100682461
group 2.6917900403768504E-4 0.6321864807702582 1.7017132725982722E-4
described 2.6917900403768504E-4 0.44628710262841953 1.201311178003821E-4
obtain 0.0013458950201884253 1.0872485300177945 0.0014633223822581353
otherwise 8.075370121130552E-4 2.0292917579943643 0.001638728202956418
manually 5.383580080753701E-4 1.4512139072192063 7.812726283818068E-4
analogously 2.6917900403768504E-4 4.471638793363569 0.0012036712768138812
pertaining 2.6917900403768504E-4 3.7784916128036232 0.0010170906090992255
particular 0.0016150740242261105 1.0704414117014134 0.0017288421184948803
produced 5.383580080753701E-4 1.3581234841531944 7.311566536490952E-4
both 0.003230148048452221 0.13434805253107854 4.339640996966198E-4
important 5.383580080753701E-4 0.2669461739726028 1.4371261048323164E-4
most 0.0021534320323014803 0.0771896386911299 1.6622264051925682E-4
vectors 0.0010767160161507402 1.79749014393704 0.0019353864268501103
ample 2.6917900403768504E-4 4.471638793363569 0.0012036712768138812
keep 2.6917900403768504E-4 1.906689435902032 5.132407633652845E-4
effect 2.6917900403768504E-4 0.758066726659261 2.040556464762479E-4
cosine 0.0010767160161507402 2.456735772821304 0.0026452067540471643
option 2.6917900403768504E-4 2.331572629867298 6.276103983492053E-4
substitution 0.0016150740242261105 3.373026504695459 0.0054476874907598265
relied 5.383580080753701E-4 2.5998366164619773 0.00139964286215988
crucial 2.6917900403768504E-4 1.4035858582299516 3.778158433997178E-4
part 2.6917900403768504E-4 0.5496654570822546 1.479584002913202E-4
determines 2.6917900403768504E-4 2.169053700369523 5.838637147697236E-4
their 0.0021534320323014803 0.12136085700426753 2.613423569405492E-4
point 2.6917900403768504E-4 0.7703368192510752 2.0735849777956262E-4
homogeneity 0.0010767160161507402 3.2188758248682006 0.0034658151546360164
generative 2.6917900403768504E-4 2.7668907011251433 7.447888832099981E-4
database 2.6917900403768504E-4 1.3581234841531944 3.655783268245476E-4
candidate 2.6917900403768504E-4 2.331572629867298 6.276103983492053E-4
introduction 2.6917900403768504E-4 0.10219094089654716 2.7507655692206503E-5
overcomes 2.6917900403768504E-4 3.0853444322436783 8.305099413845701E-4
applying 2.6917900403768504E-4 1.1758019273592397 3.1650119175215063E-4
process 8.075370121130552E-4 0.5013468798114469 4.048561613551388E-4
original 0.0013458950201884253 1.1944940603713923 0.001607663607498509
handful 2.6917900403768504E-4 4.0661736852554045 0.0010945285828412932
built 2.6917900403768504E-4 1.6094379124341003 4.3322689432950204E-4
assignment 2.6917900403768504E-4 2.9675613965872945 7.988052211540496E-4
clear 8.075370121130552E-4 1.0704414117014134 8.644210592474402E-4
also 0.0034993270524899056 0.05279818556697083 1.847581190768831E-4
approaches 0.0018842530282637954 0.9021060968821986 0.0016997961448655154
quantifies 2.6917900403768504E-4 4.0661736852554045 0.0010945285828412932
quantified 2.6917900403768504E-4 2.8622008809294686 7.704443824843791E-4
third 2.6917900403768504E-4 1.0059028905638423 2.707679382406036E-4
build 0.0010767160161507402 1.5271998141971284 0.0016443604998084827
various 2.6917900403768504E-4 0.5798184952529422 1.5607496507481617E-4
mean 0.0013458950201884253 0.6214911916535102 8.364618999374296E-4
interaction 2.6917900403768504E-4 1.4271163556401458 3.841497592571052E-4
attention 5.383580080753701E-4 1.157452788691043 6.231239777609922E-4
uses 0.0016150740242261105 1.1394342831883648 0.001840270713090226
determining 2.6917900403768504E-4 1.5538680612792897 4.182686571411277E-4
latter 5.383580080753701E-4 1.8325814637483102 9.865849064593863E-4
further 5.383580080753701E-4 0.27443684570176036 1.477452735944874E-4
frequencies 2.6917900403768504E-4 2.2203469947570738 5.976707926667762E-4
account 8.075370121130552E-4 1.0539121097502027 8.51073036137445E-4
simply 8.075370121130552E-4 1.4512139072192063 0.0011719089425727104
extent 0.0016150740242261105 1.3805963400052528 0.002229765286684123
equivalent 2.6917900403768504E-4 1.7635885922613586 4.747210207971355E-4
been 0.0010767160161507402 0.05279818556697083 5.684865202365634E-5
mostly 5.383580080753701E-4 1.1758019273592397 6.330023835043013E-4
clusterability 2.6917900403768504E-4 5.1647859739235145 0.0013902519445285367
bring 2.6917900403768504E-4 1.9867321435755685 5.347865796973266E-4
switches 2.6917900403768504E-4 3.7784916128036232 0.0010170906090992255
reflected 2.6917900403768504E-4 1.9459101490553132 5.237981558695325E-4
ambiguous 2.6917900403768504E-4 2.5998366164619773 6.9982143107994E-4
investigates 2.6917900403768504E-4 2.9675613965872945 7.988052211540496E-4
fit 2.6917900403768504E-4 1.9459101490553132 5.237981558695325E-4
evaluation 0.0018842530282637954 0.7953381214564925 0.0014986182638480343
depending 5.383580080753701E-4 1.2729656758128876 6.853112655789435E-4
retrieval 2.6917900403768504E-4 2.331572629867298 6.276103983492053E-4
disjoint 2.6917900403768504E-4 3.7784916128036232 0.0010170906090992255
conceivable 2.6917900403768504E-4 4.471638793363569 0.0012036712768138812
assumption 5.383580080753701E-4 1.9867321435755685 0.0010695731593946532
evaluated 5.383580080753701E-4 0.9600933545325481 5.168739459125427E-4
soft 0.0013458950201884253 2.5257286443082556 0.0033993656047217437
departing 2.6917900403768504E-4 5.1647859739235145 0.0013902519445285367
crowdsourcing 2.6917900403768504E-4 3.373026504695459 9.079479151266376E-4
devised 2.6917900403768504E-4 3.7784916128036232 0.0010170906090992255
easy 2.6917900403768504E-4 1.5538680612792897 4.182686571411277E-4
former 8.075370121130552E-4 2.073743520565198 0.0016746246464860281
kremer 2.6917900403768504E-4 5.1647859739235145 0.0013902519445285367
paraset 0.0010767160161507402 5.1647859739235145 0.005561007778114147
unsupervised 0.0010767160161507402 2.0292917579943643 0.002184970937275224
deals 2.6917900403768504E-4 2.8622008809294686 7.704443824843791E-4
evaluating 2.6917900403768504E-4 1.4512139072192063 3.906363141909034E-4
assigned 2.6917900403768504E-4 1.3805963400052528 3.716275477806871E-4
average 0.0010767160161507402 0.7459453661269161 8.031713228822784E-4
treatment 2.6917900403768504E-4 0.9452782687474074 2.544490629198943E-4
compare 5.383580080753701E-4 0.9306794693262548 5.010387452631251E-4
strong 2.6917900403768504E-4 1.2135422553420867 3.2666009565062896E-4
comes 5.383580080753701E-4 1.730798769438368 9.317893778941415E-4
viability 2.6917900403768504E-4 4.0661736852554045 0.0010945285828412932
how 0.0021534320323014803 0.5496654570822546 0.0011836672023305616
systems 5.383580080753701E-4 0.8743265327751228 4.707006905922599E-4
unlike 2.6917900403768504E-4 1.6682784124570338 4.490655215227547E-4
subsequent 5.383580080753701E-4 1.3581234841531944 7.311566536490952E-4
indicate 5.383580080753701E-4 1.0704414117014134 5.7628070616496E-4
rigid 2.6917900403768504E-4 3.373026504695459 9.079479151266376E-4
sidestep 2.6917900403768504E-4 5.1647859739235145 0.0013902519445285367
paired 0.0013458950201884253 2.331572629867298 0.0031380519917460267
compared 5.383580080753701E-4 0.2669461739726028 1.4371261048323164E-4
lsdp 8.075370121130552E-4 5.1647859739235145 0.004170755833585611
set 0.0021534320323014803 0.5596157879354227 0.0012050945635217714
contain 2.6917900403768504E-4 1.4035858582299516 3.778158433997178E-4
words 0.003230148048452221 0.9751312318970885 0.0031498182456971904
procedure 2.6917900403768504E-4 1.1394342831883648 3.067117855150376E-4
possible 2.6917900403768504E-4 0.38566248081198473 1.0381224247967287E-4
right 5.383580080753701E-4 1.4759065198095778 7.94566094110136E-4
sample 2.6917900403768504E-4 0.7221347174331975 1.943835040197032E-4
answer 5.383580080753701E-4 1.79749014393704 9.676932134250551E-4
series 2.6917900403768504E-4 1.1758019273592397 3.1650119175215063E-4
maximum 2.6917900403768504E-4 1.2329603411991883 3.318870366619618E-4
somewhat 2.6917900403768504E-4 2.5998366164619773 6.9982143107994E-4
validity 0.0010767160161507402 2.073743520565198 0.0022328328619813705
corresponds 0.0018842530282637954 1.7635885922613586 0.0033230471455799487
freely 2.6917900403768504E-4 2.6798793241355137 7.213672474119821E-4
represent 5.383580080753701E-4 0.8209805520698303 4.419814546809315E-4
encode 2.6917900403768504E-4 2.6798793241355137 7.213672474119821E-4
questions 5.383580080753701E-4 1.1944940603713923 6.430654429994036E-4
language 0.004037685060565276 0.6988778552689304 0.0028218486753792617
observe 0.0010767160161507402 1.9459101490553132 0.00209519262347813
hierarchical 5.383580080753701E-4 2.5257286443082556 0.0013597462418886974
which 0.009152086137281292 0.023122417420854212 2.116183559378313E-4
lemmatized 5.383580080753701E-4 3.5553480614894135 0.001914050100398069
typically 2.6917900403768504E-4 1.1394342831883648 3.067117855150376E-4
publicly 2.6917900403768504E-4 2.6798793241355137 7.213672474119821E-4
brown 2.6917900403768504E-4 3.5553480614894135 9.570250501990345E-4
regarding 2.6917900403768504E-4 0.758066726659261 2.040556464762479E-4
homogeneous 2.6917900403768504E-4 2.9675613965872945 7.988052211540496E-4
take 2.6917900403768504E-4 0.8743265327751228 2.3535034529612996E-4
propagation 2.6917900403768504E-4 3.7784916128036232 0.0010170906090992255
wordnet 0.004306864064602961 4.0661736852554045 0.017512457325460692
final 8.075370121130552E-4 0.6988778552689304 5.643697350758523E-4
relatively 8.075370121130552E-4 0.8209805520698303 6.629721820213974E-4
hinge 2.6917900403768504E-4 4.471638793363569 0.0012036712768138812
some 0.0016150740242261105 0.2160260835453457 3.488981160893874E-4
opted 5.383580080753701E-4 3.373026504695459 0.0018158958302532753
relates 5.383580080753701E-4 2.0292917579943643 0.001092485468637612
rather 8.075370121130552E-4 0.758066726659261 6.121669394287438E-4
additional 5.383580080753701E-4 0.5300569856938783 2.853604229845912E-4
for 0.026379542395693137 0.017291497110061043 4.5614178109986065E-4
training 2.6917900403768504E-4 1.0059028905638423 2.707679382406036E-4
related 2.6917900403768504E-4 0.27443684570176036 7.38726367972437E-5
extrinsic 2.6917900403768504E-4 4.0661736852554045 0.0010945285828412932
confirms 2.6917900403768504E-4 2.6798793241355137 7.213672474119821E-4
averaged 2.6917900403768504E-4 2.6798793241355137 7.213672474119821E-4
passed 2.6917900403768504E-4 2.7668907011251433 7.447888832099981E-4
featuring 2.6917900403768504E-4 3.7784916128036232 0.0010170906090992255
covers 2.6917900403768504E-4 2.392197251683733 6.439292736699145E-4
over 0.0016150740242261105 0.3364722366212129 5.434275692401824E-4
practical 0.0013458950201884253 1.5538680612792897 0.0020913432857056387
spelling 2.6917900403768504E-4 2.9675613965872945 7.988052211540496E-4
merged 2.6917900403768504E-4 2.8622008809294686 7.704443824843791E-4
kept 2.6917900403768504E-4 2.2203469947570738 5.976707926667762E-4
phrasal 2.6917900403768504E-4 4.471638793363569 0.0012036712768138812
although 2.6917900403768504E-4 0.4285875255290187 1.1536676326487716E-4
setup 8.075370121130552E-4 2.392197251683733 0.001931787821009744
avoid 2.6917900403768504E-4 1.252762968495368 3.37217488154877E-4
significantly 2.6917900403768504E-4 0.5900749954201312 1.5883579957473248E-4
subset 8.075370121130552E-4 1.6990500711237875 0.0013720458178657774
merges 2.6917900403768504E-4 3.7784916128036232 0.0010170906090992255
straightforward 2.6917900403768504E-4 2.2744142160273495 6.122245534393942E-4
very 5.383580080753701E-4 0.5596157879354227 3.0127364088044286E-4
select 5.383580080753701E-4 1.8325814637483102 9.865849064593863E-4
wsi 0.007806191117092867 5.1647859739235145 0.04031730639132757
hope 2.6917900403768504E-4 2.9675613965872945 7.988052211540496E-4
improved 2.6917900403768504E-4 0.8607208807193443 2.3168798942647218E-4
pertains 2.6917900403768504E-4 4.471638793363569 0.0012036712768138812
context 0.004037685060565276 0.9162907318741551 0.003699693399222699
revealed 2.6917900403768504E-4 1.3581234841531944 3.655783268245476E-4
model 0.006729475100942127 0.48265474679929443 0.0032480131009373784
majority 5.383580080753701E-4 0.9452782687474074 5.088981258397886E-4
whereas 5.383580080753701E-4 1.0872485300177945 5.853289529032541E-4
tasks 0.0010767160161507402 1.293584963015623 0.0013928236479306842
inspection 2.6917900403768504E-4 3.0853444322436783 8.305099413845701E-4
sentence 5.383580080753701E-4 1.6094379124341003 8.664537886590041E-4
large 5.383580080753701E-4 0.34450440831847723 1.8546670703551937E-4
issue 2.6917900403768504E-4 1.3805963400052528 3.716275477806871E-4
dependency 2.6917900403768504E-4 2.120263536200091 5.707304269717607E-4
lower 2.6917900403768504E-4 0.5300569856938783 1.426802114922956E-4
sense 0.01588156123822342 1.5271998141971284 0.02425431737217512
yielded 2.6917900403768504E-4 2.392197251683733 6.439292736699145E-4
resulting 2.6917900403768504E-4 1.0059028905638423 2.707679382406036E-4
altered 2.6917900403768504E-4 2.9675613965872945 7.988052211540496E-4
operate 2.6917900403768504E-4 2.7668907011251433 7.447888832099981E-4
validating 5.383580080753701E-4 2.9675613965872945 0.0015976104423080992
aggravated 2.6917900403768504E-4 4.471638793363569 0.0012036712768138812
attracted 8.075370121130552E-4 2.8622008809294686 0.0023113331474531374
contrast 2.6917900403768504E-4 1.5538680612792897 4.182686571411277E-4
gave 2.6917900403768504E-4 2.073743520565198 5.582082154953426E-4
exclusively 2.6917900403768504E-4 2.331572629867298 6.276103983492053E-4
lemmatization 2.6917900403768504E-4 3.2188758248682006 8.664537886590041E-4
evaluate 2.6917900403768504E-4 0.758066726659261 2.040556464762479E-4
encoded 8.075370121130552E-4 2.456735772821304 0.0019839050655353734
affinity 2.6917900403768504E-4 3.373026504695459 9.079479151266376E-4
sizable 2.6917900403768504E-4 4.0661736852554045 0.0010945285828412932
semantic 0.0013458950201884253 1.4512139072192063 0.001953181570954517
works 2.6917900403768504E-4 1.3805963400052528 3.716275477806871E-4
proportion 2.6917900403768504E-4 1.4759065198095778 3.97283047055068E-4
operates 2.6917900403768504E-4 3.373026504695459 9.079479151266376E-4
serves 5.383580080753701E-4 2.2203469947570738 0.0011953415853335524
focuses 2.6917900403768504E-4 1.5538680612792897 4.182686571411277E-4
eventually 2.6917900403768504E-4 2.073743520565198 5.582082154953426E-4
occurrence 2.6917900403768504E-4 2.120263536200091 5.707304269717607E-4
emerged 2.6917900403768504E-4 1.79749014393704 4.8384660671252756E-4
induction 0.0013458950201884253 2.7668907011251433 0.003723944416049991
entropy 5.383580080753701E-4 3.5553480614894135 0.001914050100398069
known 2.6917900403768504E-4 0.8607208807193443 2.3168798942647218E-4
composed 2.6917900403768504E-4 1.9459101490553132 5.237981558695325E-4
hopefully 2.6917900403768504E-4 4.0661736852554045 0.0010945285828412932
ability 2.6917900403768504E-4 0.8881198549074587 2.3906321801008307E-4
together 8.075370121130552E-4 1.1394342831883648 9.20135356545113E-4
table 0.003768506056527591 0.18805223150293962 7.086759733623566E-4
predicting 5.383580080753701E-4 2.169053700369523 0.0011677274295394471
implementations 2.6917900403768504E-4 2.9675613965872945 7.988052211540496E-4
jaccard 2.6917900403768504E-4 3.7784916128036232 0.0010170906090992255
side 2.6917900403768504E-4 1.79749014393704 4.8384660671252756E-4
may 0.0018842530282637954 0.15415067982725836 2.904588852734343E-4
could 0.0018842530282637954 0.22314355131420976 4.2045891230133736E-4
positive 5.383580080753701E-4 0.6988778552689304 3.7624649005056816E-4
corrected 2.6917900403768504E-4 2.5257286443082556 6.798731209443487E-4
generally 5.383580080753701E-4 0.9021060968821986 4.856560413901472E-4
traditionally 2.6917900403768504E-4 2.8622008809294686 7.704443824843791E-4
machine 5.383580080753701E-4 1.0872485300177945 5.853289529032541E-4
report 2.6917900403768504E-4 1.0059028905638423 2.707679382406036E-4
complete 5.383580080753701E-4 0.9600933545325481 5.168739459125427E-4
comparable 2.6917900403768504E-4 1.5812670354674039 4.256438857247386E-4
coinco 2.6917900403768504E-4 5.1647859739235145 0.0013902519445285367
instance 0.0029609690444145358 2.2203469947570738 0.006574378719334539
use 0.003230148048452221 0.20895891632225325 6.749682357650173E-4
practically 2.6917900403768504E-4 3.373026504695459 9.079479151266376E-4
eliminating 2.6917900403768504E-4 2.6798793241355137 7.213672474119821E-4
several 2.6917900403768504E-4 0.3526016185510966 9.491295250365992E-5
annotations 0.0021534320323014803 2.8622008809294686 0.006163555059875033
main 2.6917900403768504E-4 0.6004377824556778 1.6162524426801555E-4
while 0.004037685060565276 0.20895891632225325 8.437102947062716E-4
second 2.6917900403768504E-4 0.4643056081310978 1.249813211658406E-4
that 0.015343203230148048 0.017291497110061043 2.6530695431318423E-4
high 0.0016150740242261105 0.2521310881874621 4.072103712314328E-4
download 8.075370121130552E-4 0.2595111954850846 2.095648954119122E-4
partitionability 2.6917900403768504E-4 5.1647859739235145 0.0013902519445285367
than 0.0010767160161507402 0.058840500022933395 6.335450877301038E-5
testbed 2.6917900403768504E-4 5.1647859739235145 0.0013902519445285367
different 0.0021534320323014803 0.18805223150293962 4.049576990642037E-4
directly 5.383580080753701E-4 0.7703368192510752 4.1471699555912524E-4
calculated 5.383580080753701E-4 0.9021060968821986 4.856560413901472E-4
selected 5.383580080753701E-4 0.758066726659261 4.081112929524958E-4
alter 2.6917900403768504E-4 2.8622008809294686 7.704443824843791E-4
semantically 5.383580080753701E-4 2.456735772821304 0.0013226033770235822
ideal 2.6917900403768504E-4 2.2203469947570738 5.976707926667762E-4
difficult 2.6917900403768504E-4 0.7703368192510752 2.0735849777956262E-4
preserve 5.383580080753701E-4 3.2188758248682006 0.0017329075773180082
fill 2.6917900403768504E-4 2.7668907011251433 7.447888832099981E-4
steps 2.6917900403768504E-4 1.3146383722134554 3.538730477021414E-4
labelled 0.0013458950201884253 2.120263536200091 0.0028536521348588037
chosen 2.6917900403768504E-4 1.252762968495368 3.37217488154877E-4
relevant 2.6917900403768504E-4 0.7703368192510752 2.0735849777956262E-4
feed 2.6917900403768504E-4 2.5998366164619773 6.9982143107994E-4
expand 2.6917900403768504E-4 2.169053700369523 5.838637147697236E-4
task 0.0024226110363391655 1.2329603411991883 0.0029869833299576566
dubbed 2.6917900403768504E-4 3.7784916128036232 0.0010170906090992255
directions 2.6917900403768504E-4 2.0292917579943643 5.46242734318806E-4
belongs 2.6917900403768504E-4 2.5257286443082556 6.798731209443487E-4
nonetheless 2.6917900403768504E-4 3.7784916128036232 0.0010170906090992255
comprised 2.6917900403768504E-4 2.331572629867298 6.276103983492053E-4
present 2.6917900403768504E-4 0.38566248081198473 1.0381224247967287E-4
jeopardize 2.6917900403768504E-4 4.471638793363569 0.0012036712768138812
errors 2.6917900403768504E-4 1.6990500711237875 4.5734860595525906E-4
since 0.0016150740242261105 0.377294231141468 6.09358112206947E-4
sentiment 2.6917900403768504E-4 1.906689435902032 5.132407633652845E-4
belong 5.383580080753701E-4 2.2203469947570738 0.0011953415853335524
scores 2.6917900403768504E-4 1.6094379124341003 4.3322689432950204E-4
best 8.075370121130552E-4 0.6988778552689304 5.643697350758523E-4
appears 2.6917900403768504E-4 1.4271163556401458 3.841497592571052E-4
investigate 8.075370121130552E-4 0.9600933545325481 7.753109188688141E-4
total 2.6917900403768504E-4 0.5108256237659907 1.375035326422586E-4
considerable 5.383580080753701E-4 1.7635885922613586 9.49442041594271E-4
magnitude 2.6917900403768504E-4 2.073743520565198 5.582082154953426E-4
nouns 5.383580080753701E-4 2.7668907011251433 0.0014895777664199962
viable 2.6917900403768504E-4 2.7668907011251433 7.447888832099981E-4
algorithmic 2.6917900403768504E-4 2.5998366164619773 6.9982143107994E-4
make 5.383580080753701E-4 0.664976303593249 3.579953182197841E-4
included 5.383580080753701E-4 0.41985384556026406 2.2603167997860784E-4
highly 2.6917900403768504E-4 0.9162907318741551 2.4664622661484657E-4
determine 5.383580080753701E-4 0.7221347174331975 3.887670080394064E-4
relying 2.6917900403768504E-4 2.5257286443082556 6.798731209443487E-4
bert 0.0010767160161507402 2.392197251683733 0.002575717094679658
due 2.6917900403768504E-4 0.20895891632225325 5.62473529804181E-5
evident 5.383580080753701E-4 2.2203469947570738 0.0011953415853335524
contingency 2.6917900403768504E-4 4.0661736852554045 0.0010945285828412932
clustering 0.004037685060565276 2.2744142160273495 0.009183368301590913
closest 2.6917900403768504E-4 2.8622008809294686 7.704443824843791E-4
readily 2.6917900403768504E-4 2.5257286443082556 6.798731209443487E-4
empirical 5.383580080753701E-4 1.8325814637483102 9.865849064593863E-4
about 8.075370121130552E-4 0.377294231141468 3.046790561034735E-4
ontonotes 0.0024226110363391655 3.7784916128036232 0.00915381548189303
parsing 2.6917900403768504E-4 2.6798793241355137 7.213672474119821E-4
observed 8.075370121130552E-4 0.6988778552689304 5.643697350758523E-4
contribution 2.6917900403768504E-4 1.5538680612792897 4.182686571411277E-4
parajaccard 2.6917900403768504E-4 5.1647859739235145 0.0013902519445285367
meaning 0.011574697173620458 1.121734706088964 0.012983739532119907
clever 2.6917900403768504E-4 4.0661736852554045 0.0010945285828412932
raises 2.6917900403768504E-4 2.8622008809294686 7.704443824843791E-4
above 0.0010767160161507402 0.9021060968821986 9.713120827802944E-4
recent 0.0016150740242261105 0.5596157879354227 9.038209226413287E-4
negligible 2.6917900403768504E-4 3.5553480614894135 9.570250501990345E-4
they 0.0026917900403768506 0.167573700159399 4.5107321711816695E-4
pinpoint 2.6917900403768504E-4 4.0661736852554045 0.0010945285828412932
based 0.0018842530282637954 0.18805223150293962 3.543379866811783E-4
unrealistic 2.6917900403768504E-4 4.0661736852554045 0.0010945285828412932
received 2.6917900403768504E-4 0.9452782687474074 2.544490629198943E-4
them 0.0010767160161507402 0.5696661237889241 6.133686393420448E-4
then 0.0026917900403768506 0.4285875255290187 0.0011536676326487716
substantial 8.075370121130552E-4 1.5812670354674039 0.001276931657174216
benefit 2.6917900403768504E-4 1.293584963015623 3.4820591198267105E-4
something 2.6917900403768504E-4 2.169053700369523 5.838637147697236E-4
quality 8.075370121130552E-4 0.8080771472339223 6.525522050341231E-4
deduced 2.6917900403768504E-4 4.0661736852554045 0.0010945285828412932
secondary 2.6917900403768504E-4 1.4271163556401458 3.841497592571052E-4
adopt 0.0010767160161507402 2.331572629867298 0.0025104415933968212
processing 5.383580080753701E-4 0.7221347174331975 3.887670080394064E-4
obtained 0.0016150740242261105 0.6004377824556778 9.697514656080935E-4
starting 5.383580080753701E-4 1.3146383722134554 7.077460954042828E-4
switching 2.6917900403768504E-4 3.373026504695459 9.079479151266376E-4
shared 5.383580080753701E-4 1.730798769438368 9.317893778941415E-4
paragap 2.6917900403768504E-4 5.1647859739235145 0.0013902519445285367
fact 2.6917900403768504E-4 0.990398704027877 2.665945367504379E-4
prominent 2.6917900403768504E-4 2.2744142160273495 6.122245534393942E-4
experiments 5.383580080753701E-4 1.5812670354674039 8.512877714494772E-4
fundamental 5.383580080753701E-4 1.9459101490553132 0.001047596311739065
believe 2.6917900403768504E-4 1.5538680612792897 4.182686571411277E-4
annotator 2.6917900403768504E-4 3.0853444322436783 8.305099413845701E-4
seen 2.6917900403768504E-4 0.8472978603872037 2.2807479418228898E-4
into 0.0021534320323014803 0.10854016857520597 2.3373387580125107E-4
current 5.383580080753701E-4 0.4919571394616079 2.648490656590083E-4
key 2.6917900403768504E-4 1.0216512475319812 2.750070652845171E-4
apart 2.6917900403768504E-4 2.169053700369523 5.838637147697236E-4
expression 0.0013458950201884253 1.6682784124570338 0.0022453276076137736
though 2.6917900403768504E-4 1.1043429633770947 2.9726593899787203E-4
one 0.0024226110363391655 0.06491954609931569 1.572748088543314E-4
heuristic 5.383580080753701E-4 3.0853444322436783 0.0016610198827691402
denotes 5.383580080753701E-4 2.073743520565198 0.0011164164309906853
many 0.0018842530282637954 0.20194134366360675 3.805085883298108E-4
single 2.6917900403768504E-4 0.6429973968744738 1.7308139888949495E-4
pretrained 0.0010767160161507402 3.373026504695459 0.0036317916605065506
multilabel 2.6917900403768504E-4 4.471638793363569 0.0012036712768138812
extensive 2.6917900403768504E-4 1.5271998141971284 4.1109012495212067E-4
showed 5.383580080753701E-4 0.5398131606392429 2.906127378946126E-4
associated 2.6917900403768504E-4 0.4373981552111735 1.1773839978766446E-4
ranking 2.6917900403768504E-4 2.8622008809294686 7.704443824843791E-4
experts 2.6917900403768504E-4 2.2203469947570738 5.976707926667762E-4
justifying 2.6917900403768504E-4 4.471638793363569 0.0012036712768138812
but 0.0029609690444145358 0.083381608939051 2.4689036294200836E-4
separate 2.6917900403768504E-4 1.3146383722134554 3.538730477021414E-4
conditional 5.383580080753701E-4 2.120263536200091 0.0011414608539435213
available 8.075370121130552E-4 0.5696661237889241 4.6002647950653364E-4
contexts 0.0016150740242261105 2.0292917579943643 0.003277456405912836
pairs 0.0013458950201884253 2.120263536200091 0.0028536521348588037
capturing 5.383580080753701E-4 2.392197251683733 0.001287858547339829
distinctions 2.6917900403768504E-4 3.7784916128036232 0.0010170906090992255
satisfactory 8.075370121130552E-4 2.7668907011251433 0.002234366649629995
dynamic 5.383580080753701E-4 1.7635885922613586 9.49442041594271E-4
generate 8.075370121130552E-4 1.3361445774344192 0.0010789861998124516
five 0.0010767160161507402 0.9021060968821986 9.713120827802944E-4
ensure 2.6917900403768504E-4 1.4035858582299516 3.778158433997178E-4
solutions 2.6917900403768504E-4 1.4271163556401458 3.841497592571052E-4
this 0.009959623149394347 0.017291497110061043 1.722167949050494E-4
degree 5.383580080753701E-4 1.2729656758128876 6.853112655789435E-4
iterative 2.6917900403768504E-4 2.169053700369523 5.838637147697236E-4
bears 2.6917900403768504E-4 4.0661736852554045 0.0010945285828412932
deficiencies 2.6917900403768504E-4 3.373026504695459 9.079479151266376E-4
sections 2.6917900403768504E-4 1.6094379124341003 4.3322689432950204E-4
paracosinebin 5.383580080753701E-4 5.1647859739235145 0.0027805038890570733
especially 2.6917900403768504E-4 0.7104386776700063 1.9123517568506225E-4
obscure 2.6917900403768504E-4 4.471638793363569 0.0012036712768138812
coefficient 0.0010767160161507402 1.9867321435755685 0.0021391463187893063
geometric 5.383580080753701E-4 2.9675613965872945 0.0015976104423080992
higher 2.6917900403768504E-4 0.41985384556026406 1.1301583998930392E-4
allow 2.6917900403768504E-4 1.252762968495368 3.37217488154877E-4
doing 2.6917900403768504E-4 2.0292917579943643 5.46242734318806E-4
idea 2.6917900403768504E-4 1.3805963400052528 3.716275477806871E-4
learning 2.6917900403768504E-4 0.9306794693262548 2.5051937263156253E-4
inventory 0.0026917900403768506 3.2188758248682006 0.008664537886590043
graphs 2.6917900403768504E-4 2.7668907011251433 7.447888832099981E-4
similarity 0.006191117092866756 1.6094379124341003 0.009964218569578548
gap 0.0034993270524899056 1.8689491079191851 0.0065400641730684805
missing 2.6917900403768504E-4 1.6384254493073527 4.4102973063454983E-4
virtue 2.6917900403768504E-4 3.7784916128036232 0.0010170906090992255
prototypical 2.6917900403768504E-4 4.0661736852554045 0.0010945285828412932
every 5.383580080753701E-4 1.0539121097502027 5.673820240916299E-4
clusters 0.0029609690444145358 2.5257286443082556 0.007478604330387837
lieu 2.6917900403768504E-4 5.1647859739235145 0.0013902519445285367
summary 2.6917900403768504E-4 1.4271163556401458 3.841497592571052E-4
types 2.6917900403768504E-4 0.7459453661269161 2.007928307205696E-4
cases 8.075370121130552E-4 0.6004377824556778 4.8487573280404673E-4
answered 2.6917900403768504E-4 3.2188758248682006 8.664537886590041E-4
entail 2.6917900403768504E-4 3.7784916128036232 0.0010170906090992255
recently 2.6917900403768504E-4 1.5271998141971284 4.1109012495212067E-4
again 5.383580080753701E-4 1.79749014393704 9.676932134250551E-4
argue 5.383580080753701E-4 1.9867321435755685 0.0010695731593946532
calculating 2.6917900403768504E-4 2.169053700369523 5.838637147697236E-4
indeed 5.383580080753701E-4 2.2744142160273495 0.0012244491068787884
yields 2.6917900403768504E-4 2.392197251683733 6.439292736699145E-4
ones 5.383580080753701E-4 2.120263536200091 0.0011414608539435213
relational 5.383580080753701E-4 2.7668907011251433 0.0014895777664199962
agglomerative 5.383580080753701E-4 4.471638793363569 0.0024073425536277624
step 8.075370121130552E-4 1.0872485300177945 8.779934293548813E-4
tested 2.6917900403768504E-4 1.3581234841531944 3.655783268245476E-4
paraexact 2.6917900403768504E-4 5.1647859739235145 0.0013902519445285367
none 2.6917900403768504E-4 1.6384254493073527 4.4102973063454983E-4
annotated 0.0021534320323014803 1.9459101490553132 0.00419038524695626
relation 2.6917900403768504E-4 1.3361445774344192 3.596620666041505E-4
shrinking 2.6917900403768504E-4 5.1647859739235145 0.0013902519445285367
problem 5.383580080753701E-4 0.9162907318741551 4.932924532296931E-4
review 2.6917900403768504E-4 0.5696661237889241 1.533421598355112E-4
between 0.009421265141318977 0.058840500022933395 5.543519517638408E-4
surrounding 2.6917900403768504E-4 2.120263536200091 5.707304269717607E-4
competing 2.6917900403768504E-4 3.2188758248682006 8.664537886590041E-4
still 5.383580080753701E-4 0.5300569856938783 2.853604229845912E-4
goal 2.6917900403768504E-4 1.4759065198095778 3.97283047055068E-4
natural 0.0013458950201884253 0.6429973968744738 8.654069944474748E-4
method 5.383580080753701E-4 0.4734380916943703 2.548791879915856E-4
work 0.0024226110363391655 0.5696661237889241 0.0013800794385196008
constitute 2.6917900403768504E-4 2.5998366164619773 6.9982143107994E-4
benchmark 2.6917900403768504E-4 2.6798793241355137 7.213672474119821E-4
samples 2.6917900403768504E-4 1.6682784124570338 4.490655215227547E-4
itself 2.6917900403768504E-4 1.7635885922613586 4.747210207971355E-4
examples 2.6917900403768504E-4 1.1394342831883648 3.067117855150376E-4
following 0.0010767160161507402 0.2160260835453457 2.3259874405959157E-4
exact 2.6917900403768504E-4 1.5271998141971284 4.1109012495212067E-4
word 0.017765814266487216 1.1394342831883648 0.020242977843992486
conceived 2.6917900403768504E-4 3.5553480614894135 9.570250501990345E-4
distribution 5.383580080753701E-4 0.9751312318970885 5.249697076161983E-4
our 0.007537012113055182 0.19497267434751336 0.0014695114082719715
tools 2.6917900403768504E-4 1.252762968495368 3.37217488154877E-4
substitute 0.0024226110363391655 3.2188758248682006 0.007798084097931038
out 0.0010767160161507402 0.368995428326773 3.9730328756583903E-4
weak 2.6917900403768504E-4 2.456735772821304 6.613016885117911E-4
across 0.0018842530282637954 0.7703368192510752 0.0014515094844569385
recall 2.6917900403768504E-4 1.8689491079191851 5.030818594668062E-4
steer 2.6917900403768504E-4 3.7784916128036232 0.0010170906090992255
demonstrated 5.383580080753701E-4 0.8607208807193443 4.6337597885294437E-4
sensible 2.6917900403768504E-4 3.7784916128036232 0.0010170906090992255
regular 2.6917900403768504E-4 1.9459101490553132 5.237981558695325E-4
established 5.383580080753701E-4 1.4271163556401458 7.682995185142104E-4
simplest 2.6917900403768504E-4 3.5553480614894135 9.570250501990345E-4
yielding 2.6917900403768504E-4 3.373026504695459 9.079479151266376E-4
observation 5.383580080753701E-4 1.5538680612792897 8.365373142822554E-4
downstream 2.6917900403768504E-4 2.5998366164619773 6.9982143107994E-4
fraction 2.6917900403768504E-4 2.331572629867298 6.276103983492053E-4
expect 2.6917900403768504E-4 2.2203469947570738 5.976707926667762E-4
additionally 5.383580080753701E-4 2.6798793241355137 0.0014427344948239641
ended 2.6917900403768504E-4 2.7668907011251433 7.447888832099981E-4
exists 2.6917900403768504E-4 2.073743520565198 5.582082154953426E-4
first 0.0016150740242261105 0.167573700159399 2.706439302709002E-4
addresses 5.383580080753701E-4 2.5998366164619773 0.00139964286215988
data 5.383580080753701E-4 0.167573700159399 9.021464342363338E-5
perfect 2.6917900403768504E-4 2.9675613965872945 7.988052211540496E-4
sound 2.6917900403768504E-4 2.8622008809294686 7.704443824843791E-4
fewer 5.383580080753701E-4 1.6384254493073527 8.820594612690997E-4
ballpark 2.6917900403768504E-4 5.1647859739235145 0.0013902519445285367
translate 5.383580080753701E-4 3.0853444322436783 0.0016610198827691402
nuanced 5.383580080753701E-4 3.373026504695459 0.0018158958302532753
reference 5.383580080753701E-4 1.4759065198095778 7.94566094110136E-4
realistic 2.6917900403768504E-4 2.392197251683733 6.439292736699145E-4
only 0.003230148048452221 0.10854016857520597 3.5060081370187667E-4
should 5.383580080753701E-4 0.368995428326773 1.9865164378291952E-4
from 0.006729475100942127 0.023122417420854212 1.5560173230722888E-4
avoiding 2.6917900403768504E-4 2.2744142160273495 6.122245534393942E-4
individual 8.075370121130552E-4 0.7221347174331975 5.831505120591097E-4
resource 2.6917900403768504E-4 1.5812670354674039 4.256438857247386E-4
insights 2.6917900403768504E-4 1.6990500711237875 4.5734860595525906E-4
comparing 0.0016150740242261105 1.0539121097502027 0.00170214607227489
capture 2.6917900403768504E-4 1.293584963015623 3.4820591198267105E-4
published 0.0010767160161507402 0.03488725900044054 3.756367052537339E-5
revision 8.075370121130552E-4 2.7668907011251433 0.002234366649629995
sequence 2.6917900403768504E-4 1.4271163556401458 3.841497592571052E-4
addressed 8.075370121130552E-4 1.4271163556401458 0.0011524492777713158
proposed 0.0010767160161507402 0.7459453661269161 8.031713228822784E-4
favours 2.6917900403768504E-4 4.0661736852554045 0.0010945285828412932
covered 2.6917900403768504E-4 1.79749014393704 4.8384660671252756E-4
operationalization 2.6917900403768504E-4 5.1647859739235145 0.0013902519445285367
replacement 5.383580080753701E-4 2.456735772821304 0.0013226033770235822
seems 5.383580080753701E-4 1.4271163556401458 7.682995185142104E-4
potentially 2.6917900403768504E-4 1.1394342831883648 3.067117855150376E-4
here 2.6917900403768504E-4 1.3361445774344192 3.596620666041505E-4
revising 2.6917900403768504E-4 4.471638793363569 0.0012036712768138812
note 2.6917900403768504E-4 1.0872485300177945 2.9266447645162705E-4
solving 2.6917900403768504E-4 1.8325814637483102 4.932924532296931E-4
covering 2.6917900403768504E-4 2.2203469947570738 5.976707926667762E-4
instances 0.006191117092866756 1.9459101490553132 0.012047357584999247
line 8.075370121130552E-4 1.0059028905638423 8.123038147218107E-4
according 2.6917900403768504E-4 0.4919571394616079 1.3242453282950414E-4
link 2.6917900403768504E-4 1.6384254493073527 4.4102973063454983E-4
partitioned 2.6917900403768504E-4 3.5553480614894135 9.570250501990345E-4
network 2.6917900403768504E-4 1.0704414117014134 2.8814035308248E-4
can 0.0029609690444145358 0.0958817717032825 2.839029579370411E-4
computing 5.383580080753701E-4 1.9867321435755685 0.0010695731593946532
validated 2.6917900403768504E-4 1.9867321435755685 5.347865796973266E-4
paper 2.6917900403768504E-4 0.9306794693262548 2.5051937263156253E-4
observations 2.6917900403768504E-4 2.0292917579943643 5.46242734318806E-4
studies 5.383580080753701E-4 0.24480504809538922 1.317927580594289E-4
hyperparameters 2.6917900403768504E-4 3.5553480614894135 9.570250501990345E-4
multiword 8.075370121130552E-4 4.471638793363569 0.003611013830441644
value 5.383580080753701E-4 0.6214911916535102 3.345847599749718E-4
nota 2.6917900403768504E-4 5.1647859739235145 0.0013902519445285367
considers 5.383580080753701E-4 2.0292917579943643 0.001092485468637612
carried 5.383580080753701E-4 1.121734706088964 6.038948619590653E-4
costs 2.6917900403768504E-4 1.9459101490553132 5.237981558695325E-4
encompassing 2.6917900403768504E-4 4.471638793363569 0.0012036712768138812
aims 2.6917900403768504E-4 1.4271163556401458 3.841497592571052E-4
opaque 2.6917900403768504E-4 4.0661736852554045 0.0010945285828412932
will 0.0010767160161507402 0.3526016185510966 3.796518100146397E-4
verified 2.6917900403768504E-4 2.2744142160273495 6.122245534393942E-4
match 5.383580080753701E-4 2.2744142160273495 0.0012244491068787884
allowing 5.383580080753701E-4 1.5538680612792897 8.365373142822554E-4
instead 8.075370121130552E-4 1.0376515888784226 8.379420636972458E-4
follow 2.6917900403768504E-4 1.4512139072192063 3.906363141909034E-4
efficacy 2.6917900403768504E-4 1.9867321435755685 5.347865796973266E-4
performance 0.0051144010767160165 0.7703368192510752 0.00393981145781169
currently 2.6917900403768504E-4 1.4035858582299516 3.778158433997178E-4
arguably 5.383580080753701E-4 2.9675613965872945 0.0015976104423080992
revised 8.075370121130552E-4 2.7668907011251433 0.002234366649629995
vindicating 2.6917900403768504E-4 5.1647859739235145 0.0013902519445285367
