functions 6.169031462060457E-4 1.3805963400052528 8.51694225789792E-4
citationagrawal 2.0563438206868187E-4 5.1647859739235145 0.0010620575722647572
allowed 2.0563438206868187E-4 1.4512139072192063 2.9841947506049893E-4
objects 2.0563438206868187E-4 2.169053700369523 4.4603201734927476E-4
accuracy 2.0563438206868187E-4 1.0539121097502027 2.1672056544318376E-4
citationluo 4.1126876413736374E-4 5.1647859739235145 0.0021241151445295144
substrings 2.0563438206868187E-4 5.1647859739235145 0.0010620575722647572
mohamad 0.0014394406744807733 5.1647859739235145 0.007434403005853301
building 8.225375282747275E-4 1.4759065198095778 0.0012139885007687251
via 2.0563438206868187E-4 0.9021060968821986 1.8550402979276138E-4
these 0.008431009664815957 0.03488725900044054 2.9413481781165166E-4
introduced 0.001850709438618137 1.0059028905638423 0.0018616339738997698
nondeterministic 2.0563438206868187E-4 5.1647859739235145 0.0010620575722647572
contributions 2.0563438206868187E-4 2.120263536200091 4.35999082089264E-4
because 6.169031462060457E-4 0.34450440831847723 2.125258533735208E-4
calculate 2.0563438206868187E-4 1.6682784124570338 3.430554004641237E-4
dfas 2.0563438206868187E-4 5.1647859739235145 0.0010620575722647572
utilise 2.0563438206868187E-4 3.5553480614894135 7.311018016634615E-4
assigning 8.225375282747275E-4 2.5257286443082556 0.0020775065961819907
summarises 4.1126876413736374E-4 3.373026504695459 0.0013872204419886733
successfully 2.0563438206868187E-4 1.5538680612792897 3.1952869859742743E-4
solid 4.1126876413736374E-4 2.2744142160273495 9.353955237620191E-4
scaffolding 2.0563438206868187E-4 4.0661736852554045 8.3614511315143E-4
require 6.169031462060457E-4 1.121734706088964 6.920016693947958E-4
analysis 0.001850709438618137 0.15415067982725836 2.852881181257095E-4
contains 6.169031462060457E-4 1.2135422553420867 7.486380353745137E-4
selection 8.225375282747275E-4 1.1043429633770947 9.083635314637834E-4
size 0.0012338062924120913 0.127833371509885 1.5772161814914867E-4
correlation 2.0563438206868187E-4 1.3805963400052528 2.83898075263264E-4
stop 2.0563438206868187E-4 2.2203469947570738 4.565796822449257E-4
left 4.1126876413736374E-4 1.2729656758128876 5.235310202808503E-4
happening 2.0563438206868187E-4 3.373026504695459 6.936102209943366E-4
detail 2.0563438206868187E-4 1.6990500711237875 3.4938311147929003E-4
accessible 2.0563438206868187E-4 2.331572629867298 4.794514969910133E-4
statistical 6.169031462060457E-4 0.653926467406664 4.0340929513057625E-4
role 2.0563438206868187E-4 0.6761496041913742 1.3903960604387706E-4
achieve 6.169031462060457E-4 1.0376515888784226 6.401305298448011E-4
least 2.0563438206868187E-4 0.653926467406664 1.344697650435254E-4
turn 6.169031462060457E-4 1.730798769438368 0.0010677352063160814
immediately 2.0563438206868187E-4 1.9459101490553132 4.0014603106216596E-4
manual 4.1126876413736374E-4 1.4512139072192063 5.968389501209979E-4
matrix 8.225375282747275E-4 1.5012243277938677 0.0012348133479694573
weekly 2.0563438206868187E-4 3.2188758248682006 6.61911541202591E-4
posted 2.0563438206868187E-4 3.0853444322436783 6.344528957934769E-4
same 0.0012338062924120913 0.2972515234679317 3.667508000838146E-4
after 0.0012338062924120913 0.12136085700426753 1.4973578902438932E-4
resolved 2.0563438206868187E-4 2.456735772821304 5.051893425501345E-4
sets 6.169031462060457E-4 1.3146383722134554 8.110045479416751E-4
learn 2.0563438206868187E-4 1.4512139072192063 2.9841947506049893E-4
probabilistic 0.0026732469668928646 2.5257286443082556 0.006751896437591471
kernel 4.1126876413736374E-4 2.9675613965872945 0.0012204653080762058
representing 4.1126876413736374E-4 1.3361445774344192 5.495145290702937E-4
citationallan 2.0563438206868187E-4 5.1647859739235145 0.0010620575722647572
abbreviation 2.0563438206868187E-4 3.5553480614894135 7.311018016634615E-4
practised 2.0563438206868187E-4 5.1647859739235145 0.0010620575722647572
the 0.09150730002056344 0.017291497110061043 0.0015822982138550615
licenses 2.0563438206868187E-4 4.471638793363569 9.195226801076637E-4
timeline 2.0563438206868187E-4 4.0661736852554045 8.3614511315143E-4
information 0.0024676125848241827 0.3049735695618419 7.525566182895544E-4
adopted 4.1126876413736374E-4 1.5538680612792897 6.390573971948549E-4
register 2.0563438206868187E-4 3.373026504695459 6.936102209943366E-4
standard 2.0563438206868187E-4 0.7827593392496325 1.609622330350879E-4
couple 2.0563438206868187E-4 3.0853444322436783 6.344528957934769E-4
organised 2.0563438206868187E-4 3.0853444322436783 6.344528957934769E-4
communicate 2.0563438206868187E-4 2.5998366164619773 5.346157961056914E-4
notes 2.0563438206868187E-4 2.331572629867298 4.794514969910133E-4
generates 0.0010281719103434094 2.2203469947570738 0.0022828984112246284
achieves 2.0563438206868187E-4 2.5257286443082556 5.193766490454977E-4
good 6.169031462060457E-4 0.8080771472339223 4.985053345058127E-4
predefined 4.1126876413736374E-4 2.2203469947570738 9.131593644898514E-4
empty 2.0563438206868187E-4 3.0853444322436783 6.344528957934769E-4
assessment 2.0563438206868187E-4 1.3146383722134554 2.703348493138917E-4
belonging 2.0563438206868187E-4 2.120263536200091 4.35999082089264E-4
amounts 2.0563438206868187E-4 1.9459101490553132 4.0014603106216596E-4
post 6.169031462060457E-4 1.9867321435755685 0.0012256213100404493
generated 0.002056343820686819 1.1758019273592397 0.0024178530276768246
incorporated 4.1126876413736374E-4 2.7668907011251433 0.0011379357191549015
repeating 2.0563438206868187E-4 4.471638793363569 9.195226801076637E-4
assigns 2.0563438206868187E-4 2.6798793241355137 5.510753288372432E-4
chaining 2.0563438206868187E-4 5.1647859739235145 0.0010620575722647572
ith 2.0563438206868187E-4 2.9675613965872945 6.102326540381029E-4
weighted 2.0563438206868187E-4 1.9459101490553132 4.0014603106216596E-4
others 4.1126876413736374E-4 1.1758019273592397 4.8357060553536486E-4
predicted 2.0563438206868187E-4 1.5271998141971284 3.1404479008783227E-4
ontology 0.001850709438618137 2.9675613965872945 0.005492093886342926
contributed 2.0563438206868187E-4 1.5812670354674039 3.251628697239161E-4
add 2.0563438206868187E-4 1.7635885922613586 3.62654450393041E-4
analysed 2.0563438206868187E-4 1.8325814637483102 3.768417568884043E-4
educational 0.0010281719103434094 2.5257286443082556 0.002596883245227489
need 8.225375282747275E-4 0.5013468798114469 4.1237662332835437E-4
finite 2.0563438206868187E-4 2.331572629867298 4.794514969910133E-4
its 0.0022619782027555007 0.19497267434751336 4.410239395070218E-4
informative 2.0563438206868187E-4 2.9675613965872945 6.102326540381029E-4
users 4.1126876413736374E-4 1.4759065198095778 6.069942503843626E-4
contributes 2.0563438206868187E-4 1.906689435902032 3.92080903948598E-4
lack 6.169031462060457E-4 0.6988778552689304 4.3113994772913663E-4
volume 0.002056343820686819 1.4512139072192063 0.002984194750604989
materials 2.0563438206868187E-4 1.4512139072192063 2.9841947506049893E-4
sparse 4.1126876413736374E-4 3.0853444322436783 0.0012689057915869538
success 6.169031462060457E-4 1.6384254493073527 0.00101074981450176
useful 2.0563438206868187E-4 0.9162907318741551 1.8842087844420216E-4
breakdown 2.0563438206868187E-4 2.8622008809294686 5.885669095063681E-4
decomposition 2.0563438206868187E-4 3.2188758248682006 6.61911541202591E-4
polysemy 2.0563438206868187E-4 3.5553480614894135 7.311018016634615E-4
citationaggarwal 2.0563438206868187E-4 5.1647859739235145 0.0010620575722647572
representation 4.1126876413736374E-4 1.2729656758128876 5.235310202808503E-4
expanded 2.0563438206868187E-4 2.2744142160273495 4.6769776188100955E-4
previously 2.0563438206868187E-4 0.8340526336371831 1.7150989793073885E-4
mixture 2.0563438206868187E-4 2.5998366164619773 5.346157961056914E-4
divides 2.0563438206868187E-4 3.5553480614894135 7.311018016634615E-4
motivate 2.0563438206868187E-4 3.5553480614894135 7.311018016634615E-4
root 2.0563438206868187E-4 2.2744142160273495 4.6769776188100955E-4
responsible 2.0563438206868187E-4 1.6682784124570338 3.430554004641237E-4
scope 2.0563438206868187E-4 1.9459101490553132 4.0014603106216596E-4
marginal 6.169031462060457E-4 3.373026504695459 0.00208083066298301
projection 4.1126876413736374E-4 2.456735772821304 0.001010378685100269
selecting 2.0563438206868187E-4 2.120263536200091 4.35999082089264E-4
enhancing 4.1126876413736374E-4 2.331572629867298 9.589029939820267E-4
effectiveness 4.1126876413736374E-4 1.5271998141971284 6.280895801756645E-4
identify 4.1126876413736374E-4 0.6214911916535102 2.555999143135966E-4
victory 2.0563438206868187E-4 5.1647859739235145 0.0010620575722647572
banerjee 2.0563438206868187E-4 3.7784916128036232 7.769877879505703E-4
multiple 8.225375282747275E-4 0.5108256237659907 4.201732459518739E-4
rich 2.0563438206868187E-4 1.9867321435755685 4.0854043668014976E-4
evolution 2.0563438206868187E-4 2.120263536200091 4.35999082089264E-4
label 2.0563438206868187E-4 2.120263536200091 4.35999082089264E-4
message 2.0563438206868187E-4 2.8622008809294686 5.885669095063681E-4
better 0.0012338062924120913 0.4285875255290187 5.287939858470311E-4
forum 6.169031462060457E-4 3.2188758248682006 0.0019857346236077733
with 0.008019740900678593 0.017291497110061043 1.3867332660752224E-4
supervised 4.1126876413736374E-4 1.9867321435755685 8.170808733602995E-4
environment 2.0563438206868187E-4 1.4035858582299516 2.886255106374566E-4
centroid 0.0012338062924120913 3.5553480614894135 0.004386610809980769
arises 2.0563438206868187E-4 2.6798793241355137 5.510753288372432E-4
there 6.169031462060457E-4 0.12136085700426753 7.486789451219466E-5
automate 6.169031462060457E-4 3.5553480614894135 0.0021933054049903845
achieved 6.169031462060457E-4 1.121734706088964 6.920016693947958E-4
detected 4.1126876413736374E-4 1.5271998141971284 6.280895801756645E-4
suitable 8.225375282747275E-4 1.121734706088964 9.226688925263943E-4
automata 2.0563438206868187E-4 4.471638793363569 9.195226801076637E-4
referred 4.1126876413736374E-4 1.4035858582299516 5.772510212749132E-4
citationwitten 2.0563438206868187E-4 5.1647859739235145 0.0010620575722647572
education 0.0014394406744807733 1.730798769438368 0.0024913821480708567
called 0.001645075056549455 1.2729656758128876 0.002094124081123401
manitoba 2.0563438206868187E-4 5.1647859739235145 0.0010620575722647572
considered 6.169031462060457E-4 0.32059888746492277 1.9777846234726883E-4
focus 2.0563438206868187E-4 0.6874491594453075 1.4136318310617056E-4
accessed 2.0563438206868187E-4 2.8622008809294686 5.885669095063681E-4
changing 2.0563438206868187E-4 1.6682784124570338 3.430554004641237E-4
approach 0.0012338062924120913 0.5398131606392429 6.66024874323557E-4
variation 2.0563438206868187E-4 1.4035858582299516 2.886255106374566E-4
number 0.00329015011309891 0.167573700159399 5.513426285318495E-4
pairwise 2.0563438206868187E-4 2.6798793241355137 5.510753288372432E-4
property 2.0563438206868187E-4 2.2203469947570738 4.565796822449257E-4
judge 2.0563438206868187E-4 3.373026504695459 6.936102209943366E-4
order 6.169031462060457E-4 0.6214911916535102 3.8339987147039496E-4
algorithm 0.005346493933785729 1.0059028905638423 0.005378053702377113
similar 8.225375282747275E-4 0.20895891632225325 1.718765505426718E-4
cormier 2.0563438206868187E-4 5.1647859739235145 0.0010620575722647572
shape 2.0563438206868187E-4 2.120263536200091 4.35999082089264E-4
volumes 0.0012338062924120913 2.456735772821304 0.003031136055300807
understand 2.0563438206868187E-4 1.121734706088964 2.3066722313159859E-4
outlier 2.0563438206868187E-4 4.0661736852554045 8.3614511315143E-4
distributed 2.0563438206868187E-4 1.6094379124341003 3.309557706012955E-4
underlying 2.0563438206868187E-4 1.293584963015623 2.6600554452305635E-4
thousands 4.1126876413736374E-4 2.6798793241355137 0.0011021506576744864
journals 2.0563438206868187E-4 2.6798793241355137 5.510753288372432E-4
system 0.003907053259304956 0.44628710262841953 0.0017436674789101318
illustrated 4.1126876413736374E-4 1.8325814637483102 7.536835137768086E-4
even 2.0563438206868187E-4 0.377294231141468 7.75846660788542E-5
binary 2.0563438206868187E-4 1.6990500711237875 3.4938311147929003E-4
schultz 2.0563438206868187E-4 5.1647859739235145 0.0010620575722647572
presenting 2.0563438206868187E-4 1.4759065198095778 3.034971251921813E-4
assumed 6.169031462060457E-4 1.6094379124341003 9.928673118038867E-4
authors 0.0022619782027555007 0.023122417420854212 5.230240420098629E-5
algorithms 0.005757762697923093 1.1758019273592397 0.006769988477495109
other 0.00329015011309891 0.0408219945202552 1.3431048988774073E-4
aim 8.225375282747275E-4 1.0376515888784226 8.535073731264014E-4
against 2.0563438206868187E-4 0.9600933545325481 1.9742820368754842E-4
optimise 2.0563438206868187E-4 3.5553480614894135 7.311018016634615E-4
politecnico 2.0563438206868187E-4 5.1647859739235145 0.0010620575722647572
barreiro 2.0563438206868187E-4 5.1647859739235145 0.0010620575722647572
valid 2.0563438206868187E-4 1.79749014393704 3.696257750230393E-4
citationgaber 2.0563438206868187E-4 5.1647859739235145 0.0010620575722647572
top 2.0563438206868187E-4 1.5538680612792897 3.1952869859742743E-4
native 2.0563438206868187E-4 2.7668907011251433 5.689678595774508E-4
acquiring 2.0563438206868187E-4 3.373026504695459 6.936102209943366E-4
peer 2.0563438206868187E-4 3.373026504695459 6.936102209943366E-4
have 0.003907053259304956 0.028987536873252187 1.1325585041986254E-4
share 4.1126876413736374E-4 1.4035858582299516 5.772510212749132E-4
robust 4.1126876413736374E-4 1.6682784124570338 6.861108009282474E-4
clustered 4.1126876413736374E-4 2.7668907011251433 0.0011379357191549015
noisy 2.0563438206868187E-4 3.2188758248682006 6.61911541202591E-4
opportunities 2.0563438206868187E-4 1.8325814637483102 3.768417568884043E-4
produce 2.0563438206868187E-4 1.157452788691043 2.3801208897615526E-4
contreras 2.0563438206868187E-4 5.1647859739235145 0.0010620575722647572
proportionally 2.0563438206868187E-4 3.373026504695459 6.936102209943366E-4
citationdhillon 4.1126876413736374E-4 5.1647859739235145 0.0021241151445295144
framework 2.0563438206868187E-4 1.4271163556401458 2.9346418993217064E-4
names 2.0563438206868187E-4 1.8689491079191851 3.8432019492477587E-4
removed 4.1126876413736374E-4 1.79749014393704 7.392515500460786E-4
learners 0.002056343820686819 3.373026504695459 0.006936102209943366
future 6.169031462060457E-4 0.48265474679929443 2.9775123183176707E-4
polynomial 2.0563438206868187E-4 2.9675613965872945 6.102326540381029E-4
stored 6.169031462060457E-4 1.9867321435755685 0.0012256213100404493
udacity 2.0563438206868187E-4 5.1647859739235145 0.0010620575722647572
entity 4.1126876413736374E-4 2.331572629867298 9.589029939820267E-4
coursera 4.1126876413736374E-4 5.1647859739235145 0.0021241151445295144
col 2.0563438206868187E-4 5.1647859739235145 0.0010620575722647572
citationlandauer 2.0563438206868187E-4 5.1647859739235145 0.0010620575722647572
almost 2.0563438206868187E-4 1.1043429633770947 2.2709088286594585E-4
equally 2.0563438206868187E-4 2.073743520565198 4.2643296742035734E-4
findings 4.1126876413736374E-4 0.7459453661269161 3.067840288410101E-4
flora 2.0563438206868187E-4 4.471638793363569 9.195226801076637E-4
pedagogy 2.0563438206868187E-4 4.471638793363569 9.195226801076637E-4
bryan 2.0563438206868187E-4 5.1647859739235145 0.0010620575722647572
points 0.0010281719103434094 0.9751312318970885 0.0010026025415351516
platforms 2.0563438206868187E-4 2.0292917579943643 4.172921566922402E-4
earlier 2.0563438206868187E-4 1.5012243277938677 3.087033369923643E-4
whether 4.1126876413736374E-4 0.5300569856938783 2.179958814286976E-4
function 0.002056343820686819 0.6321864807702582 0.001299992763253667
implemented 2.0563438206868187E-4 1.293584963015623 2.6600554452305635E-4
modified 2.0563438206868187E-4 1.8325814637483102 3.768417568884043E-4
bipartitioning 2.0563438206868187E-4 5.1647859739235145 0.0010620575722647572
courseware 2.0563438206868187E-4 5.1647859739235145 0.0010620575722647572
all 0.006169031462060457 0.017291497110061043 1.0667178969809404E-4
new 0.003701418877236274 0.38566248081198473 0.0014274983867192525
settings 2.0563438206868187E-4 2.0292917579943643 4.172921566922402E-4
constructing 2.0563438206868187E-4 2.456735772821304 5.051893425501345E-4
below 2.0563438206868187E-4 1.4035858582299516 2.886255106374566E-4
guaranteed 2.0563438206868187E-4 3.0853444322436783 6.344528957934769E-4
positions 2.0563438206868187E-4 2.120263536200091 4.35999082089264E-4
less 8.225375282747275E-4 0.368995428326773 3.0351258756057824E-4
real 4.1126876413736374E-4 1.3361445774344192 5.495145290702937E-4
maintaining 2.0563438206868187E-4 1.906689435902032 3.92080903948598E-4
pedagogical 2.0563438206868187E-4 3.373026504695459 6.936102209943366E-4
institutions 0.0014394406744807733 2.392197251683733 0.0034434260254546847
hybrid 4.1126876413736374E-4 2.073743520565198 8.528659348407147E-4
improve 6.169031462060457E-4 0.7104386776700063 4.3827185544108966E-4
were 0.0024676125848241827 0.0958817717032825 2.3659906651025912E-4
october 0.0014394406744807733 2.0292917579943643 0.002921045096845682
basic 2.0563438206868187E-4 1.1944940603713923 2.4562904798918205E-4
leverage 2.0563438206868187E-4 2.5998366164619773 5.346157961056914E-4
university 6.169031462060457E-4 1.121734706088964 6.920016693947958E-4
safwan 0.0014394406744807733 5.1647859739235145 0.007434403005853301
citationmurtagh 2.0563438206868187E-4 5.1647859739235145 0.0010620575722647572
technique 4.1126876413736374E-4 1.1758019273592397 4.8357060553536486E-4
discriminative 0.0010281719103434094 3.7784916128036232 0.003884938939752851
around 4.1126876413736374E-4 1.0216512475319812 4.201732459518738E-4
favour 2.0563438206868187E-4 3.5553480614894135 7.311018016634615E-4
represents 8.225375282747275E-4 0.9751312318970885 8.020820332281213E-4
prerequisites 2.0563438206868187E-4 3.373026504695459 6.936102209943366E-4
effective 6.169031462060457E-4 0.8472978603872037 5.227007158465168E-4
teaches 2.0563438206868187E-4 4.0661736852554045 8.3614511315143E-4
normalisation 2.0563438206868187E-4 3.5553480614894135 7.311018016634615E-4
times 4.1126876413736374E-4 0.9600933545325481 3.9485640737509683E-4
and 0.04688463911165947 0.017291497110061043 8.107056017055147E-4
extra 2.0563438206868187E-4 2.073743520565198 4.2643296742035734E-4
row 2.0563438206868187E-4 2.8622008809294686 5.885669095063681E-4
fractionation 2.0563438206868187E-4 5.1647859739235145 0.0010620575722647572
comments 4.1126876413736374E-4 2.5257286443082556 0.0010387532980909954
rates 2.0563438206868187E-4 1.2329603411991883 2.5353903787768623E-4
aforementioned 6.169031462060457E-4 2.0292917579943643 0.001251876470076721
lda 0.0012338062924120913 2.5998366164619773 0.0032076947766341486
automatic 6.169031462060457E-4 1.5812670354674039 9.754886091717483E-4
distinguished 2.0563438206868187E-4 3.2188758248682006 6.61911541202591E-4
despite 2.0563438206868187E-4 0.7221347174331975 1.4849572638971775E-4
any 0.0012338062924120913 0.2669461739726028 3.293598691827302E-4
followed 2.0563438206868187E-4 0.758066726659261 1.558845829034055E-4
cocea 0.0014394406744807733 5.1647859739235145 0.007434403005853301
engage 2.0563438206868187E-4 2.073743520565198 4.2643296742035734E-4
stable 2.0563438206868187E-4 1.8689491079191851 3.8432019492477587E-4
quantitative 4.1126876413736374E-4 1.5538680612792897 6.390573971948549E-4
partitioning 4.1126876413736374E-4 4.0661736852554045 0.00167229022630286
objectives 2.0563438206868187E-4 2.456735772821304 5.051893425501345E-4
until 6.169031462060457E-4 1.0376515888784226 6.401305298448011E-4
forms 2.0563438206868187E-4 1.4512139072192063 2.9841947506049893E-4
cluster 0.005552128315854411 2.2203469947570738 0.012327651420612994
maintain 2.0563438206868187E-4 1.79749014393704 3.696257750230393E-4
moocs 0.008842278428953321 5.1647859739235145 0.04566847560738456
led 2.0563438206868187E-4 1.3581234841531944 2.792768834368074E-4
identification 2.0563438206868187E-4 1.3146383722134554 2.703348493138917E-4
discriminates 2.0563438206868187E-4 4.471638793363569 9.195226801076637E-4
english 2.0563438206868187E-4 1.4512139072192063 2.9841947506049893E-4
leveraging 2.0563438206868187E-4 3.7784916128036232 7.769877879505703E-4
represented 0.0014394406744807733 0.8881198549074587 0.0012783958429677588
smoothing 4.1126876413736374E-4 3.7784916128036232 0.0015539755759011406
state 4.1126876413736374E-4 1.0376515888784226 4.267536865632007E-4
defined 0.0012338062924120913 0.5300569856938783 6.539876442860929E-4
events 4.1126876413736374E-4 1.4759065198095778 6.069942503843626E-4
interchange 2.0563438206868187E-4 4.471638793363569 9.195226801076637E-4
element 2.0563438206868187E-4 1.8325814637483102 3.768417568884043E-4
drift 4.1126876413736374E-4 3.7784916128036232 0.0015539755759011406
eliminated 4.1126876413736374E-4 3.2188758248682006 0.001323823082405182
models 8.225375282747275E-4 0.7953381214564925 6.541954525654883E-4
using 0.005963397079991775 0.083381608939051 4.972376432721529E-4
inefficiency 2.0563438206868187E-4 3.5553480614894135 7.311018016634615E-4
merging 2.0563438206868187E-4 3.2188758248682006 6.61911541202591E-4
containing 2.0563438206868187E-4 1.4759065198095778 3.034971251921813E-4
exchanges 6.169031462060457E-4 4.0661736852554045 0.0025084353394542905
refine 2.0563438206868187E-4 3.373026504695459 6.936102209943366E-4
each 0.0045239564055110015 0.13434805253107854 6.077847328159013E-4
labels 2.0563438206868187E-4 1.8689491079191851 3.8432019492477587E-4
dictionary 2.0563438206868187E-4 2.2203469947570738 4.565796822449257E-4
offering 4.1126876413736374E-4 2.392197251683733 9.83836007272767E-4
must 4.1126876413736374E-4 1.0376515888784226 4.267536865632007E-4
sophisticated 4.1126876413736374E-4 2.073743520565198 8.528659348407147E-4
increased 2.0563438206868187E-4 0.4919571394616079 1.0116330237746408E-4
cut 4.1126876413736374E-4 2.456735772821304 0.001010378685100269
another 8.225375282747275E-4 0.40261203912575794 3.311635115161488E-4
document 0.009047912811022003 1.4035858582299516 0.012699522468048093
automatically 2.0563438206868187E-4 1.4759065198095778 3.034971251921813E-4
deterministic 4.1126876413736374E-4 2.8622008809294686 0.0011771338190127362
students 0.003701418877236274 2.120263536200091 0.007847983477606752
availability 2.0563438206868187E-4 1.6384254493073527 3.369166048339199E-4
two 0.0026732469668928646 0.11492996667397702 3.0723618481630707E-4
increases 2.0563438206868187E-4 1.1394342831883648 2.3430686473131088E-4
fertile 2.0563438206868187E-4 4.0661736852554045 8.3614511315143E-4
incompatible 2.0563438206868187E-4 4.0661736852554045 8.3614511315143E-4
found 0.001645075056549455 0.27443684570176036 4.514692094620775E-4
desired 6.169031462060457E-4 1.79749014393704 0.001108877325069118
are 0.01747892247583796 0.028987536873252187 5.066709097730692E-4
does 6.169031462060457E-4 0.5696661237889241 3.5142882405238995E-4
taken 2.0563438206868187E-4 0.990398704027877 2.0366002550439583E-4
structured 0.0010281719103434094 1.3805963400052528 0.00141949037631632
where 0.003907053259304956 0.32850406697203605 0.001283482885558027
expectations 2.0563438206868187E-4 2.120263536200091 4.35999082089264E-4
attribute 2.0563438206868187E-4 2.6798793241355137 5.510753288372432E-4
takes 2.0563438206868187E-4 1.3805963400052528 2.83898075263264E-4
popular 2.0563438206868187E-4 1.252762968495368 2.576111389050726E-4
gives 4.1126876413736374E-4 1.3146383722134554 5.406696986277834E-4
detection 0.003701418877236274 1.5271998141971284 0.005652806221580981
participate 2.0563438206868187E-4 2.169053700369523 4.4603201734927476E-4
grading 2.0563438206868187E-4 4.471638793363569 9.195226801076637E-4
occurred 2.0563438206868187E-4 1.3581234841531944 2.792768834368074E-4
weightings 2.0563438206868187E-4 4.471638793363569 9.195226801076637E-4
replaces 2.0563438206868187E-4 3.7784916128036232 7.769877879505703E-4
structures 2.0563438206868187E-4 1.6682784124570338 3.430554004641237E-4
replaced 2.0563438206868187E-4 2.331572629867298 4.794514969910133E-4
services 2.0563438206868187E-4 1.6682784124570338 3.430554004641237E-4
describes 4.1126876413736374E-4 1.5012243277938677 6.174066739847286E-4
such 0.00329015011309891 0.10219094089654716 3.362235357484587E-4
similarities 8.225375282747275E-4 2.120263536200091 0.001743996328357056
automated 2.0563438206868187E-4 1.5538680612792897 3.1952869859742743E-4
nlp 8.225375282747275E-4 0.41119578281714936 3.3822396283540967E-4
speech 2.0563438206868187E-4 2.120263536200091 4.35999082089264E-4
extensively 2.0563438206868187E-4 2.456735772821304 5.051893425501345E-4
theories 2.0563438206868187E-4 2.8622008809294686 5.885669095063681E-4
describe 6.169031462060457E-4 1.0216512475319812 6.302598689278108E-4
through 2.0563438206868187E-4 0.2595111954850846 5.3364424323480276E-5
documents 0.01192679415998355 1.6682784124570338 0.01989721322691918
organisation 2.0563438206868187E-4 2.9675613965872945 6.102326540381029E-4
challenging 2.0563438206868187E-4 1.5538680612792897 3.1952869859742743E-4
repeated 2.0563438206868187E-4 1.79749014393704 3.696257750230393E-4
research 0.0014394406744807733 0.41119578281714936 5.91891934961967E-4
participant 2.0563438206868187E-4 2.7668907011251433 5.689678595774508E-4
instructors 4.1126876413736374E-4 4.0661736852554045 0.00167229022630286
features 0.0012338062924120913 0.8340526336371831 0.0010290593875844332
rus 2.0563438206868187E-4 5.1647859739235145 0.0010620575722647572
view 2.0563438206868187E-4 1.4035858582299516 2.886255106374566E-4
has 0.0026732469668928646 0.05279818556697083 1.411425894243514E-4
starts 0.0010281719103434094 2.2203469947570738 0.0022828984112246284
results 0.0012338062924120913 0.08961215868968714 1.1056404526796686E-4
estimates 2.0563438206868187E-4 2.2203469947570738 4.565796822449257E-4
given 0.002056343820686819 0.3526016185510966 7.250701594717184E-4
courses 0.0012338062924120913 3.2188758248682006 0.003971469247215547
correctness 2.0563438206868187E-4 3.2188758248682006 6.61911541202591E-4
last 2.0563438206868187E-4 0.7703368192510752 1.5840773581144872E-4
weight 4.1126876413736374E-4 1.3361445774344192 5.495145290702937E-4
significant 6.169031462060457E-4 0.377294231141468 2.3275399823656262E-4
develop 2.0563438206868187E-4 1.157452788691043 2.3801208897615526E-4
expressions 2.0563438206868187E-4 1.8689491079191851 3.8432019492477587E-4
unbridled 2.0563438206868187E-4 5.1647859739235145 0.0010620575722647572
iterations 4.1126876413736374E-4 2.6798793241355137 0.0011021506576744864
measure 2.0563438206868187E-4 1.0216512475319812 2.100866229759369E-4
overlap 2.0563438206868187E-4 2.456735772821304 5.051893425501345E-4
proximity 2.0563438206868187E-4 2.9675613965872945 6.102326540381029E-4
leads 4.1126876413736374E-4 1.1758019273592397 4.8357060553536486E-4
fixed 2.0563438206868187E-4 1.6682784124570338 3.430554004641237E-4
fields 2.0563438206868187E-4 1.4759065198095778 3.034971251921813E-4
assume 2.0563438206868187E-4 1.730798769438368 3.5591173543869376E-4
correlated 2.0563438206868187E-4 1.9867321435755685 4.0854043668014976E-4
full 8.225375282747275E-4 0.14750613710858965 1.2132933342265239E-4
next 6.169031462060457E-4 0.8080771472339223 4.985053345058127E-4
memory 2.0563438206868187E-4 2.073743520565198 4.2643296742035734E-4
hidden 4.1126876413736374E-4 1.730798769438368 7.118234708773875E-4
distance 0.0010281719103434094 1.4271163556401458 0.0014673209496608532
mooc 0.003701418877236274 4.471638793363569 0.01655140824193795
attract 2.0563438206868187E-4 3.5553480614894135 7.311018016634615E-4
concept 0.0010281719103434094 1.3581234841531944 0.001396384417184037
nearly 2.0563438206868187E-4 2.120263536200091 4.35999082089264E-4
aspects 4.1126876413736374E-4 1.0872485300177945 4.471513592505838E-4
show 6.169031462060457E-4 0.6321864807702582 3.8999782897610006E-4
description 2.0563438206868187E-4 1.4512139072192063 2.9841947506049893E-4
effort 2.0563438206868187E-4 1.8689491079191851 3.8432019492477587E-4
overviewed 2.0563438206868187E-4 5.1647859739235145 0.0010620575722647572
nor 2.0563438206868187E-4 1.6094379124341003 3.309557706012955E-4
not 0.004935225169648365 0.03488725900044054 1.721764787190156E-4
arrive 2.0563438206868187E-4 3.5553480614894135 7.311018016634615E-4
ends 2.0563438206868187E-4 2.5998366164619773 5.346157961056914E-4
factor 2.0563438206868187E-4 0.7703368192510752 1.5840773581144872E-4
early 2.0563438206868187E-4 0.8340526336371831 1.7150989793073885E-4
enhance 0.001645075056549455 1.6990500711237875 0.0027950648918343203
news 2.0563438206868187E-4 2.0292917579943643 4.172921566922402E-4
overview 0.0012338062924120913 1.4271163556401458 0.001760785139593024
evaluations 2.0563438206868187E-4 2.6798793241355137 5.510753288372432E-4
effectively 2.0563438206868187E-4 1.6384254493073527 3.369166048339199E-4
introduce 2.0563438206868187E-4 1.7635885922613586 3.62654450393041E-4
was 0.0026732469668928646 0.058840500022933395 1.5729518821676623E-4
start 4.1126876413736374E-4 1.5271998141971284 6.280895801756645E-4
detects 2.0563438206868187E-4 3.373026504695459 6.936102209943366E-4
pair 2.0563438206868187E-4 1.9867321435755685 4.0854043668014976E-4
manage 0.0010281719103434094 2.0292917579943643 0.0020864607834612013
citationaslam 2.0563438206868187E-4 5.1647859739235145 0.0010620575722647572
what 4.1126876413736374E-4 0.8209805520698303 3.376436570305697E-4
refer 2.0563438206868187E-4 1.6682784124570338 3.430554004641237E-4
dirichlet 4.1126876413736374E-4 2.456735772821304 0.001010378685100269
attempted 2.0563438206868187E-4 1.906689435902032 3.92080903948598E-4
time 6.169031462060457E-4 0.20194134366360675 1.245782502551553E-4
measured 2.0563438206868187E-4 1.0704414117014134 2.2011955823594763E-4
dimensionality 4.1126876413736374E-4 2.8622008809294686 0.0011771338190127362
categorised 2.0563438206868187E-4 3.5553480614894135 7.311018016634615E-4
criteria 2.0563438206868187E-4 1.121734706088964 2.3066722313159859E-4
interactive 8.225375282747275E-4 3.0853444322436783 0.0025378115831739077
experimental 8.225375282747275E-4 1.4512139072192063 0.0011936779002419957
when 0.002056343820686819 0.14750613710858965 3.03323333556631E-4
three 6.169031462060457E-4 0.22314355131420976 1.376579588613262E-4
identified 2.0563438206868187E-4 0.6321864807702582 1.2999927632536667E-4
far 2.0563438206868187E-4 1.3361445774344192 2.7475726453514687E-4
participating 2.0563438206868187E-4 2.331572629867298 4.794514969910133E-4
controversial 2.0563438206868187E-4 3.373026504695459 6.936102209943366E-4
case 2.0563438206868187E-4 0.38566248081198473 7.930546592884736E-5
hardware 2.0563438206868187E-4 2.9675613965872945 6.102326540381029E-4
promising 2.0563438206868187E-4 1.8325814637483102 3.768417568884043E-4
give 0.0012338062924120913 1.157452788691043 0.0014280725338569316
images 2.0563438206868187E-4 1.8689491079191851 3.8432019492477587E-4
item 4.1126876413736374E-4 2.7668907011251433 0.0011379357191549015
identifies 2.0563438206868187E-4 2.0292917579943643 4.172921566922402E-4
imooc 0.0014394406744807733 5.1647859739235145 0.007434403005853301
probability 0.0010281719103434094 1.4271163556401458 0.0014673209496608532
dates 2.0563438206868187E-4 2.7668907011251433 5.689678595774508E-4
extraction 2.0563438206868187E-4 1.3361445774344192 2.7475726453514687E-4
theoretic 2.0563438206868187E-4 5.1647859739235145 0.0010620575722647572
grouping 4.1126876413736374E-4 2.9675613965872945 0.0012204653080762058
dynamically 2.0563438206868187E-4 2.9675613965872945 6.102326540381029E-4
creative 2.0563438206868187E-4 3.2188758248682006 6.61911541202591E-4
bootstrapping 2.0563438206868187E-4 3.7784916128036232 7.769877879505703E-4
provide 0.0014394406744807733 0.44628710262841953 6.424038080195223E-4
latent 0.002056343820686819 2.0292917579943643 0.004172921566922403
mellon 2.0563438206868187E-4 4.0661736852554045 8.3614511315143E-4
style 2.0563438206868187E-4 2.9675613965872945 6.102326540381029E-4
requires 4.1126876413736374E-4 0.8881198549074587 3.6525595513364534E-4
study 4.1126876413736374E-4 0.15415067982725836 6.3397359583491E-5
methods 0.0030845157310302285 0.20194134366360675 6.228912512757765E-4
formulate 2.0563438206868187E-4 2.456735772821304 5.051893425501345E-4
pattern 2.0563438206868187E-4 1.6682784124570338 3.430554004641237E-4
direct 2.0563438206868187E-4 0.990398704027877 2.0366002550439583E-4
teaching 2.0563438206868187E-4 2.392197251683733 4.919180036363834E-4
commons 2.0563438206868187E-4 5.1647859739235145 0.0010620575722647572
smart 2.0563438206868187E-4 2.5998366164619773 5.346157961056914E-4
unknown 2.0563438206868187E-4 1.79749014393704 3.696257750230393E-4
receiving 2.0563438206868187E-4 1.6990500711237875 3.4938311147929003E-4
computer 2.0563438206868187E-4 1.5538680612792897 3.1952869859742743E-4
web 0.0010281719103434094 1.6384254493073527 0.0016845830241695996
computes 2.0563438206868187E-4 3.7784916128036232 7.769877879505703E-4
theme 2.0563438206868187E-4 2.392197251683733 4.919180036363834E-4
consult 2.0563438206868187E-4 3.5553480614894135 7.311018016634615E-4
categories 2.0563438206868187E-4 1.0216512475319812 2.100866229759369E-4
architecture 6.169031462060457E-4 1.79749014393704 0.001108877325069118
yin 2.0563438206868187E-4 5.1647859739235145 0.0010620575722647572
enables 2.0563438206868187E-4 1.6990500711237875 3.4938311147929003E-4
means 2.0563438206868187E-4 0.6988778552689304 1.437133159097122E-4
indexing 8.225375282747275E-4 4.0661736852554045 0.00334458045260572
suffers 2.0563438206868187E-4 2.6798793241355137 5.510753288372432E-4
initial 0.0014394406744807733 0.6988778552689304 0.0010059932113679853
efficient 8.225375282747275E-4 1.3581234841531944 0.0011171075337472296
more 0.00329015011309891 0.05279818556697083 1.737139562145863E-4
analysing 2.0563438206868187E-4 2.2203469947570738 4.565796822449257E-4
display 8.225375282747275E-4 0.167573700159399 1.3783565713296238E-4
csvdisplay 6.169031462060457E-4 0.2669461739726028 1.646799345913651E-4
centre 2.0563438206868187E-4 2.2203469947570738 4.565796822449257E-4
great 2.0563438206868187E-4 1.3361445774344192 2.7475726453514687E-4
performed 2.0563438206868187E-4 0.4643056081310978 9.547719681906184E-5
staggering 2.0563438206868187E-4 4.471638793363569 9.195226801076637E-4
conceptual 2.0563438206868187E-4 2.120263536200091 4.35999082089264E-4
randomly 2.0563438206868187E-4 1.6384254493073527 3.369166048339199E-4
levels 2.0563438206868187E-4 0.9452782687474074 1.9438171267682652E-4
small 4.1126876413736374E-4 0.6214911916535102 2.555999143135966E-4
outlines 2.0563438206868187E-4 3.7784916128036232 7.769877879505703E-4
before 4.1126876413736374E-4 0.5203950747821414 2.1402223926882228E-4
section 0.001645075056549455 0.7953381214564925 0.0013083909051309767
simple 2.0563438206868187E-4 1.157452788691043 2.3801208897615526E-4
used 0.005757762697923093 0.07103577311675174 4.0900712466976125E-4
experience 2.0563438206868187E-4 1.2135422553420867 2.495460117915045E-4
citationschleimer 2.0563438206868187E-4 5.1647859739235145 0.0010620575722647572
his 2.0563438206868187E-4 1.6384254493073527 3.369166048339199E-4
shows 6.169031462060457E-4 0.5596157879354227 3.452287402439375E-4
major 2.0563438206868187E-4 0.7104386776700063 1.460906184803632E-4
presented 4.1126876413736374E-4 0.4373981552111735 1.7988819872966213E-4
jordan 2.0563438206868187E-4 3.7784916128036232 7.769877879505703E-4
citationparapar 2.0563438206868187E-4 5.1647859739235145 0.0010620575722647572
few 2.0563438206868187E-4 0.6988778552689304 1.437133159097122E-4
consider 2.0563438206868187E-4 0.8080771472339223 1.6616844483527087E-4
potential 2.0563438206868187E-4 0.44628710262841953 9.177197257421746E-5
group 2.0563438206868187E-4 0.6321864807702582 1.2999927632536667E-4
described 2.0563438206868187E-4 0.44628710262841953 9.177197257421746E-5
obtain 4.1126876413736374E-4 1.0872485300177945 4.471513592505838E-4
manually 2.0563438206868187E-4 1.4512139072192063 2.9841947506049893E-4
created 4.1126876413736374E-4 1.0704414117014134 4.4023911647189526E-4
kind 2.0563438206868187E-4 1.6990500711237875 3.4938311147929003E-4
both 6.169031462060457E-4 0.13434805253107854 8.287973629307744E-5
most 0.0012338062924120913 0.0771896386911299 9.523706192613189E-5
important 2.0563438206868187E-4 0.2669461739726028 5.489331153045502E-5
formal 2.0563438206868187E-4 2.2203469947570738 4.565796822449257E-4
transfer 2.0563438206868187E-4 1.906689435902032 3.92080903948598E-4
instructor 2.0563438206868187E-4 4.471638793363569 9.195226801076637E-4
outside 2.0563438206868187E-4 1.4035858582299516 2.886255106374566E-4
daily 2.0563438206868187E-4 1.6384254493073527 3.369166048339199E-4
cosine 8.225375282747275E-4 2.456735772821304 0.002020757370200538
creates 8.225375282747275E-4 2.456735772821304 0.002020757370200538
topic 0.007814106518609911 1.2729656758128876 0.009947089385336156
managing 4.1126876413736374E-4 2.5257286443082556 0.0010387532980909954
lsa 0.0014394406744807733 4.0661736852554045 0.005853015792060011
who 2.0563438206868187E-4 0.44628710262841953 9.177197257421746E-5
classify 2.0563438206868187E-4 1.5271998141971284 3.1404479008783227E-4
limitation 2.0563438206868187E-4 1.4035858582299516 2.886255106374566E-4
lsi 2.0563438206868187E-4 5.1647859739235145 0.0010620575722647572
convergence 4.1126876413736374E-4 2.7668907011251433 0.0011379357191549015
globally 2.0563438206868187E-4 3.2188758248682006 6.61911541202591E-4
crucial 2.0563438206868187E-4 1.4035858582299516 2.886255106374566E-4
values 2.0563438206868187E-4 0.5900749954201312 1.2133970705739897E-4
contribute 0.0012338062924120913 1.0704414117014134 0.001320717349415686
their 0.003495784495167592 0.12136085700426753 4.242514022357697E-4
necessarily 4.1126876413736374E-4 1.6990500711237875 6.987662229585801E-4
interactions 6.169031462060457E-4 1.6990500711237875 0.0010481493344378701
generative 6.169031462060457E-4 2.7668907011251433 0.0017069035787323525
general 2.0563438206868187E-4 0.4734380916943703 9.735514943334778E-5
tend 4.1126876413736374E-4 1.4759065198095778 6.069942503843626E-4
strive 2.0563438206868187E-4 4.0661736852554045 8.3614511315143E-4
database 2.0563438206868187E-4 1.3581234841531944 2.792768834368074E-4
candidate 8.225375282747275E-4 2.331572629867298 0.0019178059879640533
along 2.0563438206868187E-4 1.2135422553420867 2.495460117915045E-4
david 2.0563438206868187E-4 2.2744142160273495 4.6769776188100955E-4
mentioned 2.0563438206868187E-4 1.0376515888784226 2.1337684328160035E-4
designed 4.1126876413736374E-4 1.0872485300177945 4.471513592505838E-4
introduction 2.0563438206868187E-4 0.10219094089654716 2.101397098427867E-5
adds 2.0563438206868187E-4 2.456735772821304 5.051893425501345E-4
overcomes 2.0563438206868187E-4 3.0853444322436783 6.344528957934769E-4
applying 2.0563438206868187E-4 1.1758019273592397 2.4178530276768243E-4
amount 4.1126876413736374E-4 1.121734706088964 4.6133444626319717E-4
process 0.0026732469668928646 0.5013468798114469 0.001340224025817152
original 0.0010281719103434094 1.1944940603713923 0.0012281452399459103
built 6.169031462060457E-4 1.6094379124341003 9.928673118038867E-4
also 0.0024676125848241827 0.05279818556697083 1.3028546716093974E-4
approaches 4.1126876413736374E-4 0.9021060968821986 3.7100805958552275E-4
increase 4.1126876413736374E-4 0.5013468798114469 2.0618831166417718E-4
outperforms 6.169031462060457E-4 2.5257286443082556 0.0015581299471364933
third 4.1126876413736374E-4 1.0059028905638423 4.136964386443933E-4
variance 2.0563438206868187E-4 1.9459101490553132 4.0014603106216596E-4
build 4.1126876413736374E-4 1.5271998141971284 6.280895801756645E-4
various 4.1126876413736374E-4 0.5798184952529422 2.3846123596666342E-4
interaction 4.1126876413736374E-4 1.4271163556401458 5.869283798643413E-4
attention 2.0563438206868187E-4 1.157452788691043 2.3801208897615526E-4
uses 8.225375282747275E-4 1.1394342831883648 9.372274589252435E-4
latter 8.225375282747275E-4 1.8325814637483102 0.0015073670275536173
integrates 2.0563438206868187E-4 3.5553480614894135 7.311018016634615E-4
account 2.0563438206868187E-4 1.0539121097502027 2.1672056544318376E-4
parent 2.0563438206868187E-4 4.0661736852554045 8.3614511315143E-4
been 0.001850709438618137 0.05279818556697083 9.77141003707048E-5
projects 2.0563438206868187E-4 2.331572629867298 4.794514969910133E-4
evolved 4.1126876413736374E-4 3.373026504695459 0.0013872204419886733
areas 2.0563438206868187E-4 1.1758019273592397 2.4178530276768243E-4
dissimilarity 2.0563438206868187E-4 4.471638793363569 9.195226801076637E-4
viewing 2.0563438206868187E-4 3.373026504695459 6.936102209943366E-4
offer 4.1126876413736374E-4 1.5271998141971284 6.280895801756645E-4
evaluation 2.0563438206868187E-4 0.7953381214564925 1.6354886314137208E-4
imoocs 2.0563438206868187E-4 5.1647859739235145 0.0010620575722647572
finds 4.1126876413736374E-4 2.7668907011251433 0.0011379357191549015
retrieval 4.1126876413736374E-4 2.331572629867298 9.589029939820267E-4
rank 2.0563438206868187E-4 2.7668907011251433 5.689678595774508E-4
evaluated 2.0563438206868187E-4 0.9600933545325481 1.9742820368754842E-4
investigated 2.0563438206868187E-4 1.3581234841531944 2.792768834368074E-4
limitations 4.1126876413736374E-4 0.9162907318741551 3.768417568884043E-4
knowledge 6.169031462060457E-4 0.8080771472339223 4.985053345058127E-4
gaining 2.0563438206868187E-4 2.456735772821304 5.051893425501345E-4
going 4.1126876413736374E-4 2.2203469947570738 9.131593644898514E-4
preprocessing 2.0563438206868187E-4 2.5257286443082556 5.193766490454977E-4
posterior 2.0563438206868187E-4 1.8325814637483102 3.768417568884043E-4
former 0.0010281719103434094 2.073743520565198 0.002132164837101787
unsupervised 0.0010281719103434094 2.0292917579943643 0.0020864607834612013
domain 0.001645075056549455 1.1944940603713923 0.0019650323839134564
millions 2.0563438206868187E-4 3.0853444322436783 6.344528957934769E-4
assigned 8.225375282747275E-4 1.3805963400052528 0.001135592301053056
simultaneously 2.0563438206868187E-4 2.169053700369523 4.4603201734927476E-4
formed 2.0563438206868187E-4 1.9867321435755685 4.0854043668014976E-4
average 4.1126876413736374E-4 0.7459453661269161 3.067840288410101E-4
deal 6.169031462060457E-4 1.8689491079191851 0.0011529605847743277
subgroup 2.0563438206868187E-4 2.9675613965872945 6.102326540381029E-4
linkage 6.169031462060457E-4 3.5553480614894135 0.0021933054049903845
proven 2.0563438206868187E-4 1.9459101490553132 4.0014603106216596E-4
hot 2.0563438206868187E-4 2.9675613965872945 6.102326540381029E-4
how 0.001645075056549455 0.5496654570822546 9.04240932892872E-4
proved 2.0563438206868187E-4 1.9459101490553132 4.0014603106216596E-4
see 4.1126876413736374E-4 1.0376515888784226 4.267536865632007E-4
adoption 2.0563438206868187E-4 2.331572629867298 4.794514969910133E-4
systems 0.0030845157310302285 0.8743265327751228 0.002696873944401983
offered 8.225375282747275E-4 2.120263536200091 0.001743996328357056
integral 2.0563438206868187E-4 2.5998366164619773 5.346157961056914E-4
unlike 6.169031462060457E-4 1.6682784124570338 0.0010291662013923713
national 2.0563438206868187E-4 1.293584963015623 2.6600554452305635E-4
term 0.0014394406744807733 1.1944940603713923 0.0017194033359242745
embedded 2.0563438206868187E-4 1.8689491079191851 3.8432019492477587E-4
enrolled 4.1126876413736374E-4 3.0853444322436783 0.0012689057915869538
jth 2.0563438206868187E-4 3.5553480614894135 7.311018016634615E-4
compared 2.0563438206868187E-4 0.2669461739726028 5.489331153045502E-5
mine 2.0563438206868187E-4 4.471638793363569 9.195226801076637E-4
randomised 2.0563438206868187E-4 3.5553480614894135 7.311018016634615E-4
set 0.003495784495167592 0.5596157879354227 0.0019562961947156457
contain 2.0563438206868187E-4 1.4035858582299516 2.886255106374566E-4
business 2.0563438206868187E-4 2.073743520565198 4.2643296742035734E-4
emergence 2.0563438206868187E-4 2.6798793241355137 5.510753288372432E-4
advent 4.1126876413736374E-4 2.6798793241355137 0.0011021506576744864
benefited 2.0563438206868187E-4 3.7784916128036232 7.769877879505703E-4
founded 2.0563438206868187E-4 4.0661736852554045 8.3614511315143E-4
words 0.00329015011309891 0.9751312318970885 0.003208328132912485
predictive 2.0563438206868187E-4 1.5012243277938677 3.087033369923643E-4
overcoming 2.0563438206868187E-4 3.7784916128036232 7.769877879505703E-4
possible 2.0563438206868187E-4 0.38566248081198473 7.930546592884736E-5
advantages 2.0563438206868187E-4 1.6094379124341003 3.309557706012955E-4
answer 2.0563438206868187E-4 1.79749014393704 3.696257750230393E-4
maximum 4.1126876413736374E-4 1.2329603411991883 5.070780757553725E-4
under 4.1126876413736374E-4 0.7459453661269161 3.067840288410101E-4
phenomena 6.169031462060457E-4 2.169053700369523 0.0013380960520478244
freely 2.0563438206868187E-4 2.6798793241355137 5.510753288372432E-4
did 4.1126876413736374E-4 0.5108256237659907 2.1008662297593696E-4
represent 0.001645075056549455 0.8209805520698303 0.0013505746281222788
compete 2.0563438206868187E-4 4.0661736852554045 8.3614511315143E-4
scalable 6.169031462060457E-4 3.7784916128036232 0.002330963363851711
personalise 8.225375282747275E-4 5.1647859739235145 0.004248230289059029
performs 2.0563438206868187E-4 1.906689435902032 3.92080903948598E-4
added 4.1126876413736374E-4 1.1758019273592397 4.8357060553536486E-4
quantities 2.0563438206868187E-4 3.0853444322436783 6.344528957934769E-4
questions 2.0563438206868187E-4 1.1944940603713923 2.4562904798918205E-4
corpus 0.0014394406744807733 1.6094379124341003 0.002316690394209069
sites 2.0563438206868187E-4 2.120263536200091 4.35999082089264E-4
language 6.169031462060457E-4 0.6988778552689304 4.3113994772913663E-4
developed 2.0563438206868187E-4 0.48265474679929443 9.925041061058901E-5
nearest 6.169031462060457E-4 3.2188758248682006 0.0019857346236077733
later 2.0563438206868187E-4 1.3361445774344192 2.7475726453514687E-4
criticise 4.1126876413736374E-4 5.1647859739235145 0.0021241151445295144
designated 2.0563438206868187E-4 3.2188758248682006 6.61911541202591E-4
outdated 2.0563438206868187E-4 4.471638793363569 9.195226801076637E-4
hierarchical 0.0026732469668928646 2.5257286443082556 0.006751896437591471
adding 6.169031462060457E-4 1.6682784124570338 0.0010291662013923713
rare 2.0563438206868187E-4 1.906689435902032 3.92080903948598E-4
computational 6.169031462060457E-4 1.3146383722134554 8.110045479416751E-4
which 0.00863664404688464 0.023122417420854212 1.997000887674022E-4
needs 6.169031462060457E-4 1.1394342831883648 7.029205941939327E-4
satellites 6.169031462060457E-4 5.1647859739235145 0.0031861727167942716
commonly 2.0563438206868187E-4 1.0216512475319812 2.100866229759369E-4
generalise 2.0563438206868187E-4 5.1647859739235145 0.0010620575722647572
patterns 4.1126876413736374E-4 1.3146383722134554 5.406696986277834E-4
count 4.1126876413736374E-4 1.6990500711237875 6.987662229585801E-4
fractional 2.0563438206868187E-4 4.471638793363569 9.195226801076637E-4
gaber 0.0014394406744807733 5.1647859739235145 0.007434403005853301
graph 0.0010281719103434094 2.169053700369523 0.0022301600867463737
parts 2.0563438206868187E-4 1.4035858582299516 2.886255106374566E-4
relatively 2.0563438206868187E-4 0.8209805520698303 1.6882182851528485E-4
little 2.0563438206868187E-4 1.252762968495368 2.576111389050726E-4
some 0.001850709438618137 0.2160260835453457 3.9980151180508147E-4
virtual 2.0563438206868187E-4 2.5998366164619773 5.346157961056914E-4
identifying 4.1126876413736374E-4 1.0216512475319812 4.201732459518738E-4
analytical 2.0563438206868187E-4 1.9459101490553132 4.0014603106216596E-4
for 0.015628213037219823 0.017291497110061043 2.702352005685049E-4
interconnecting 2.0563438206868187E-4 4.471638793363569 9.195226801076637E-4
back 6.169031462060457E-4 1.6682784124570338 0.0010291662013923713
training 6.169031462060457E-4 1.0059028905638423 6.2054465796659E-4
content 0.0012338062924120913 1.293584963015623 0.0015960332671383383
getting 2.0563438206868187E-4 2.5257286443082556 5.193766490454977E-4
random 2.0563438206868187E-4 1.2329603411991883 2.5353903787768623E-4
related 4.1126876413736374E-4 0.27443684570176036 1.1286730236551937E-4
incrementally 2.0563438206868187E-4 5.1647859739235145 0.0010620575722647572
kernels 8.225375282747275E-4 5.1647859739235145 0.004248230289059029
passed 2.0563438206868187E-4 2.7668907011251433 5.689678595774508E-4
class 2.0563438206868187E-4 1.3805963400052528 2.83898075263264E-4
utilisation 2.0563438206868187E-4 4.471638793363569 9.195226801076637E-4
digital 2.0563438206868187E-4 1.730798769438368 3.5591173543869376E-4
over 0.002056343820686819 0.3364722366212129 6.919026046087042E-4
length 2.0563438206868187E-4 1.2329603411991883 2.5353903787768623E-4
merged 6.169031462060457E-4 2.8622008809294686 0.0017657007285191047
tuition 2.0563438206868187E-4 5.1647859739235145 0.0010620575722647572
statistically 2.0563438206868187E-4 1.1758019273592397 2.4178530276768243E-4
parse 2.0563438206868187E-4 3.7784916128036232 7.769877879505703E-4
citationtam 2.0563438206868187E-4 5.1647859739235145 0.0010620575722647572
existing 0.0012338062924120913 0.9452782687474074 0.0011662902760609592
citationzaki 2.0563438206868187E-4 5.1647859739235145 0.0010620575722647572
although 6.169031462060457E-4 0.4285875255290187 2.6439699292351556E-4
form 8.225375282747275E-4 0.664976303593249 5.469679651188558E-4
management 0.001645075056549455 0.9452782687474074 0.0015550537014146122
significantly 2.0563438206868187E-4 0.5900749954201312 1.2133970705739897E-4
subset 6.169031462060457E-4 1.6990500711237875 0.0010481493344378701
presents 4.1126876413736374E-4 1.1394342831883648 4.6861372946262176E-4
assign 2.0563438206868187E-4 1.9459101490553132 4.0014603106216596E-4
buckshot 2.0563438206868187E-4 5.1647859739235145 0.0010620575722647572
very 2.0563438206868187E-4 0.5596157879354227 1.1507624674797915E-4
big 6.169031462060457E-4 1.6682784124570338 0.0010291662013923713
inefficiently 2.0563438206868187E-4 5.1647859739235145 0.0010620575722647572
select 2.0563438206868187E-4 1.8325814637483102 3.768417568884043E-4
improves 4.1126876413736374E-4 2.2203469947570738 9.131593644898514E-4
answers 2.0563438206868187E-4 2.2744142160273495 4.6769776188100955E-4
construct 2.0563438206868187E-4 1.79749014393704 3.696257750230393E-4
tracking 2.0563438206868187E-4 2.5257286443082556 5.193766490454977E-4
improved 2.0563438206868187E-4 0.8607208807193443 1.76993806440334E-4
appeared 2.0563438206868187E-4 1.79749014393704 3.696257750230393E-4
william 2.0563438206868187E-4 4.0661736852554045 8.3614511315143E-4
four 2.0563438206868187E-4 0.4643056081310978 9.547719681906184E-5
easily 2.0563438206868187E-4 1.4271163556401458 2.9346418993217064E-4
model 0.0030845157310302285 0.48265474679929443 0.0014887561591588356
text 0.012543697306189596 0.8607208807193443 0.010796622192860376
usually 2.0563438206868187E-4 0.9600933545325481 1.9742820368754842E-4
tasks 2.0563438206868187E-4 1.293584963015623 2.6600554452305635E-4
reduce 2.0563438206868187E-4 0.8340526336371831 1.7150989793073885E-4
large 0.0022619782027555007 0.34450440831847723 7.792614623695763E-4
researchers 0.0012338062924120913 1.1043429633770947 0.0013625452971956751
lower 2.0563438206868187E-4 0.5300569856938783 1.089979407143488E-4
ordinary 2.0563438206868187E-4 3.373026504695459 6.936102209943366E-4
being 2.0563438206868187E-4 0.48265474679929443 9.925041061058901E-5
distributions 2.0563438206868187E-4 2.073743520565198 4.2643296742035734E-4
traditional 0.0010281719103434094 1.1758019273592397 0.0012089265138384123
field 4.1126876413736374E-4 0.8472978603872037 3.484671438976778E-4
contents 6.169031462060457E-4 2.331572629867298 0.00143835449097304
explored 2.0563438206868187E-4 1.5538680612792897 3.1952869859742743E-4
reached 2.0563438206868187E-4 1.9459101490553132 4.0014603106216596E-4
hashes 2.0563438206868187E-4 5.1647859739235145 0.0010620575722647572
gave 2.0563438206868187E-4 2.073743520565198 4.2643296742035734E-4
behaviouristic 2.0563438206868187E-4 5.1647859739235145 0.0010620575722647572
become 2.0563438206868187E-4 0.8607208807193443 1.76993806440334E-4
semantic 0.0024676125848241827 1.4512139072192063 0.003581033700725987
works 2.0563438206868187E-4 1.3805963400052528 2.83898075263264E-4
enrol 2.0563438206868187E-4 5.1647859739235145 0.0010620575722647572
tailor 2.0563438206868187E-4 5.1647859739235145 0.0010620575722647572
monotonicity 2.0563438206868187E-4 4.471638793363569 9.195226801076637E-4
neighbour 2.0563438206868187E-4 3.5553480614894135 7.311018016634615E-4
emerged 4.1126876413736374E-4 1.79749014393704 7.392515500460786E-4
phenomenon 4.1126876413736374E-4 1.9867321435755685 8.170808733602995E-4
sparsely 4.1126876413736374E-4 3.5553480614894135 0.001462203603326923
exploits 2.0563438206868187E-4 3.5553480614894135 7.311018016634615E-4
streaming 0.0022619782027555007 3.7784916128036232 0.008546865667456273
known 8.225375282747275E-4 0.8607208807193443 7.07975225761336E-4
ftc 4.1126876413736374E-4 5.1647859739235145 0.0021241151445295144
stream 0.003907053259304956 3.0853444322436783 0.012054605020076062
hopefully 2.0563438206868187E-4 4.0661736852554045 8.3614511315143E-4
stand 4.1126876413736374E-4 2.5998366164619773 0.0010692315922113827
table 0.0028788813489615465 0.18805223150293962 5.413800619044119E-4
may 8.225375282747275E-4 0.15415067982725836 1.26794719166982E-4
within 2.0563438206868187E-4 0.3127557100038969 6.43133271651032E-5
implementing 2.0563438206868187E-4 2.0292917579943643 4.172921566922402E-4
topics 0.00431832202344232 1.6384254493073527 0.007075248701512319
change 2.0563438206868187E-4 0.7104386776700063 1.460906184803632E-4
srikant 2.0563438206868187E-4 5.1647859739235145 0.0010620575722647572
systematic 2.0563438206868187E-4 2.0292917579943643 4.172921566922402E-4
overrides 2.0563438206868187E-4 5.1647859739235145 0.0010620575722647572
draw 2.0563438206868187E-4 1.9867321435755685 4.0854043668014976E-4
generally 4.1126876413736374E-4 0.9021060968821986 3.7100805958552275E-4
corrected 2.0563438206868187E-4 2.5257286443082556 5.193766490454977E-4
singapore 2.0563438206868187E-4 3.7784916128036232 7.769877879505703E-4
machine 0.0010281719103434094 1.0872485300177945 0.0011178783981264594
able 4.1126876413736374E-4 0.7703368192510752 3.1681547162289744E-4
report 2.0563438206868187E-4 1.0059028905638423 2.0684821932219664E-4
complete 4.1126876413736374E-4 0.9600933545325481 3.9485640737509683E-4
unseen 2.0563438206868187E-4 3.5553480614894135 7.311018016634615E-4
spectral 2.0563438206868187E-4 3.373026504695459 6.936102209943366E-4
dimensional 4.1126876413736374E-4 3.0853444322436783 0.0012689057915869538
use 0.0010281719103434094 0.20895891632225325 2.1484568817833975E-4
several 4.1126876413736374E-4 0.3526016185510966 1.4501403189434364E-4
main 8.225375282747275E-4 0.6004377824556778 4.938826094638517E-4
while 0.0014394406744807733 0.20895891632225325 3.0078396344967567E-4
posts 0.0014394406744807733 2.9675613965872945 0.0042716285782667205
radio 2.0563438206868187E-4 4.0661736852554045 8.3614511315143E-4
second 2.0563438206868187E-4 0.4643056081310978 9.547719681906184E-5
that 0.008842278428953321 0.017291497110061043 1.5289623190060145E-4
high 6.169031462060457E-4 0.2521310881874621 1.5554046155919933E-4
download 6.169031462060457E-4 0.2595111954850846 1.6009327297044086E-4
edge 6.169031462060457E-4 3.373026504695459 0.00208083066298301
split 2.0563438206868187E-4 1.6384254493073527 3.369166048339199E-4
solution 2.0563438206868187E-4 1.293584963015623 2.6600554452305635E-4
downloading 2.0563438206868187E-4 4.471638793363569 9.195226801076637E-4
find 0.0012338062924120913 0.9306794693262548 0.001148278185473479
continuous 6.169031462060457E-4 1.1758019273592397 7.253559083030474E-4
than 0.0012338062924120913 0.058840500022933395 7.259777917696902E-5
limit 2.0563438206868187E-4 1.79749014393704 3.696257750230393E-4
interactivity 4.1126876413736374E-4 4.471638793363569 0.0018390453602153275
credibility 4.1126876413736374E-4 3.0853444322436783 0.0012689057915869538
dramatically 2.0563438206868187E-4 2.9675613965872945 6.102326540381029E-4
criticisms 2.0563438206868187E-4 4.0661736852554045 8.3614511315143E-4
different 0.001850709438618137 0.18805223150293962 3.480300397956933E-4
credit 2.0563438206868187E-4 2.8622008809294686 5.885669095063681E-4
communication 0.0014394406744807733 1.6384254493073527 0.0023584162338374398
calculated 6.169031462060457E-4 0.9021060968821986 5.565120893782842E-4
intensive 2.0563438206868187E-4 2.6798793241355137 5.510753288372432E-4
selected 0.0012338062924120913 0.758066726659261 9.353074974204331E-4
citationcutting 6.169031462060457E-4 5.1647859739235145 0.0031861727167942716
incoming 6.169031462060457E-4 5.1647859739235145 0.0031861727167942716
level 4.1126876413736374E-4 0.5798184952529422 2.3846123596666342E-4
occur 2.0563438206868187E-4 1.3146383722134554 2.703348493138917E-4
includes 4.1126876413736374E-4 0.8472978603872037 3.484671438976778E-4
roots 2.0563438206868187E-4 3.2188758248682006 6.61911541202591E-4
weights 4.1126876413736374E-4 1.9867321435755685 8.170808733602995E-4
experiences 2.0563438206868187E-4 1.79749014393704 3.696257750230393E-4
labelled 2.0563438206868187E-4 2.120263536200091 4.35999082089264E-4
predicts 2.0563438206868187E-4 2.5998366164619773 5.346157961056914E-4
relevant 2.0563438206868187E-4 0.7703368192510752 1.5840773581144872E-4
professor 4.1126876413736374E-4 3.5553480614894135 0.001462203603326923
task 4.1126876413736374E-4 1.2329603411991883 5.070780757553725E-4
directions 2.0563438206868187E-4 2.0292917579943643 4.172921566922402E-4
infer 4.1126876413736374E-4 2.7668907011251433 0.0011379357191549015
belongs 6.169031462060457E-4 2.5257286443082556 0.0015581299471364933
prediction 2.0563438206868187E-4 1.6384254493073527 3.369166048339199E-4
present 8.225375282747275E-4 0.38566248081198473 3.1722186371538943E-4
harvard 2.0563438206868187E-4 4.471638793363569 9.195226801076637E-4
since 2.0563438206868187E-4 0.377294231141468 7.75846660788542E-5
problems 2.0563438206868187E-4 1.1758019273592397 2.4178530276768243E-4
student 0.0012338062924120913 2.6798793241355137 0.0033064519730234593
certificate 2.0563438206868187E-4 5.1647859739235145 0.0010620575722647572
best 4.1126876413736374E-4 0.6988778552689304 2.874266318194244E-4
mixed 2.0563438206868187E-4 1.9459101490553132 4.0014603106216596E-4
coined 2.0563438206868187E-4 3.7784916128036232 7.769877879505703E-4
attracting 2.0563438206868187E-4 4.471638793363569 9.195226801076637E-4
unstructured 4.1126876413736374E-4 1.6990500711237875 6.987662229585801E-4
make 4.1126876413736374E-4 0.664976303593249 2.734839825594279E-4
included 2.0563438206868187E-4 0.41985384556026406 8.633638609094469E-5
dendogram 4.1126876413736374E-4 5.1647859739235145 0.0021241151445295144
allows 8.225375282747275E-4 1.2135422553420867 9.98184047166018E-4
brief 2.0563438206868187E-4 2.2203469947570738 4.565796822449257E-4
processes 6.169031462060457E-4 1.293584963015623 7.980166335691692E-4
initiative 2.0563438206868187E-4 3.2188758248682006 6.61911541202591E-4
determine 2.0563438206868187E-4 0.7221347174331975 1.4849572638971775E-4
social 0.0010281719103434094 1.0704414117014134 0.0011005977911797383
depicted 2.0563438206868187E-4 2.0292917579943643 4.172921566922402E-4
intelligent 8.225375282747275E-4 2.5998366164619773 0.0021384631844227654
structure 2.0563438206868187E-4 1.0216512475319812 2.100866229759369E-4
calculates 2.0563438206868187E-4 2.5998366164619773 5.346157961056914E-4
due 6.169031462060457E-4 0.20895891632225325 1.2890741290700385E-4
perspectives 0.001645075056549455 2.0292917579943643 0.003338337253537922
online 0.0030845157310302285 1.3581234841531944 0.004189153251552111
clustering 0.010281719103434095 2.2744142160273495 0.02338488809405048
communicating 2.0563438206868187E-4 2.9675613965872945 6.102326540381029E-4
coming 2.0563438206868187E-4 2.456735772821304 5.051893425501345E-4
closest 8.225375282747275E-4 2.8622008809294686 0.0023542676380254725
sized 2.0563438206868187E-4 3.2188758248682006 6.61911541202591E-4
counts 4.1126876413736374E-4 2.0292917579943643 8.345843133844805E-4
upper 6.169031462060457E-4 1.8689491079191851 0.0011529605847743277
about 6.169031462060457E-4 0.377294231141468 2.3275399823656262E-4
adaptation 2.0563438206868187E-4 2.2744142160273495 4.6769776188100955E-4
nontrivial 4.1126876413736374E-4 4.471638793363569 0.0018390453602153275
constraints 2.0563438206868187E-4 1.8325814637483102 3.768417568884043E-4
objective 4.1126876413736374E-4 1.1944940603713923 4.912580959783641E-4
observed 8.225375282747275E-4 0.6988778552689304 5.748532636388488E-4
cover 2.0563438206868187E-4 1.79749014393704 3.696257750230393E-4
reflect 2.0563438206868187E-4 1.252762968495368 2.576111389050726E-4
extremely 2.0563438206868187E-4 1.9459101490553132 4.0014603106216596E-4
meaning 4.1126876413736374E-4 1.121734706088964 4.6133444626319717E-4
above 4.1126876413736374E-4 0.9021060968821986 3.7100805958552275E-4
refinement 2.0563438206868187E-4 3.2188758248682006 6.61911541202591E-4
hundreds 4.1126876413736374E-4 2.6798793241355137 0.0011021506576744864
they 0.005140859551717047 0.167573700159399 8.61472857081015E-4
massiveness 4.1126876413736374E-4 5.1647859739235145 0.0021241151445295144
agglomerated 0.001645075056549455 5.1647859739235145 0.008496460578118058
temporal 4.1126876413736374E-4 2.169053700369523 8.920640346985495E-4
based 0.004729590787579683 0.18805223150293962 8.894101017001051E-4
grouped 6.169031462060457E-4 1.9459101490553132 0.001200438093186498
old 2.0563438206868187E-4 2.456735772821304 5.051893425501345E-4
module 0.0010281719103434094 2.456735772821304 0.0025259467127506726
then 0.0010281719103434094 0.4285875255290187 4.406616548725259E-4
connectivisim 2.0563438206868187E-4 5.1647859739235145 0.0010620575722647572
substantial 2.0563438206868187E-4 1.5812670354674039 3.251628697239161E-4
bigram 0.0012338062924120913 3.5553480614894135 0.004386610809980769
remaining 2.0563438206868187E-4 1.293584963015623 2.6600554452305635E-4
quality 0.002056343820686819 0.8080771472339223 0.0016616844483527088
concepts 8.225375282747275E-4 1.79749014393704 0.0014785031000921572
cognitive 2.0563438206868187E-4 2.120263536200091 4.35999082089264E-4
highest 2.0563438206868187E-4 1.0872485300177945 2.235756796252919E-4
processing 4.1126876413736374E-4 0.7221347174331975 2.969914527794355E-4
understandable 2.0563438206868187E-4 3.7784916128036232 7.769877879505703E-4
obtained 0.0024676125848241827 0.6004377824556778 0.0014816478283915554
singular 2.0563438206868187E-4 2.9675613965872945 6.102326540381029E-4
starting 2.0563438206868187E-4 1.3146383722134554 2.703348493138917E-4
citationhofmann 4.1126876413736374E-4 5.1647859739235145 0.0021241151445295144
subsets 8.225375282747275E-4 2.9675613965872945 0.0024409306161524117
components 6.169031462060457E-4 1.3361445774344192 8.242717936054406E-4
fact 2.0563438206868187E-4 0.990398704027877 2.0366002550439583E-4
access 4.1126876413736374E-4 1.252762968495368 5.152222778101452E-4
prominent 2.0563438206868187E-4 2.2744142160273495 4.6769776188100955E-4
seed 4.1126876413736374E-4 3.2188758248682006 0.001323823082405182
vertices 2.0563438206868187E-4 4.0661736852554045 8.3614511315143E-4
overcome 4.1126876413736374E-4 2.0292917579943643 8.345843133844805E-4
association 4.1126876413736374E-4 1.2135422553420867 4.99092023583009E-4
sum 2.0563438206868187E-4 1.8689491079191851 3.8432019492477587E-4
believe 2.0563438206868187E-4 1.5538680612792897 3.1952869859742743E-4
examines 2.0563438206868187E-4 3.0853444322436783 6.344528957934769E-4
extended 2.0563438206868187E-4 1.6682784124570338 3.430554004641237E-4
seen 2.0563438206868187E-4 0.8472978603872037 1.742335719488389E-4
offline 6.169031462060457E-4 2.7668907011251433 0.0017069035787323525
into 0.0024676125848241827 0.10854016857520597 2.678350859351165E-4
current 4.1126876413736374E-4 0.4919571394616079 2.0232660475492817E-4
partition 2.0563438206868187E-4 4.471638793363569 9.195226801076637E-4
partitional 0.0010281719103434094 5.1647859739235145 0.005310287861323786
variety 6.169031462060457E-4 1.0872485300177945 6.707270388758757E-4
mit 6.169031462060457E-4 4.471638793363569 0.0027585680403229913
perspective 2.0563438206868187E-4 1.5538680612792897 3.1952869859742743E-4
supports 2.0563438206868187E-4 1.6990500711237875 3.4938311147929003E-4
vector 0.0010281719103434094 1.3146383722134554 0.0013516742465694586
examined 2.0563438206868187E-4 1.3805963400052528 2.83898075263264E-4
denoted 4.1126876413736374E-4 2.5257286443082556 0.0010387532980909954
key 2.0563438206868187E-4 1.0216512475319812 2.100866229759369E-4
participants 2.0563438206868187E-4 1.6094379124341003 3.309557706012955E-4
variables 2.0563438206868187E-4 0.9452782687474074 1.9438171267682652E-4
star 4.1126876413736374E-4 3.0853444322436783 0.0012689057915869538
bisecting 4.1126876413736374E-4 4.471638793363569 0.0018390453602153275
one 0.0028788813489615465 0.06491954609931569 1.8689567044836926E-4
milano 2.0563438206868187E-4 5.1647859739235145 0.0010620575722647572
heuristic 6.169031462060457E-4 3.0853444322436783 0.0019033586873804307
started 6.169031462060457E-4 1.906689435902032 0.001176242711845794
neighbours 8.225375282747275E-4 2.9675613965872945 0.0024409306161524117
many 0.002056343820686819 0.20194134366360675 4.15260834183851E-4
democracy 2.0563438206868187E-4 4.0661736852554045 8.3614511315143E-4
designing 2.0563438206868187E-4 2.2744142160273495 4.6769776188100955E-4
connected 4.1126876413736374E-4 1.4512139072192063 5.968389501209979E-4
evolve 4.1126876413736374E-4 3.5553480614894135 0.001462203603326923
increasing 2.0563438206868187E-4 0.9021060968821986 1.8550402979276138E-4
handled 2.0563438206868187E-4 2.9675613965872945 6.102326540381029E-4
associated 4.1126876413736374E-4 0.4373981552111735 1.7988819872966213E-4
showed 2.0563438206868187E-4 0.5398131606392429 1.1100414572059282E-4
behaviours 2.0563438206868187E-4 3.7784916128036232 7.769877879505703E-4
iteratively 2.0563438206868187E-4 2.9675613965872945 6.102326540381029E-4
open 0.00329015011309891 1.0872485300177945 0.0035772108740046702
ratio 2.0563438206868187E-4 1.1758019273592397 2.4178530276768243E-4
story 6.169031462060457E-4 3.0853444322436783 0.0019033586873804307
but 6.169031462060457E-4 0.083381608939051 5.14383768902227E-5
joint 2.0563438206868187E-4 1.906689435902032 3.92080903948598E-4
vertex 2.0563438206868187E-4 3.5553480614894135 7.311018016634615E-4
conditional 8.225375282747275E-4 2.120263536200091 0.001743996328357056
reasonable 2.0563438206868187E-4 1.5012243277938677 3.087033369923643E-4
available 2.0563438206868187E-4 0.5696661237889241 1.1714294135079664E-4
project 6.169031462060457E-4 1.79749014393704 0.001108877325069118
advocate 2.0563438206868187E-4 3.7784916128036232 7.769877879505703E-4
descriptions 2.0563438206868187E-4 1.8325814637483102 3.768417568884043E-4
pairs 0.001645075056549455 2.120263536200091 0.003487992656714112
mainly 4.1126876413736374E-4 1.0059028905638423 4.136964386443933E-4
frequency 4.1126876413736374E-4 1.121734706088964 4.6133444626319717E-4
claiming 2.0563438206868187E-4 4.471638793363569 9.195226801076637E-4
drawback 2.0563438206868187E-4 3.2188758248682006 6.61911541202591E-4
variant 2.0563438206868187E-4 2.6798793241355137 5.510753288372432E-4
cmoocs 2.0563438206868187E-4 5.1647859739235145 0.0010620575722647572
details 8.225375282747275E-4 1.5012243277938677 0.0012348133479694573
generate 0.0010281719103434094 1.3361445774344192 0.0013737863226757343
solutions 4.1126876413736374E-4 1.4271163556401458 5.869283798643413E-4
seeds 0.001850709438618137 5.1647859739235145 0.009558518150382814
this 0.011309891013777504 0.017291497110061043 1.9556494777983908E-4
owing 2.0563438206868187E-4 2.5257286443082556 5.193766490454977E-4
collection 8.225375282747275E-4 1.0216512475319812 8.403464919037476E-4
finding 4.1126876413736374E-4 0.9751312318970885 4.0104101661406064E-4
modelling 0.001850709438618137 1.906689435902032 0.0035287281355373817
modules 2.0563438206868187E-4 3.0853444322436783 6.344528957934769E-4
enhanced 2.0563438206868187E-4 1.8325814637483102 3.768417568884043E-4
multiplying 2.0563438206868187E-4 3.5553480614894135 7.311018016634615E-4
once 2.0563438206868187E-4 1.4271163556401458 2.9346418993217064E-4
solve 2.0563438206868187E-4 1.730798769438368 3.5591173543869376E-4
support 6.169031462060457E-4 0.7104386776700063 4.3827185544108966E-4
internet 2.0563438206868187E-4 2.2744142160273495 4.6769776188100955E-4
higher 0.0014394406744807733 0.41985384556026406 6.043547026366129E-4
changed 2.0563438206868187E-4 1.79749014393704 3.696257750230393E-4
allow 8.225375282747275E-4 1.252762968495368 0.0010304445556202904
sequential 2.0563438206868187E-4 2.169053700369523 4.4603201734927476E-4
rule 4.1126876413736374E-4 1.730798769438368 7.118234708773875E-4
detect 2.0563438206868187E-4 1.3146383722134554 2.703348493138917E-4
learning 0.00431832202344232 0.9306794693262548 0.004018973649157177
speed 2.0563438206868187E-4 1.8689491079191851 3.8432019492477587E-4
common 8.225375282747275E-4 0.3526016185510966 2.900280637886873E-4
similarity 0.0076084721365412295 1.6094379124341003 0.012245363512247935
every 0.0014394406744807733 1.0539121097502027 0.0015170439581022866
clusters 0.003907053259304956 2.5257286443082556 0.009868156331864457
successful 2.0563438206868187E-4 1.3361445774344192 2.7475726453514687E-4
summary 0.0010281719103434094 1.4271163556401458 0.0014673209496608532
prestigious 4.1126876413736374E-4 4.0661736852554045 0.00167229022630286
simulating 2.0563438206868187E-4 4.471638793363569 9.195226801076637E-4
types 0.0010281719103434094 0.7459453661269161 7.669600721025252E-4
characteristics 4.1126876413736374E-4 0.7703368192510752 3.1681547162289744E-4
figure 0.0024676125848241827 0.20194134366360675 4.983130010206212E-4
allocation 4.1126876413736374E-4 2.120263536200091 8.71998164178528E-4
previous 2.0563438206868187E-4 0.32850406697203605 6.755173081884352E-5
apply 2.0563438206868187E-4 1.3146383722134554 2.703348493138917E-4
qualitatively 2.0563438206868187E-4 2.8622008809294686 5.885669095063681E-4
reading 2.0563438206868187E-4 1.9459101490553132 4.0014603106216596E-4
argue 2.0563438206868187E-4 1.9867321435755685 4.0854043668014976E-4
medhat 0.0014394406744807733 5.1647859739235145 0.007434403005853301
relational 2.0563438206868187E-4 2.7668907011251433 5.689678595774508E-4
step 6.169031462060457E-4 1.0872485300177945 6.707270388758757E-4
software 4.1126876413736374E-4 1.157452788691043 4.760241779523105E-4
frameworks 2.0563438206868187E-4 2.9675613965872945 6.102326540381029E-4
reach 4.1126876413736374E-4 1.730798769438368 7.118234708773875E-4
tested 2.0563438206868187E-4 1.3581234841531944 2.792768834368074E-4
comparative 2.0563438206868187E-4 2.2744142160273495 4.6769776188100955E-4
brakes 2.0563438206868187E-4 5.1647859739235145 0.0010620575722647572
claimed 2.0563438206868187E-4 3.0853444322436783 6.344528957934769E-4
discussions 2.0563438206868187E-4 2.2203469947570738 4.565796822449257E-4
personalising 2.0563438206868187E-4 5.1647859739235145 0.0010620575722647572
whole 4.1126876413736374E-4 1.252762968495368 5.152222778101452E-4
feedback 0.003907053259304956 1.79749014393704 0.007022889725437746
selects 6.169031462060457E-4 2.8622008809294686 0.0017657007285191047
positively 2.0563438206868187E-4 1.9867321435755685 4.0854043668014976E-4
problem 4.1126876413736374E-4 0.9162907318741551 3.768417568884043E-4
disadvantages 2.0563438206868187E-4 2.5998366164619773 5.346157961056914E-4
terms 0.001645075056549455 0.5696661237889241 9.371435308063731E-4
review 0.001645075056549455 0.5696661237889241 9.371435308063731E-4
premises 2.0563438206868187E-4 4.471638793363569 9.195226801076637E-4
deeply 2.0563438206868187E-4 3.2188758248682006 6.61911541202591E-4
between 0.004729590787579683 0.058840500022933395 2.7829148684504795E-4
attempts 2.0563438206868187E-4 1.8325814637483102 3.768417568884043E-4
still 2.0563438206868187E-4 0.5300569856938783 1.089979407143488E-4
researches 2.0563438206868187E-4 3.0853444322436783 6.344528957934769E-4
efficiency 2.0563438206868187E-4 1.6384254493073527 3.369166048339199E-4
method 0.0014394406744807733 0.4734380916943703 6.814860460334346E-4
natural 2.0563438206868187E-4 0.6429973968744738 1.3222237237805342E-4
work 0.0012338062924120913 0.5696661237889241 7.028576481047799E-4
plagiarism 2.0563438206868187E-4 4.471638793363569 9.195226801076637E-4
synonyms 2.0563438206868187E-4 3.0853444322436783 6.344528957934769E-4
exist 0.0010281719103434094 1.5271998141971284 0.0015702239504391613
insight 2.0563438206868187E-4 1.5271998141971284 3.1404479008783227E-4
combinations 4.1126876413736374E-4 2.0292917579943643 8.345843133844805E-4
books 2.0563438206868187E-4 2.6798793241355137 5.510753288372432E-4
examples 2.0563438206868187E-4 1.1394342831883648 2.3430686473131088E-4
typos 2.0563438206868187E-4 4.471638793363569 9.195226801076637E-4
among 8.225375282747275E-4 0.32850406697203605 2.7020692327537406E-4
following 6.169031462060457E-4 0.2160260835453457 1.3326717060169383E-4
labelling 4.1126876413736374E-4 2.392197251683733 9.83836007272767E-4
word 0.0030845157310302285 1.1394342831883648 0.0035146029709696635
internal 4.1126876413736374E-4 1.3805963400052528 5.67796150526528E-4
variational 2.0563438206868187E-4 3.373026504695459 6.936102209943366E-4
preset 2.0563438206868187E-4 4.0661736852554045 8.3614511315143E-4
distribution 8.225375282747275E-4 0.9751312318970885 8.020820332281213E-4
our 0.001645075056549455 0.19497267434751336 3.2074468327783403E-4
semiautomatic 2.0563438206868187E-4 5.1647859739235145 0.0010620575722647572
carnegie 2.0563438206868187E-4 4.471638793363569 9.195226801076637E-4
specified 6.169031462060457E-4 1.8325814637483102 0.001130525270665213
out 4.1126876413736374E-4 0.368995428326773 1.5175629378028912E-4
across 2.0563438206868187E-4 0.7703368192510752 1.5840773581144872E-4
feature 0.0012338062924120913 1.4035858582299516 0.00173175306382474
fall 4.1126876413736374E-4 2.456735772821304 0.001010378685100269
flat 4.1126876413736374E-4 2.9675613965872945 0.0012204653080762058
get 2.0563438206868187E-4 1.3805963400052528 2.83898075263264E-4
continues 2.0563438206868187E-4 2.2203469947570738 4.565796822449257E-4
course 0.0022619782027555007 1.6990500711237875 0.0038432142262721904
copy 2.0563438206868187E-4 2.9675613965872945 6.102326540381029E-4
established 2.0563438206868187E-4 1.4271163556401458 2.9346418993217064E-4
include 4.1126876413736374E-4 0.5013468798114469 2.0618831166417718E-4
computationally 0.0012338062924120913 2.5257286443082556 0.0031162598942729865
tutoring 4.1126876413736374E-4 4.471638793363569 0.0018390453602153275
abstract 2.0563438206868187E-4 2.169053700369523 4.4603201734927476E-4
transformation 2.0563438206868187E-4 2.5257286443082556 5.193766490454977E-4
lead 2.0563438206868187E-4 0.7703368192510752 1.5840773581144872E-4
sends 2.0563438206868187E-4 4.0661736852554045 8.3614511315143E-4
hewlett 2.0563438206868187E-4 5.1647859739235145 0.0010620575722647572
massive 0.003495784495167592 2.120263536200091 0.0074119843955174885
alexander 2.0563438206868187E-4 3.7784916128036232 7.769877879505703E-4
assess 2.0563438206868187E-4 0.9751312318970885 2.0052050830703032E-4
subgraph 4.1126876413736374E-4 5.1647859739235145 0.0021241151445295144
exists 2.0563438206868187E-4 2.073743520565198 4.2643296742035734E-4
minimum 0.0010281719103434094 1.3361445774344192 0.0013737863226757343
runs 4.1126876413736374E-4 2.5998366164619773 0.0010692315922113827
first 6.169031462060457E-4 0.167573700159399 1.0337674284972179E-4
dashed 4.1126876413736374E-4 3.373026504695459 0.0013872204419886733
categorical 4.1126876413736374E-4 2.0292917579943643 8.345843133844805E-4
reveal 2.0563438206868187E-4 1.9867321435755685 4.0854043668014976E-4
data 0.012338062924120914 0.167573700159399 0.0020675348569944357
own 6.169031462060457E-4 1.3361445774344192 8.242717936054406E-4
fewer 2.0563438206868187E-4 1.6384254493073527 3.369166048339199E-4
existence 2.0563438206868187E-4 1.6990500711237875 3.4938311147929003E-4
threshold 2.0563438206868187E-4 2.120263536200091 4.35999082089264E-4
piazza 2.0563438206868187E-4 5.1647859739235145 0.0010620575722647572
space 0.0012338062924120913 1.3146383722134554 0.0016220090958833503
only 8.225375282747275E-4 0.10854016857520597 8.927836197837217E-5
create 4.1126876413736374E-4 1.0704414117014134 4.4023911647189526E-4
from 0.00329015011309891 0.023122417420854212 7.607622429234369E-5
discover 0.0010281719103434094 2.392197251683733 0.0024595900181819176
development 2.0563438206868187E-4 0.6004377824556778 1.2347065236596294E-4
individual 8.225375282747275E-4 0.7221347174331975 5.93982905558871E-4
capture 2.0563438206868187E-4 1.293584963015623 2.6600554452305635E-4
populated 2.0563438206868187E-4 3.7784916128036232 7.769877879505703E-4
mining 0.0076084721365412295 1.8325814637483102 0.01394314500487096
published 0.0014394406744807733 0.03488725900044054 5.0218139626379556E-5
edm 2.0563438206868187E-4 5.1647859739235145 0.0010620575722647572
addressed 4.1126876413736374E-4 1.4271163556401458 5.869283798643413E-4
proposed 0.0028788813489615465 0.7459453661269161 0.0021474882018870708
techniques 0.00329015011309891 0.9751312318970885 0.003208328132912485
edx 2.0563438206868187E-4 5.1647859739235145 0.0010620575722647572
send 0.0010281719103434094 3.373026504695459 0.003468051104971683
solving 2.0563438206868187E-4 1.8325814637483102 3.768417568884043E-4
covering 4.1126876413736374E-4 2.2203469947570738 9.131593644898514E-4
challenges 0.001850709438618137 1.3581234841531944 0.0025134919509312665
instances 8.225375282747275E-4 1.9459101490553132 0.0016005841242486638
scientific 4.1126876413736374E-4 1.8325814637483102 7.536835137768086E-4
according 8.225375282747275E-4 0.4919571394616079 4.0465320950985634E-4
frequent 0.0030845157310302285 1.4271163556401458 0.00440196284898256
link 8.225375282747275E-4 1.6384254493073527 0.0013476664193356796
interact 0.0014394406744807733 2.2744142160273495 0.003273884333167067
partitioned 2.0563438206868187E-4 3.5553480614894135 7.311018016634615E-4
network 4.1126876413736374E-4 1.0704414117014134 4.4023911647189526E-4
can 0.006374665844129138 0.0958817717032825 6.112142551515027E-4
inclusion 2.0563438206868187E-4 1.3581234841531944 2.792768834368074E-4
projected 2.0563438206868187E-4 2.6798793241355137 5.510753288372432E-4
computing 4.1126876413736374E-4 1.9867321435755685 8.170808733602995E-4
paper 4.1126876413736374E-4 0.9306794693262548 3.827593951578263E-4
validated 2.0563438206868187E-4 1.9867321435755685 4.0854043668014976E-4
bayes 2.0563438206868187E-4 2.7668907011251433 5.689678595774508E-4
value 0.001645075056549455 0.6214911916535102 0.0010223996572543863
terminated 2.0563438206868187E-4 4.0661736852554045 8.3614511315143E-4
abbreviations 6.169031462060457E-4 3.2188758248682006 0.0019857346236077733
greatest 2.0563438206868187E-4 2.6798793241355137 5.510753288372432E-4
considers 2.0563438206868187E-4 2.0292917579943643 4.172921566922402E-4
inverse 2.0563438206868187E-4 2.6798793241355137 5.510753288372432E-4
aims 0.001645075056549455 1.4271163556401458 0.002347713519457365
cost 2.0563438206868187E-4 1.3581234841531944 2.792768834368074E-4
limited 6.169031462060457E-4 0.5696661237889241 3.5142882405238995E-4
will 0.003495784495167592 0.3526016185510966 0.0012326192711019212
studied 2.0563438206868187E-4 1.0539121097502027 2.1672056544318376E-4
edges 0.0014394406744807733 2.5998366164619773 0.00374231057273984
groups 6.169031462060457E-4 0.8472978603872037 5.227007158465168E-4
bipartite 2.0563438206868187E-4 4.0661736852554045 8.3614511315143E-4
citationwallach 4.1126876413736374E-4 5.1647859739235145 0.0021241151445295144
instead 8.225375282747275E-4 1.0376515888784226 8.535073731264014E-4
command 2.0563438206868187E-4 3.7784916128036232 7.769877879505703E-4
expensive 4.1126876413736374E-4 2.331572629867298 9.589029939820267E-4
performance 2.0563438206868187E-4 0.7703368192510752 1.5840773581144872E-4
response 2.0563438206868187E-4 1.1758019273592397 2.4178530276768243E-4
challenge 2.0563438206868187E-4 1.4271163556401458 2.9346418993217064E-4
growth 2.0563438206868187E-4 1.4512139072192063 2.9841947506049893E-4
category 2.0563438206868187E-4 1.252762968495368 2.576111389050726E-4
mihaela 0.0014394406744807733 5.1647859739235145 0.007434403005853301
demographics 2.0563438206868187E-4 2.0292917579943643 4.172921566922402E-4
