introduces 2.574002574002574E-4 2.0292917579943643 5.223402208479702E-4
spoke 0.001287001287001287 4.471638793363569 0.0057550048820637955
allowed 7.722007722007722E-4 1.4512139072192063 0.0011206284997831708
your 5.148005148005148E-4 3.0853444322436783 0.0015883369020559476
explanation 2.574002574002574E-4 1.8689491079191851 4.810679814463797E-4
building 5.148005148005148E-4 1.4759065198095778 7.597974361954068E-4
without 7.722007722007722E-4 0.32850406697203605 2.5367109418690043E-4
via 2.574002574002574E-4 0.9021060968821986 2.3220234153981944E-4
setting 2.574002574002574E-4 1.3581234841531944 3.495813344023666E-4
these 0.0010296010296010295 0.03488725900044054 3.591995778681136E-5
themes 2.574002574002574E-4 2.5998366164619773 6.691986142759272E-4
approved 2.574002574002574E-4 1.4035858582299516 3.612833611917507E-4
poor 2.574002574002574E-4 1.0539121097502027 2.7127724832695047E-4
understanding 0.0036036036036036037 0.990398704027877 0.0035690043388391965
because 7.722007722007722E-4 0.34450440831847723 2.6602657013009823E-4
energy 2.574002574002574E-4 1.8689491079191851 4.810679814463797E-4
organizational 5.148005148005148E-4 2.8622008809294686 0.0014734624869649773
thus 2.574002574002574E-4 0.8881198549074587 2.2860227925545912E-4
inspired 2.574002574002574E-4 2.2744142160273495 5.854348046402443E-4
analysis 0.001287001287001287 0.15415067982725836 1.9839212332980482E-4
apparent 2.574002574002574E-4 2.2203469947570738 5.715178879683587E-4
persons 7.722007722007722E-4 2.8622008809294686 0.002210193730447466
sorted 2.574002574002574E-4 3.2188758248682006 8.285394658605407E-4
size 2.574002574002574E-4 0.127833371509885 3.290434273098713E-5
ensued 2.574002574002574E-4 4.471638793363569 0.001151000976412759
municipal 7.722007722007722E-4 5.1647859739235145 0.003988251717315455
poster 2.574002574002574E-4 4.471638793363569 0.001151000976412759
much 7.722007722007722E-4 0.7827593392496325 6.044473662159324E-4
southern 2.574002574002574E-4 3.2188758248682006 8.285394658605407E-4
entitled 2.574002574002574E-4 4.0661736852554045 0.0010466341532188942
role 0.0023166023166023165 0.6761496041913742 0.0015663697394394766
independent 2.574002574002574E-4 1.0059028905638423 2.5891966295079596E-4
achieve 0.001287001287001287 1.0376515888784226 0.00133545893034546
talking 7.722007722007722E-4 3.2188758248682006 0.002485618397581622
uncertainty 7.722007722007722E-4 2.073743520565198 0.0016013463479267937
occupations 2.574002574002574E-4 4.471638793363569 0.001151000976412759
same 0.0010296010296010295 0.2972515234679317 3.0605047461305707E-4
dual 7.722007722007722E-4 3.0853444322436783 0.0023825053530839215
aspect 2.574002574002574E-4 1.6682784124570338 4.2941529278173326E-4
targeted 2.574002574002574E-4 2.073743520565198 5.337821159755978E-4
aggressive 2.574002574002574E-4 2.7668907011251433 7.121983786679906E-4
linked 5.148005148005148E-4 1.730798769438368 8.910160975229693E-4
committee 2.574002574002574E-4 2.120263536200091 5.457563799742834E-4
highlighted 0.0018018018018018018 1.6990500711237875 0.0030613514795023197
beliefs 2.574002574002574E-4 3.2188758248682006 8.285394658605407E-4
logical 2.574002574002574E-4 2.331572629867298 6.001473950752375E-4
the 0.11737451737451737 0.017291497110061043 0.0020295811279762766
component 5.148005148005148E-4 1.3361445774344192 6.878479163111552E-4
qualities 2.574002574002574E-4 3.7784916128036232 9.725847137203663E-4
days 2.574002574002574E-4 1.1043429633770947 2.842581630314272E-4
information 7.722007722007722E-4 0.3049735695618419 2.3550082591648023E-4
sweet 2.574002574002574E-4 5.1647859739235145 0.0013294172391051515
discuss 5.148005148005148E-4 1.4759065198095778 7.597974361954068E-4
november 2.574002574002574E-4 1.1758019273592397 3.02651718753987E-4
reader 5.148005148005148E-4 2.6798793241355137 0.001379603255668218
rural 2.574002574002574E-4 2.7668907011251433 7.121983786679906E-4
mutuality 2.574002574002574E-4 5.1647859739235145 0.0013294172391051515
good 0.007464607464607464 0.8080771472339223 0.006031978705221042
got 2.574002574002574E-4 2.9675613965872945 7.638510673326368E-4
analyses 2.574002574002574E-4 0.9021060968821986 2.3220234153981944E-4
belonging 0.0033462033462033462 2.120263536200091 0.007094832939665684
act 2.574002574002574E-4 1.4271163556401458 3.673401172818908E-4
helped 5.148005148005148E-4 2.5998366164619773 0.0013383972285518544
others 7.722007722007722E-4 1.1758019273592397 9.079551562619612E-4
ontology 2.574002574002574E-4 2.9675613965872945 7.638510673326368E-4
laugh 2.574002574002574E-4 5.1647859739235145 0.0013294172391051515
coping 2.574002574002574E-4 3.0853444322436783 7.941684510279738E-4
contributed 7.722007722007722E-4 1.5812670354674039 0.0012210556258435551
area 5.148005148005148E-4 0.9600933545325481 4.942565531699089E-4
need 7.722007722007722E-4 0.5013468798114469 3.87140447730847E-4
originally 2.574002574002574E-4 2.5257286443082556 6.501232031681482E-4
its 2.574002574002574E-4 0.19497267434751336 5.01860165630665E-5
internationally 2.574002574002574E-4 3.373026504695459 8.682178905265016E-4
often 2.574002574002574E-4 0.5900749954201312 1.5188545570659747E-4
consent 2.574002574002574E-4 1.4271163556401458 3.673401172818908E-4
relatives 2.574002574002574E-4 5.1647859739235145 0.0013294172391051515
contributes 5.148005148005148E-4 1.906689435902032 9.815647031670692E-4
article 2.574002574002574E-4 1.5812670354674039 4.0701854194785165E-4
respect 2.574002574002574E-4 1.5812670354674039 4.0701854194785165E-4
fusion 2.574002574002574E-4 2.8622008809294686 7.367312434824886E-4
mutual 7.722007722007722E-4 2.7668907011251433 0.002136595136003972
cultures 2.574002574002574E-4 2.456735772821304 6.323644202886238E-4
claims 5.148005148005148E-4 2.169053700369523 0.001116629961580192
therefore 2.574002574002574E-4 1.1394342831883648 2.932906777833629E-4
hardly 2.574002574002574E-4 4.0661736852554045 0.0010466341532188942
trust 5.148005148005148E-4 2.5998366164619773 0.0013383972285518544
private 2.574002574002574E-4 2.331572629867298 6.001473950752375E-4
regional 2.574002574002574E-4 2.5257286443082556 6.501232031681482E-4
roles 5.148005148005148E-4 2.2744142160273495 0.0011708696092804886
provided 2.574002574002574E-4 0.7104386776700063 1.828670984993581E-4
proactive 2.574002574002574E-4 4.471638793363569 0.001151000976412759
interface 2.574002574002574E-4 2.073743520565198 5.337821159755978E-4
peaceful 2.574002574002574E-4 5.1647859739235145 0.0013294172391051515
remove 2.574002574002574E-4 1.8689491079191851 4.810679814463797E-4
happiness 2.574002574002574E-4 4.471638793363569 0.001151000976412759
provides 2.574002574002574E-4 0.6214911916535102 1.599719927036062E-4
responsible 5.148005148005148E-4 1.6682784124570338 8.588305855634665E-4
hard 2.574002574002574E-4 1.8689491079191851 4.810679814463797E-4
enhancing 7.722007722007722E-4 2.331572629867298 0.0018004421852257126
identify 2.574002574002574E-4 0.6214911916535102 1.599719927036062E-4
schuster 2.574002574002574E-4 5.1647859739235145 0.0013294172391051515
approval 2.574002574002574E-4 1.9459101490553132 5.008777732446109E-4
realized 5.148005148005148E-4 2.7668907011251433 0.0014243967573359811
recorded 2.574002574002574E-4 1.5012243277938677 3.864155283896699E-4
room 2.574002574002574E-4 2.2203469947570738 5.715178879683587E-4
praise 2.574002574002574E-4 4.471638793363569 0.001151000976412759
better 0.0010296010296010295 0.4285875255290187 4.412741575588352E-4
occurring 2.574002574002574E-4 2.0292917579943643 5.223402208479702E-4
significance 2.574002574002574E-4 1.2329603411991883 3.1736430918898024E-4
with 0.010038610038610039 0.017291497110061043 1.7358259647165525E-4
horizon 2.574002574002574E-4 2.6798793241355137 6.89801627834109E-4
environment 0.0010296010296010295 1.4035858582299516 0.0014451334447670029
service 5.148005148005148E-4 1.6990500711237875 8.74671851286377E-4
there 0.0015444015444015444 0.12136085700426753 1.8742989498728578E-4
well 0.001287001287001287 0.3127557100038969 4.025170012920166E-4
contributory 2.574002574002574E-4 4.0661736852554045 0.0010466341532188942
taking 2.574002574002574E-4 1.3581234841531944 3.495813344023666E-4
atmosphere 2.574002574002574E-4 3.7784916128036232 9.725847137203663E-4
tries 2.574002574002574E-4 2.7668907011251433 7.121983786679906E-4
education 2.574002574002574E-4 1.730798769438368 4.4550804876148465E-4
considered 2.574002574002574E-4 0.32059888746492277 8.252223615570727E-5
focus 0.0018018018018018018 0.6874491594453075 0.0012386471341356892
togetherness 2.574002574002574E-4 4.0661736852554045 0.0010466341532188942
ambiguities 2.574002574002574E-4 4.0661736852554045 0.0010466341532188942
entire 2.574002574002574E-4 1.1944940603713923 3.0746307860267494E-4
approach 0.0018018018018018018 0.5398131606392429 9.726363254761133E-4
variation 2.574002574002574E-4 1.4035858582299516 3.612833611917507E-4
physiotherapists 2.574002574002574E-4 4.471638793363569 0.001151000976412759
experiencing 2.574002574002574E-4 2.8622008809294686 7.367312434824886E-4
thesis 2.574002574002574E-4 4.0661736852554045 0.0010466341532188942
order 0.0036036036036036037 0.6214911916535102 0.0022396078978504873
similar 7.722007722007722E-4 0.20895891632225325 1.613582365422805E-4
pathogenic 2.574002574002574E-4 3.373026504695459 8.682178905265016E-4
loyalty 5.148005148005148E-4 3.7784916128036232 0.0019451694274407326
understand 5.148005148005148E-4 1.121734706088964 5.774696041642028E-4
handle 2.574002574002574E-4 1.8689491079191851 4.810679814463797E-4
confirmation 2.574002574002574E-4 2.9675613965872945 7.638510673326368E-4
even 2.574002574002574E-4 0.377294231141468 9.711563221144606E-5
presenting 2.574002574002574E-4 1.4759065198095778 3.798987180977034E-4
managers 0.013127413127413128 2.5257286443082556 0.033156283361575556
women 2.574002574002574E-4 2.169053700369523 5.58314980790096E-4
hatched 2.574002574002574E-4 5.1647859739235145 0.0013294172391051515
other 0.0036036036036036037 0.0408219945202552 1.471062865594782E-4
wait 2.574002574002574E-4 3.373026504695459 8.682178905265016E-4
aim 5.148005148005148E-4 1.0376515888784226 5.341835721381841E-4
comprehensibility 5.148005148005148E-4 5.1647859739235145 0.002658834478210303
courage 0.0015444015444015444 5.1647859739235145 0.00797650343463091
local 2.574002574002574E-4 1.0704414117014134 2.7553189490383867E-4
healthcare 0.006435006435006435 1.9867321435755685 0.01278463412854291
asked 5.148005148005148E-4 2.073743520565198 0.0010675642319511957
indicates 2.574002574002574E-4 1.0376515888784226 2.6709178606909204E-4
honesty 2.574002574002574E-4 5.1647859739235145 0.0013294172391051515
too 2.574002574002574E-4 1.3361445774344192 3.439239581555776E-4
have 0.0066924066924066924 0.028987536873252187 1.939963857669387E-4
decisions 7.722007722007722E-4 1.6094379124341003 0.001242809198790811
implications 2.574002574002574E-4 2.120263536200091 5.457563799742834E-4
question 5.148005148005148E-4 1.2329603411991883 6.347286183779605E-4
honestly 5.148005148005148E-4 4.471638793363569 0.002302001952825518
occupational 7.722007722007722E-4 3.373026504695459 0.002604653671579505
discussed 2.574002574002574E-4 1.0216512475319812 2.62973294088026E-4
spirit 2.574002574002574E-4 4.0661736852554045 0.0010466341532188942
workload 2.574002574002574E-4 4.0661736852554045 0.0010466341532188942
filled 2.574002574002574E-4 2.6798793241355137 6.89801627834109E-4
satisfaction 5.148005148005148E-4 2.392197251683733 0.0012315043766711622
phd 2.574002574002574E-4 3.373026504695459 8.682178905265016E-4
opportunities 5.148005148005148E-4 1.8325814637483102 9.43413880951511E-4
names 2.574002574002574E-4 1.8689491079191851 4.810679814463797E-4
future 2.574002574002574E-4 0.48265474679929443 1.2423545606159443E-4
environments 2.574002574002574E-4 2.9675613965872945 7.638510673326368E-4
findings 0.0033462033462033462 0.7459453661269161 0.0024960848802187668
municipality 2.574002574002574E-4 5.1647859739235145 0.0013294172391051515
lets 2.574002574002574E-4 4.0661736852554045 0.0010466341532188942
employee 0.002574002574002574 3.373026504695459 0.008682178905265016
symmetry 2.574002574002574E-4 4.0661736852554045 0.0010466341532188942
whether 5.148005148005148E-4 0.5300569856938783 2.728736091088176E-4
members 7.722007722007722E-4 1.8689491079191851 0.0014432039443391391
quite 2.574002574002574E-4 1.5012243277938677 3.864155283896699E-4
representative 2.574002574002574E-4 1.730798769438368 4.4550804876148465E-4
all 0.004633204633204633 0.017291497110061043 8.011504452537934E-5
always 0.001287001287001287 1.2729656758128876 0.0016383084630796493
new 0.0010296010296010295 0.38566248081198473 3.9707848732250677E-4
took 0.0010296010296010295 1.7635885922613586 0.001815792630384925
comparison 0.0010296010296010295 0.758066726659261 7.805062822746574E-4
read 2.574002574002574E-4 1.7635885922613586 4.5394815759623123E-4
law 2.574002574002574E-4 2.9675613965872945 7.638510673326368E-4
everyone 0.001287001287001287 3.5553480614894135 0.004575737530874406
conducted 0.0010296010296010295 0.664976303593249 6.846602868398959E-4
touch 2.574002574002574E-4 3.5553480614894135 9.151475061748811E-4
applicable 2.574002574002574E-4 2.120263536200091 5.457563799742834E-4
clock 2.574002574002574E-4 4.471638793363569 0.001151000976412759
basis 5.148005148005148E-4 1.3146383722134554 6.767765107919976E-4
affected 2.574002574002574E-4 1.3805963400052528 3.5536585328320533E-4
unit 2.574002574002574E-4 1.5538680612792897 3.999660389393281E-4
improve 0.001287001287001287 0.7104386776700063 9.143354924967906E-4
were 0.008494208494208495 0.0958817717032825 8.14439759641782E-4
became 0.0010296010296010295 1.8689491079191851 0.0019242719257855187
supportive 2.574002574002574E-4 3.0853444322436783 7.941684510279738E-4
reaching 2.574002574002574E-4 2.2744142160273495 5.854348046402443E-4
units 0.0023166023166023165 1.7635885922613586 0.004085533418366081
around 0.001287001287001287 1.0216512475319812 0.0013148664704401302
prerequisites 5.148005148005148E-4 3.373026504695459 0.0017364357810530032
running 2.574002574002574E-4 2.5257286443082556 6.501232031681482E-4
effective 2.574002574002574E-4 0.8472978603872037 2.1809468735835356E-4
weakness 2.574002574002574E-4 3.373026504695459 8.682178905265016E-4
times 2.574002574002574E-4 0.9600933545325481 2.471282765849544E-4
and 0.05328185328185328 0.017291497110061043 9.213230120418626E-4
today 2.574002574002574E-4 2.8622008809294686 7.367312434824886E-4
define 2.574002574002574E-4 1.3146383722134554 3.383882553959988E-4
working 0.002059202059202059 1.5538680612792897 0.0031997283115146246
says 5.148005148005148E-4 3.373026504695459 0.0017364357810530032
possibility 2.574002574002574E-4 1.252762968495368 3.2246151055221825E-4
organising 2.574002574002574E-4 4.471638793363569 0.001151000976412759
comments 0.001287001287001287 2.5257286443082556 0.0032506160158407406
satisfying 2.574002574002574E-4 3.0853444322436783 7.941684510279738E-4
specific 2.574002574002574E-4 0.40261203912575794 1.0363244250341259E-4
followed 0.0010296010296010295 0.758066726659261 7.805062822746574E-4
any 7.722007722007722E-4 0.2669461739726028 2.0613604167768555E-4
formulated 2.574002574002574E-4 1.7635885922613586 4.5394815759623123E-4
caring 2.574002574002574E-4 5.1647859739235145 0.0013294172391051515
suggested 2.574002574002574E-4 1.121734706088964 2.887348020821014E-4
conduct 5.148005148005148E-4 1.6990500711237875 8.74671851286377E-4
quantitative 2.574002574002574E-4 1.5538680612792897 3.999660389393281E-4
consists 2.574002574002574E-4 1.2135422553420867 3.1236608889114196E-4
strategy 2.574002574002574E-4 1.2135422553420867 3.1236608889114196E-4
thought 2.574002574002574E-4 1.9459101490553132 5.008777732446109E-4
led 0.0010296010296010295 1.3581234841531944 0.0013983253376094664
discussion 2.574002574002574E-4 0.2595111954850846 6.67982485161093E-5
professional 5.148005148005148E-4 2.0292917579943643 0.0010446804416959403
decided 2.574002574002574E-4 2.2203469947570738 5.715178879683587E-4
worked 0.0010296010296010295 2.331572629867298 0.00240058958030095
differently 2.574002574002574E-4 2.2744142160273495 5.854348046402443E-4
merge 2.574002574002574E-4 3.5553480614894135 9.151475061748811E-4
initiatives 7.722007722007722E-4 3.5553480614894135 0.0027454425185246436
let 2.574002574002574E-4 1.9459101490553132 5.008777732446109E-4
thinks 2.574002574002574E-4 3.2188758248682006 8.285394658605407E-4
meeting 2.574002574002574E-4 2.2744142160273495 5.854348046402443E-4
motivating 2.574002574002574E-4 3.7784916128036232 9.725847137203663E-4
using 2.574002574002574E-4 0.083381608939051 2.146244760335933E-5
preunderstanding 7.722007722007722E-4 5.1647859739235145 0.003988251717315455
manageability 7.722007722007722E-4 5.1647859739235145 0.003988251717315455
night 2.574002574002574E-4 4.0661736852554045 0.0010466341532188942
want 0.0015444015444015444 1.9867321435755685 0.003068312190850299
each 0.0033462033462033462 0.13434805253107854 4.495559029353979E-4
wanted 5.148005148005148E-4 2.5257286443082556 0.0013002464063362963
recipients 0.0010296010296010295 3.5553480614894135 0.0036605900246995246
creating 5.148005148005148E-4 1.79749014393704 9.253488514476396E-4
reality 5.148005148005148E-4 2.6798793241355137 0.001379603255668218
must 2.574002574002574E-4 1.0376515888784226 2.6709178606909204E-4
clausen 2.574002574002574E-4 5.1647859739235145 0.0013294172391051515
feels 7.722007722007722E-4 4.0661736852554045 0.003139902459656683
increased 2.574002574002574E-4 0.4919571394616079 1.266298943273122E-4
probably 2.574002574002574E-4 1.79749014393704 4.626744257238198E-4
another 0.0018018018018018018 0.40261203912575794 7.254270975238882E-4
giving 2.574002574002574E-4 2.456735772821304 6.323644202886238E-4
two 0.0010296010296010295 0.11492996667397702 1.1833201201953876E-4
found 5.148005148005148E-4 0.27443684570176036 1.4128022944749567E-4
permitted 2.574002574002574E-4 3.373026504695459 8.682178905265016E-4
mornings 5.148005148005148E-4 5.1647859739235145 0.002658834478210303
are 0.006435006435006435 0.028987536873252187 1.8653498631436414E-4
openness 5.148005148005148E-4 4.0661736852554045 0.0020932683064377885
does 2.574002574002574E-4 0.5696661237889241 1.4663220689547596E-4
came 2.574002574002574E-4 2.120263536200091 5.457563799742834E-4
structured 2.574002574002574E-4 1.3805963400052528 3.5536585328320533E-4
where 0.0018018018018018018 0.32850406697203605 5.918992197694343E-4
expectations 0.002059202059202059 2.120263536200091 0.004366051039794267
takes 2.574002574002574E-4 1.3805963400052528 3.5536585328320533E-4
situation 0.001287001287001287 1.7635885922613586 0.0022697407879811566
gives 5.148005148005148E-4 1.3146383722134554 6.767765107919976E-4
creation 2.574002574002574E-4 1.9867321435755685 5.113853651417164E-4
think 0.0015444015444015444 2.0292917579943643 0.0031340413250878214
participate 0.001287001287001287 2.169053700369523 0.0027915749039504802
occurred 2.574002574002574E-4 1.3581234841531944 3.495813344023666E-4
noticed 2.574002574002574E-4 2.7668907011251433 7.121983786679906E-4
salutogenic 0.002059202059202059 3.7784916128036232 0.0077806777097629305
structures 5.148005148005148E-4 1.6682784124570338 8.588305855634665E-4
empower 2.574002574002574E-4 4.0661736852554045 0.0010466341532188942
team 0.0015444015444015444 2.073743520565198 0.0032026926958535875
delegates 2.574002574002574E-4 5.1647859739235145 0.0013294172391051515
describes 5.148005148005148E-4 1.5012243277938677 7.728310567793398E-4
call 2.574002574002574E-4 2.392197251683733 6.157521883355811E-4
such 0.002574002574002574 0.10219094089654716 2.630397449074573E-4
theories 2.574002574002574E-4 2.8622008809294686 7.367312434824886E-4
ask 0.001287001287001287 2.5998366164619773 0.003345993071379636
describe 5.148005148005148E-4 1.0216512475319812 5.25946588176052E-4
feelings 5.148005148005148E-4 2.8622008809294686 0.0014734624869649773
dilemma 2.574002574002574E-4 4.0661736852554045 0.0010466341532188942
disagreements 2.574002574002574E-4 3.2188758248682006 8.285394658605407E-4
through 7.722007722007722E-4 0.2595111954850846 2.003947455483279E-4
strength 2.574002574002574E-4 1.9867321435755685 5.113853651417164E-4
solved 5.148005148005148E-4 2.2203469947570738 0.0011430357759367174
organisation 2.574002574002574E-4 2.9675613965872945 7.638510673326368E-4
had 0.005148005148005148 0.32059888746492277 0.0016504447231141454
individuals 0.0010296010296010295 1.4759065198095778 0.0015195948723908136
research 7.722007722007722E-4 0.41119578281714936 3.175257010171038E-4
participant 2.574002574002574E-4 2.7668907011251433 7.121983786679906E-4
either 2.574002574002574E-4 0.7827593392496325 2.014824554053108E-4
view 5.148005148005148E-4 1.4035858582299516 7.225667223835014E-4
vulnerable 2.574002574002574E-4 2.6798793241355137 6.89801627834109E-4
sarafis 2.574002574002574E-4 5.1647859739235145 0.0013294172391051515
things 7.722007722007722E-4 2.2744142160273495 0.0017563044139207332
has 0.0015444015444015444 0.05279818556697083 8.154159933122908E-5
those 7.722007722007722E-4 0.3364722366212129 2.598241209430215E-4
realize 2.574002574002574E-4 2.8622008809294686 7.367312434824886E-4
given 5.148005148005148E-4 0.3526016185510966 1.8151949474959928E-4
cheerful 2.574002574002574E-4 5.1647859739235145 0.0013294172391051515
develop 0.0010296010296010295 1.157452788691043 0.001191714582950881
sharing 2.574002574002574E-4 2.169053700369523 5.58314980790096E-4
nurses 5.148005148005148E-4 3.7784916128036232 0.0019451694274407326
antonovsky 5.148005148005148E-4 5.1647859739235145 0.002658834478210303
involved 5.148005148005148E-4 1.1043429633770947 5.685163260628544E-4
ethically 2.574002574002574E-4 4.0661736852554045 0.0010466341532188942
district 2.574002574002574E-4 3.7784916128036232 9.725847137203663E-4
colleagues 0.0010296010296010295 2.6798793241355137 0.002759206511336436
parties 2.574002574002574E-4 3.5553480614894135 9.151475061748811E-4
overall 5.148005148005148E-4 0.7339691750802005 3.778477091789964E-4
employees 0.017503217503217504 2.9675613965872945 0.05194187257861931
involving 2.574002574002574E-4 1.5271998141971284 3.9310162527596607E-4
next 2.574002574002574E-4 0.8080771472339223 2.0799926569727728E-4
away 5.148005148005148E-4 2.331572629867298 0.001200294790150475
mood 2.574002574002574E-4 2.8622008809294686 7.367312434824886E-4
hidden 2.574002574002574E-4 1.730798769438368 4.4550804876148465E-4
motivation 2.574002574002574E-4 2.120263536200091 5.457563799742834E-4
aspects 0.0010296010296010295 1.0872485300177945 0.0011194322059385271
show 0.0015444015444015444 0.6321864807702582 9.76349777251364E-4
description 7.722007722007722E-4 1.4512139072192063 0.0011206284997831708
symmetric 2.574002574002574E-4 2.9675613965872945 7.638510673326368E-4
nor 2.574002574002574E-4 1.6094379124341003 4.1426973293027034E-4
negative 2.574002574002574E-4 0.6429973968744738 1.65507695463185E-4
not 0.004118404118404118 0.03488725900044054 1.4367983114724545E-4
cared 5.148005148005148E-4 4.471638793363569 0.002302001952825518
organisations 2.574002574002574E-4 4.471638793363569 0.001151000976412759
transcribed 2.574002574002574E-4 2.6798793241355137 6.89801627834109E-4
now 5.148005148005148E-4 1.4035858582299516 7.225667223835014E-4
supporting 2.574002574002574E-4 1.9867321435755685 5.113853651417164E-4
factor 2.574002574002574E-4 0.7703368192510752 1.982848955601223E-4
enhance 5.148005148005148E-4 1.6990500711237875 8.74671851286377E-4
thoughts 2.574002574002574E-4 2.8622008809294686 7.367312434824886E-4
yes 5.148005148005148E-4 4.0661736852554045 0.0020932683064377885
was 0.011583011583011582 0.058840500022933395 6.815501933158309E-4
yet 2.574002574002574E-4 1.4271163556401458 3.673401172818908E-4
clarification 2.574002574002574E-4 4.0661736852554045 0.0010466341532188942
consultative 2.574002574002574E-4 5.1647859739235145 0.0013294172391051515
way 0.0023166023166023165 0.9306794693262548 0.002156014214655416
equal 5.148005148005148E-4 1.3805963400052528 7.107317065664107E-4
what 0.004633204633204633 0.8209805520698303 0.0038037708976208355
ensured 2.574002574002574E-4 2.5998366164619773 6.691986142759272E-4
clarity 5.148005148005148E-4 3.0853444322436783 0.0015883369020559476
recipient 2.574002574002574E-4 3.5553480614894135 9.151475061748811E-4
paid 2.574002574002574E-4 2.7668907011251433 7.121983786679906E-4
duty 2.574002574002574E-4 3.7784916128036232 9.725847137203663E-4
risk 5.148005148005148E-4 0.8209805520698303 4.2264121084675945E-4
time 5.148005148005148E-4 0.20194134366360675 1.0395950767753242E-4
rise 2.574002574002574E-4 2.0292917579943643 5.223402208479702E-4
striving 5.148005148005148E-4 4.471638793363569 0.002302001952825518
criteria 2.574002574002574E-4 1.121734706088964 2.887348020821014E-4
happy 5.148005148005148E-4 4.0661736852554045 0.0020932683064377885
decide 2.574002574002574E-4 2.5257286443082556 6.501232031681482E-4
asymmetry 2.574002574002574E-4 4.471638793363569 0.001151000976412759
three 2.574002574002574E-4 0.22314355131420976 5.743720754548514E-5
when 0.008751608751608752 0.14750613710858965 0.0012909160004355336
issues 2.574002574002574E-4 1.121734706088964 2.887348020821014E-4
required 0.0015444015444015444 0.5900749954201312 9.113127342395849E-4
confirming 7.722007722007722E-4 2.9675613965872945 0.0022915532019979106
her 7.722007722007722E-4 2.073743520565198 0.0016013463479267937
sweden 2.574002574002574E-4 3.7784916128036232 9.725847137203663E-4
far 2.574002574002574E-4 1.3361445774344192 3.439239581555776E-4
specifically 2.574002574002574E-4 1.3805963400052528 3.5536585328320533E-4
give 0.0010296010296010295 1.157452788691043 0.001191714582950881
having 5.148005148005148E-4 0.8340526336371831 4.2937072516714697E-4
lives 2.574002574002574E-4 3.373026504695459 8.682178905265016E-4
double 5.148005148005148E-4 2.6798793241355137 0.001379603255668218
comprising 2.574002574002574E-4 2.8622008809294686 7.367312434824886E-4
philosophy 2.574002574002574E-4 4.0661736852554045 0.0010466341532188942
dynamically 2.574002574002574E-4 2.9675613965872945 7.638510673326368E-4
provide 2.574002574002574E-4 0.44628710262841953 1.1487441509097027E-4
care 0.0018018018018018018 1.1758019273592397 0.0021185620312779096
meals 2.574002574002574E-4 4.471638793363569 0.001151000976412759
requires 2.574002574002574E-4 0.8881198549074587 2.2860227925545912E-4
participation 2.574002574002574E-4 2.2744142160273495 5.854348046402443E-4
study 0.005662805662805663 0.15415067982725836 8.729253426511413E-4
collegial 0.001287001287001287 4.0661736852554045 0.005233170766094471
differences 5.148005148005148E-4 0.7953381214564925 4.094404743662767E-4
confirmed 2.574002574002574E-4 1.252762968495368 3.2246151055221825E-4
gain 0.0010296010296010295 1.5812670354674039 0.0016280741677914066
lot 2.574002574002574E-4 2.073743520565198 5.337821159755978E-4
receiving 2.574002574002574E-4 1.6990500711237875 4.373359256431885E-4
ways 7.722007722007722E-4 1.4035858582299516 0.0010838500835752523
emphasized 0.0023166023166023165 2.5257286443082556 0.005851108828513333
older 7.722007722007722E-4 1.8325814637483102 0.0014151208214272667
theme 5.148005148005148E-4 2.392197251683733 0.0012315043766711622
categories 2.574002574002574E-4 1.0216512475319812 2.62973294088026E-4
merely 2.574002574002574E-4 2.5257286443082556 6.501232031681482E-4
meant 2.574002574002574E-4 2.331572629867298 6.001473950752375E-4
workgroup 0.0018018018018018018 5.1647859739235145 0.009305920673736062
means 2.574002574002574E-4 0.6988778552689304 1.7989133983756253E-4
desire 2.574002574002574E-4 2.8622008809294686 7.367312434824886E-4
initial 2.574002574002574E-4 0.6988778552689304 1.7989133983756253E-4
more 0.0018018018018018018 0.05279818556697083 9.513186588643393E-5
tentative 0.002059202059202059 4.471638793363569 0.009208007811302071
climate 2.574002574002574E-4 2.9675613965872945 7.638510673326368E-4
performed 5.148005148005148E-4 0.4643056081310978 2.3902476609065522E-4
great 5.148005148005148E-4 1.3361445774344192 6.878479163111552E-4
happened 2.574002574002574E-4 2.9675613965872945 7.638510673326368E-4
organization 2.574002574002574E-4 1.7635885922613586 4.5394815759623123E-4
choice 5.148005148005148E-4 1.6682784124570338 8.588305855634665E-4
interests 2.574002574002574E-4 2.9675613965872945 7.638510673326368E-4
certain 2.574002574002574E-4 0.8209805520698303 2.1132060542337973E-4
board 5.148005148005148E-4 1.4512139072192063 7.470856665221138E-4
small 0.001287001287001287 0.6214911916535102 7.998599635180311E-4
before 5.148005148005148E-4 0.5203950747821414 2.678996523974988E-4
friendly 2.574002574002574E-4 4.471638793363569 0.001151000976412759
tell 7.722007722007722E-4 2.8622008809294686 0.002210193730447466
used 0.0018018018018018018 0.07103577311675174 1.279923839941473E-4
experience 7.722007722007722E-4 1.2135422553420867 9.37098266673426E-4
influence 5.148005148005148E-4 0.9306794693262548 4.7911426992342584E-4
his 2.574002574002574E-4 1.6384254493073527 4.217311323828449E-4
responsibilities 2.574002574002574E-4 4.0661736852554045 0.0010466341532188942
major 2.574002574002574E-4 0.7104386776700063 1.828670984993581E-4
shown 2.574002574002574E-4 0.3364722366212129 8.660804031434051E-5
presented 0.0010296010296010295 0.4373981552111735 4.503455909510151E-4
few 2.574002574002574E-4 0.6988778552689304 1.7989133983756253E-4
pointing 2.574002574002574E-4 2.8622008809294686 7.367312434824886E-4
letting 5.148005148005148E-4 4.0661736852554045 0.0020932683064377885
consider 2.574002574002574E-4 0.8080771472339223 2.0799926569727728E-4
day 0.001287001287001287 1.4271163556401458 0.0018367005864094541
abstractness 2.574002574002574E-4 5.1647859739235145 0.0013294172391051515
described 0.0028314028314028314 0.44628710262841953 0.001263618566000673
group 0.003861003861003861 0.6321864807702582 0.00244087444312841
created 2.574002574002574E-4 1.0704414117014134 2.7553189490383867E-4
kind 2.574002574002574E-4 1.6990500711237875 4.373359256431885E-4
helsinki 2.574002574002574E-4 2.8622008809294686 7.367312434824886E-4
laughed 2.574002574002574E-4 5.1647859739235145 0.0013294172391051515
done 2.574002574002574E-4 0.9452782687474074 2.4331486969045234E-4
both 0.003088803088803089 0.13434805253107854 4.1497467963267504E-4
most 7.722007722007722E-4 0.0771896386911299 5.960589860318911E-5
important 0.001287001287001287 0.2669461739726028 3.435600694628092E-4
formal 2.574002574002574E-4 2.2203469947570738 5.715178879683587E-4
absenteeism 2.574002574002574E-4 4.471638793363569 0.001151000976412759
refers 0.0010296010296010295 1.5271998141971284 0.0015724065011038643
personally 2.574002574002574E-4 4.0661736852554045 0.0010466341532188942
perceived 5.148005148005148E-4 1.730798769438368 8.910160975229693E-4
outside 0.0010296010296010295 1.4035858582299516 0.0014451334447670029
daily 7.722007722007722E-4 1.6384254493073527 0.001265193397148535
residents 2.574002574002574E-4 3.373026504695459 8.682178905265016E-4
creates 2.574002574002574E-4 2.456735772821304 6.323644202886238E-4
job 0.002059202059202059 3.2188758248682006 0.006628315726884325
perceive 5.148005148005148E-4 2.456735772821304 0.0012647288405772477
who 0.003088803088803089 0.44628710262841953 0.0013784929810916433
request 2.574002574002574E-4 2.6798793241355137 6.89801627834109E-4
unsure 2.574002574002574E-4 4.471638793363569 0.001151000976412759
part 0.003861003861003861 0.5496654570822546 0.002122260452055037
crucial 2.574002574002574E-4 1.4035858582299516 3.612833611917507E-4
contribute 7.722007722007722E-4 1.0704414117014134 8.265956847115162E-4
their 0.009781209781209782 0.12136085700426753 0.0011870560015861432
point 2.574002574002574E-4 0.7703368192510752 1.982848955601223E-4
generative 2.574002574002574E-4 2.7668907011251433 7.121983786679906E-4
general 5.148005148005148E-4 0.4734380916943703 2.4372617333043515E-4
dialogue 5.148005148005148E-4 2.8622008809294686 0.0014734624869649773
mentioned 7.722007722007722E-4 1.0376515888784226 8.012753582072761E-4
introduction 2.574002574002574E-4 0.10219094089654716 2.630397449074573E-5
interviewer 2.574002574002574E-4 3.7784916128036232 9.725847137203663E-4
rest 2.574002574002574E-4 1.7635885922613586 4.5394815759623123E-4
process 2.574002574002574E-4 0.5013468798114469 1.2904681591028233E-4
move 2.574002574002574E-4 1.906689435902032 4.907823515835346E-4
clear 0.0023166023166023165 1.0704414117014134 0.002479787054134548
also 0.0036036036036036037 0.05279818556697083 1.9026373177286786E-4
say 2.574002574002574E-4 2.2744142160273495 5.854348046402443E-4
enough 5.148005148005148E-4 1.4512139072192063 7.470856665221138E-4
increase 2.574002574002574E-4 0.5013468798114469 1.2904681591028233E-4
fellowship 7.722007722007722E-4 5.1647859739235145 0.003988251717315455
colleague 5.148005148005148E-4 4.0661736852554045 0.0020932683064377885
differ 5.148005148005148E-4 1.5271998141971284 7.862032505519321E-4
someone 2.574002574002574E-4 2.6798793241355137 6.89801627834109E-4
matters 2.574002574002574E-4 3.373026504695459 8.682178905265016E-4
various 2.574002574002574E-4 0.5798184952529422 1.4924542992353723E-4
neither 2.574002574002574E-4 1.8325814637483102 4.717069404757555E-4
attention 2.574002574002574E-4 1.157452788691043 2.979286457377202E-4
suggestions 7.722007722007722E-4 2.6798793241355137 0.0020694048835023272
further 5.148005148005148E-4 0.27443684570176036 1.4128022944749567E-4
apartment 2.574002574002574E-4 4.471638793363569 0.001151000976412759
demands 2.574002574002574E-4 2.456735772821304 6.323644202886238E-4
inhabitants 2.574002574002574E-4 4.471638793363569 0.001151000976412759
stupid 5.148005148005148E-4 4.471638793363569 0.002302001952825518
been 0.0015444015444015444 0.05279818556697083 8.154159933122908E-5
coherence 2.574002574002574E-4 2.456735772821304 6.323644202886238E-4
bring 2.574002574002574E-4 1.9867321435755685 5.113853651417164E-4
reflected 7.722007722007722E-4 1.9459101490553132 0.0015026333197338327
areas 5.148005148005148E-4 1.1758019273592397 6.05303437507974E-4
promoted 2.574002574002574E-4 3.0853444322436783 7.941684510279738E-4
intermediary 5.148005148005148E-4 5.1647859739235145 0.002658834478210303
qualitative 7.722007722007722E-4 1.6990500711237875 0.0013120077769295656
fluid 2.574002574002574E-4 2.2744142160273495 5.854348046402443E-4
promotes 7.722007722007722E-4 2.9675613965872945 0.0022915532019979106
you 0.005920205920205921 2.2744142160273495 0.013465000506725623
knowledge 5.148005148005148E-4 0.8080771472339223 4.1599853139455455E-4
limitations 2.574002574002574E-4 0.9162907318741551 2.3585347023787775E-4
promoting 2.574002574002574E-4 2.169053700369523 5.58314980790096E-4
gang 2.574002574002574E-4 4.471638793363569 0.001151000976412759
impact 5.148005148005148E-4 0.7827593392496325 4.029649108106216E-4
opportunity 5.148005148005148E-4 1.6384254493073527 8.434622647656899E-4
personal 0.0010296010296010295 1.8325814637483102 0.001886827761903022
easy 2.574002574002574E-4 1.5538680612792897 3.999660389393281E-4
aaron 2.574002574002574E-4 5.1647859739235145 0.0013294172391051515
interpretation 0.0028314028314028314 1.4759065198095778 0.004178885899074738
dealt 2.574002574002574E-4 2.8622008809294686 7.367312434824886E-4
looking 2.574002574002574E-4 1.6990500711237875 4.373359256431885E-4
westerberg 2.574002574002574E-4 5.1647859739235145 0.0013294172391051515
attitude 2.574002574002574E-4 2.8622008809294686 7.367312434824886E-4
advising 2.574002574002574E-4 4.471638793363569 0.001151000976412759
average 2.574002574002574E-4 0.7459453661269161 1.9200652924759743E-4
strong 2.574002574002574E-4 1.2135422553420867 3.1236608889114196E-4
compare 2.574002574002574E-4 0.9306794693262548 2.3955713496171292E-4
deal 2.574002574002574E-4 1.8689491079191851 4.810679814463797E-4
affect 5.148005148005148E-4 0.990398704027877 5.098577626913137E-4
comes 0.001287001287001287 1.730798769438368 0.002227540243807423
how 0.004890604890604891 0.5496654570822546 0.002688196572603047
hermeneutic 7.722007722007722E-4 5.1647859739235145 0.003988251717315455
see 5.148005148005148E-4 1.0376515888784226 5.341835721381841E-4
involvement 2.574002574002574E-4 2.2744142160273495 5.854348046402443E-4
responsibility 0.0010296010296010295 2.7668907011251433 0.0028487935146719622
indicate 2.574002574002574E-4 1.0704414117014134 2.7553189490383867E-4
compared 5.148005148005148E-4 0.2669461739726028 1.3742402778512368E-4
enabling 5.148005148005148E-4 2.169053700369523 0.001116629961580192
therapists 2.574002574002574E-4 4.471638793363569 0.001151000976412759
staff 0.0015444015444015444 2.2744142160273495 0.0035126088278414663
partly 5.148005148005148E-4 2.331572629867298 0.001200294790150475
lasted 2.574002574002574E-4 3.5553480614894135 9.151475061748811E-4
sample 2.574002574002574E-4 0.7221347174331975 1.8587766214496715E-4
march 2.574002574002574E-4 2.169053700369523 5.58314980790096E-4
instructed 2.574002574002574E-4 2.8622008809294686 7.367312434824886E-4
june 2.574002574002574E-4 2.2744142160273495 5.854348046402443E-4
calls 5.148005148005148E-4 2.7668907011251433 0.0014243967573359811
gadamer 2.574002574002574E-4 5.1647859739235145 0.0013294172391051515
series 2.574002574002574E-4 1.1758019273592397 3.02651718753987E-4
under 7.722007722007722E-4 0.7459453661269161 5.760195877427924E-4
phenomena 2.574002574002574E-4 2.169053700369523 5.58314980790096E-4
interview 0.001287001287001287 2.7668907011251433 0.0035609918933399527
did 0.0010296010296010295 0.5108256237659907 5.259465881760521E-4
essential 2.574002574002574E-4 1.252762968495368 3.2246151055221825E-4
sfs 2.574002574002574E-4 4.0661736852554045 0.0010466341532188942
transferred 2.574002574002574E-4 2.392197251683733 6.157521883355811E-4
sometimes 5.148005148005148E-4 1.9459101490553132 0.0010017555464892217
questions 0.001287001287001287 1.1944940603713923 0.001537315393013375
developed 2.574002574002574E-4 0.48265474679929443 1.2423545606159443E-4
interpersonal 2.574002574002574E-4 3.5553480614894135 9.151475061748811E-4
believing 2.574002574002574E-4 4.0661736852554045 0.0010466341532188942
down 2.574002574002574E-4 1.6384254493073527 4.217311323828449E-4
meaningful 2.574002574002574E-4 1.730798769438368 4.4550804876148465E-4
brings 2.574002574002574E-4 2.5998366164619773 6.691986142759272E-4
talk 0.002059202059202059 2.456735772821304 0.005058915362308991
which 0.004118404118404118 0.023122417420854212 9.522745913350512E-5
commonly 2.574002574002574E-4 1.0216512475319812 2.62973294088026E-4
transcripts 7.722007722007722E-4 2.9675613965872945 0.0022915532019979106
prerequisite 5.148005148005148E-4 2.9675613965872945 0.0015277021346652736
varied 5.148005148005148E-4 1.7635885922613586 9.078963151924625E-4
never 5.148005148005148E-4 2.169053700369523 0.001116629961580192
she 0.0018018018018018018 2.2744142160273495 0.004098043632481711
take 0.0018018018018018018 0.8743265327751228 0.0015753631221173386
parts 2.574002574002574E-4 1.4035858582299516 3.612833611917507E-4
western 2.574002574002574E-4 2.5998366164619773 6.691986142759272E-4
arose 2.574002574002574E-4 3.7784916128036232 9.725847137203663E-4
methodological 2.574002574002574E-4 2.2203469947570738 5.715178879683587E-4
little 5.148005148005148E-4 1.252762968495368 6.449230211044365E-4
duties 2.574002574002574E-4 4.0661736852554045 0.0010466341532188942
some 0.0010296010296010295 0.2160260835453457 2.2242067803896596E-4
identifying 2.574002574002574E-4 1.0216512475319812 2.62973294088026E-4
analytical 2.574002574002574E-4 1.9459101490553132 5.008777732446109E-4
rather 2.574002574002574E-4 0.758066726659261 1.9512657056866434E-4
importance 0.001287001287001287 0.9600933545325481 0.0012356413829247722
for 0.014414414414414415 0.017291497110061043 2.492468051900691E-4
lund 2.574002574002574E-4 4.0661736852554045 0.0010466341532188942
content 2.574002574002574E-4 1.293584963015623 3.3296910244932383E-4
states 2.574002574002574E-4 1.293584963015623 3.3296910244932383E-4
getting 2.574002574002574E-4 2.5257286443082556 6.501232031681482E-4
just 7.722007722007722E-4 1.3146383722134554 0.0010151647661879963
views 0.0010296010296010295 2.392197251683733 0.0024630087533423243
length 2.574002574002574E-4 1.2329603411991883 3.1736430918898024E-4
home 0.001287001287001287 2.2203469947570738 0.002857589439841794
considerations 5.148005148005148E-4 2.392197251683733 0.0012315043766711622
although 5.148005148005148E-4 0.4285875255290187 2.206370787794176E-4
approximately 5.148005148005148E-4 0.9452782687474074 4.866297393809047E-4
form 2.574002574002574E-4 0.664976303593249 1.7116507170997398E-4
material 2.574002574002574E-4 1.6384254493073527 4.217311323828449E-4
interpret 2.574002574002574E-4 2.120263536200091 5.457563799742834E-4
comprehensive 0.0018018018018018018 1.3805963400052528 0.0024875609729824374
showing 2.574002574002574E-4 1.5012243277938677 3.864155283896699E-4
upcoming 2.574002574002574E-4 3.0853444322436783 7.941684510279738E-4
promotion 0.0018018018018018018 2.9675613965872945 0.005346957471328458
big 2.574002574002574E-4 1.6682784124570338 4.2941529278173326E-4
very 5.148005148005148E-4 0.5596157879354227 2.8809049571965127E-4
practice 2.574002574002574E-4 1.2729656758128876 3.2766169261592987E-4
placed 2.574002574002574E-4 2.120263536200091 5.457563799742834E-4
landstad 2.574002574002574E-4 5.1647859739235145 0.0013294172391051515
attempt 2.574002574002574E-4 1.6682784124570338 4.2941529278173326E-4
soon 2.574002574002574E-4 2.9675613965872945 7.638510673326368E-4
flourish 2.574002574002574E-4 5.1647859739235145 0.0013294172391051515
improved 2.574002574002574E-4 0.8607208807193443 2.2154977624693544E-4
relationships 0.011325611325611325 1.5271998141971284 0.01729647151214251
workplaces 2.574002574002574E-4 4.0661736852554045 0.0010466341532188942
balance 7.722007722007722E-4 2.2744142160273495 0.0017563044139207332
four 5.148005148005148E-4 0.4643056081310978 2.3902476609065522E-4
symmetrical 0.001287001287001287 3.7784916128036232 0.004862923568601831
context 7.722007722007722E-4 0.9162907318741551 7.075604107136333E-4
revealed 2.574002574002574E-4 1.3581234841531944 3.495813344023666E-4
guidelines 2.574002574002574E-4 1.5812670354674039 4.0701854194785165E-4
unaware 2.574002574002574E-4 4.471638793363569 0.001151000976412759
text 7.722007722007722E-4 0.8607208807193443 6.646493287408064E-4
whereas 2.574002574002574E-4 1.0872485300177945 2.798580514846318E-4
tasks 2.574002574002574E-4 1.293584963015623 3.3296910244932383E-4
reduce 5.148005148005148E-4 0.8340526336371831 4.2937072516714697E-4
encouraging 5.148005148005148E-4 3.0853444322436783 0.0015883369020559476
likely 5.148005148005148E-4 0.5798184952529422 2.9849085984707445E-4
researchers 5.148005148005148E-4 1.1043429633770947 5.685163260628544E-4
satisfied 7.722007722007722E-4 2.7668907011251433 0.002136595136003972
made 0.0015444015444015444 0.6109090823229731 9.4348893022853E-4
signed 2.574002574002574E-4 3.0853444322436783 7.941684510279738E-4
appreciation 2.574002574002574E-4 4.0661736852554045 0.0010466341532188942
sense 0.0023166023166023165 1.5271998141971284 0.003537914627483695
being 0.0023166023166023165 0.48265474679929443 0.0011181191045543499
sensitive 5.148005148005148E-4 1.906689435902032 9.815647031670692E-4
promotive 5.148005148005148E-4 5.1647859739235145 0.002658834478210303
talked 5.148005148005148E-4 3.7784916128036232 0.0019451694274407326
field 5.148005148005148E-4 0.8472978603872037 4.361893747167071E-4
explored 2.574002574002574E-4 1.5538680612792897 3.999660389393281E-4
served 2.574002574002574E-4 3.0853444322436783 7.941684510279738E-4
asks 2.574002574002574E-4 3.5553480614894135 9.151475061748811E-4
gave 2.574002574002574E-4 2.073743520565198 5.337821159755978E-4
opens 2.574002574002574E-4 2.7668907011251433 7.121983786679906E-4
transferability 5.148005148005148E-4 3.7784916128036232 0.0019451694274407326
become 2.574002574002574E-4 0.8607208807193443 2.2154977624693544E-4
works 5.148005148005148E-4 1.3805963400052528 7.107317065664107E-4
turned 2.574002574002574E-4 2.5998366164619773 6.691986142759272E-4
focuses 5.148005148005148E-4 1.5538680612792897 7.999320778786562E-4
thinking 2.574002574002574E-4 2.8622008809294686 7.367312434824886E-4
world 2.574002574002574E-4 1.4035858582299516 3.612833611917507E-4
known 2.574002574002574E-4 0.8607208807193443 2.2154977624693544E-4
hopefully 2.574002574002574E-4 4.0661736852554045 0.0010466341532188942
ability 5.148005148005148E-4 0.8881198549074587 4.5720455851091824E-4
everything 2.574002574002574E-4 3.2188758248682006 8.285394658605407E-4
stand 2.574002574002574E-4 2.5998366164619773 6.691986142759272E-4
together 0.0015444015444015444 1.1394342831883648 0.0017597440667001772
knows 2.574002574002574E-4 3.5553480614894135 9.151475061748811E-4
characterized 7.722007722007722E-4 1.7635885922613586 0.001361844472788694
may 0.002574002574002574 0.15415067982725836 3.9678424665960964E-4
within 0.001287001287001287 0.3127557100038969 4.025170012920166E-4
seemed 2.574002574002574E-4 2.2744142160273495 5.854348046402443E-4
could 0.001287001287001287 0.22314355131420976 2.8718603772742566E-4
knew 7.722007722007722E-4 3.373026504695459 0.002604653671579505
suggestion 5.148005148005148E-4 3.0853444322436783 0.0015883369020559476
health 0.005405405405405406 0.990398704027877 0.0053535065082587945
positive 0.007464607464607464 0.6988778552689304 0.005216848855289313
ethical 0.001287001287001287 1.8325814637483102 0.0023585347023787773
disabilities 2.574002574002574E-4 4.0661736852554045 0.0010466341532188942
interviewees 2.574002574002574E-4 5.1647859739235145 0.0013294172391051515
able 7.722007722007722E-4 0.7703368192510752 5.94854686680367E-4
equals 2.574002574002574E-4 2.9675613965872945 7.638510673326368E-4
report 2.574002574002574E-4 1.0059028905638423 2.5891966295079596E-4
oral 5.148005148005148E-4 2.120263536200091 0.0010915127599485667
emerges 2.574002574002574E-4 3.373026504695459 8.682178905265016E-4
trustworthy 2.574002574002574E-4 4.0661736852554045 0.0010466341532188942
workplace 0.005148005148005148 2.9675613965872945 0.015277021346652738
comparable 5.148005148005148E-4 1.5812670354674039 8.140370838957033E-4
fun 5.148005148005148E-4 3.7784916128036232 0.0019451694274407326
return 2.574002574002574E-4 2.0292917579943643 5.223402208479702E-4
greeted 2.574002574002574E-4 5.1647859739235145 0.0013294172391051515
soc 0.0010296010296010295 5.1647859739235145 0.005317668956420606
use 7.722007722007722E-4 0.20895891632225325 1.613582365422805E-4
subject 2.574002574002574E-4 1.2135422553420867 3.1236608889114196E-4
several 7.722007722007722E-4 0.3526016185510966 2.722792421243989E-4
feel 0.002574002574002574 2.392197251683733 0.006157521883355811
nursing 2.574002574002574E-4 3.5553480614894135 9.151475061748811E-4
main 2.574002574002574E-4 0.6004377824556778 1.5455283975693122E-4
office 2.574002574002574E-4 2.456735772821304 6.323644202886238E-4
while 0.0018018018018018018 0.20895891632225325 3.765025519319878E-4
stands 0.0010296010296010295 2.6798793241355137 0.002759206511336436
that 0.02574002574002574 0.017291497110061043 4.450835806965519E-4
solution 5.148005148005148E-4 1.293584963015623 6.659382048986477E-4
find 2.574002574002574E-4 0.9306794693262548 2.3955713496171292E-4
concentrated 2.574002574002574E-4 2.9675613965872945 7.638510673326368E-4
than 7.722007722007722E-4 0.058840500022933395 4.543667955438872E-5
credibility 7.722007722007722E-4 3.0853444322436783 0.0023825053530839215
expressed 0.001287001287001287 1.1758019273592397 0.0015132585937699353
different 0.0010296010296010295 0.18805223150293962 1.936187711741978E-4
informants 2.574002574002574E-4 4.471638793363569 0.001151000976412759
asymmetrical 0.001287001287001287 5.1647859739235145 0.006647086195525759
level 5.148005148005148E-4 0.5798184952529422 2.9849085984707445E-4
occur 2.574002574002574E-4 1.3146383722134554 3.383882553959988E-4
author 2.574002574002574E-4 2.0292917579943643 5.223402208479702E-4
difficult 0.001287001287001287 0.7703368192510752 9.914244778006117E-4
feeling 0.002059202059202059 3.0853444322436783 0.00635334760822379
experiences 0.002574002574002574 1.79749014393704 0.004626744257238198
establish 7.722007722007722E-4 1.7635885922613586 0.001361844472788694
chosen 2.574002574002574E-4 1.252762968495368 3.2246151055221825E-4
expand 2.574002574002574E-4 2.169053700369523 5.58314980790096E-4
task 2.574002574002574E-4 1.2329603411991883 3.1736430918898024E-4
directions 5.148005148005148E-4 2.0292917579943643 0.0010446804416959403
strengths 2.574002574002574E-4 2.331572629867298 6.001473950752375E-4
focused 7.722007722007722E-4 1.0704414117014134 8.265956847115162E-4
principles 2.574002574002574E-4 1.8325814637483102 4.717069404757555E-4
position 2.574002574002574E-4 1.2729656758128876 3.2766169261592987E-4
present 2.574002574002574E-4 0.38566248081198473 9.926962183062669E-5
since 7.722007722007722E-4 0.377294231141468 2.913468966343382E-4
problems 2.574002574002574E-4 1.1758019273592397 3.02651718753987E-4
best 2.574002574002574E-4 0.6988778552689304 1.7989133983756253E-4
investigate 2.574002574002574E-4 0.9600933545325481 2.471282765849544E-4
total 2.574002574002574E-4 0.5108256237659907 1.3148664704401304E-4
men 2.574002574002574E-4 2.392197251683733 6.157521883355811E-4
leadership 2.574002574002574E-4 3.373026504695459 8.682178905265016E-4
physical 5.148005148005148E-4 1.3146383722134554 6.767765107919976E-4
make 7.722007722007722E-4 0.664976303593249 5.13495215129922E-4
included 5.148005148005148E-4 0.41985384556026406 2.1614097583539976E-4
experienced 2.574002574002574E-4 1.6094379124341003 4.1426973293027034E-4
highly 2.574002574002574E-4 0.9162907318741551 2.3585347023787775E-4
allows 2.574002574002574E-4 1.2135422553420867 3.1236608889114196E-4
probing 2.574002574002574E-4 4.0661736852554045 0.0010466341532188942
processes 2.574002574002574E-4 1.293584963015623 3.3296910244932383E-4
initiative 2.574002574002574E-4 3.2188758248682006 8.285394658605407E-4
chance 2.574002574002574E-4 2.2744142160273495 5.854348046402443E-4
social 7.722007722007722E-4 1.0704414117014134 8.265956847115162E-4
problematic 5.148005148005148E-4 2.5257286443082556 0.0013002464063362963
raised 2.574002574002574E-4 2.7668907011251433 7.121983786679906E-4
control 5.148005148005148E-4 0.7459453661269161 3.8401305849519485E-4
sought 2.574002574002574E-4 2.2744142160273495 5.854348046402443E-4
exactly 2.574002574002574E-4 2.8622008809294686 7.367312434824886E-4
structure 5.148005148005148E-4 1.0216512475319812 5.25946588176052E-4
acknowledge 2.574002574002574E-4 2.7668907011251433 7.121983786679906E-4
due 2.574002574002574E-4 0.20895891632225325 5.378607884742683E-5
perspectives 7.722007722007722E-4 2.0292917579943643 0.0015670206625439107
psychosocial 0.0010296010296010295 3.5553480614894135 0.0036605900246995246
easier 5.148005148005148E-4 2.331572629867298 0.001200294790150475
worthwhile 2.574002574002574E-4 3.7784916128036232 9.725847137203663E-4
depend 2.574002574002574E-4 1.7635885922613586 4.5394815759623123E-4
credible 2.574002574002574E-4 3.7784916128036232 9.725847137203663E-4
about 0.009781209781209782 0.377294231141468 0.0036903940240349507
registered 5.148005148005148E-4 2.8622008809294686 0.0014734624869649773
preunderstandings 2.574002574002574E-4 5.1647859739235145 0.0013294172391051515
quotes 5.148005148005148E-4 3.2188758248682006 0.0016570789317210813
reflect 2.574002574002574E-4 1.252762968495368 3.2246151055221825E-4
encouraged 0.0015444015444015444 2.7668907011251433 0.004273190272007944
exercises 5.148005148005148E-4 3.7784916128036232 0.0019451694274407326
meaning 5.148005148005148E-4 1.121734706088964 5.774696041642028E-4
strengthen 2.574002574002574E-4 2.8622008809294686 7.367312434824886E-4
friend 2.574002574002574E-4 3.7784916128036232 9.725847137203663E-4
grabbed 2.574002574002574E-4 5.1647859739235145 0.0013294172391051515
physiotherapist 2.574002574002574E-4 5.1647859739235145 0.0013294172391051515
interpretations 2.574002574002574E-4 3.2188758248682006 8.285394658605407E-4
they 0.009781209781209782 0.167573700159399 0.0016390735150726289
based 0.0010296010296010295 0.18805223150293962 1.936187711741978E-4
them 0.004375804375804376 0.5696661237889241 0.0024927475172230916
received 2.574002574002574E-4 0.9452782687474074 2.4331486969045234E-4
then 0.0018018018018018018 0.4285875255290187 7.722297757279616E-4
something 0.0015444015444015444 2.169053700369523 0.0033498898847405764
quality 2.574002574002574E-4 0.8080771472339223 2.0799926569727728E-4
mission 7.722007722007722E-4 4.471638793363569 0.003453002929238277
appreciated 0.0010296010296010295 5.1647859739235145 0.005317668956420606
unique 5.148005148005148E-4 1.157452788691043 5.958572914754404E-4
obtained 2.574002574002574E-4 0.6004377824556778 1.5455283975693122E-4
understandable 2.574002574002574E-4 3.7784916128036232 9.725847137203663E-4
asymmetric 2.574002574002574E-4 3.5553480614894135 9.151475061748811E-4
interpreted 2.574002574002574E-4 1.7635885922613586 4.5394815759623123E-4
starting 5.148005148005148E-4 1.3146383722134554 6.767765107919976E-4
conditions 2.574002574002574E-4 1.0376515888784226 2.6709178606909204E-4
daytime 5.148005148005148E-4 4.471638793363569 0.002302001952825518
shared 2.574002574002574E-4 1.730798769438368 4.4550804876148465E-4
components 2.574002574002574E-4 1.3361445774344192 3.439239581555776E-4
access 2.574002574002574E-4 1.252762968495368 3.2246151055221825E-4
believe 2.574002574002574E-4 1.5538680612792897 3.999660389393281E-4
seen 2.574002574002574E-4 0.8472978603872037 2.1809468735835356E-4
extended 0.001287001287001287 1.6682784124570338 0.002147076463908666
seem 2.574002574002574E-4 1.6094379124341003 4.1426973293027034E-4
actively 5.148005148005148E-4 2.2744142160273495 0.0011708696092804886
perspective 0.0023166023166023165 1.5538680612792897 0.003599694350453953
supports 2.574002574002574E-4 1.6990500711237875 4.373359256431885E-4
audio 2.574002574002574E-4 2.9675613965872945 7.638510673326368E-4
relationship 0.005920205920205921 0.9162907318741551 0.005424629815471189
free 2.574002574002574E-4 1.6990500711237875 4.373359256431885E-4
situations 0.0018018018018018018 2.120263536200091 0.003820294659819984
participants 0.0023166023166023165 1.6094379124341003 0.003728427596372433
though 2.574002574002574E-4 1.1043429633770947 2.842581630314272E-4
manager 0.01287001287001287 3.5553480614894135 0.04575737530874406
necessary 2.574002574002574E-4 0.8607208807193443 2.2154977624693544E-4
accordance 2.574002574002574E-4 1.6384254493073527 4.217311323828449E-4
one 0.004118404118404118 0.06491954609931569 2.673649260203477E-4
makes 2.574002574002574E-4 1.0539121097502027 2.7127724832695047E-4
started 2.574002574002574E-4 1.906689435902032 4.907823515835346E-4
many 2.574002574002574E-4 0.20194134366360675 5.197975383876621E-5
people 0.0010296010296010295 1.0539121097502027 0.0010851089933078019
everyday 2.574002574002574E-4 2.7668907011251433 7.121983786679906E-4
closer 2.574002574002574E-4 1.6990500711237875 4.373359256431885E-4
connected 2.574002574002574E-4 1.4512139072192063 3.735428332610569E-4
actually 7.722007722007722E-4 1.5812670354674039 0.0012210556258435551
dialogues 7.722007722007722E-4 3.0853444322436783 0.0023825053530839215
extensive 2.574002574002574E-4 1.5271998141971284 3.9310162527596607E-4
residential 5.148005148005148E-4 3.373026504695459 0.0017364357810530032
texts 2.574002574002574E-4 1.4512139072192063 3.735428332610569E-4
increasing 2.574002574002574E-4 0.9021060968821986 2.3220234153981944E-4
showed 0.001287001287001287 0.5398131606392429 6.947402324829381E-4
respected 2.574002574002574E-4 4.0661736852554045 0.0010466341532188942
open 7.722007722007722E-4 1.0872485300177945 8.395741544538954E-4
laughing 2.574002574002574E-4 5.1647859739235145 0.0013294172391051515
but 0.002059202059202059 0.083381608939051 1.7169958082687464E-4
separate 2.574002574002574E-4 1.3146383722134554 3.383882553959988E-4
available 5.148005148005148E-4 0.5696661237889241 2.932644137909519E-4
expressing 5.148005148005148E-4 2.392197251683733 0.0012315043766711622
express 2.574002574002574E-4 1.8689491079191851 4.810679814463797E-4
contexts 5.148005148005148E-4 2.0292917579943643 0.0010446804416959403
stressors 2.574002574002574E-4 3.7784916128036232 9.725847137203663E-4
descriptions 2.574002574002574E-4 1.8325814637483102 4.717069404757555E-4
mainly 5.148005148005148E-4 1.0059028905638423 5.178393259015919E-4
interviews 0.0015444015444015444 2.8622008809294686 0.004420387460894932
trustworthiness 2.574002574002574E-4 3.7784916128036232 9.725847137203663E-4
awareness 5.148005148005148E-4 2.0292917579943643 0.0010446804416959403
confirmability 5.148005148005148E-4 3.7784916128036232 0.0019451694274407326
written 2.574002574002574E-4 1.121734706088964 2.887348020821014E-4
sector 5.148005148005148E-4 2.2203469947570738 0.0011430357759367174
five 7.722007722007722E-4 0.9021060968821986 6.966070246194583E-4
generate 2.574002574002574E-4 1.3361445774344192 3.439239581555776E-4
emotions 2.574002574002574E-4 2.456735772821304 6.323644202886238E-4
this 0.005662805662805663 0.017291497110061043 9.791838775324143E-5
felt 0.001287001287001287 2.5998366164619773 0.003345993071379636
relationally 2.574002574002574E-4 4.471638793363569 0.001151000976412759
collection 2.574002574002574E-4 1.0216512475319812 2.62973294088026E-4
enhanced 0.0015444015444015444 1.8325814637483102 0.0028302416428545333
achieving 2.574002574002574E-4 2.2203469947570738 5.715178879683587E-4
once 2.574002574002574E-4 1.4271163556401458 3.673401172818908E-4
know 0.001287001287001287 1.8689491079191851 0.0024053399072318984
vital 0.0010296010296010295 2.2203469947570738 0.0022860715518734347
support 0.001287001287001287 0.7104386776700063 9.143354924967906E-4
changed 5.148005148005148E-4 1.79749014393704 9.253488514476396E-4
allow 5.148005148005148E-4 1.252762968495368 6.449230211044365E-4
doing 0.002574002574002574 2.0292917579943643 0.0052234022084797025
needed 0.0015444015444015444 0.8080771472339223 0.0012479955941836639
mmm 2.574002574002574E-4 5.1647859739235145 0.0013294172391051515
common 2.574002574002574E-4 0.3526016185510966 9.075974737479964E-5
interest 2.574002574002574E-4 1.0539121097502027 2.7127724832695047E-4
themselves 5.148005148005148E-4 1.6094379124341003 8.285394658605407E-4
conflicts 2.574002574002574E-4 5.1647859739235145 0.0013294172391051515
cases 2.574002574002574E-4 0.6004377824556778 1.5455283975693122E-4
previous 5.148005148005148E-4 0.32850406697203605 1.6911406279126694E-4
apply 2.574002574002574E-4 1.3146383722134554 3.383882553959988E-4
reading 2.574002574002574E-4 1.9459101490553132 5.008777732446109E-4
meaningfulness 2.574002574002574E-4 4.471638793363569 0.001151000976412759
deepen 2.574002574002574E-4 4.471638793363569 0.001151000976412759
healthy 2.574002574002574E-4 2.456735772821304 6.323644202886238E-4
step 0.0015444015444015444 1.0872485300177945 0.0016791483089077907
deeper 2.574002574002574E-4 2.169053700369523 5.58314980790096E-4
reach 5.148005148005148E-4 1.730798769438368 8.910160975229693E-4
comparative 5.148005148005148E-4 2.2744142160273495 0.0011708696092804886
whole 2.574002574002574E-4 1.252762968495368 3.2246151055221825E-4
during 0.0015444015444015444 0.28958865072236245 4.4724115941677597E-4
relation 5.148005148005148E-4 1.3361445774344192 6.878479163111552E-4
feedback 2.574002574002574E-4 1.79749014393704 4.626744257238198E-4
problem 0.0010296010296010295 0.9162907318741551 9.43413880951511E-4
terms 2.574002574002574E-4 0.5696661237889241 1.4663220689547596E-4
review 2.574002574002574E-4 0.5696661237889241 1.4663220689547596E-4
enable 2.574002574002574E-4 1.5012243277938677 3.864155283896699E-4
presence 2.574002574002574E-4 0.9751312318970885 2.5099903008934065E-4
between 0.005405405405405406 0.058840500022933395 3.1805675688072107E-4
profession 2.574002574002574E-4 3.5553480614894135 9.151475061748811E-4
goal 2.574002574002574E-4 1.4759065198095778 3.798987180977034E-4
method 2.574002574002574E-4 0.4734380916943703 1.2186308666521757E-4
work 0.008494208494208495 0.5696661237889241 0.004838862827550707
come 5.148005148005148E-4 1.8689491079191851 9.621359628927594E-4
insight 2.574002574002574E-4 1.5271998141971284 3.9310162527596607E-4
examples 7.722007722007722E-4 1.1394342831883648 8.798720333500886E-4
among 0.0023166023166023165 0.32850406697203605 7.610132825607012E-4
following 2.574002574002574E-4 0.2160260835453457 5.560516950974149E-5
theory 0.0010296010296010295 1.5271998141971284 0.0015724065011038643
distribution 2.574002574002574E-4 0.9751312318970885 2.5099903008934065E-4
our 0.002574002574002574 0.19497267434751336 5.01860165630665E-4
cope 5.148005148005148E-4 2.5257286443082556 0.0013002464063362963
out 0.0018018018018018018 0.368995428326773 6.648566276158072E-4
get 0.0015444015444015444 1.3805963400052528 0.0021321951196992322
course 2.574002574002574E-4 1.6990500711237875 4.373359256431885E-4
believed 5.148005148005148E-4 2.456735772821304 0.0012647288405772477
steer 2.574002574002574E-4 3.7784916128036232 9.725847137203663E-4
power 5.148005148005148E-4 1.4759065198095778 7.597974361954068E-4
dare 5.148005148005148E-4 4.471638793363569 0.002302001952825518
informed 5.148005148005148E-4 1.4035858582299516 7.225667223835014E-4
lead 5.148005148005148E-4 0.7703368192510752 3.965697911202446E-4
opinion 2.574002574002574E-4 2.2203469947570738 5.715178879683587E-4
help 2.574002574002574E-4 0.8743265327751228 2.2505187458819119E-4
depth 2.574002574002574E-4 2.7668907011251433 7.121983786679906E-4
assess 2.574002574002574E-4 0.9751312318970885 2.5099903008934065E-4
first 5.148005148005148E-4 0.167573700159399 8.626702710908572E-5
reveal 2.574002574002574E-4 1.9867321435755685 5.113853651417164E-4
data 0.0015444015444015444 0.167573700159399 2.588010813272572E-4
own 0.0023166023166023165 1.3361445774344192 0.0030953156234001986
obliged 2.574002574002574E-4 3.5553480614894135 9.151475061748811E-4
should 0.002059202059202059 0.368995428326773 7.598361458466368E-4
only 7.722007722007722E-4 0.10854016857520597 8.381480198857603E-5
create 0.002059202059202059 1.0704414117014134 0.0022042551592307094
from 0.005662805662805663 0.023122417420854212 1.3093775630856953E-4
swedish 2.574002574002574E-4 2.9675613965872945 7.638510673326368E-4
development 2.574002574002574E-4 0.6004377824556778 1.5455283975693122E-4
individual 0.002574002574002574 0.7221347174331975 0.0018587766214496716
resource 0.0018018018018018018 1.5812670354674039 0.002849129793634962
like 0.002059202059202059 0.7827593392496325 0.0016118596432424864
goes 2.574002574002574E-4 2.7668907011251433 7.121983786679906E-4
comparing 2.574002574002574E-4 1.0539121097502027 2.7127724832695047E-4
accepted 5.148005148005148E-4 2.169053700369523 0.001116629961580192
towards 2.574002574002574E-4 1.5012243277938677 3.864155283896699E-4
core 2.574002574002574E-4 1.5271998141971284 3.9310162527596607E-4
efforts 0.0010296010296010295 1.7635885922613586 0.001815792630384925
person 2.574002574002574E-4 2.169053700369523 5.58314980790096E-4
permissive 2.574002574002574E-4 5.1647859739235145 0.0013294172391051515
intervention 2.574002574002574E-4 1.79749014393704 4.626744257238198E-4
here 2.574002574002574E-4 1.3361445774344192 3.439239581555776E-4
concrete 5.148005148005148E-4 2.8622008809294686 0.0014734624869649773
acknowledged 2.574002574002574E-4 3.2188758248682006 8.285394658605407E-4
purpose 2.574002574002574E-4 1.0539121097502027 2.7127724832695047E-4
according 7.722007722007722E-4 0.4919571394616079 3.798896829819366E-4
statements 2.574002574002574E-4 2.392197251683733 6.157521883355811E-4
can 0.004375804375804376 0.0958817717032825 4.1955987617909977E-4
security 5.148005148005148E-4 2.073743520565198 0.0010675642319511957
operations 2.574002574002574E-4 1.9459101490553132 5.008777732446109E-4
moments 2.574002574002574E-4 4.471638793363569 0.001151000976412759
paper 2.574002574002574E-4 0.9306794693262548 2.3955713496171292E-4
challenged 2.574002574002574E-4 3.5553480614894135 9.151475061748811E-4
eligible 2.574002574002574E-4 2.7668907011251433 7.121983786679906E-4
delegating 2.574002574002574E-4 5.1647859739235145 0.0013294172391051515
talks 2.574002574002574E-4 4.0661736852554045 0.0010466341532188942
studies 0.0010296010296010295 0.24480504809538922 2.520515295705423E-4
said 0.0015444015444015444 2.169053700369523 0.0033498898847405764
value 2.574002574002574E-4 0.6214911916535102 1.599719927036062E-4
listening 2.574002574002574E-4 4.0661736852554045 0.0010466341532188942
carried 2.574002574002574E-4 1.121734706088964 2.887348020821014E-4
balloon 2.574002574002574E-4 5.1647859739235145 0.0013294172391051515
aims 2.574002574002574E-4 1.4271163556401458 3.673401172818908E-4
stories 2.574002574002574E-4 3.0853444322436783 7.941684510279738E-4
limited 2.574002574002574E-4 0.5696661237889241 1.4663220689547596E-4
will 2.574002574002574E-4 0.3526016185510966 9.075974737479964E-5
assistant 7.722007722007722E-4 3.7784916128036232 0.002917754141161099
february 2.574002574002574E-4 2.2203469947570738 5.715178879683587E-4
confidence 5.148005148005148E-4 1.906689435902032 9.815647031670692E-4
resources 5.148005148005148E-4 1.3805963400052528 7.107317065664107E-4
groups 5.148005148005148E-4 0.8472978603872037 4.361893747167071E-4
allowing 5.148005148005148E-4 1.5538680612792897 7.999320778786562E-4
instead 2.574002574002574E-4 1.0376515888784226 2.6709178606909204E-4
follow 2.574002574002574E-4 1.4512139072192063 3.735428332610569E-4
really 0.0015444015444015444 2.5998366164619773 0.004015191685655563
factors 7.722007722007722E-4 0.6321864807702582 4.88174888625682E-4
carries 2.574002574002574E-4 2.6798793241355137 6.89801627834109E-4
performance 2.574002574002574E-4 0.7703368192510752 1.982848955601223E-4
