been 0.0018587360594795538 0.05279818556697083 9.813789138842161E-5
half 9.293680297397769E-4 1.3805963400052528 0.001283082100376629
arteries 9.293680297397769E-4 4.0661736852554045 0.003778971826445543
intimal 0.0037174721189591076 4.471638793363569 0.016623192540385013
areas 0.0018587360594795538 1.1758019273592397 0.002185505441188178
these 0.0018587360594795538 0.03488725900044054 6.484620632052145E-5
acuity 0.0027881040892193307 1.5271998141971284 0.004257992047018016
poor 9.293680297397769E-4 1.0539121097502027 9.794722209574374E-4
giant 0.008364312267657992 3.2188758248682006 0.026923682550012828
visual 0.013940520446096654 1.157452788691043 0.016135494266139076
fluid 9.293680297397769E-4 2.2744142160273495 0.002113767858761477
evaluated 9.293680297397769E-4 0.9600933545325481 8.922800692681673E-4
perimetry 9.293680297397769E-4 4.471638793363569 0.004155798135096253
tapered 9.293680297397769E-4 3.5553480614894135 0.0033042268229455515
preference 9.293680297397769E-4 2.169053700369523 0.002015849163912196
aion 0.0018587360594795538 5.1647859739235145 0.009599973929225862
artery 0.004646840148698885 2.6798793241355137 0.012452970837060937
analysis 9.293680297397769E-4 0.15415067982725836 1.4326271359410626E-4
symptoms 9.293680297397769E-4 1.8325814637483102 0.0017031426243014035
dose 9.293680297397769E-4 2.6798793241355137 0.0024905941674121875
size 0.0027881040892193307 0.127833371509885 3.564127458454042E-4
transient 9.293680297397769E-4 2.456735772821304 0.0022832116847781633
occlusion 0.0027881040892193307 3.0853444322436783 0.008602261428188695
evaluating 9.293680297397769E-4 1.4512139072192063 0.001348711809683277
coronal 0.0018587360594795538 4.471638793363569 0.008311596270192506
treatment 9.293680297397769E-4 0.9452782687474074 8.785114021816053E-4
weeks 0.0018587360594795538 1.730798769438368 0.0032170980844579327
least 9.293680297397769E-4 0.653926467406664 6.077383526084238E-4
eyes 0.0055762081784386614 1.6990500711237875 0.009474256902177253
anterior 0.006505576208178439 1.906689435902032 0.012404113430589428
result 9.293680297397769E-4 0.4285875255290187 3.9831554417195044E-4
involvement 0.0018587360594795538 2.2744142160273495 0.004227535717522954
elevated 0.0018587360594795538 2.2744142160273495 0.004227535717522954
subsequent 9.293680297397769E-4 1.3581234841531944 0.0012621965466107755
after 0.0018587360594795538 0.12136085700426753 2.2557780112317385E-4
resolved 9.293680297397769E-4 2.456735772821304 0.0022832116847781633
vasculitis 0.0037174721189591076 4.0661736852554045 0.015115887305782172
sex 9.293680297397769E-4 3.0853444322436783 0.0028674204760628977
onset 0.006505576208178439 2.169053700369523 0.014110944147385373
blood 0.0018587360594795538 1.906689435902032 0.0035440324087398366
the 0.04553903345724907 0.017291497110061043 7.874380654209954E-4
photograph 0.0018587360594795538 3.2188758248682006 0.005983040566669517
severe 0.0018587360594795538 1.157452788691043 0.00215139923548521
information 0.0018587360594795538 0.3049735695618419 5.668653709327916E-4
standard 9.293680297397769E-4 0.7827593392496325 7.274715048788406E-4
reports 9.293680297397769E-4 1.0539121097502027 9.794722209574374E-4
november 0.004646840148698885 1.1758019273592397 0.005463763602970445
evidence 9.293680297397769E-4 0.9306794693262548 8.649437447270026E-4
arterial 0.0018587360594795538 3.373026504695459 0.00626956599385773
developed 0.0027881040892193307 0.48265474679929443 0.0013456916732322334
fundus 0.0037174721189591076 2.9675613965872945 0.011031826753112619
post 0.0018587360594795538 1.9867321435755685 0.0036928106757910194
prior 9.293680297397769E-4 0.8209805520698303 7.629930781318125E-4
layers 0.0018587360594795538 1.730798769438368 0.0032170980844579327
corticosteroid 0.0018587360594795538 3.0853444322436783 0.0057348409521257955
weighted 9.293680297397769E-4 1.9459101490553132 0.001808466681278172
which 0.0027881040892193307 0.023122417420854212 6.446770656371992E-5
area 0.0018587360594795538 0.9600933545325481 0.0017845601385363347
image 9.293680297397769E-4 1.906689435902032 0.0017720162043699183
commonly 9.293680297397769E-4 1.0216512475319812 9.494900069999825E-4
pallid 0.0027881040892193307 5.1647859739235145 0.014399960893838794
european 9.293680297397769E-4 2.456735772821304 0.0022832116847781633
remained 9.293680297397769E-4 1.6384254493073527 0.001522700231698283
its 0.0018587360594795538 0.19497267434751336 3.624027404228873E-4
indocyanine 0.0037174721189591076 5.1647859739235145 0.019199947858451725
vision 9.293680297397769E-4 1.4271163556401458 0.001326316315650693
final 0.0018587360594795538 0.6988778552689304 0.0012990294707600936
exudates 9.293680297397769E-4 5.1647859739235145 0.004799986964612931
useful 9.293680297397769E-4 0.9162907318741551 8.515713121507017E-4
some 9.293680297397769E-4 0.2160260835453457 2.0076773563693838E-4
anorexia 9.293680297397769E-4 4.0661736852554045 0.003778971826445543
ramathibodi 9.293680297397769E-4 5.1647859739235145 0.004799986964612931
united 9.293680297397769E-4 1.5812670354674039 0.001469579029244799
for 0.0027881040892193307 0.017291497110061043 4.821049380128543E-5
complained 9.293680297397769E-4 4.471638793363569 0.004155798135096253
medium 9.293680297397769E-4 2.331572629867298 0.0021668890612149606
discs 9.293680297397769E-4 4.471638793363569 0.004155798135096253
states 9.293680297397769E-4 1.293584963015623 0.0012022165083788317
duration 9.293680297397769E-4 1.7635885922613586 0.0016390228552614855
signs 9.293680297397769E-4 2.073743520565198 0.0019272709298933065
previously 9.293680297397769E-4 0.8340526336371831 7.751418528226608E-4
rate 9.293680297397769E-4 0.7221347174331975 6.711289195475812E-4
confirms 9.293680297397769E-4 2.6798793241355137 0.0024905941674121875
over 0.0018587360594795538 0.3364722366212129 6.254130792215852E-4
six 0.0027881040892193307 0.9162907318741551 0.0025547139364521052
cilioretinal 9.293680297397769E-4 4.471638793363569 0.004155798135096253
necrotizing 9.293680297397769E-4 4.471638793363569 0.004155798135096253
multiple 0.0037174721189591076 0.5108256237659907 0.0018989800139999654
improvement 9.293680297397769E-4 1.157452788691043 0.001075699617742605
luminal 0.0018587360594795538 4.0661736852554045 0.007557943652891086
ranging 0.0018587360594795538 1.6094379124341003 0.0029915202833347585
with 0.015799256505576207 0.017291497110061043 2.7319279820728413E-4
form 9.293680297397769E-4 0.664976303593249 6.180077170940976E-4
although 0.0018587360594795538 0.4285875255290187 7.966310883439009E-4
approximately 9.293680297397769E-4 0.9452782687474074 8.785114021816053E-4
there 0.004646840148698885 0.12136085700426753 5.639445028079346E-4
detected 0.0018587360594795538 1.5271998141971284 0.002838661364678677
achieved 9.293680297397769E-4 1.121734706088964 0.001042504373688628
significantly 0.0018587360594795538 0.5900749954201312 0.0010967936717846305
showing 9.293680297397769E-4 1.5012243277938677 0.0013951898957192078
comprehensive 9.293680297397769E-4 1.3805963400052528 0.001283082100376629
age 0.0027881040892193307 0.9751312318970885 0.002718767375177756
manifestations 9.293680297397769E-4 3.373026504695459 0.003134782996928865
very 9.293680297397769E-4 0.5596157879354227 5.200890222448166E-4
american 9.293680297397769E-4 2.169053700369523 0.002015849163912196
delayed 9.293680297397769E-4 2.169053700369523 0.002015849163912196
occurs 9.293680297397769E-4 1.6682784124570338 0.0015504446212425964
years 9.293680297397769E-4 0.7104386776700063 6.602589941171063E-4
superficial 9.293680297397769E-4 3.7784916128036232 0.0035116093055795753
appeared 9.293680297397769E-4 1.79749014393704 0.001670529873547435
kavin 0.004646840148698885 4.471638793363569 0.02077899067548127
four 0.004646840148698885 0.4643056081310978 0.0021575539411296365
revealed 9.293680297397769E-4 1.3581234841531944 0.0012621965466107755
per 0.0027881040892193307 0.7339691750802005 0.002046382458402046
flow 9.293680297397769E-4 1.5012243277938677 0.0013951898957192078
similar 9.293680297397769E-4 0.20895891632225325 1.941997363589714E-4
underwent 0.0018587360594795538 1.730798769438368 0.0032170980844579327
period 0.0018587360594795538 0.8472978603872037 0.0015749030862215682
large 9.293680297397769E-4 0.34450440831847723 3.201713831956108E-4
testing 9.293680297397769E-4 1.293584963015623 0.0012022165083788317
resonance 0.0027881040892193307 3.373026504695459 0.009404348990786595
slowly 9.293680297397769E-4 2.9675613965872945 0.0027579566882781547
field 0.0018587360594795538 0.8472978603872037 0.0015749030862215682
contrast 0.0018587360594795538 1.5538680612792897 0.002888230597173401
spots 0.0027881040892193307 4.471638793363569 0.01246739440528876
microscopic 0.0018587360594795538 4.0661736852554045 0.007557943652891086
evaluate 9.293680297397769E-4 0.758066726659261 7.045229801665994E-4
diagnosed 0.0018587360594795538 1.6990500711237875 0.0031580856340590845
authors 0.004646840148698885 0.023122417420854212 1.0744617760619988E-4
other 0.0018587360594795538 0.0408219945202552 7.587731323467509E-5
retinal 9.293680297397769E-4 1.730798769438368 0.0016085490422289663
eventually 9.293680297397769E-4 2.073743520565198 0.0019272709298933065
cell 0.006505576208178439 1.730798769438368 0.011259843295602767
sequences 9.293680297397769E-4 2.2203469947570738 0.0020635195118560165
nerves 0.0027881040892193307 3.7784916128036232 0.010534827916738727
prevalence 9.293680297397769E-4 1.8689491079191851 0.0017369415501107667
known 9.293680297397769E-4 0.8607208807193443 7.999264690700225E-4
inflammation 0.0027881040892193307 2.120263536200091 0.005911515435502112
have 9.293680297397769E-4 0.028987536873252187 2.694009003090352E-5
optic 0.02137546468401487 2.456735772821304 0.05251386874989776
table 0.004646840148698885 0.18805223150293962 8.738486594002771E-4
outcome 0.0018587360594795538 1.3361445774344192 0.002483540106755426
particularly 9.293680297397769E-4 0.9751312318970885 9.062557917259187E-4
within 9.293680297397769E-4 0.3127557100038969 2.906651579961867E-4
methylprednisolone 9.293680297397769E-4 4.0661736852554045 0.003778971826445543
asian 9.293680297397769E-4 2.8622008809294686 0.002660037993428874
systematic 9.293680297397769E-4 2.0292917579943643 0.0018859588828943905
positive 9.293680297397769E-4 0.6988778552689304 6.495147353800468E-4
demographic 9.293680297397769E-4 1.906689435902032 0.0017720162043699183
oral 0.0018587360594795538 2.120263536200091 0.0039410102903347415
esr 0.0027881040892193307 4.471638793363569 0.01246739440528876
findings 0.0027881040892193307 0.7459453661269161 0.0020797733256326654
cotton 0.0027881040892193307 4.0661736852554045 0.011336915479336629
diffuse 0.0018587360594795538 3.7784916128036232 0.0070232186111591505
perception 9.293680297397769E-4 1.3805963400052528 0.001283082100376629
that 9.293680297397769E-4 0.017291497110061043 1.607016460042848E-5
download 0.0018587360594795538 0.2595111954850846 4.8236281688677433E-4
high 0.0027881040892193307 0.2521310881874621 7.029677179947827E-4
sufficient 9.293680297397769E-4 1.5012243277938677 0.0013951898957192078
than 9.293680297397769E-4 0.058840500022933395 5.468447957521691E-5
different 9.293680297397769E-4 0.18805223150293962 1.7476973188005541E-4
all 0.013940520446096654 0.017291497110061043 2.4105246900642718E-4
new 9.293680297397769E-4 0.38566248081198473 3.5842237993678874E-4
including 0.0018587360594795538 0.2669461739726028 4.961824795029792E-4
hemorrhages 9.293680297397769E-4 4.471638793363569 0.004155798135096253
months 9.293680297397769E-4 1.3146383722134554 0.0012217828738043265
comparison 9.293680297397769E-4 0.758066726659261 7.045229801665994E-4
disruption 0.0018587360594795538 2.7668907011251433 0.005142919518819969
diagnosis 0.0018587360594795538 1.4512139072192063 0.002697423619366554
difficult 9.293680297397769E-4 0.7703368192510752 7.159264119433785E-4
thai 0.007434944237918215 3.5553480614894135 0.026433814583564412
basis 9.293680297397769E-4 1.3146383722134554 0.0012217828738043265
affected 9.293680297397769E-4 1.3805963400052528 0.001283082100376629
erythrocyte 9.293680297397769E-4 4.0661736852554045 0.003778971826445543
thrombocytosis 9.293680297397769E-4 5.1647859739235145 0.004799986964612931
unit 9.293680297397769E-4 1.5538680612792897 0.0014441152985867004
clinical 0.0055762081784386614 0.9452782687474074 0.005271068413089632
were 0.020446096654275093 0.0958817717032825 0.0019604079716284526
october 9.293680297397769E-4 2.0292917579943643 0.0018859588828943905
disc 0.0037174721189591076 3.373026504695459 0.01253913198771546
present 0.0027881040892193307 0.38566248081198473 0.0010752671398103664
mris 9.293680297397769E-4 5.1647859739235145 0.004799986964612931
sheath 0.0037174721189591076 4.0661736852554045 0.015115887305782172
predominant 9.293680297397769E-4 2.5998366164619773 0.002416205033886596
elderly 9.293680297397769E-4 2.6798793241355137 0.0024905941674121875
cause 9.293680297397769E-4 1.1394342831883648 0.0010589537947847255
stain 0.0037174721189591076 3.5553480614894135 0.013216907291782206
head 9.293680297397769E-4 2.120263536200091 0.0019705051451673707
and 0.04368029739776952 0.017291497110061043 7.552977362201385E-4
department 9.293680297397769E-4 1.79749014393704 0.001670529873547435
included 0.0018587360594795538 0.41985384556026406 7.803974824540224E-4
experienced 9.293680297397769E-4 1.6094379124341003 0.0014957601416673793
mononuclear 9.293680297397769E-4 4.471638793363569 0.004155798135096253
crp 0.0027881040892193307 4.0661736852554045 0.011336915479336629
any 9.293680297397769E-4 0.2669461739726028 2.480912397514896E-4
due 0.006505576208178439 0.20895891632225325 0.0013593981545127999
contralateral 9.293680297397769E-4 3.373026504695459 0.003134782996928865
choroidal 0.0037174721189591076 2.5998366164619773 0.009664820135546384
biopsy 0.0018587360594795538 4.471638793363569 0.008311596270192506
panitha 0.004646840148698885 4.471638793363569 0.02077899067548127
myofibroblastic 0.0018587360594795538 5.1647859739235145 0.009599973929225862
edema 0.0027881040892193307 2.5998366164619773 0.007248615101659787
sized 9.293680297397769E-4 3.2188758248682006 0.0029915202833347585
orbital 0.0027881040892193307 2.5998366164619773 0.007248615101659787
about 9.293680297397769E-4 0.377294231141468 3.5064519622813006E-4
multinucleated 0.0027881040892193307 5.1647859739235145 0.014399960893838794
discussion 9.293680297397769E-4 0.2595111954850846 2.4118140844338716E-4
observed 9.293680297397769E-4 0.6988778552689304 6.495147353800468E-4
extremely 9.293680297397769E-4 1.9459101490553132 0.001808466681278172
annual 9.293680297397769E-4 2.2203469947570738 0.0020635195118560165
magnetic 0.0027881040892193307 2.9675613965872945 0.008273870064834463
ipsilateral 9.293680297397769E-4 3.373026504695459 0.003134782996928865
orbit 9.293680297397769E-4 4.0661736852554045 0.003778971826445543
temporal 0.0055762081784386614 2.169053700369523 0.012095094983473177
pisit 0.004646840148698885 5.1647859739235145 0.02399993482306466
they 9.293680297397769E-4 0.167573700159399 1.557376395533448E-4
jaw 9.293680297397769E-4 5.1647859739235145 0.004799986964612931
using 9.293680297397769E-4 0.083381608939051 7.74922016162184E-5
them 9.293680297397769E-4 0.5696661237889241 5.294294830752083E-4
eosin 0.0018587360594795538 3.7784916128036232 0.0070232186111591505
each 9.293680297397769E-4 0.13434805253107854 1.2485878488018452E-4
abnormal 0.004646840148698885 2.392197251683733 0.011116158232731101
except 9.293680297397769E-4 1.3805963400052528 0.001283082100376629
systemic 0.0037174721189591076 1.5271998141971284 0.005677322729357354
prominent 9.293680297397769E-4 2.2744142160273495 0.002113767858761477
probably 9.293680297397769E-4 1.79749014393704 0.001670529873547435
jindahra 0.004646840148698885 5.1647859739235145 0.02399993482306466
simultaneous 9.293680297397769E-4 2.9675613965872945 0.0027579566882781547
two 0.004646840148698885 0.11492996667397702 5.340611834292613E-4
seen 9.293680297397769E-4 0.8472978603872037 7.874515431107841E-4
angiography 0.0037174721189591076 3.373026504695459 0.01253913198771546
fragmentation 0.0018587360594795538 5.1647859739235145 0.009599973929225862
found 0.0037174721189591076 0.27443684570176036 0.0010202113223113768
are 0.0037174721189591076 0.028987536873252187 1.0776036012361407E-4
analyzer 9.293680297397769E-4 3.0853444322436783 0.0028674204760628977
mechanism 9.293680297397769E-4 1.4512139072192063 0.001348711809683277
destruction 0.0018587360594795538 4.0661736852554045 0.007557943652891086
one 0.0037174721189591076 0.06491954609931569 2.4133660259968658E-4
summarized 9.293680297397769E-4 1.4271163556401458 0.001326316315650693
perioptic 9.293680297397769E-4 5.1647859739235145 0.004799986964612931
thorough 9.293680297397769E-4 2.7668907011251433 0.0025714597594099844
people 9.293680297397769E-4 1.0539121097502027 9.794722209574374E-4
prognosis 9.293680297397769E-4 2.073743520565198 0.0019272709298933065
funduscopic 9.293680297397769E-4 4.471638793363569 0.004155798135096253
automated 9.293680297397769E-4 1.5538680612792897 0.0014441152985867004
filling 9.293680297397769E-4 3.0853444322436783 0.0028674204760628977
showed 0.0037174721189591076 0.5398131606392429 0.0020067403741235793
increasing 9.293680297397769E-4 0.9021060968821986 8.383885658756492E-4
elastic 0.004646840148698885 5.1647859739235145 0.02399993482306466
atrophy 9.293680297397769E-4 3.373026504695459 0.003134782996928865
infrequent 9.293680297397769E-4 3.5553480614894135 0.0033042268229455515
fashion 9.293680297397769E-4 2.456735772821304 0.0022832116847781633
but 0.0018587360594795538 0.083381608939051 1.549844032324368E-4
through 9.293680297397769E-4 0.2595111954850846 2.4118140844338716E-4
medical 9.293680297397769E-4 0.9600933545325481 8.922800692681673E-4
wool 0.0027881040892193307 5.1647859739235145 0.014399960893838794
caucasian 0.0018587360594795538 3.7784916128036232 0.0070232186111591505
rapid 9.293680297397769E-4 1.906689435902032 0.0017720162043699183
had 0.004646840148698885 0.32059888746492277 0.0014897717819001989
enhancement 0.008364312267657992 4.0661736852554045 0.03401074643800989
arteritic 0.0018587360594795538 4.471638793363569 0.008311596270192506
mainly 9.293680297397769E-4 1.0059028905638423 9.348539875128646E-4
presentation 0.0037174721189591076 1.6990500711237875 0.006316171268118169
lamina 0.0018587360594795538 5.1647859739235145 0.009599973929225862
features 9.293680297397769E-4 0.8340526336371831 7.751418528226608E-4
dilating 9.293680297397769E-4 5.1647859739235145 0.004799986964612931
thailand 9.293680297397769E-4 3.7784916128036232 0.0035116093055795753
has 9.293680297397769E-4 0.05279818556697083 4.9068945694210806E-5
results 0.0018587360594795538 0.08961215868968714 1.6656535072432553E-4
five 9.293680297397769E-4 0.9021060968821986 8.383885658756492E-4
those 0.0027881040892193307 0.3364722366212129 9.381196188323779E-4
fluorescein 0.0018587360594795538 3.373026504695459 0.00626956599385773
given 9.293680297397769E-4 0.3526016185510966 3.2769667151588905E-4
vasculature 9.293680297397769E-4 4.471638793363569 0.004155798135096253
might 9.293680297397769E-4 0.7339691750802005 6.821274861340153E-4
this 0.0018587360594795538 0.017291497110061043 3.214032920085696E-5
weight 9.293680297397769E-4 1.3361445774344192 0.001241770053377713
owing 0.0018587360594795538 2.5257286443082556 0.004694662907636163
finding 0.0018587360594795538 0.9751312318970885 0.0018125115834518373
imaging 0.0037174721189591076 2.331572629867298 0.008667556244859842
anemia 9.293680297397769E-4 4.0661736852554045 0.003778971826445543
signals 9.293680297397769E-4 2.5998366164619773 0.002416205033886596
medial 0.0018587360594795538 4.0661736852554045 0.007557943652891086
overall 9.293680297397769E-4 0.7339691750802005 6.821274861340153E-4
arteritis 0.0055762081784386614 4.0661736852554045 0.022673830958673258
higher 9.293680297397769E-4 0.41985384556026406 3.901987412270112E-4
full 0.0027881040892193307 0.14750613710858965 4.112624640574061E-4
away 0.0018587360594795538 2.331572629867298 0.004333778122429921
records 9.293680297397769E-4 1.3581234841531944 0.0012621965466107755
nor 9.293680297397769E-4 1.6094379124341003 0.0014957601416673793
conclusion 9.293680297397769E-4 0.653926467406664 6.077383526084238E-4
not 0.004646840148698885 0.03488725900044054 1.6211551580130363E-4
common 0.0018587360594795538 0.3526016185510966 6.553933430317781E-4
ranged 9.293680297397769E-4 1.8689491079191851 0.0017369415501107667
examination 0.0018587360594795538 1.5812670354674039 0.002939158058489598
figure 0.0055762081784386614 0.20194134366360675 0.0011260669721018964
characteristics 9.293680297397769E-4 0.7703368192510752 7.159264119433785E-4
disease 9.293680297397769E-4 1.2729656758128876 0.001183053602056587
green 0.0037174721189591076 2.169053700369523 0.008063396655648784
cases 9.293680297397769E-4 0.6004377824556778 5.580276788621541E-4
duangkamon 0.004646840148698885 5.1647859739235145 0.02399993482306466
suspicion 9.293680297397769E-4 3.5553480614894135 0.0033042268229455515
was 0.010223048327137546 0.058840500022933395 6.015292753273861E-4
diffusely 9.293680297397769E-4 5.1647859739235145 0.004799986964612931
ischemic 0.006505576208178439 2.9675613965872945 0.019305696817947082
cells 0.0027881040892193307 1.730798769438368 0.0048256471266868994
typical 0.0018587360594795538 1.4512139072192063 0.002697423619366554
time 0.0018587360594795538 0.20194134366360675 3.753556573672988E-4
perineural 0.004646840148698885 5.1647859739235145 0.02399993482306466
granulomatous 9.293680297397769E-4 4.0661736852554045 0.003778971826445543
gca 0.011152416356877323 5.1647859739235145 0.05759984357535518
tested 9.293680297397769E-4 1.3581234841531944 0.0012621965466107755
during 0.0018587360594795538 0.28958865072236245 5.382688675136849E-4
taweevat 0.004646840148698885 5.1647859739235145 0.02399993482306466
three 0.008364312267657992 0.22314355131420976 0.0018664423437062152
required 9.293680297397769E-4 0.5900749954201312 5.483968358923153E-4
loss 0.0055762081784386614 0.9162907318741551 0.0051094278729042104
seconds 0.0018587360594795538 3.0853444322436783 0.0057348409521257955
identified 9.293680297397769E-4 0.6321864807702582 5.875339040615782E-4
stranding 9.293680297397769E-4 5.1647859739235145 0.004799986964612931
fat 0.004646840148698885 3.2188758248682006 0.014957601416673795
suppression 0.0018587360594795538 3.5553480614894135 0.006608453645891103
greater 9.293680297397769E-4 0.8743265327751228 8.125711271144264E-4
case 9.293680297397769E-4 0.38566248081198473 3.5842237993678874E-4
pale 9.293680297397769E-4 4.0661736852554045 0.003778971826445543
between 9.293680297397769E-4 0.058840500022933395 5.468447957521691E-5
steroid 9.293680297397769E-4 4.0661736852554045 0.003778971826445543
images 9.293680297397769E-4 1.8689491079191851 0.0017369415501107667
still 9.293680297397769E-4 0.5300569856938783 4.926180164441247E-4
reduced 9.293680297397769E-4 0.9452782687474074 8.785114021816053E-4
sedimentation 9.293680297397769E-4 4.0661736852554045 0.003778971826445543
infiltration 9.293680297397769E-4 3.5553480614894135 0.0033042268229455515
cerebrospinal 9.293680297397769E-4 4.0661736852554045 0.003778971826445543
monocular 9.293680297397769E-4 4.0661736852554045 0.003778971826445543
axial 0.0018587360594795538 3.5553480614894135 0.006608453645891103
light 9.293680297397769E-4 1.2729656758128876 0.001183053602056587
following 0.0018587360594795538 0.2160260835453457 4.0153547127387676E-4
theory 9.293680297397769E-4 1.5271998141971284 0.0014193306823393386
requires 9.293680297397769E-4 0.8881198549074587 8.253901997281215E-4
cerebral 9.293680297397769E-4 3.2188758248682006 0.0029915202833347585
study 0.0055762081784386614 0.15415067982725836 8.595762815646376E-4
internal 9.293680297397769E-4 1.3805963400052528 0.001283082100376629
methods 9.293680297397769E-4 0.20194134366360675 1.876778286836494E-4
north 9.293680297397769E-4 2.6798793241355137 0.0024905941674121875
fever 9.293680297397769E-4 4.471638793363569 0.004155798135096253
unilateral 0.0018587360594795538 3.0853444322436783 0.0057348409521257955
our 0.0018587360594795538 0.19497267434751336 3.624027404228873E-4
unknown 9.293680297397769E-4 1.79749014393704 0.001670529873547435
out 9.293680297397769E-4 0.368995428326773 3.429325542070381E-4
low 9.293680297397769E-4 0.6761496041913742 6.283918254566674E-4
causes 9.293680297397769E-4 1.5538680612792897 0.0014441152985867004
bilateral 9.293680297397769E-4 2.5998366164619773 0.002416205033886596
demonstrated 9.293680297397769E-4 0.8607208807193443 7.999264690700225E-4
mri 0.0037174721189591076 3.373026504695459 0.01253913198771546
initial 9.293680297397769E-4 0.6988778552689304 6.495147353800468E-4
more 9.293680297397769E-4 0.05279818556697083 4.9068945694210806E-5
caused 9.293680297397769E-4 1.121734706088964 0.001042504373688628
display 0.0027881040892193307 0.167573700159399 4.672129186600344E-4
csvdisplay 0.0018587360594795538 0.2669461739726028 4.961824795029792E-4
aged 9.293680297397769E-4 2.0292917579943643 0.0018859588828943905
brain 0.0018587360594795538 2.5257286443082556 0.004694662907636163
performed 0.0037174721189591076 0.4643056081310978 0.0017260431529037092
january 9.293680297397769E-4 1.3581234841531944 0.0012621965466107755
incidence 0.0018587360594795538 1.6384254493073527 0.003045400463396566
data 0.0018587360594795538 0.167573700159399 3.114752791066896E-4
before 0.0018587360594795538 0.5203950747821414 9.672770906731253E-4
biopsies 9.293680297397769E-4 5.1647859739235145 0.004799986964612931
shows 0.0055762081784386614 0.5596157879354227 0.0031205341334688995
barrier 9.293680297397769E-4 2.456735772821304 0.0022832116847781633
shown 0.0018587360594795538 0.3364722366212129 6.254130792215852E-4
presented 9.293680297397769E-4 0.4373981552111735 4.065038617204214E-4
only 0.0027881040892193307 0.10854016857520597 3.026212878490873E-4
few 9.293680297397769E-4 0.6988778552689304 6.495147353800468E-4
from 0.008364312267657992 0.023122417420854212 1.9340311969115974E-4
day 0.0018587360594795538 1.4271163556401458 0.002652632631301386
potential 9.293680297397769E-4 0.44628710262841953 4.1476496526804787E-4
described 0.0018587360594795538 0.44628710262841953 8.295299305360957E-4
humphrey 9.293680297397769E-4 3.5553480614894135 0.0033042268229455515
patients 0.02695167286245353 0.9452782687474074 0.025476830663266555
anuchit 0.004646840148698885 5.1647859739235145 0.02399993482306466
history 9.293680297397769E-4 1.2729656758128876 0.001183053602056587
published 0.004646840148698885 0.03488725900044054 1.6211551580130363E-4
done 9.293680297397769E-4 0.9452782687474074 8.785114021816053E-4
both 0.0018587360594795538 0.13434805253107854 2.4971756976036903E-4
most 0.0027881040892193307 0.0771896386911299 2.1521274728010192E-4
formal 9.293680297397769E-4 2.2203469947570738 0.0020635195118560165
nerve 0.008364312267657992 2.5998366164619773 0.02174584530497936
neuropathy 0.007434944237918215 2.8622008809294686 0.02128030394743099
abnormality 9.293680297397769E-4 4.471638793363569 0.004155798135096253
seems 9.293680297397769E-4 1.4271163556401458 0.001326316315650693
part 9.293680297397769E-4 0.5496654570822546 5.108415028645488E-4
reveals 0.0018587360594795538 2.392197251683733 0.00444646329309244
affecting 9.293680297397769E-4 2.169053700369523 0.002015849163912196
their 9.293680297397769E-4 0.12136085700426753 1.1278890056158692E-4
recovery 0.0018587360594795538 2.2203469947570738 0.004127039023712033
can 0.0018587360594795538 0.0958817717032825 1.7821890651167752E-4
general 9.293680297397769E-4 0.4734380916943703 4.399982264817567E-4
causing 9.293680297397769E-4 1.7635885922613586 0.0016390228552614855
intravenous 9.293680297397769E-4 2.6798793241355137 0.0024905941674121875
patient 0.010223048327137546 0.9751312318970885 0.009968813708985105
scalp 9.293680297397769E-4 4.471638793363569 0.004155798135096253
goldmann 9.293680297397769E-4 3.373026504695459 0.003134782996928865
studies 9.293680297397769E-4 0.24480504809538922 2.275139852187632E-4
hospital 9.293680297397769E-4 1.4512139072192063 0.001348711809683277
introduction 9.293680297397769E-4 0.10219094089654716 9.497299339827802E-5
selective 9.293680297397769E-4 2.7668907011251433 0.0025714597594099844
wattanatranon 0.004646840148698885 5.1647859739235145 0.02399993482306466
unchanged 9.293680297397769E-4 3.373026504695459 0.003134782996928865
also 0.0027881040892193307 0.05279818556697083 1.4720683708263242E-4
intraorbital 0.0018587360594795538 4.471638793363569 0.008311596270192506
third 9.293680297397769E-4 1.0059028905638423 9.348539875128646E-4
mean 0.0027881040892193307 0.6214911916535102 0.0017327821328629465
neither 9.293680297397769E-4 1.8325814637483102 0.0017031426243014035
swollen 9.293680297397769E-4 5.1647859739235145 0.004799986964612931
interfere 9.293680297397769E-4 3.373026504695459 0.003134782996928865
headache 9.293680297397769E-4 3.5553480614894135 0.0033042268229455515
further 9.293680297397769E-4 0.27443684570176036 2.550528305778442E-4
