been 0.0014892032762472078 0.05279818556697083 7.8627230926241E-5
half 0.0014892032762472078 1.3805963400052528 0.0020559885927107263
iol 0.0052122114668652275 4.471638793363569 0.023307126994448982
objects 7.446016381236039E-4 2.169053700369523 0.0016150809384732115
rupture 0.0014892032762472078 2.8622008809294686 0.0042623989291578086
setting 7.446016381236039E-4 1.3581234841531944 0.001011260971074605
dislocated 7.446016381236039E-4 3.7784916128036232 0.002813471044529876
these 7.446016381236039E-4 0.03488725900044054 2.597711020137047E-5
score 0.0029784065524944155 1.121734706088964 0.0033409819987757676
approved 7.446016381236039E-4 1.4035858582299516 0.0010451123292851464
acuity 0.0029784065524944155 1.5271998141971284 0.004548621933572981
outcomes 0.008935219657483246 1.1043429633770947 0.009867546954970318
poor 0.0029784065524944155 1.0539121097502027 0.003138978733433217
vitreous 0.0037230081906180195 1.906689435902032 0.007098620386828117
visual 0.01340282948622487 1.157452788691043 0.015513142365181514
because 7.446016381236039E-4 0.34450440831847723 2.5651854677474106E-4
limitations 7.446016381236039E-4 0.9162907318741551 6.822715799509718E-4
trauma 0.0037230081906180195 2.2203469947570738 0.00826637004749469
iris 0.0022338049143708115 3.2188758248682006 0.007190340636339986
younger 0.0014892032762472078 2.120263536200091 0.0031575034046166656
impact 7.446016381236039E-4 0.7827593392496325 5.828438862618262E-4
posterior 0.0029784065524944155 1.8325814637483102 0.005458172639607775
artery 7.446016381236039E-4 2.6798793241355137 0.00199544253472488
population 0.0029784065524944155 0.9751312318970885 0.00290433725062424
globe 7.446016381236039E-4 2.2203469947570738 0.001653274009498938
selection 7.446016381236039E-4 1.1043429633770947 8.222955795808598E-4
size 0.008935219657483246 0.127833371509885 0.001142219253997483
correlation 0.0014892032762472078 1.3805963400052528 0.0020559885927107263
left 7.446016381236039E-4 1.2729656758128876 9.478523274853966E-4
deals 7.446016381236039E-4 2.8622008809294686 0.0021311994645789043
dementia 7.446016381236039E-4 4.0661736852554045 0.0030276795869362653
appropriate 7.446016381236039E-4 1.0704414117014134 7.970524286682155E-4
average 7.446016381236039E-4 0.7459453661269161 5.554321415688132E-4
compare 7.446016381236039E-4 0.9306794693262548 6.929854574283357E-4
statistical 7.446016381236039E-4 0.653926467406664 4.869147188433835E-4
achieve 7.446016381236039E-4 1.0376515888784226 7.726370728804337E-4
least 0.0014892032762472078 0.653926467406664 9.73829437686767E-4
eyes 0.0029784065524944155 1.6990500711237875 0.005060461864851191
existed 7.446016381236039E-4 3.2188758248682006 0.002396780212113329
intraocular 0.0022338049143708115 1.6990500711237875 0.0037953463986383934
anterior 7.446016381236039E-4 1.906689435902032 0.0014197240773656233
same 7.446016381236039E-4 0.2972515234679317 2.2133397130895884E-4
whom 0.0014892032762472078 2.2203469947570738 0.003306548018997876
after 0.0022338049143708115 0.12136085700426753 2.7109647878838613E-4
compared 0.0037230081906180195 0.2669461739726028 9.93842792154143E-4
hand 7.446016381236039E-4 1.5271998141971284 0.0011371554833932453
committee 7.446016381236039E-4 2.120263536200091 0.0015787517023083328
decreased 0.0022338049143708115 1.293584963015623 0.002889616447540483
predictive 0.0014892032762472078 1.5012243277938677 0.0022356281873326398
procedure 7.446016381236039E-4 1.1394342831883648 8.484246337962508E-4
sample 7.446016381236039E-4 0.7221347174331975 5.377026935466846E-4
enucleation 0.0014892032762472078 2.6798793241355137 0.00399088506944976
the 0.04988830975428146 0.017291497110061043 8.62643563941988E-4
interventions 0.0014892032762472078 2.169053700369523 0.003230161876946423
seth 0.0052122114668652275 5.1647859739235145 0.026919956677188835
series 0.0014892032762472078 1.1758019273592397 0.0017510080824411612
subconjunctival 7.446016381236039E-4 3.5553480614894135 0.002647317990684597
aging 7.446016381236039E-4 3.5553480614894135 0.002647317990684597
did 7.446016381236039E-4 0.5108256237659907 3.8036159625166844E-4
surgery 0.0014892032762472078 1.6990500711237875 0.0025302309324255956
standard 0.0037230081906180195 0.7827593392496325 0.0029142194313091308
reports 0.0014892032762472078 1.0539121097502027 0.0015694893667166086
november 0.0052122114668652275 1.1758019273592397 0.006128528288544065
developed 7.446016381236039E-4 0.48265474679929443 3.593855151148879E-4
incumbent 7.446016381236039E-4 5.1647859739235145 0.003845708096741262
analyses 7.446016381236039E-4 0.9021060968821986 6.717096774997755E-4
later 7.446016381236039E-4 1.3361445774344192 9.94895441127639E-4
prior 0.0014892032762472078 0.8209805520698303 0.0012226069278776326
serious 7.446016381236039E-4 2.120263536200091 0.0015787517023083328
surgical 0.0037230081906180195 1.6384254493073527 0.006099871367488283
which 0.0014892032762472078 0.023122417420854212 3.4433979777891605E-5
detachment 0.0014892032762472078 2.2744142160273495 0.0033870651020511534
educational 7.446016381236039E-4 2.5257286443082556 0.0018806616860076364
test 0.0014892032762472078 0.7104386776700063 0.0010579876063589073
commonly 0.0014892032762472078 1.0216512475319812 0.0015214463850066735
pose 7.446016381236039E-4 2.6798793241355137 0.00199544253472488
typically 7.446016381236039E-4 1.1394342831883648 8.484246337962508E-4
often 0.0014892032762472078 0.5900749954201312 8.787416164112155E-4
zones 7.446016381236039E-4 2.7668907011251433 0.0020602313485667484
profound 0.0014892032762472078 3.0853444322436783 0.0045947050368483665
vision 0.0014892032762472078 1.4271163556401458 0.0021252663524052805
tests 0.0014892032762472078 1.3581234841531944 0.00202252194214921
bullous 7.446016381236039E-4 4.0661736852554045 0.0030276795869362653
materials 7.446016381236039E-4 1.4512139072192063 0.0010805762525831768
final 0.01563663440059568 0.6988778552689304 0.010928097513512687
therefore 7.446016381236039E-4 1.1394342831883648 8.484246337962508E-4
relatively 7.446016381236039E-4 0.8209805520698303 6.113034639388163E-4
united 0.0014892032762472078 1.5812670354674039 0.0023548280498397675
young 7.446016381236039E-4 1.9459101490553132 0.0014489278846279323
for 0.008935219657483246 0.017291497110061043 1.5450332488513218E-4
lens 7.446016381236039E-4 1.8689491079191851 0.0013916225673262733
primarily 7.446016381236039E-4 1.4512139072192063 0.0010805762525831768
states 0.0014892032762472078 1.293584963015623 0.001926410965026989
meskin 0.0052122114668652275 5.1647859739235145 0.026919956677188835
traumatic 0.0014892032762472078 2.5257286443082556 0.0037613233720152728
signs 7.446016381236039E-4 2.073743520565198 0.001544112822461056
previously 0.0014892032762472078 0.8340526336371831 0.001242073914575105
responsible 7.446016381236039E-4 1.6682784124570338 0.0012422028387617527
human 7.446016381236039E-4 0.9162907318741551 6.822715799509718E-4
class 7.446016381236039E-4 1.3805963400052528 0.0010279942963553632
over 7.446016381236039E-4 0.3364722366212129 2.50537778571268E-4
six 7.446016381236039E-4 0.9162907318741551 6.822715799509718E-4
multiple 7.446016381236039E-4 0.5108256237659907 3.8036159625166844E-4
retrospective 0.0014892032762472078 1.4271163556401458 0.0021252663524052805
versus 0.0052122114668652275 1.6094379124341003 0.008388730742396652
better 7.446016381236039E-4 0.4285875255290187 3.191269735882492E-4
noted 7.446016381236039E-4 1.157452788691043 8.618412425100842E-4
with 0.021593447505584513 0.017291497110061043 3.7338303513906947E-4
approximately 0.0014892032762472078 0.9452782687474074 0.0014077114947839277
although 7.446016381236039E-4 0.4285875255290187 3.191269735882492E-4
there 0.0029784065524944155 0.12136085700426753 3.614619717178482E-4
endophthalmitis 7.446016381236039E-4 2.169053700369523 0.0016150809384732115
hypertension 7.446016381236039E-4 3.0853444322436783 0.0022973525184241833
significantly 0.0014892032762472078 0.5900749954201312 8.787416164112155E-4
age 0.0022338049143708115 0.9751312318970885 0.0021782529379681796
phacoemulsification 7.446016381236039E-4 3.2188758248682006 0.002396780212113329
very 7.446016381236039E-4 0.5596157879354227 4.1669083241654704E-4
tendency 7.446016381236039E-4 2.2744142160273495 0.0016935325510255767
considered 7.446016381236039E-4 0.32059888746492277 2.3871845678698642E-4
delayed 0.0029784065524944155 2.169053700369523 0.006460323753892846
years 0.0022338049143708115 0.7104386776700063 0.001586981409538361
number 7.446016381236039E-4 0.167573700159399 1.2477565164512212E-4
four 0.0014892032762472078 0.4643056081310978 6.91445432808783E-4
predisposes 7.446016381236039E-4 4.471638793363569 0.003329589570635569
odds 7.446016381236039E-4 2.7668907011251433 0.0020602313485667484
revealed 7.446016381236039E-4 1.3581234841531944 0.001011260971074605
corneoscleral 0.0014892032762472078 3.7784916128036232 0.005626942089059752
majority 0.0022338049143708115 0.9452782687474074 0.0021115672421758913
iols 7.446016381236039E-4 5.1647859739235145 0.003845708096741262
likely 0.0022338049143708115 0.5798184952529422 0.0012952014041391112
lower 0.0037230081906180195 0.5300569856938783 0.001973406499232607
being 0.0022338049143708115 0.48265474679929443 0.0010781565453446636
resulting 7.446016381236039E-4 1.0059028905638423 7.489969401071053E-4
likelihood 0.0014892032762472078 1.7635885922613586 0.0026263419095478163
presenting 7.446016381236039E-4 1.4759065198095778 0.0010989624123675188
limbal 7.446016381236039E-4 5.1647859739235145 0.003845708096741262
expulsion 0.0014892032762472078 4.0661736852554045 0.006055359173872531
authors 0.0052122114668652275 0.023122417420854212 1.2051892922262062E-4
women 7.446016381236039E-4 2.169053700369523 0.0016150809384732115
larger 0.0029784065524944155 0.9162907318741551 0.0027290863198038873
retinal 7.446016381236039E-4 1.730798769438368 0.0012887555989861265
aim 7.446016381236039E-4 1.0376515888784226 7.726370728804337E-4
respectively 7.446016381236039E-4 1.9459101490553132 0.0014489278846279323
injured 7.446016381236039E-4 3.0853444322436783 0.0022973525184241833
prevalence 7.446016381236039E-4 1.8689491079191851 0.0013916225673262733
conjunction 7.446016381236039E-4 2.392197251683733 0.0017812339923184905
yield 7.446016381236039E-4 1.906689435902032 0.0014197240773656233
have 0.0022338049143708115 0.028987536873252187 6.475250232297584E-5
december 7.446016381236039E-4 1.3361445774344192 9.94895441127639E-4
ability 7.446016381236039E-4 0.8881198549074587 6.612954988141911E-4
table 0.010424422933730455 0.18805223150293962 0.0019603359948184326
consequence 7.446016381236039E-4 2.456735772821304 0.001829289480879601
particularly 0.0014892032762472078 0.9751312318970885 0.00145216862531212
within 0.0014892032762472078 0.3127557100038969 4.657568280028249E-4
could 7.446016381236039E-4 0.22314355131420976 1.6615305384527906E-4
discussed 7.446016381236039E-4 1.0216512475319812 7.607231925033368E-4
health 7.446016381236039E-4 0.990398704027877 7.374524974146516E-4
sharp 7.446016381236039E-4 2.8622008809294686 0.0021311994645789043
tended 7.446016381236039E-4 2.7668907011251433 0.0020602313485667484
entities 7.446016381236039E-4 2.392197251683733 0.0017812339923184905
future 0.0014892032762472078 0.48265474679929443 7.187710302297758E-4
report 0.0014892032762472078 1.0059028905638423 0.0014979938802142105
hemorrhage 0.0014892032762472078 2.392197251683733 0.003562467984636981
eyelid 7.446016381236039E-4 3.7784916128036232 0.002813471044529876
findings 0.0022338049143708115 0.7459453661269161 0.0016662964247064393
penetrating 0.0037230081906180195 2.7668907011251433 0.010301156742833743
while 0.0029784065524944155 0.20895891632225325 6.223646055763313E-4
sustained 7.446016381236039E-4 2.6798793241355137 0.00199544253472488
upon 7.446016381236039E-4 1.5538680612792897 0.0011570127038565076
perception 0.0022338049143708115 1.3805963400052528 0.0030839828890660893
that 0.0014892032762472078 0.017291497110061043 2.575055414752203E-5
download 0.0037230081906180195 0.2595111954850846 9.661623063480441E-4
falls 0.0037230081906180195 2.456735772821304 0.009146447404398005
than 0.0037230081906180195 0.058840500022933395 2.1906366352544078E-4
reviewed 7.446016381236039E-4 1.3805963400052528 0.0010279942963553632
demographically 7.446016381236039E-4 5.1647859739235145 0.003845708096741262
calculated 7.446016381236039E-4 0.9021060968821986 6.717096774997755E-4
all 0.00967982129560685 0.017291497110061043 1.673786019588932E-4
circumstances 0.0014892032762472078 2.8622008809294686 0.0042623989291578086
months 0.0037230081906180195 1.3146383722134554 0.004894409427451435
including 0.0029784065524944155 0.2669461739726028 7.950742337233144E-4
comparison 7.446016381236039E-4 0.758066726659261 5.64457726477484E-4
maximized 7.446016381236039E-4 5.1647859739235145 0.003845708096741262
less 7.446016381236039E-4 0.368995428326773 2.7475460039223603E-4
unpaired 7.446016381236039E-4 3.373026504695459 0.0025115610608305726
osteoporosis 7.446016381236039E-4 5.1647859739235145 0.003845708096741262
ecce 0.0029784065524944155 5.1647859739235145 0.015382832386965048
proliferative 7.446016381236039E-4 2.6798793241355137 0.00199544253472488
were 0.014892032762472078 0.0958817717032825 0.0014278744855291514
phakic 0.0014892032762472078 3.2188758248682006 0.004793560424226658
present 0.0022338049143708115 0.38566248081198473 8.614947449262503E-4
dislocation 7.446016381236039E-4 3.7784916128036232 0.002813471044529876
predominant 7.446016381236039E-4 2.5998366164619773 0.001935842603471316
elderly 0.0014892032762472078 2.6798793241355137 0.00399088506944976
university 7.446016381236039E-4 1.121734706088964 8.352454996939419E-4
cause 7.446016381236039E-4 1.1394342831883648 8.484246337962508E-4
appears 7.446016381236039E-4 1.4271163556401458 0.0010626331762026403
investigate 7.446016381236039E-4 0.9600933545325481 7.148870845365213E-4
ron 0.0052122114668652275 5.1647859739235145 0.026919956677188835
represents 7.446016381236039E-4 0.9751312318970885 7.2608431265606E-4
wound 0.016381236038719285 2.6798793241355137 0.04389973576394736
total 0.0022338049143708115 0.5108256237659907 0.0011410847887550052
times 7.446016381236039E-4 0.9600933545325481 7.148870845365213E-4
uncommon 7.446016381236039E-4 2.9675613965872945 0.0022096510771312692
pkp 0.0022338049143708115 4.471638793363569 0.009988768711906706
and 0.06478034251675353 0.017291497110061043 0.0011201491054172081
vitreoretinopathy 7.446016381236039E-4 3.5553480614894135 0.002647317990684597
design 7.446016381236039E-4 1.0376515888784226 7.726370728804337E-4
magnitude 7.446016381236039E-4 2.073743520565198 0.001544112822461056
met 7.446016381236039E-4 1.906689435902032 0.0014197240773656233
included 0.0014892032762472078 0.41985384556026406 6.252477223533344E-4
render 7.446016381236039E-4 3.5553480614894135 0.002647317990684597
facial 0.0014892032762472078 4.0661736852554045 0.006055359173872531
haven 7.446016381236039E-4 5.1647859739235145 0.003845708096741262
chance 7.446016381236039E-4 2.2744142160273495 0.0016935325510255767
determine 7.446016381236039E-4 0.7221347174331975 5.377026935466846E-4
nature 7.446016381236039E-4 1.0216512475319812 7.607231925033368E-4
surgeries 0.0029784065524944155 2.392197251683733 0.007124935969273962
blunt 0.0029784065524944155 4.471638793363569 0.013318358282542277
aforementioned 7.446016381236039E-4 2.0292917579943643 0.0015110139672333317
control 7.446016381236039E-4 0.7459453661269161 5.554321415688132E-4
deviation 7.446016381236039E-4 1.8325814637483102 0.0013645431599019436
specific 7.446016381236039E-4 0.40261203912575794 2.997855838613239E-4
despite 7.446016381236039E-4 0.7221347174331975 5.377026935466846E-4
due 0.0022338049143708115 0.20895891632225325 4.667734541822485E-4
choroidal 0.0014892032762472078 2.5998366164619773 0.003871685206942632
martin 0.0052122114668652275 3.2188758248682006 0.016777461484793303
threat 7.446016381236039E-4 2.9675613965872945 0.0022096510771312692
extending 7.446016381236039E-4 2.392197251683733 0.0017812339923184905
accurate 7.446016381236039E-4 1.3805963400052528 0.0010279942963553632
orbital 7.446016381236039E-4 2.5998366164619773 0.001935842603471316
discussion 0.0014892032762472078 0.2595111954850846 3.864649225392176E-4
outpatient 7.446016381236039E-4 2.5257286443082556 0.0018806616860076364
eventual 7.446016381236039E-4 3.7784916128036232 0.002813471044529876
injury 0.011169024571854059 1.9867321435755685 0.02218986012928781
defined 7.446016381236039E-4 0.5300569856938783 3.9468129984652144E-4
they 7.446016381236039E-4 0.167573700159399 1.2477565164512212E-4
using 0.0022338049143708115 0.083381608939051 1.8625824781619732E-4
received 7.446016381236039E-4 0.9452782687474074 7.038557473919638E-4
each 7.446016381236039E-4 0.13434805253107854 1.0003577999335707E-4
eye 0.0037230081906180195 1.5012243277938677 0.0055890704683316
prolapse 7.446016381236039E-4 4.0661736852554045 0.0030276795869362653
twelve 7.446016381236039E-4 2.9675613965872945 0.0022096510771312692
unique 7.446016381236039E-4 1.157452788691043 8.618412425100842E-4
difference 7.446016381236039E-4 0.6004377824556778 4.470869564078018E-4
associations 7.446016381236039E-4 2.120263536200091 0.0015787517023083328
predictors 7.446016381236039E-4 2.2203469947570738 0.001653274009498938
motor 7.446016381236039E-4 3.0853444322436783 0.0022973525184241833
functional 7.446016381236039E-4 1.4759065198095778 0.0010989624123675188
increased 0.0029784065524944155 0.4919571394616079 0.001465248367718862
corneal 7.446016381236039E-4 1.9459101490553132 0.0014489278846279323
frequently 7.446016381236039E-4 1.157452788691043 8.618412425100842E-4
osteoarthritis 7.446016381236039E-4 4.471638793363569 0.003329589570635569
two 7.446016381236039E-4 0.11492996667397702 8.55770414549345E-5
are 0.005956813104988831 0.028987536873252187 1.7267333952793558E-4
mechanism 0.0029784065524944155 1.4512139072192063 0.004322305010332707
limits 7.446016381236039E-4 2.5257286443082556 0.0018806616860076364
variables 7.446016381236039E-4 0.9452782687474074 7.038557473919638E-4
cataract 0.004467609828741623 2.5257286443082556 0.011283970116045818
occurred 0.0022338049143708115 1.3581234841531944 0.0030337829132238148
one 0.0029784065524944155 0.06491954609931569 1.9335680148716513E-4
cardiovascular 7.446016381236039E-4 2.9675613965872945 0.0022096510771312692
people 7.446016381236039E-4 1.0539121097502027 7.847446833583043E-4
confirm 7.446016381236039E-4 1.8325814637483102 0.0013645431599019436
face 7.446016381236039E-4 2.2203469947570738 0.001653274009498938
associated 0.0022338049143708115 0.4373981552111735 9.770621486474462E-4
mortality 7.446016381236039E-4 2.392197251683733 0.0017812339923184905
chart 7.446016381236039E-4 1.8325814637483102 0.0013645431599019436
pseudophakic 0.01563663440059568 3.2188758248682006 0.0503323844543799
ratio 0.0022338049143708115 1.1758019273592397 0.0026265121236617416
but 0.0014892032762472078 0.083381608939051 1.2417216521079822E-4
resulted 7.446016381236039E-4 1.3361445774344192 9.94895441127639E-4
bcva 0.014147431124348473 3.0853444322436783 0.04364969785005948
medical 7.446016381236039E-4 0.9600933545325481 7.148870845365213E-4
predominantly 7.446016381236039E-4 2.5257286443082556 0.0018806616860076364
glaucoma 7.446016381236039E-4 2.331572629867298 0.001736092799603349
seven 7.446016381236039E-4 1.5538680612792897 0.0011570127038565076
had 0.0052122114668652275 0.32059888746492277 0.0016710291975089052
remains 7.446016381236039E-4 1.4512139072192063 0.0010805762525831768
layering 7.446016381236039E-4 5.1647859739235145 0.003845708096741262
presentation 0.0014892032762472078 1.6990500711237875 0.0025302309324255956
domestic 7.446016381236039E-4 2.7668907011251433 0.0020602313485667484
school 7.446016381236039E-4 2.169053700369523 0.0016150809384732115
results 0.0014892032762472078 0.08961215868968714 1.3345072031226677E-4
those 7.446016381236039E-4 0.3364722366212129 2.50537778571268E-4
anecdotal 7.446016381236039E-4 4.471638793363569 0.003329589570635569
coronary 7.446016381236039E-4 3.5553480614894135 0.002647317990684597
wounds 7.446016381236039E-4 4.0661736852554045 0.0030276795869362653
this 0.004467609828741623 0.017291497110061043 7.725166244256609E-5
significant 0.0029784065524944155 0.377294231141468 0.0011237356102500907
develop 7.446016381236039E-4 1.157452788691043 8.618412425100842E-4
worse 0.004467609828741623 1.6094379124341003 0.007190340636339986
adelman 0.0052122114668652275 5.1647859739235145 0.026919956677188835
involved 0.0014892032762472078 1.1043429633770947 0.0016445911591617195
yale 7.446016381236039E-4 5.1647859739235145 0.003845708096741262
demonstrate 7.446016381236039E-4 1.293584963015623 9.632054825134945E-4
full 0.0014892032762472078 0.14750613710858965 2.1966662264868154E-4
records 7.446016381236039E-4 1.3581234841531944 0.001011260971074605
needed 0.0014892032762472078 0.8080771472339223 0.0012033911351212543
absence 7.446016381236039E-4 1.3581234841531944 0.001011260971074605
vitrectomy 7.446016381236039E-4 2.073743520565198 0.001544112822461056
not 0.0022338049143708115 0.03488725900044054 7.79313306041114E-5
common 0.0029784065524944155 0.3526016185510966 0.0010501909711127227
examination 0.0014892032762472078 1.5812670354674039 0.0023548280498397675
morbidity 7.446016381236039E-4 3.0853444322436783 0.0022973525184241833
nonclearing 7.446016381236039E-4 4.0661736852554045 0.0030276795869362653
registry 7.446016381236039E-4 3.0853444322436783 0.0022973525184241833
characteristics 0.005956813104988831 0.7703368192510752 0.004588752460170218
figure 0.004467609828741623 0.20194134366360675 9.021951317808194E-4
hours 7.446016381236039E-4 1.6682784124570338 0.0012422028387617527
cases 0.005956813104988831 0.6004377824556778 0.003576695651262414
disease 7.446016381236039E-4 1.2729656758128876 9.478523274853966E-4
was 0.02084884586746091 0.058840500022933395 0.0012267565157424686
laceration 7.446016381236039E-4 3.5553480614894135 0.002647317990684597
location 0.0014892032762472078 1.4512139072192063 0.0021611525051663536
risk 0.0022338049143708115 0.8209805520698303 0.0018339103918164489
time 0.008190618019359643 0.20194134366360675 0.0016540244082648356
criteria 7.446016381236039E-4 1.121734706088964 8.352454996939419E-4
tested 7.446016381236039E-4 1.3581234841531944 0.001011260971074605
during 0.0014892032762472078 0.28958865072236245 4.312563674197505E-4
three 7.446016381236039E-4 0.22314355131420976 1.6615305384527906E-4
hyphema 0.0029784065524944155 3.7784916128036232 0.011253884178119504
required 0.0022338049143708115 0.5900749954201312 0.0013181124246168232
loss 7.446016381236039E-4 0.9162907318741551 6.822715799509718E-4
identified 7.446016381236039E-4 0.6321864807702582 4.7072708918113047E-4
variably 7.446016381236039E-4 5.1647859739235145 0.003845708096741262
review 0.0014892032762472078 0.5696661237889241 8.483486579135132E-4
geriatric 0.0052122114668652275 4.471638793363569 0.023307126994448982
presence 0.0014892032762472078 0.9751312318970885 0.00145216862531212
between 0.0037230081906180195 0.058840500022933395 2.1906366352544078E-4
case 7.446016381236039E-4 0.38566248081198473 2.871649149754168E-4
rendering 7.446016381236039E-4 4.0661736852554045 0.0030276795869362653
extraction 7.446016381236039E-4 1.3361445774344192 9.94895441127639E-4
pvr 0.0014892032762472078 4.0661736852554045 0.006055359173872531
susceptible 7.446016381236039E-4 2.8622008809294686 0.0021311994645789043
ots 0.006701414743112435 3.2188758248682006 0.02157102190901996
light 0.0022338049143708115 1.2729656758128876 0.0028435569824561894
among 7.446016381236039E-4 0.32850406697203605 2.4460466639764414E-4
exact 0.0029784065524944155 1.5271998141971284 0.004548621933572981
antibiotics 7.446016381236039E-4 2.2744142160273495 0.0016935325510255767
primary 7.446016381236039E-4 0.9306794693262548 6.929854574283357E-4
keratoplasty 7.446016381236039E-4 4.0661736852554045 0.0030276795869362653
damage 0.0014892032762472078 1.8325814637483102 0.0027290863198038873
study 0.0029784065524944155 0.15415067982725836 4.59123394868975E-4
methods 7.446016381236039E-4 0.20194134366360675 1.5036585529680323E-4
preterminal 7.446016381236039E-4 5.1647859739235145 0.003845708096741262
periorbital 7.446016381236039E-4 4.471638793363569 0.003329589570635569
iii 7.446016381236039E-4 2.9675613965872945 0.0022096510771312692
direct 0.0014892032762472078 0.990398704027877 0.0014749049948293031
extracapsular 0.0037230081906180195 4.471638793363569 0.016647947853177844
our 0.005956813104988831 0.19497267434751336 0.0011614157816679873
foreign 0.0014892032762472078 2.120263536200091 0.0031575034046166656
vehicle 7.446016381236039E-4 2.9675613965872945 0.0022096510771312692
fall 0.004467609828741623 2.456735772821304 0.010975736885277605
ophthalmic 7.446016381236039E-4 2.169053700369523 0.0016150809384732115
adnexal 0.0022338049143708115 4.0661736852554045 0.009083038760808796
indoors 7.446016381236039E-4 5.1647859739235145 0.003845708096741262
older 7.446016381236039E-4 1.8325814637483102 0.0013645431599019436
categories 7.446016381236039E-4 1.0216512475319812 7.607231925033368E-4
demonstrated 7.446016381236039E-4 0.8607208807193443 6.408941777508148E-4
include 7.446016381236039E-4 0.5013468798114469 3.733037079757609E-4
initial 0.0052122114668652275 0.6988778552689304 0.003642699171170896
more 0.0029784065524944155 0.05279818556697083 1.57254461852482E-4
caused 7.446016381236039E-4 1.121734706088964 8.352454996939419E-4
display 0.0014892032762472078 0.167573700159399 2.4955130329024425E-4
csvdisplay 0.0037230081906180195 0.2669461739726028 9.93842792154143E-4
suggest 7.446016381236039E-4 1.0059028905638423 7.489969401071053E-4
performed 0.0029784065524944155 0.4643056081310978 0.001382890865617566
january 7.446016381236039E-4 1.3581234841531944 0.001011260971074605
diabetes 7.446016381236039E-4 2.456735772821304 0.001829289480879601
incidence 7.446016381236039E-4 1.6384254493073527 0.0012199742734976566
economic 7.446016381236039E-4 1.6990500711237875 0.0012651154662127978
shaheen 0.0052122114668652275 5.1647859739235145 0.026919956677188835
levels 7.446016381236039E-4 0.9452782687474074 7.038557473919638E-4
date 0.0014892032762472078 1.8689491079191851 0.0027832451346525467
small 7.446016381236039E-4 0.6214911916535102 4.6276335938459434E-4
data 7.446016381236039E-4 0.167573700159399 1.2477565164512212E-4
injuries 0.017870439314966492 2.5257286443082556 0.04513588046418327
used 0.0014892032762472078 0.07103577311675174 1.0578670605622002E-4
protocol 7.446016381236039E-4 1.730798769438368 0.0012887555989861265
chamber 7.446016381236039E-4 2.2744142160273495 0.0016935325510255767
zone 7.446016381236039E-4 2.2744142160273495 0.0016935325510255767
presented 0.0022338049143708115 0.4373981552111735 9.770621486474462E-4
few 7.446016381236039E-4 0.6988778552689304 5.203855958815565E-4
consequences 7.446016381236039E-4 2.2203469947570738 0.001653274009498938
from 0.0014892032762472078 0.023122417420854212 3.4433979777891605E-5
potential 7.446016381236039E-4 0.44628710262841953 3.323061076905581E-4
mechanisms 7.446016381236039E-4 1.4759065198095778 0.0010989624123675188
described 7.446016381236039E-4 0.44628710262841953 3.323061076905581E-4
combination 7.446016381236039E-4 0.758066726659261 5.64457726477484E-4
obtain 7.446016381236039E-4 1.0872485300177945 8.095670364987301E-4
dehiscence 7.446016381236039E-4 5.1647859739235145 0.003845708096741262
patients 0.03052866716306776 0.9452782687474074 0.028858085643070516
phthisis 0.0022338049143708115 3.2188758248682006 0.007190340636339986
uveal 0.0014892032762472078 3.373026504695459 0.005023122121661145
history 0.004467609828741623 1.2729656758128876 0.005687113964912379
published 0.0052122114668652275 0.03488725900044054 1.8183977140959329E-4
both 7.446016381236039E-4 0.13434805253107854 1.0003577999335707E-4
most 0.004467609828741623 0.0771896386911299 3.448531884935066E-4
prognostic 0.0022338049143708115 2.9675613965872945 0.006628953231393807
important 0.0014892032762472078 0.2669461739726028 3.975371168616572E-4
addressed 0.0014892032762472078 1.4271163556401458 0.0021252663524052805
limbus 0.0014892032762472078 3.7784916128036232 0.005626942089059752
clinically 7.446016381236039E-4 2.2744142160273495 0.0016935325510255767
who 0.0022338049143708115 0.44628710262841953 9.969183230716743E-4
repair 7.446016381236039E-4 2.456735772821304 0.001829289480879601
according 7.446016381236039E-4 0.4919571394616079 3.663120919297155E-4
contribute 7.446016381236039E-4 1.0704414117014134 7.970524286682155E-4
their 7.446016381236039E-4 0.12136085700426753 9.036549292946205E-5
investigations 7.446016381236039E-4 2.456735772821304 0.001829289480879601
recovery 7.446016381236039E-4 2.2203469947570738 0.001653274009498938
ocular 0.00967982129560685 1.5538680612792897 0.015041165150134598
inclusion 0.0014892032762472078 1.3581234841531944 0.00202252194214921
database 7.446016381236039E-4 1.3581234841531944 0.001011260971074605
intravenous 7.446016381236039E-4 2.6798793241355137 0.00199544253472488
public 7.446016381236039E-4 1.3361445774344192 9.94895441127639E-4
patient 0.0029784065524944155 0.9751312318970885 0.00290433725062424
predictor 7.446016381236039E-4 2.392197251683733 0.0017812339923184905
expulsed 7.446016381236039E-4 5.1647859739235145 0.003845708096741262
hospital 0.0014892032762472078 1.4512139072192063 0.0021611525051663536
introduction 7.446016381236039E-4 0.10219094089654716 7.60915419929614E-5
ecchymosis 0.0014892032762472078 4.471638793363569 0.006659179141271138
postoperative 7.446016381236039E-4 2.0292917579943643 0.0015110139672333317
inverse 7.446016381236039E-4 2.6798793241355137 0.00199544253472488
hospitalization 7.446016381236039E-4 3.7784916128036232 0.002813471044529876
sas 7.446016381236039E-4 3.373026504695459 0.0025115610608305726
motion 7.446016381236039E-4 2.120263536200091 0.0015787517023083328
will 7.446016381236039E-4 0.3526016185510966 2.6254774277818067E-4
also 0.0037230081906180195 0.05279818556697083 1.965680773156025E-4
increase 7.446016381236039E-4 0.5013468798114469 3.733037079757609E-4
factors 7.446016381236039E-4 0.6321864807702582 4.7072708918113047E-4
tabulation 7.446016381236039E-4 5.1647859739235145 0.003845708096741262
mean 0.0037230081906180195 0.6214911916535102 0.002313816796922972
neither 7.446016381236039E-4 1.8325814637483102 0.0013645431599019436
further 7.446016381236039E-4 0.27443684570176036 2.043461248710055E-4
account 7.446016381236039E-4 1.0539121097502027 7.847446833583043E-4
