extent 4.1649312786339027E-4 1.3805963400052528 5.750088879655364E-4
been 0.004581424406497293 0.05279818556697083 2.4189089597529328E-4
half 8.329862557267805E-4 1.3805963400052528 0.0011500177759310728
numerous 4.1649312786339027E-4 1.6384254493073527 6.823929401529999E-4
accuracy 4.1649312786339027E-4 1.0539121097502027 4.389471510829666E-4
harvested 8.329862557267805E-4 3.5553480614894135 0.002961556069545534
without 4.1649312786339027E-4 0.32850406697203605 1.3681968636902793E-4
these 0.0049979175343606835 0.03488725900044054 1.7436364348408435E-4
evaluation 0.0020824656393169513 0.7953381214564925 0.0016562643095720377
analyzing 4.1649312786339027E-4 1.6094379124341003 6.703198302516036E-4
score 8.329862557267805E-4 1.121734706088964 9.343895927438268E-4
would 4.1649312786339027E-4 0.5013468798114469 2.088075301172207E-4
outcomes 0.0012494793835901709 1.1043429633770947 0.001379853765152555
complex 4.1649312786339027E-4 0.8743265327751228 3.6415099240946395E-4
record 4.1649312786339027E-4 1.8689491079191851 7.784044597747543E-4
understanding 8.329862557267805E-4 0.990398704027877 8.249885081448372E-4
because 8.329862557267805E-4 0.34450440831847723 2.869674371665783E-4
evaluated 0.001665972511453561 0.9600933545325481 0.0015994891370804632
diagnostic 4.1649312786339027E-4 2.120263536200091 8.830751920866685E-4
addition 4.1649312786339027E-4 0.8080771472339223 3.3655857860638165E-4
limitations 4.1649312786339027E-4 0.9162907318741551 3.8162879295050193E-4
databases 4.1649312786339027E-4 2.073743520565198 8.63699925266638E-4
impact 8.329862557267805E-4 0.7827593392496325 6.520277711367201E-4
documentation 8.329862557267805E-4 2.392197251683733 0.0019926674316399274
opportunity 4.1649312786339027E-4 1.6384254493073527 6.823929401529999E-4
analysis 0.001665972511453561 0.15415067982725836 2.568107952140914E-4
overdispersion 8.329862557267805E-4 5.1647859739235145 0.004302195730048742
version 4.1649312786339027E-4 1.3805963400052528 5.750088879655364E-4
whose 4.1649312786339027E-4 1.730798769438368 7.208657931854928E-4
ehr 0.004164931278633903 2.8622008809294686 0.011920869974716653
population 0.0024989587671803417 0.9751312318970885 0.0024368127411005963
symptoms 0.001665972511453561 1.8325814637483102 0.0030530303436040154
selection 4.1649312786339027E-4 1.1043429633770947 4.5995125505085164E-4
steven 0.0024989587671803417 3.7784916128036232 0.009442294742533004
size 8.329862557267805E-4 0.127833371509885 1.0648344149094961E-4
institute 4.1649312786339027E-4 2.331572629867298 9.710839774541016E-4
evaluating 0.0024989587671803417 1.4512139072192063 0.0036265237164994748
drive 4.1649312786339027E-4 2.5257286443082556 0.0010519486232021056
amedication 8.329862557267805E-4 5.1647859739235145 0.004302195730048742
relative 8.329862557267805E-4 1.0539121097502027 8.778943021659332E-4
organ 4.1649312786339027E-4 3.373026504695459 0.00140484235930673
appropriate 4.1649312786339027E-4 1.0704414117014134 4.4583149175402476E-4
treatment 8.329862557267805E-4 0.9452782687474074 7.874038057037963E-4
average 4.1649312786339027E-4 0.7459453661269161 3.1068111875340114E-4
statistical 0.0012494793835901709 0.653926467406664 8.170676394085765E-4
nonsteroidal 0.0012494793835901709 4.471638793363569 0.0055872204831698075
stepwise 4.1649312786339027E-4 3.373026504695459 0.00140484235930673
ordering 4.1649312786339027E-4 3.373026504695459 0.00140484235930673
least 4.1649312786339027E-4 0.653926467406664 2.723558798028588E-4
iqr 8.329862557267805E-4 4.471638793363569 0.003724813655446538
datasets 4.1649312786339027E-4 1.4512139072192063 6.04420619416579E-4
example 4.1649312786339027E-4 0.9162907318741551 3.8162879295050193E-4
sleep 8.329862557267805E-4 3.5553480614894135 0.002961556069545534
how 0.0012494793835901709 0.5496654570822546 6.86795656495945E-4
coding 8.329862557267805E-4 2.2203469947570738 0.0018495185295769045
search 4.1649312786339027E-4 1.1043429633770947 4.5995125505085164E-4
vocabulary 4.1649312786339027E-4 2.120263536200091 8.830751920866685E-4
same 4.1649312786339027E-4 0.2972515234679317 1.2380321677131685E-4
systems 8.329862557267805E-4 0.8743265327751228 7.283019848189279E-4
integral 4.1649312786339027E-4 2.5998366164619773 0.0010828140843240222
variations 4.1649312786339027E-4 2.331572629867298 9.710839774541016E-4
whom 4.1649312786339027E-4 2.2203469947570738 9.247592647884523E-4
consisted 8.329862557267805E-4 1.8325814637483102 0.0015265151718020077
national 4.1649312786339027E-4 1.293584963015623 5.387692474034249E-4
certified 4.1649312786339027E-4 3.5553480614894135 0.001480778034772767
after 8.329862557267805E-4 0.12136085700426753 1.0109192586777805E-4
faulkner 0.0024989587671803417 5.1647859739235145 0.012906587190146226
boutpatient 8.329862557267805E-4 5.1647859739235145 0.004302195730048742
linked 4.1649312786339027E-4 1.730798769438368 7.208657931854928E-4
compared 0.0012494793835901709 0.2669461739726028 3.3354374090704226E-4
minimize 4.1649312786339027E-4 2.2203469947570738 9.247592647884523E-4
ordered 4.1649312786339027E-4 3.373026504695459 0.00140484235930673
set 4.1649312786339027E-4 0.5596157879354227 2.330761299189599E-4
emergence 4.1649312786339027E-4 2.6798793241355137 0.0011161513220056284
keeping 4.1649312786339027E-4 2.456735772821304 0.0010232135663562282
subjects 4.1649312786339027E-4 1.79749014393704 7.486422923519534E-4
antidepressant 4.1649312786339027E-4 4.0661736852554045 0.001693533396607832
representing 0.0012494793835901709 1.3361445774344192 0.0016694851030001074
irr 8.329862557267805E-4 5.1647859739235145 0.004302195730048742
operational 4.1649312786339027E-4 2.7668907011251433 0.0011523909625677398
involve 4.1649312786339027E-4 1.8325814637483102 7.632575859010039E-4
possible 4.1649312786339027E-4 0.38566248081198473 1.6062577293293826E-4
food 4.1649312786339027E-4 2.2203469947570738 9.247592647884523E-4
textual 4.1649312786339027E-4 1.9459101490553132 8.104582045211634E-4
logical 4.1649312786339027E-4 2.331572629867298 9.710839774541016E-4
the 0.059558517284464804 0.017291497110061043 0.0010298559295038438
characterize 8.329862557267805E-4 2.392197251683733 0.0019926674316399274
covariate 4.1649312786339027E-4 5.1647859739235145 0.002151097865024371
days 4.1649312786339027E-4 1.1043429633770947 4.5995125505085164E-4
information 0.0012494793835901709 0.3049735695618419 3.8105818770742435E-4
under 4.1649312786339027E-4 0.7459453661269161 3.1068111875340114E-4
did 8.329862557267805E-4 0.5108256237659907 4.255107236701297E-4
represent 4.1649312786339027E-4 0.8209805520698303 3.419327580465766E-4
surgery 4.1649312786339027E-4 1.6990500711237875 7.076426785188619E-4
reports 4.1649312786339027E-4 1.0539121097502027 4.389471510829666E-4
notes 8.329862557267805E-4 2.331572629867298 0.0019421679549082031
evidence 0.0024989587671803417 0.9306794693262548 0.0023257296193075925
emergency 0.0024989587671803417 2.0292917579943643 0.005071116429806825
language 8.329862557267805E-4 0.6988778552689304 5.821556478708292E-4
developed 4.1649312786339027E-4 0.48265474679929443 2.0102238517255078E-4
analyses 0.0012494793835901709 0.9021060968821986 0.0011271629698653045
assessment 0.0012494793835901709 1.3146383722134554 0.0016426135429572538
act 4.1649312786339027E-4 1.4271163556401458 5.943841547855668E-4
prior 0.0012494793835901709 0.8209805520698303 0.0010257982741397299
accounted 4.1649312786339027E-4 2.5998366164619773 0.0010828140843240222
female 4.1649312786339027E-4 2.392197251683733 9.963337158199637E-4
which 0.003331945022907122 0.023122417420854212 7.704262364299613E-5
commonly 0.001665972511453561 1.0216512475319812 0.0017020428946805187
attributable 4.1649312786339027E-4 3.7784916128036232 0.0015737157904221672
typically 4.1649312786339027E-4 1.1394342831883648 4.7456654859990205E-4
need 4.1649312786339027E-4 0.5013468798114469 2.088075301172207E-4
its 8.329862557267805E-4 0.19497267434751336 1.6240955797377208E-4
often 4.1649312786339027E-4 0.5900749954201312 2.4576218051650616E-4
congestive 4.1649312786339027E-4 5.1647859739235145 0.002151097865024371
regarding 4.1649312786339027E-4 0.758066726659261 3.157295821154773E-4
users 4.1649312786339027E-4 1.4759065198095778 6.147049228694618E-4
inconsistently 8.329862557267805E-4 5.1647859739235145 0.004302195730048742
lack 8.329862557267805E-4 0.6988778552689304 5.821556478708292E-4
searched 4.1649312786339027E-4 2.169053700369523 9.033959601705636E-4
tests 4.1649312786339027E-4 1.3581234841531944 5.656490979396894E-4
month 8.329862557267805E-4 2.169053700369523 0.0018067919203411272
claims 4.1649312786339027E-4 2.169053700369523 9.033959601705636E-4
therefore 4.1649312786339027E-4 1.1394342831883648 4.7456654859990205E-4
longitudinal 4.1649312786339027E-4 2.5257286443082556 0.0010519486232021056
useful 4.1649312786339027E-4 0.9162907318741551 3.8162879295050193E-4
dictionaries 4.1649312786339027E-4 2.6798793241355137 0.0011161513220056284
some 4.1649312786339027E-4 0.2160260835453457 8.99733792358791E-5
identifying 0.0012494793835901709 1.0216512475319812 0.001276532171010389
applied 4.1649312786339027E-4 0.6109090823229731 2.544394345368485E-4
rather 4.1649312786339027E-4 0.758066726659261 3.157295821154773E-4
additional 8.329862557267805E-4 0.5300569856938783 4.4153018383496736E-4
for 0.015410245730945439 0.017291497110061043 2.664662195219736E-4
representation 4.1649312786339027E-4 1.2729656758128876 5.30181455982044E-4
primarily 8.329862557267805E-4 1.4512139072192063 0.001208841238833158
burden 8.329862557267805E-4 2.073743520565198 0.001727399850533276
squamous 4.1649312786339027E-4 4.471638793363569 0.001862406827723269
previously 4.1649312786339027E-4 0.8340526336371831 3.473771901862487E-4
related 8.329862557267805E-4 0.27443684570176036 2.2860212053457758E-4
provider 0.0012494793835901709 2.7668907011251433 0.0034571728877032196
rate 0.0012494793835901709 0.7221347174331975 9.022924416074938E-4
provides 8.329862557267805E-4 0.6214911916535102 5.176936207026324E-4
captured 4.1649312786339027E-4 1.9459101490553132 8.104582045211634E-4
class 0.0012494793835901709 1.3805963400052528 0.0017250266638966093
just 4.1649312786339027E-4 1.3146383722134554 5.475378476524179E-4
reporting 4.1649312786339027E-4 1.6384254493073527 6.823929401529999E-4
over 8.329862557267805E-4 0.3364722366212129 2.8027674853911945E-4
practical 4.1649312786339027E-4 1.5538680612792897 6.471753691292335E-4
identify 0.0020824656393169513 0.6214911916535102 0.001294234051756581
captures 4.1649312786339027E-4 2.6798793241355137 0.0011161513220056284
females 4.1649312786339027E-4 2.5998366164619773 0.0010828140843240222
approval 8.329862557267805E-4 1.9459101490553132 0.0016209164090423267
multiple 8.329862557267805E-4 0.5108256237659907 4.255107236701297E-4
retrospective 4.1649312786339027E-4 1.4271163556401458 5.943841547855668E-4
statistically 4.1649312786339027E-4 1.1758019273592397 4.897134224736525E-4
recorded 8.329862557267805E-4 1.5012243277938677 0.001250499231814967
room 4.1649312786339027E-4 2.2203469947570738 9.247592647884523E-4
better 4.1649312786339027E-4 0.4285875255290187 1.7850375907081163E-4
significance 4.1649312786339027E-4 1.2329603411991883 5.135195090375628E-4
ranging 8.329862557267805E-4 1.6094379124341003 0.0013406396605032073
with 0.029571012078300707 0.017291497110061043 5.113270698935169E-4
although 0.0012494793835901709 0.4285875255290187 5.355112772124349E-4
approximately 8.329862557267805E-4 0.9452782687474074 7.874038057037963E-4
management 8.329862557267805E-4 0.9452782687474074 7.874038057037963E-4
regression 0.001665972511453561 1.3805963400052528 0.0023000355518621456
service 4.1649312786339027E-4 1.6990500711237875 7.076426785188619E-4
there 0.001665972511453561 0.12136085700426753 2.021838517355561E-4
visited 4.1649312786339027E-4 3.2188758248682006 0.0013406396605032073
well 8.329862557267805E-4 0.3127557100038969 2.605212078333169E-4
humedica 0.001665972511453561 5.1647859739235145 0.008604391460097484
significantly 0.0012494793835901709 0.5900749954201312 7.372865415495184E-4
showing 4.1649312786339027E-4 1.5012243277938677 6.252496159074835E-4
hypertension 8.329862557267805E-4 3.0853444322436783 0.002570049506242131
age 8.329862557267805E-4 0.9751312318970885 8.122709137001988E-4
taking 0.0012494793835901709 1.3581234841531944 0.0016969472938190685
practice 4.1649312786339027E-4 1.2729656758128876 5.30181455982044E-4
considered 4.1649312786339027E-4 0.32059888746492277 1.3352723342978875E-4
approach 4.1649312786339027E-4 0.5398131606392429 2.2482847173646103E-4
years 8.329862557267805E-4 0.7104386776700063 5.917856540358237E-4
improved 4.1649312786339027E-4 0.8607208807193443 3.5848433182813176E-4
number 0.004164931278633903 0.167573700159399 6.979329452702999E-4
impaired 4.1649312786339027E-4 2.8622008809294686 0.0011920869974716653
guidelines 0.003748438150770512 1.5812670354674039 0.005927281682301805
model 8.329862557267805E-4 0.48265474679929443 4.0204477034510157E-4
majority 4.1649312786339027E-4 0.9452782687474074 3.9370190285189816E-4
text 4.1649312786339027E-4 0.8607208807193443 3.5848433182813176E-4
per 0.001665972511453561 0.7339691750802005 0.0012227724699378601
prescriptions 0.0029154518950437317 3.5553480614894135 0.01036544624340937
order 0.001665972511453561 0.6214911916535102 0.0010353872414052647
reduce 4.1649312786339027E-4 0.8340526336371831 3.473771901862487E-4
poorer 4.1649312786339027E-4 2.456735772821304 0.0010232135663562282
similar 4.1649312786339027E-4 0.20895891632225325 8.70299526539997E-5
likely 4.1649312786339027E-4 0.5798184952529422 2.4149041868094218E-4
period 0.003748438150770512 0.8472978603872037 0.0031760436249416214
large 8.329862557267805E-4 0.34450440831847723 2.869674371665783E-4
made 4.1649312786339027E-4 0.6109090823229731 2.544394345368485E-4
lower 4.1649312786339027E-4 0.5300569856938783 2.2076509191748368E-4
testing 4.1649312786339027E-4 1.293584963015623 5.387692474034249E-4
understand 4.1649312786339027E-4 1.121734706088964 4.671947963719134E-4
index 4.1649312786339027E-4 1.5538680612792897 6.471753691292335E-4
being 0.0012494793835901709 0.48265474679929443 6.030671555176523E-4
forth 4.1649312786339027E-4 4.471638793363569 0.001862406827723269
classification 0.0012494793835901709 0.9751312318970885 0.0012184063705502981
diagnoses 4.1649312786339027E-4 2.6798793241355137 0.0011161513220056284
resulting 4.1649312786339027E-4 1.0059028905638423 4.1895164121776024E-4
system 8.329862557267805E-4 0.44628710262841953 3.7175102259760063E-4
likelihood 0.0012494793835901709 1.7635885922613586 0.0022035675871653793
integration 4.1649312786339027E-4 2.2203469947570738 9.247592647884523E-4
cancers 4.1649312786339027E-4 4.0661736852554045 0.001693533396607832
aggregates 4.1649312786339027E-4 4.0661736852554045 0.001693533396607832
orders 0.003748438150770512 3.5553480614894135 0.013327002312954903
indication 4.1649312786339027E-4 2.0292917579943643 8.451860716344709E-4
evaluate 8.329862557267805E-4 0.758066726659261 6.314591642309546E-4
diagnosed 4.1649312786339027E-4 1.6990500711237875 7.076426785188619E-4
women 4.1649312786339027E-4 2.169053700369523 9.033959601705636E-4
authors 0.0024989587671803417 0.023122417420854212 5.77819677322471E-5
wider 4.1649312786339027E-4 2.2744142160273495 9.472778908901914E-4
other 0.0058309037900874635 0.0408219945202552 2.3802912256708572E-4
indicated 8.329862557267805E-4 1.3361445774344192 0.0011129900686667382
proportion 0.0029154518950437317 1.4759065198095778 0.004302934460086233
diagnosing 4.1649312786339027E-4 3.5553480614894135 0.001480778034772767
skin 4.1649312786339027E-4 3.373026504695459 0.00140484235930673
cell 8.329862557267805E-4 1.730798769438368 0.0014417315863709855
dysfunction 4.1649312786339027E-4 3.2188758248682006 0.0013406396605032073
mention 4.1649312786339027E-4 2.2744142160273495 9.472778908901914E-4
portability 4.1649312786339027E-4 2.9675613965872945 0.001235968928191293
prevalence 4.1649312786339027E-4 1.8689491079191851 7.784044597747543E-4
indicating 8.329862557267805E-4 1.5271998141971284 0.0012721364549747008
known 4.1649312786339027E-4 0.8607208807193443 3.5848433182813176E-4
indicates 4.1649312786339027E-4 1.0376515888784226 4.321747558843909E-4
have 0.005414410662224073 0.028987536873252187 1.569504287181501E-4
electronic 0.0029154518950437317 1.730798769438368 0.005046060552298449
december 0.003331945022907122 1.3361445774344192 0.004451960274666953
periods 8.329862557267805E-4 1.906689435902032 0.001588246094045841
transplant 4.1649312786339027E-4 5.1647859739235145 0.002151097865024371
tricyclic 4.1649312786339027E-4 5.1647859739235145 0.002151097865024371
ability 4.1649312786339027E-4 0.8881198549074587 3.698958162879878E-4
table 0.003331945022907122 0.18805223150293962 6.265796968027976E-4
characterized 4.1649312786339027E-4 1.7635885922613586 7.345225290551265E-4
continuum 4.1649312786339027E-4 3.7784916128036232 0.0015737157904221672
linear 8.329862557267805E-4 1.3146383722134554 0.0010950756953048359
implications 4.1649312786339027E-4 2.120263536200091 8.830751920866685E-4
may 0.0049979175343606835 0.15415067982725836 7.704323856422742E-4
within 0.004581424406497293 0.3127557100038969 0.0014328666430832428
drugs 8.329862557267805E-4 2.9675613965872945 0.002471937856382586
identifiers 4.1649312786339027E-4 3.2188758248682006 0.0013406396605032073
forward 4.1649312786339027E-4 1.8689491079191851 7.784044597747543E-4
could 0.0012494793835901709 0.22314355131420976 2.7881326694820046E-4
health 0.019991670137442734 0.990398704027877 0.019799724195476095
filled 4.1649312786339027E-4 2.6798793241355137 0.0011161513220056284
positive 4.1649312786339027E-4 0.6988778552689304 2.910778239354146E-4
inconsistent 4.1649312786339027E-4 2.6798793241355137 0.0011161513220056284
demographic 0.0020824656393169513 1.906689435902032 0.0039706152351146025
generally 4.1649312786339027E-4 0.9021060968821986 3.7572098995510147E-4
comparator 4.1649312786339027E-4 4.471638793363569 0.001862406827723269
names 8.329862557267805E-4 1.8689491079191851 0.0015568089195495086
comorbidity 8.329862557267805E-4 3.0853444322436783 0.002570049506242131
efficiently 4.1649312786339027E-4 2.0292917579943643 8.451860716344709E-4
complete 8.329862557267805E-4 0.9600933545325481 7.997445685402316E-4
codes 0.001665972511453561 1.906689435902032 0.003176492188091682
inhibitors 4.1649312786339027E-4 3.373026504695459 0.00140484235930673
almost 4.1649312786339027E-4 1.1043429633770947 4.5995125505085164E-4
use 0.0058309037900874635 0.20895891632225325 0.0012184193371559955
subject 4.1649312786339027E-4 1.2135422553420867 5.054320097218187E-4
findings 4.1649312786339027E-4 0.7459453661269161 3.1068111875340114E-4
several 8.329862557267805E-4 0.3526016185510966 2.937123020000805E-4
main 4.1649312786339027E-4 0.6004377824556778 2.500782101023231E-4
office 0.0029154518950437317 2.456735772821304 0.007162494964493597
stratified 8.329862557267805E-4 2.7668907011251433 0.0023047819251354796
while 0.0029154518950437317 0.20895891632225325 6.092096685779977E-4
that 0.009995835068721367 0.017291497110061043 1.7284295320344235E-4
high 0.003331945022907122 0.2521310881874621 8.400869244063711E-4
download 0.001665972511453561 0.2595111954850846 4.3233851809260245E-4
nonopioid 4.1649312786339027E-4 5.1647859739235145 0.002151097865024371
geographic 4.1649312786339027E-4 2.392197251683733 9.963337158199637E-4
encounters 4.1649312786339027E-4 4.471638793363569 0.001862406827723269
whether 4.1649312786339027E-4 0.5300569856938783 2.2076509191748368E-4
than 0.003748438150770512 0.058840500022933395 2.2055997509637674E-4
continuous 8.329862557267805E-4 1.1758019273592397 9.79426844947305E-4
documented 0.001665972511453561 1.730798769438368 0.002883463172741971
widespread 8.329862557267805E-4 1.9867321435755685 0.0016549205694090534
international 0.0012494793835901709 1.5538680612792897 0.0019415261073877008
different 4.1649312786339027E-4 0.18805223150293962 7.83224621003497E-5
administered 4.1649312786339027E-4 2.331572629867298 9.710839774541016E-4
directly 4.1649312786339027E-4 0.7703368192510752 3.208399913582154E-4
chronic 0.0012494793835901709 1.8325814637483102 0.0022897727577030117
regardless 0.0012494793835901709 1.79749014393704 0.0022459268770558603
all 0.0049979175343606835 0.017291497110061043 8.642147660172117E-5
including 0.0029154518950437317 0.2669461739726028 7.782687287830985E-4
months 0.0012494793835901709 1.3146383722134554 0.0016426135429572538
level 4.1649312786339027E-4 0.5798184952529422 2.4149041868094218E-4
poisson 0.0012494793835901709 5.1647859739235145 0.006453293595073113
diagnosis 0.0020824656393169513 1.4512139072192063 0.0030221030970828955
conducted 4.1649312786339027E-4 0.664976303593249 2.769580606385877E-4
percentages 8.329862557267805E-4 2.9675613965872945 0.002471937856382586
difficult 4.1649312786339027E-4 0.7703368192510752 3.208399913582154E-4
includes 4.1649312786339027E-4 0.8472978603872037 3.5289373610462464E-4
less 4.1649312786339027E-4 0.368995428326773 1.5368406011110914E-4
heart 4.1649312786339027E-4 2.8622008809294686 0.0011920869974716653
tool 4.1649312786339027E-4 1.1758019273592397 4.897134224736525E-4
relevant 4.1649312786339027E-4 0.7703368192510752 3.208399913582154E-4
quantify 4.1649312786339027E-4 2.456735772821304 0.0010232135663562282
entry 4.1649312786339027E-4 1.9867321435755685 8.274602847045267E-4
clinical 0.0029154518950437317 0.9452782687474074 0.002755913319963287
condition 8.329862557267805E-4 1.5271998141971284 0.0012721364549747008
improve 0.0012494793835901709 0.7104386776700063 8.876784810537356E-4
were 0.01582673885880883 0.0958817717032825 0.001517495762067778
scales 8.329862557267805E-4 2.7668907011251433 0.0023047819251354796
individually 4.1649312786339027E-4 2.5998366164619773 0.0010828140843240222
present 4.1649312786339027E-4 0.38566248081198473 1.6062577293293826E-4
joseph 0.0024989587671803417 4.0661736852554045 0.010161200379646993
errors 8.329862557267805E-4 1.6990500711237875 0.0014152853570377239
since 0.0020824656393169513 0.377294231141468 7.857022722646147E-4
code 8.329862557267805E-4 1.8325814637483102 0.0015265151718020077
scores 0.001665972511453561 1.6094379124341003 0.0026812793210064145
appears 4.1649312786339027E-4 1.4271163556401458 5.943841547855668E-4
units 0.0012494793835901709 1.7635885922613586 0.0022035675871653793
represents 4.1649312786339027E-4 0.9751312318970885 4.061354568500994E-4
effective 4.1649312786339027E-4 0.8472978603872037 3.5289373610462464E-4
total 0.003331945022907122 0.5108256237659907 0.0017020428946805189
times 8.329862557267805E-4 0.9600933545325481 7.997445685402316E-4
and 0.03581840899625156 0.017291497110061043 6.193539156456683E-4
unstructured 0.0024989587671803417 1.6990500711237875 0.004245856071113172
physical 0.0012494793835901709 1.3146383722134554 0.0016426135429572538
included 0.0012494793835901709 0.41985384556026406 5.245987241486016E-4
met 4.1649312786339027E-4 1.906689435902032 7.941230470229205E-4
allows 4.1649312786339027E-4 1.2135422553420867 5.054320097218187E-4
determine 4.1649312786339027E-4 0.7221347174331975 3.0076414720249794E-4
inpatient 8.329862557267805E-4 3.2188758248682006 0.0026812793210064145
opioid 0.0020824656393169513 3.7784916128036232 0.007868578952110836
rates 4.1649312786339027E-4 1.2329603411991883 5.135195090375628E-4
contributing 4.1649312786339027E-4 2.2744142160273495 9.472778908901914E-4
medication 0.0058309037900874635 2.2203469947570738 0.01294662970703833
deviation 4.1649312786339027E-4 1.8325814637483102 7.632575859010039E-4
specific 0.0012494793835901709 0.40261203912575794 5.030554424728337E-4
despite 8.329862557267805E-4 0.7221347174331975 6.015282944049959E-4
any 0.0012494793835901709 0.2669461739726028 3.3354374090704226E-4
followed 4.1649312786339027E-4 0.758066726659261 3.157295821154773E-4
suggested 8.329862557267805E-4 1.121734706088964 9.343895927438268E-4
conduct 4.1649312786339027E-4 1.6990500711237875 7.076426785188619E-4
due 4.1649312786339027E-4 0.20895891632225325 8.70299526539997E-5
scored 4.1649312786339027E-4 4.0661736852554045 0.001693533396607832
ninth 0.0012494793835901709 3.373026504695459 0.004214527077920191
compliant 4.1649312786339027E-4 3.5553480614894135 0.001480778034772767
descriptive 4.1649312786339027E-4 1.9867321435755685 8.274602847045267E-4
incident 4.1649312786339027E-4 3.5553480614894135 0.001480778034772767
reason 4.1649312786339027E-4 1.0059028905638423 4.1895164121776024E-4
inform 4.1649312786339027E-4 2.7668907011251433 0.0011523909625677398
hipaa 4.1649312786339027E-4 5.1647859739235145 0.002151097865024371
counts 4.1649312786339027E-4 2.0292917579943643 8.451860716344709E-4
determination 4.1649312786339027E-4 2.6798793241355137 0.0011161513220056284
ehrs 0.001665972511453561 3.2188758248682006 0.005362558642012829
discussion 4.1649312786339027E-4 0.2595111954850846 1.0808462952315061E-4
outpatient 0.0024989587671803417 2.5257286443082556 0.006311691739212634
observed 8.329862557267805E-4 0.6988778552689304 5.821556478708292E-4
nomenclature 8.329862557267805E-4 3.373026504695459 0.00280968471861346
serotonin 0.0012494793835901709 4.471638793363569 0.0055872204831698075
generalized 8.329862557267805E-4 2.392197251683733 0.0019926674316399274
identification 4.1649312786339027E-4 1.3146383722134554 5.475378476524179E-4
constellation 4.1649312786339027E-4 4.0661736852554045 0.001693533396607832
medications 0.004581424406497293 2.331572629867298 0.010681923751995118
represented 4.1649312786339027E-4 0.8881198549074587 3.698958162879878E-4
recent 0.0012494793835901709 0.5596157879354227 6.992283897568796E-4
they 8.329862557267805E-4 0.167573700159399 1.3958658905405998E-4
fully 4.1649312786339027E-4 1.2729656758128876 5.30181455982044E-4
events 4.1649312786339027E-4 1.4759065198095778 6.147049228694618E-4
defined 4.1649312786339027E-4 0.5300569856938783 2.2076509191748368E-4
based 0.0012494793835901709 0.18805223150293962 2.349673863010491E-4
models 4.1649312786339027E-4 0.7953381214564925 3.3125286191440755E-4
using 0.007913369429404415 0.083381608939051 6.5982947515284E-4
grouped 4.1649312786339027E-4 1.9459101490553132 8.104582045211634E-4
jay 0.0024989587671803417 5.1647859739235145 0.012906587190146226
expected 8.329862557267805E-4 0.9600933545325481 7.997445685402316E-4
received 4.1649312786339027E-4 0.9452782687474074 3.9370190285189816E-4
monitoring 4.1649312786339027E-4 1.8325814637483102 7.632575859010039E-4
substantial 0.0020824656393169513 1.5812670354674039 0.0032929342679454475
each 0.0012494793835901709 0.13434805253107854 1.678651218630719E-4
quality 4.1649312786339027E-4 0.8080771472339223 3.3655857860638165E-4
symptom 4.1649312786339027E-4 2.5998366164619773 0.0010828140843240222
highest 4.1649312786339027E-4 1.0872485300177945 4.528315410319844E-4
unique 0.0012494793835901709 1.157452788691043 0.0014462133969484088
covariates 0.0012494793835901709 4.0661736852554045 0.0050806001898234966
processing 8.329862557267805E-4 0.7221347174331975 6.015282944049959E-4
consistently 4.1649312786339027E-4 2.331572629867298 9.710839774541016E-4
except 8.329862557267805E-4 1.3805963400052528 0.0011500177759310728
conditions 0.0049979175343606835 1.0376515888784226 0.005186097070612692
confirmatory 4.1649312786339027E-4 4.471638793363569 0.001862406827723269
components 4.1649312786339027E-4 1.3361445774344192 5.564950343333691E-4
hyperlipidemia 8.329862557267805E-4 5.1647859739235145 0.004302195730048742
nevertheless 4.1649312786339027E-4 3.0853444322436783 0.0012850247531210656
conservative 4.1649312786339027E-4 3.373026504695459 0.00140484235930673
increased 0.003748438150770512 0.4919571394616079 0.0018440709101018205
fact 4.1649312786339027E-4 0.990398704027877 4.124942540724186E-4
activity 4.1649312786339027E-4 1.3805963400052528 5.750088879655364E-4
frequently 0.0012494793835901709 1.157452788691043 0.0014462133969484088
document 4.1649312786339027E-4 1.4035858582299516 5.845838643190137E-4
another 4.1649312786339027E-4 0.40261203912575794 1.6768514749094458E-4
association 8.329862557267805E-4 1.2135422553420867 0.0010108640194436374
recommend 4.1649312786339027E-4 2.392197251683733 9.963337158199637E-4
indicative 4.1649312786339027E-4 2.9675613965872945 0.001235968928191293
availability 4.1649312786339027E-4 1.6384254493073527 6.823929401529999E-4
two 0.0012494793835901709 0.11492996667397702 1.436026239158397E-4
into 4.1649312786339027E-4 0.10854016857520597 4.5206234308707196E-5
current 4.1649312786339027E-4 0.4919571394616079 2.048967677890912E-4
found 0.001665972511453561 0.27443684570176036 4.5720424106915515E-4
fibromyalgia 0.0029154518950437317 5.1647859739235145 0.015057685055170595
are 0.005414410662224073 0.028987536873252187 1.569504287181501E-4
variety 0.0012494793835901709 1.0872485300177945 0.0013584946230959533
taken 4.1649312786339027E-4 0.990398704027877 4.124942540724186E-4
reported 0.004164931278633903 0.5300569856938783 0.0022076509191748367
identifiable 4.1649312786339027E-4 2.9675613965872945 0.001235968928191293
benign 4.1649312786339027E-4 4.0661736852554045 0.001693533396607832
structured 0.001665972511453561 1.3805963400052528 0.0023000355518621456
examined 4.1649312786339027E-4 1.3805963400052528 5.750088879655364E-4
where 4.1649312786339027E-4 0.32850406697203605 1.3681968636902793E-4
key 4.1649312786339027E-4 1.0216512475319812 4.2551072367012966E-4
accountability 4.1649312786339027E-4 2.7668907011251433 0.0011523909625677398
apart 4.1649312786339027E-4 2.169053700369523 9.033959601705636E-4
variables 0.0012494793835901709 0.9452782687474074 0.0011811057085556944
middle 4.1649312786339027E-4 2.2744142160273495 9.472778908901914E-4
systemized 4.1649312786339027E-4 5.1647859739235145 0.002151097865024371
strategies 0.0012494793835901709 1.4271163556401458 0.0017831524643567005
one 4.1649312786339027E-4 0.06491954609931569 2.7038544814375547E-5
makes 4.1649312786339027E-4 1.0539121097502027 4.389471510829666E-4
services 4.1649312786339027E-4 1.6682784124570338 6.948264941512011E-4
many 0.0012494793835901709 0.20194134366360675 2.5232154560217424E-4
such 0.004581424406497293 0.10219094089654716 4.681800707463635E-4
nlp 0.0012494793835901709 0.41119578281714936 5.137806532492495E-4
associated 0.009579341940857976 0.4373981552111735 0.004189986493068301
showed 0.0012494793835901709 0.5398131606392429 6.744854152093831E-4
infrequent 4.1649312786339027E-4 3.5553480614894135 0.001480778034772767
opioids 0.009162848812994586 4.0661736852554045 0.037257734725372305
ratio 0.0012494793835901709 1.1758019273592397 0.0014691402674209576
insurance 4.1649312786339027E-4 2.2744142160273495 9.472778908901914E-4
transmittal 4.1649312786339027E-4 5.1647859739235145 0.002151097865024371
but 0.0020824656393169513 0.083381608939051 1.7363933556653686E-4
medical 0.001665972511453561 0.9600933545325481 0.0015994891370804632
strength 8.329862557267805E-4 1.9867321435755685 0.0016549205694090534
smith 0.0024989587671803417 2.9675613965872945 0.007415813569147759
administration 4.1649312786339027E-4 2.2744142160273495 9.472778908901914E-4
caucasian 4.1649312786339027E-4 3.7784916128036232 0.0015737157904221672
available 0.0012494793835901709 0.5696661237889241 7.117860772039869E-4
developing 4.1649312786339027E-4 1.157452788691043 4.820711323161362E-4
remains 4.1649312786339027E-4 1.4512139072192063 6.04420619416579E-4
had 0.004164931278633903 0.32059888746492277 0.0013352723342978875
reflecting 4.1649312786339027E-4 2.2203469947570738 9.247592647884523E-4
source 8.329862557267805E-4 0.9452782687474074 7.874038057037963E-4
challenging 4.1649312786339027E-4 1.5538680612792897 6.471753691292335E-4
frequency 4.1649312786339027E-4 1.121734706088964 4.671947963719134E-4
regularly 4.1649312786339027E-4 2.9675613965872945 0.001235968928191293
interquartile 4.1649312786339027E-4 3.7784916128036232 0.0015737157904221672
has 0.0024989587671803417 0.05279818556697083 1.3194048871379633E-4
results 0.0020824656393169513 0.08961215868968714 1.8661424133629143E-4
those 0.004164931278633903 0.3364722366212129 0.0014013837426955973
given 4.1649312786339027E-4 0.3526016185510966 1.4685615100004025E-4
observational 0.0012494793835901709 2.9675613965872945 0.0037079067845738794
usual 8.329862557267805E-4 2.456735772821304 0.0020464271327124564
this 0.010828821324448146 0.017291497110061043 1.872465326370625E-4
surprising 4.1649312786339027E-4 2.6798793241355137 0.0011161513220056284
basal 4.1649312786339027E-4 4.0661736852554045 0.001693533396607832
modification 4.1649312786339027E-4 2.6798793241355137 0.0011161513220056284
sections 4.1649312786339027E-4 1.6094379124341003 6.703198302516036E-4
gastrointestinal 4.1649312786339027E-4 3.2188758248682006 0.0013406396605032073
improving 4.1649312786339027E-4 1.3361445774344192 5.564950343333691E-4
institutional 4.1649312786339027E-4 1.3361445774344192 5.564950343333691E-4
especially 8.329862557267805E-4 0.7104386776700063 5.917856540358237E-4
laboratory 8.329862557267805E-4 2.331572629867298 0.0019421679549082031
failure 4.1649312786339027E-4 2.0292917579943643 8.451860716344709E-4
reuptake 0.0020824656393169513 4.471638793363569 0.009312034138616346
overall 8.329862557267805E-4 0.7339691750802005 6.113862349689301E-4
worst 4.1649312786339027E-4 3.373026504695459 0.00140484235930673
fields 4.1649312786339027E-4 1.4759065198095778 6.147049228694618E-4
suggesting 8.329862557267805E-4 1.5812670354674039 0.0013171737071781791
higher 0.0020824656393169513 0.41985384556026406 8.743312069143358E-4
full 8.329862557267805E-4 0.14750613710858965 1.228705848468052E-4
reasons 8.329862557267805E-4 1.3581234841531944 0.0011312981958793789
records 0.003748438150770512 1.3581234841531944 0.0050908418814572046
concept 4.1649312786339027E-4 1.3581234841531944 5.656490979396894E-4
adults 4.1649312786339027E-4 2.169053700369523 9.033959601705636E-4
classes 4.1649312786339027E-4 1.7635885922613586 7.345225290551265E-4
changes 4.1649312786339027E-4 0.9021060968821986 3.7572098995510147E-4
privacy 4.1649312786339027E-4 2.5998366164619773 0.0010828140843240222
rule 4.1649312786339027E-4 1.730798769438368 7.208657931854928E-4
nor 4.1649312786339027E-4 1.6094379124341003 6.703198302516036E-4
conclusion 4.1649312786339027E-4 0.653926467406664 2.723558798028588E-4
not 0.011245314452311536 0.03488725900044054 3.9231819783918975E-4
negative 0.0020824656393169513 0.6429973968744738 0.0013390199851613365
central 4.1649312786339027E-4 1.3805963400052528 5.750088879655364E-4
common 4.1649312786339027E-4 0.3526016185510966 1.4685615100004025E-4
examination 4.1649312786339027E-4 1.5812670354674039 6.585868535890896E-4
arthropathies 8.329862557267805E-4 5.1647859739235145 0.004302195730048742
now 4.1649312786339027E-4 1.4035858582299516 5.845838643190137E-4
painful 4.1649312786339027E-4 3.2188758248682006 0.0013406396605032073
derived 4.1649312786339027E-4 1.3581234841531944 5.656490979396894E-4
severity 0.0020824656393169513 2.0292917579943643 0.004225930358172354
delivery 4.1649312786339027E-4 2.331572629867298 9.710839774541016E-4
elizabeth 0.0024989587671803417 3.5553480614894135 0.008884668208636603
pain 0.010828821324448146 2.120263536200091 0.02295995499425338
characteristics 0.0020824656393169513 0.7703368192510752 0.001604199956791077
figure 0.0020824656393169513 0.20194134366360675 4.20535909336957E-4
disease 4.1649312786339027E-4 1.2729656758128876 5.30181455982044E-4
previous 4.1649312786339027E-4 0.32850406697203605 1.3681968636902793E-4
estimated 4.1649312786339027E-4 1.3805963400052528 5.750088879655364E-4
was 0.012494793835901708 0.058840500022933395 7.351999169879225E-4
yet 4.1649312786339027E-4 1.4271163556401458 5.943841547855668E-4
antidepressants 8.329862557267805E-4 4.0661736852554045 0.003387066793215664
technology 4.1649312786339027E-4 1.5271998141971284 6.360682274873504E-4
manage 4.1649312786339027E-4 2.0292917579943643 8.451860716344709E-4
codeine 8.329862557267805E-4 5.1647859739235145 0.004302195730048742
what 8.329862557267805E-4 0.8209805520698303 6.838655160931532E-4
removal 4.1649312786339027E-4 1.9459101490553132 8.104582045211634E-4
step 8.329862557267805E-4 1.0872485300177945 9.056630820639688E-4
risk 4.1649312786339027E-4 0.8209805520698303 3.419327580465766E-4
proportions 8.329862557267805E-4 2.331572629867298 0.0019421679549082031
time 4.1649312786339027E-4 0.20194134366360675 8.41071818673914E-5
reducing 4.1649312786339027E-4 1.5538680612792897 6.471753691292335E-4
excludes 4.1649312786339027E-4 3.7784916128036232 0.0015737157904221672
modeling 4.1649312786339027E-4 2.169053700369523 9.033959601705636E-4
criteria 4.1649312786339027E-4 1.121734706088964 4.671947963719134E-4
during 0.007080383173677634 0.28958865072236245 0.0020503986098626245
type 4.1649312786339027E-4 0.5203950747821414 2.1674097242071696E-4
three 4.1649312786339027E-4 0.22314355131420976 9.293775564940016E-5
when 4.1649312786339027E-4 0.14750613710858965 6.14352924234026E-5
required 8.329862557267805E-4 0.5900749954201312 4.915243610330123E-4
excluded 8.329862557267805E-4 1.293584963015623 0.0010775384948068499
measures 4.1649312786339027E-4 1.2329603411991883 5.135195090375628E-4
identified 0.001665972511453561 0.6321864807702582 0.0010532052990758155
review 4.1649312786339027E-4 0.5696661237889241 2.3726202573466228E-4
pharmacotherapy 0.0012494793835901709 3.373026504695459 0.004214527077920191
broad 4.1649312786339027E-4 1.4759065198095778 6.147049228694618E-4
presence 0.0012494793835901709 0.9751312318970885 0.0012184063705502981
greater 0.0020824656393169513 0.8743265327751228 0.0018207549620473196
between 0.0012494793835901709 0.058840500022933395 7.351999169879226E-5
case 4.1649312786339027E-4 0.38566248081198473 1.6062577293293826E-4
identifier 8.329862557267805E-4 4.0661736852554045 0.003387066793215664
having 4.1649312786339027E-4 0.8340526336371831 3.473771901862487E-4
goal 4.1649312786339027E-4 1.4759065198095778 6.147049228694618E-4
natural 4.1649312786339027E-4 0.6429973968744738 2.678039970322673E-4
tramadol 4.1649312786339027E-4 5.1647859739235145 0.002151097865024371
reduced 8.329862557267805E-4 0.9452782687474074 7.874038057037963E-4
utilization 0.006247396917950854 2.5257286443082556 0.015779229348031585
provide 0.0012494793835901709 0.44628710262841953 5.576265338964009E-4
among 0.0049979175343606835 0.32850406697203605 0.0016418362364283353
determined 4.1649312786339027E-4 1.0376515888784226 4.321747558843909E-4
variances 4.1649312786339027E-4 4.0661736852554045 0.001693533396607832
musculoskeletal 0.001665972511453561 4.471638793363569 0.007449627310893076
substantially 4.1649312786339027E-4 2.5257286443082556 0.0010519486232021056
disproportionately 4.1649312786339027E-4 3.7784916128036232 0.0015737157904221672
drivers 0.001665972511453561 3.373026504695459 0.00561936943722692
encompassed 4.1649312786339027E-4 4.0661736852554045 0.001693533396607832
care 0.01665972511453561 1.1758019273592397 0.0195885368989461
primary 4.1649312786339027E-4 0.9306794693262548 3.8762160321793203E-4
study 0.003331945022907122 0.15415067982725836 5.136215904281828E-4
regions 4.1649312786339027E-4 2.0292917579943643 8.451860716344709E-4
log 4.1649312786339027E-4 1.9459101490553132 8.104582045211634E-4
methods 4.1649312786339027E-4 0.20194134366360675 8.41071818673914E-5
formatted 4.1649312786339027E-4 4.0661736852554045 0.001693533396607832
range 0.0012494793835901709 0.6988778552689304 8.732334718062439E-4
distribution 4.1649312786339027E-4 0.9751312318970885 4.061354568500994E-4
confirmed 4.1649312786339027E-4 1.252762968495368 5.217671672200617E-4
our 4.1649312786339027E-4 0.19497267434751336 8.120477898688604E-5
enabled 4.1649312786339027E-4 2.392197251683733 9.963337158199637E-4
weak 0.0012494793835901709 2.456735772821304 0.003069640699068685
across 8.329862557267805E-4 0.7703368192510752 6.416799827164308E-4
receiving 0.0020824656393169513 1.6990500711237875 0.0035382133925943096
feature 4.1649312786339027E-4 1.4035858582299516 5.845838643190137E-4
low 4.1649312786339027E-4 0.6761496041913742 2.816116635532587E-4
physician 0.0029154518950437317 2.2744142160273495 0.006630945236231339
categories 0.0024989587671803417 1.0216512475319812 0.002553064342020778
comorbid 0.001665972511453561 3.7784916128036232 0.006294863161688669
include 8.329862557267805E-4 0.5013468798114469 4.176150602344414E-4
means 4.1649312786339027E-4 0.6988778552689304 2.910778239354146E-4
explore 8.329862557267805E-4 1.2329603411991883 0.0010270390180751256
initial 4.1649312786339027E-4 0.6988778552689304 2.910778239354146E-4
more 0.001665972511453561 0.05279818556697083 8.796032580919755E-5
observation 8.329862557267805E-4 1.5538680612792897 0.001294350738258467
display 8.329862557267805E-4 0.167573700159399 1.3958658905405998E-4
csvdisplay 0.001665972511453561 0.2669461739726028 4.447249878760563E-4
consistent 8.329862557267805E-4 0.9306794693262548 7.752432064358641E-4
suggest 8.329862557267805E-4 1.0059028905638423 8.379032824355205E-4
performed 4.1649312786339027E-4 0.4643056081310978 1.933800950150345E-4
disorder 4.1649312786339027E-4 2.456735772821304 0.0010232135663562282
highlights 4.1649312786339027E-4 1.7635885922613586 7.345225290551265E-4
january 8.329862557267805E-4 1.3581234841531944 0.0011312981958793789
prescription 4.1649312786339027E-4 3.0853444322436783 0.0012850247531210656
unified 4.1649312786339027E-4 2.9675613965872945 0.001235968928191293
economic 4.1649312786339027E-4 1.6990500711237875 7.076426785188619E-4
first 0.0020824656393169513 0.167573700159399 3.4896647263514996E-4
board 4.1649312786339027E-4 1.4512139072192063 6.04420619416579E-4
statistics 4.1649312786339027E-4 1.5538680612792897 6.471753691292335E-4
date 4.1649312786339027E-4 1.8689491079191851 7.784044597747543E-4
data 0.009162848812994586 0.167573700159399 0.0015354524795946599
disability 4.1649312786339027E-4 3.2188758248682006 0.0013406396605032073
fewer 4.1649312786339027E-4 1.6384254493073527 6.823929401529999E-4
used 0.0049979175343606835 0.07103577311675174 3.550309360270808E-4
drug 8.329862557267805E-4 2.073743520565198 0.001727399850533276
longitudinally 4.1649312786339027E-4 4.471638793363569 0.001862406827723269
shown 4.1649312786339027E-4 0.3364722366212129 1.4013837426955973E-4
only 0.0029154518950437317 0.10854016857520597 3.1644364016095036E-4
from 0.009162848812994586 0.023122417420854212 2.1186721501823935E-4
prescribing 0.0029154518950437317 3.5553480614894135 0.01036544624340937
potential 8.329862557267805E-4 0.44628710262841953 3.7175102259760063E-4
group 4.1649312786339027E-4 0.6321864807702582 2.633013247689539E-4
otherwise 4.1649312786339027E-4 2.0292917579943643 8.451860716344709E-4
hallmark 4.1649312786339027E-4 4.471638793363569 0.001862406827723269
development 8.329862557267805E-4 0.6004377824556778 5.001564202046462E-4
individual 4.1649312786339027E-4 0.7221347174331975 3.0076414720249794E-4
resource 0.013744273219491879 1.5812670354674039 0.021733366168439953
patients 0.018742190753852563 0.9452782687474074 0.017716585628335415
capture 8.329862557267805E-4 1.293584963015623 0.0010775384948068499
binomial 0.0020824656393169513 4.0661736852554045 0.00846766698303916
published 0.0029154518950437317 0.03488725900044054 1.0171212536571586E-4
both 8.329862557267805E-4 0.13434805253107854 1.1191008124204794E-4
revision 8.329862557267805E-4 2.7668907011251433 0.0023047819251354796
most 0.003748438150770512 0.0771896386911299 2.893405865140229E-4
important 8.329862557267805E-4 0.2669461739726028 2.2236249393802816E-4
twice 4.1649312786339027E-4 2.5257286443082556 0.0010519486232021056
comorbidities 0.0020824656393169513 2.9675613965872945 0.006179844640956465
managing 8.329862557267805E-4 2.5257286443082556 0.0021038972464042112
who 0.0020824656393169513 0.44628710262841953 9.293775564940015E-4
potentially 8.329862557267805E-4 1.1394342831883648 9.491330971998041E-4
here 4.1649312786339027E-4 1.3361445774344192 5.564950343333691E-4
limitation 8.329862557267805E-4 1.4035858582299516 0.0011691677286380273
purpose 8.329862557267805E-4 1.0539121097502027 8.778943021659332E-4
according 4.1649312786339027E-4 0.4919571394616079 2.048967677890912E-4
link 4.1649312786339027E-4 1.6384254493073527 6.823929401529999E-4
frequent 8.329862557267805E-4 1.4271163556401458 0.0011887683095711337
scale 4.1649312786339027E-4 1.4271163556401458 5.943841547855668E-4
their 4.1649312786339027E-4 0.12136085700426753 5.054596293388902E-5
necessarily 0.0012494793835901709 1.6990500711237875 0.002122928035556586
point 4.1649312786339027E-4 0.7703368192510752 3.208399913582154E-4
integrated 4.1649312786339027E-4 1.6384254493073527 6.823929401529999E-4
can 0.0024989587671803417 0.0958817717032825 2.3960459401070182E-4
visits 0.007080383173677634 2.392197251683733 0.016937673168939384
inclusion 0.0012494793835901709 1.3581234841531944 0.0016969472938190685
prescribed 0.005414410662224073 2.456735772821304 0.013301776362630966
database 0.001665972511453561 1.3581234841531944 0.0022625963917587578
patient 0.003748438150770512 0.9751312318970885 0.0036552191116508937
studies 0.0024989587671803417 0.24480504809538922 6.117577211879781E-4
david 0.0024989587671803417 2.2744142160273495 0.005683667345341149
mentioned 8.329862557267805E-4 1.0376515888784226 8.643495117687818E-4
introduction 4.1649312786339027E-4 0.10219094089654716 4.2561824613305775E-5
greatest 8.329862557267805E-4 2.6798793241355137 0.002232302644011257
sas 4.1649312786339027E-4 3.373026504695459 0.00140484235930673
selective 0.0012494793835901709 2.7668907011251433 0.0034571728877032196
satisfy 4.1649312786339027E-4 2.392197251683733 9.963337158199637E-4
limited 8.329862557267805E-4 0.5696661237889241 4.7452405146932456E-4
multivariable 4.1649312786339027E-4 3.2188758248682006 0.0013406396605032073
implementation 4.1649312786339027E-4 1.4035858582299516 5.845838643190137E-4
resources 0.001665972511453561 1.3805963400052528 0.0023000355518621456
also 0.0049979175343606835 0.05279818556697083 2.6388097742759267E-4
allowing 4.1649312786339027E-4 1.5538680612792897 6.471753691292335E-4
increase 0.0024989587671803417 0.5013468798114469 0.0012528451807033243
recommended 8.329862557267805E-4 1.6384254493073527 0.0013647858803059998
factors 0.003748438150770512 0.6321864807702582 0.0023697119229205846
mean 0.0029154518950437317 0.6214911916535102 0.0018119276724592134
statins 4.1649312786339027E-4 5.1647859739235145 0.002151097865024371
various 4.1649312786339027E-4 0.5798184952529422 2.4149041868094218E-4
neither 4.1649312786339027E-4 1.8325814637483102 7.632575859010039E-4
determining 4.1649312786339027E-4 1.5538680612792897 6.471753691292335E-4
depression 0.001665972511453561 3.373026504695459 0.00561936943722692
clinic 8.329862557267805E-4 2.5998366164619773 0.0021656281686480445
further 8.329862557267805E-4 0.27443684570176036 2.2860212053457758E-4
providers 8.329862557267805E-4 2.169053700369523 0.0018067919203411272
