been 0.0025012506253126563 0.05279818556697083 1.3206149466475945E-4
modality 5.002501250625312E-4 3.0853444322436783 0.0015434439380908845
sufficiently 0.0010005002501250625 2.120263536200091 0.0021213241982992403
year 0.008504252126063032 1.3146383722134554 0.011180016171900321
undergoing 0.0015007503751875938 2.5998366164619773 0.003901705777581757
accuracy 5.002501250625312E-4 1.0539121097502027 5.27219664707455E-4
ambiguous 5.002501250625312E-4 2.5998366164619773 0.001300568592527252
explanation 5.002501250625312E-4 1.8689491079191851 9.349420249720786E-4
extracted 5.002501250625312E-4 1.0704414117014134 5.354884500757446E-4
treatments 5.002501250625312E-4 2.073743520565198 0.001037390455510354
without 0.0010005002501250625 0.32850406697203605 3.286684011726223E-4
advance 5.002501250625312E-4 2.392197251683733 0.0011966969743290308
setting 5.002501250625312E-4 1.3581234841531944 6.794014427979961E-4
these 0.002001000500250125 0.03488725900044054 6.98094227122372E-5
score 0.0010005002501250625 1.121734706088964 0.0011222958540159718
approved 5.002501250625312E-4 1.4035858582299516 7.021440011155335E-4
preexisting 5.002501250625312E-4 3.5553480614894135 0.0017785633124009072
imperfect 0.0010005002501250625 4.471638793363569 0.0044738757312291835
protected 5.002501250625312E-4 4.0661736852554045 0.0020341038945749894
imputation 5.002501250625312E-4 3.7784916128036232 0.0018901909018527378
outcomes 0.005502751375687844 1.1043429633770947 0.006076924760954498
poor 0.002001000500250125 1.0539121097502027 0.00210887865882982
record 5.002501250625312E-4 1.8689491079191851 9.349420249720786E-4
because 5.002501250625312E-4 0.34450440831847723 1.7233837334591155E-4
reflects 5.002501250625312E-4 1.9867321435755685 9.938630032894288E-4
addition 5.002501250625312E-4 0.8080771472339223 4.042406939639431E-4
knowledge 5.002501250625312E-4 0.8080771472339223 4.042406939639431E-4
limitations 5.002501250625312E-4 0.9162907318741551 4.583745532136844E-4
excellent 5.002501250625312E-4 2.169053700369523 0.0010850693848772001
notably 5.002501250625312E-4 2.6798793241355137 0.0013406099670512824
narrative 0.0010005002501250625 2.8622008809294686 0.0028636326972781073
documentation 0.003501750875437719 2.392197251683733 0.008376878820303217
preference 5.002501250625312E-4 2.169053700369523 0.0010850693848772001
opportunity 5.002501250625312E-4 1.6384254493073527 8.196225359216371E-4
require 0.0015007503751875938 1.121734706088964 0.001683443781023958
artery 5.002501250625312E-4 2.6798793241355137 0.0013406099670512824
analysis 0.0030015007503751876 0.15415067982725836 4.6268338117236123E-4
lacked 5.002501250625312E-4 2.9675613965872945 0.001484522959773534
ehr 0.004502251125562781 2.8622008809294686 0.012886347137751483
population 0.0010005002501250625 0.9751312318970885 9.756190414177973E-4
symptoms 0.00400200100050025 1.8325814637483102 0.00733399285141895
size 0.0010005002501250625 0.127833371509885 1.2789732016996996E-4
exposure 5.002501250625312E-4 2.120263536200091 0.0010606620991496201
subtotal 5.002501250625312E-4 5.1647859739235145 0.0025836848293764453
urology 5.002501250625312E-4 5.1647859739235145 0.0025836848293764453
domain 0.002001000500250125 1.1944940603713923 0.002390183212348959
intermediate 0.002001000500250125 2.2203469947570738 0.004442915447237766
extracts 5.002501250625312E-4 3.2188758248682006 0.0016102430339510758
evaluating 5.002501250625312E-4 1.4512139072192063 7.259699385788926E-4
detail 5.002501250625312E-4 1.6990500711237875 8.499500105671773E-4
much 5.002501250625312E-4 0.7827593392496325 3.9157545735349293E-4
relative 0.0010005002501250625 1.0539121097502027 0.00105443932941491
appropriate 5.002501250625312E-4 1.0704414117014134 5.354884500757446E-4
mined 5.002501250625312E-4 5.1647859739235145 0.0025836848293764453
treatment 0.007003501750875438 0.9452782687474074 0.0066202580102369705
average 5.002501250625312E-4 0.7459453661269161 3.7315926269480544E-4
statistical 0.0010005002501250625 0.653926467406664 6.542535942037659E-4
strong 5.002501250625312E-4 1.2135422553420867 6.07074665003545E-4
role 5.002501250625312E-4 0.6761496041913742 3.3824392405771593E-4
independent 0.0010005002501250625 1.0059028905638423 0.0010064060936106475
affect 5.002501250625312E-4 0.990398704027877 4.954470755517143E-4
least 5.002501250625312E-4 0.653926467406664 3.2712679710188294E-4
datasets 5.002501250625312E-4 1.4512139072192063 7.259699385788926E-4
manual 5.002501250625312E-4 1.4512139072192063 7.259699385788926E-4
adoption 5.002501250625312E-4 2.331572629867298 0.0011663694996834905
systems 0.0010005002501250625 0.8743265327751228 8.747639147324891E-4
whom 5.002501250625312E-4 2.2203469947570738 0.0011107288618094416
cleans 5.002501250625312E-4 5.1647859739235145 0.0025836848293764453
after 0.0025012506253126563 0.12136085700426753 3.0355391947040403E-4
linked 5.002501250625312E-4 1.730798769438368 8.658323008696187E-4
compared 0.0025012506253126563 0.2669461739726028 6.676992845737938E-4
annotation 5.002501250625312E-4 2.169053700369523 0.0010850693848772001
address 5.002501250625312E-4 1.0872485300177945 5.43896213115455E-4
learn 5.002501250625312E-4 1.4512139072192063 7.259699385788926E-4
charlson 0.0015007503751875938 4.471638793363569 0.006710813596843775
procedure 0.0010005002501250625 1.1394342831883648 0.0011400042853310303
possible 5.002501250625312E-4 0.38566248081198473 1.929277042581214E-4
neck 5.002501250625312E-4 3.7784916128036232 0.0018901909018527378
sample 0.0010005002501250625 0.7221347174331975 7.224959654159054E-4
blood 5.002501250625312E-4 1.906689435902032 9.538216287653987E-4
the 0.05252626313156578 0.017291497110061043 9.082577271417756E-4
interventions 5.002501250625312E-4 2.169053700369523 0.0010850693848772001
stage 0.002001000500250125 1.6990500711237875 0.003399800042268709
ineligible 5.002501250625312E-4 5.1647859739235145 0.0025836848293764453
series 5.002501250625312E-4 1.1758019273592397 5.88195061210225E-4
severe 5.002501250625312E-4 1.157452788691043 5.790159022966698E-4
days 5.002501250625312E-4 1.1043429633770947 5.524477055413179E-4
information 0.0015007503751875938 0.3049735695618419 4.57689198942234E-4
did 0.0010005002501250625 0.5108256237659907 5.110811643481648E-4
novel 0.0010005002501250625 1.3805963400052528 0.001381286983497001
surgery 0.007003501750875438 1.6990500711237875 0.011899300147940483
misclassification 5.002501250625312E-4 3.5553480614894135 0.0017785633124009072
reports 5.002501250625312E-4 1.0539121097502027 5.27219664707455E-4
negated 5.002501250625312E-4 5.1647859739235145 0.0025836848293764453
notes 0.0015007503751875938 2.331572629867298 0.003499108499050472
communicate 5.002501250625312E-4 2.5998366164619773 0.001300568592527252
evidence 5.002501250625312E-4 0.9306794693262548 4.6557252092358913E-4
language 0.0010005002501250625 0.6988778552689304 6.992274690034321E-4
developed 5.002501250625312E-4 0.48265474679929443 2.4144809744837138E-4
ethics 5.002501250625312E-4 2.073743520565198 0.001037390455510354
robotic 5.002501250625312E-4 4.0661736852554045 0.0020341038945749894
analyses 0.0025012506253126563 0.9021060968821986 0.0022563934389249586
institution 5.002501250625312E-4 2.456735772821304 0.0012289823775994517
negates 5.002501250625312E-4 4.471638793363569 0.0022369378656145918
assessment 5.002501250625312E-4 1.3146383722134554 6.576480101117835E-4
prior 0.0025012506253126563 0.8209805520698303 0.002053478119234193
exceed 5.002501250625312E-4 3.0853444322436783 0.0015434439380908845
complements 5.002501250625312E-4 3.7784916128036232 0.0018901909018527378
discharge 5.002501250625312E-4 2.8622008809294686 0.0014318163486390536
surgical 5.002501250625312E-4 1.6384254493073527 8.196225359216371E-4
which 0.005502751375687844 0.023122417420854212 1.2723691427183408E-4
test 5.002501250625312E-4 0.7104386776700063 3.5539703735367996E-4
often 0.0010005002501250625 0.5900749954201312 5.903701805103864E-4
regarding 5.002501250625312E-4 0.758066726659261 3.79222974817039E-4
lack 5.002501250625312E-4 0.6988778552689304 3.4961373450171604E-4
profound 5.002501250625312E-4 3.0853444322436783 0.0015434439380908845
final 0.002001000500250125 0.6988778552689304 0.0013984549380068642
relatively 5.002501250625312E-4 0.8209805520698303 4.1069562384683854E-4
parsed 5.002501250625312E-4 3.0853444322436783 0.0015434439380908845
medians 5.002501250625312E-4 5.1647859739235145 0.0025836848293764453
useful 5.002501250625312E-4 0.9162907318741551 4.583745532136844E-4
concordance 0.0010005002501250625 3.5553480614894135 0.0035571266248018143
identifying 5.002501250625312E-4 1.0216512475319812 5.110811643481647E-4
sources 5.002501250625312E-4 1.293584963015623 6.471160395275753E-4
neural 5.002501250625312E-4 1.5271998141971284 7.63981898047588E-4
trained 5.002501250625312E-4 1.3805963400052528 6.906434917485005E-4
additional 0.0015007503751875938 0.5300569856938783 7.954832201508929E-4
for 0.01950975487743872 0.017291497110061043 3.3735287008123093E-4
cohort 0.003501750875437719 2.0292917579943643 0.007106074190075313
training 0.0010005002501250625 1.0059028905638423 0.0010064060936106475
burden 5.002501250625312E-4 2.073743520565198 0.001037390455510354
prevent 5.002501250625312E-4 1.4512139072192063 7.259699385788926E-4
perineal 5.002501250625312E-4 5.1647859739235145 0.0025836848293764453
previously 0.002001000500250125 0.8340526336371831 0.0016689397371429375
related 5.002501250625312E-4 0.27443684570176036 1.372870663840722E-4
provider 5.002501250625312E-4 2.7668907011251433 0.0013841374192722076
provides 5.002501250625312E-4 0.6214911916535102 3.1090104634993006E-4
captured 0.0025012506253126563 1.9459101490553132 0.004867208977126846
surveillance 5.002501250625312E-4 2.7668907011251433 0.0013841374192722076
ensuring 5.002501250625312E-4 2.331572629867298 0.0011663694996834905
pco 5.002501250625312E-4 5.1647859739235145 0.0025836848293764453
reporting 5.002501250625312E-4 1.6384254493073527 8.196225359216371E-4
identify 0.0015007503751875938 0.6214911916535102 9.327031390497901E-4
curative 5.002501250625312E-4 5.1647859739235145 0.0025836848293764453
banerjee 0.0025012506253126563 3.7784916128036232 0.00945095450926369
multiple 5.002501250625312E-4 0.5108256237659907 2.555405821740824E-4
retrospective 5.002501250625312E-4 1.4271163556401458 7.139151353877667E-4
rich 5.002501250625312E-4 1.9867321435755685 9.938630032894288E-4
statistically 0.003501750875437719 1.1758019273592397 0.004117365428471575
significance 5.002501250625312E-4 1.2329603411991883 6.167885648820351E-4
noted 5.002501250625312E-4 1.157452788691043 5.790159022966698E-4
better 5.002501250625312E-4 0.4285875255290187 2.144009632461324E-4
with 0.021010505252626314 0.017291497110061043 3.6330309085671027E-4
existing 5.002501250625312E-4 0.9452782687474074 4.7287557215978357E-4
retropubic 5.002501250625312E-4 5.1647859739235145 0.0025836848293764453
although 5.002501250625312E-4 0.4285875255290187 2.144009632461324E-4
regression 0.002001000500250125 1.3805963400052528 0.002762573966994002
prostatectomy 0.0050025012506253125 5.1647859739235145 0.025836848293764453
achieved 5.002501250625312E-4 1.121734706088964 5.611479270079859E-4
detected 5.002501250625312E-4 1.5271998141971284 7.63981898047588E-4
well 5.002501250625312E-4 0.3127557100038969 1.5645608304347018E-4
cancer 0.010005002501250625 2.7668907011251433 0.027682748385444156
age 0.003501750875437719 0.9751312318970885 0.003414666644962291
albeit 5.002501250625312E-4 2.8622008809294686 0.0014318163486390536
explain 5.002501250625312E-4 1.4759065198095778 7.383224211153465E-4
practice 5.002501250625312E-4 1.2729656758128876 6.368012385257066E-4
focus 5.002501250625312E-4 0.6874491594453075 3.43896527986647E-4
approach 0.002001000500250125 0.5398131606392429 0.001080166404480726
years 0.00400200100050025 0.7104386776700063 0.0028431762988294397
number 5.002501250625312E-4 0.167573700159399 8.382876446193047E-5
odds 5.002501250625312E-4 2.7668907011251433 0.0013841374192722076
model 0.0015007503751875938 0.48265474679929443 7.243442923451142E-4
text 0.0015007503751875938 0.8607208807193443 0.001291727184671352
per 5.002501250625312E-4 0.7339691750802005 3.671681716259132E-4
validation 5.002501250625312E-4 1.8325814637483102 9.167491064273688E-4
order 5.002501250625312E-4 0.6214911916535102 3.1090104634993006E-4
algorithm 5.002501250625312E-4 1.0059028905638423 5.032030468053237E-4
similar 0.0010005002501250625 0.20895891632225325 2.0906344804627638E-4
likely 0.0010005002501250625 0.5798184952529422 5.80108549527706E-4
underwent 0.0015007503751875938 1.730798769438368 0.0025974969026088565
issue 5.002501250625312E-4 1.3805963400052528 6.906434917485005E-4
large 5.002501250625312E-4 0.34450440831847723 1.7233837334591155E-4
robustness 0.0010005002501250625 2.392197251683733 0.0023933939486580616
classified 5.002501250625312E-4 1.2135422553420867 6.07074665003545E-4
impacts 5.002501250625312E-4 2.169053700369523 0.0010850693848772001
classification 5.002501250625312E-4 0.9751312318970885 4.8780952070889865E-4
operative 5.002501250625312E-4 2.6798793241355137 0.0013406099670512824
even 5.002501250625312E-4 0.377294231141468 1.8874148631389093E-4
supplement 5.002501250625312E-4 3.0853444322436783 0.0015434439380908845
integration 5.002501250625312E-4 2.2203469947570738 0.0011107288618094416
interval 5.002501250625312E-4 1.79749014393704 8.991946693031716E-4
christopher 0.002001000500250125 3.7784916128036232 0.007560763607410951
evaluate 0.0010005002501250625 0.758066726659261 7.58445949634078E-4
diagnosed 0.0015007503751875938 1.6990500711237875 0.002549850031701532
status 0.002001000500250125 1.3805963400052528 0.002762573966994002
authors 0.002001000500250125 0.023122417420854212 4.626796882612148E-5
larger 5.002501250625312E-4 0.9162907318741551 4.583745532136844E-4
urologist 5.002501250625312E-4 5.1647859739235145 0.0025836848293764453
other 0.0030015007503751876 0.0408219945202552 1.2252724718435777E-4
assumes 5.002501250625312E-4 2.2744142160273495 0.0011377759960116804
aim 5.002501250625312E-4 1.0376515888784226 5.190853371077652E-4
healthcare 5.002501250625312E-4 1.9867321435755685 9.938630032894288E-4
preoperative 0.003501750875437719 2.2744142160273495 0.007964431972081765
prevalence 0.005502751375687844 1.8689491079191851 0.010284362274692864
modalities 5.002501250625312E-4 3.5553480614894135 0.0017785633124009072
yield 5.002501250625312E-4 1.906689435902032 9.538216287653987E-4
have 0.007003501750875438 0.028987536873252187 2.03014265245388E-4
administer 5.002501250625312E-4 3.0853444322436783 0.0015434439380908845
electronic 0.0015007503751875938 1.730798769438368 0.0025974969026088565
december 0.002001000500250125 1.3361445774344192 0.0026736259678527647
decisions 5.002501250625312E-4 1.6094379124341003 8.051215169755379E-4
costly 5.002501250625312E-4 2.6798793241355137 0.0013406099670512824
outcome 0.0015007503751875938 1.3361445774344192 0.0020052194758895733
table 0.0030015007503751876 0.18805223150293962 5.644389139658018E-4
wiltz 5.002501250625312E-4 5.1647859739235145 0.0025836848293764453
side 5.002501250625312E-4 1.79749014393704 8.991946693031716E-4
may 0.004502251125562781 0.15415067982725836 6.940250717585418E-4
within 0.0010005002501250625 0.3127557100038969 3.1291216608694036E-4
could 0.0025012506253126563 0.22314355131420976 5.581379472591539E-4
reproducibility 5.002501250625312E-4 3.5553480614894135 0.0017785633124009072
health 0.0015007503751875938 0.990398704027877 0.001486341226655143
positive 5.002501250625312E-4 0.6988778552689304 3.4961373450171604E-4
opportunities 5.002501250625312E-4 1.8325814637483102 9.167491064273688E-4
produce 5.002501250625312E-4 1.157452788691043 5.790159022966698E-4
demographic 5.002501250625312E-4 1.906689435902032 9.538216287653987E-4
comorbidity 0.002001000500250125 3.0853444322436783 0.006173775752363538
machine 5.002501250625312E-4 1.0872485300177945 5.43896213115455E-4
future 5.002501250625312E-4 0.48265474679929443 2.4144809744837138E-4
able 5.002501250625312E-4 0.7703368192510752 3.853610901706229E-4
report 0.0010005002501250625 1.0059028905638423 0.0010064060936106475
return 5.002501250625312E-4 2.0292917579943643 0.0010151534557250447
bmi 0.00400200100050025 5.1647859739235145 0.020669478635011562
codes 0.0015007503751875938 1.906689435902032 0.0028614648862961964
use 0.0015007503751875938 0.20895891632225325 3.1359517206941455E-4
subject 5.002501250625312E-4 1.2135422553420867 6.07074665003545E-4
findings 0.002001000500250125 0.7459453661269161 0.0014926370507792218
precision 0.0010005002501250625 1.8689491079191851 0.0018698840499441571
timepoints 5.002501250625312E-4 4.471638793363569 0.0022369378656145918
stratified 0.0015007503751875938 2.7668907011251433 0.004152412257816623
manner 5.002501250625312E-4 1.9459101490553132 9.734417954253693E-4
while 5.002501250625312E-4 0.20895891632225325 1.0453172402313819E-4
points 0.0025012506253126563 0.9751312318970885 0.0024390476035444936
second 0.007503751875937969 0.4643056081310978 0.0034840340780222445
that 0.013506753376688344 0.017291497110061043 2.3355198697931373E-4
suggests 5.002501250625312E-4 1.157452788691043 5.790159022966698E-4
high 5.002501250625312E-4 0.2521310881874621 1.2612860839793E-4
download 0.0010005002501250625 0.2595111954850846 2.596410159930811E-4
nilsson 0.0010005002501250625 3.7784916128036232 0.0037803818037054756
individualized 5.002501250625312E-4 3.7784916128036232 0.0018901909018527378
whether 5.002501250625312E-4 0.5300569856938783 2.651610733836309E-4
find 0.0010005002501250625 0.9306794693262548 9.311450418471783E-4
documented 0.0025012506253126563 1.730798769438368 0.0043291615043480934
function 0.0025012506253126563 0.6321864807702582 0.001581256830340816
continuous 0.0010005002501250625 1.1758019273592397 0.00117639012242045
reviewed 5.002501250625312E-4 1.3805963400052528 6.906434917485005E-4
modified 5.002501250625312E-4 1.8325814637483102 9.167491064273688E-4
clinicians 0.0015007503751875938 2.2203469947570738 0.0033321865854283247
expressed 0.0010005002501250625 1.1758019273592397 0.00117639012242045
different 0.0010005002501250625 0.18805223150293962 1.8814630465526725E-4
blayney 0.002001000500250125 5.1647859739235145 0.010334739317505781
insofar 5.002501250625312E-4 4.471638793363569 0.0022369378656145918
regardless 5.002501250625312E-4 1.79749014393704 8.991946693031716E-4
all 0.00400200100050025 0.017291497110061043 6.920058873461148E-5
new 5.002501250625312E-4 0.38566248081198473 1.929277042581214E-4
settings 5.002501250625312E-4 2.0292917579943643 0.0010151534557250447
including 0.002001000500250125 0.2669461739726028 5.34159427659035E-4
months 0.005502751375687844 1.3146383722134554 0.0072341281112296195
level 5.002501250625312E-4 0.5798184952529422 2.90054274763853E-4
cpt 5.002501250625312E-4 5.1647859739235145 0.0025836848293764453
conducted 0.0015007503751875938 0.664976303593249 9.979634371084277E-4
difficult 5.002501250625312E-4 0.7703368192510752 3.853610901706229E-4
diagnosis 0.0010005002501250625 1.4512139072192063 0.0014519398771577852
less 5.002501250625312E-4 0.368995428326773 1.8459000916797047E-4
affected 5.002501250625312E-4 1.3805963400052528 6.906434917485005E-4
chosen 5.002501250625312E-4 1.252762968495368 6.266948316635157E-4
undergone 5.002501250625312E-4 2.8622008809294686 0.0014318163486390536
institutions 5.002501250625312E-4 2.392197251683733 0.0011966969743290308
perioperative 5.002501250625312E-4 3.2188758248682006 0.0016102430339510758
clinical 0.005502751375687844 0.9452782687474074 0.00520163129375762
intervals 5.002501250625312E-4 2.2744142160273495 0.0011377759960116804
continence 0.0010005002501250625 5.1647859739235145 0.0051673696587528906
null 5.002501250625312E-4 3.7784916128036232 0.0018901909018527378
improve 5.002501250625312E-4 0.7104386776700063 3.5539703735367996E-4
were 0.010005002501250625 0.0958817717032825 9.592973657156829E-4
true 5.002501250625312E-4 1.1394342831883648 5.700021426655152E-4
survey 5.002501250625312E-4 1.5812670354674039 7.910290322498268E-4
present 0.0010005002501250625 0.38566248081198473 3.858554085162428E-4
facilitate 0.0010005002501250625 1.6384254493073527 0.0016392450718432743
scores 0.0010005002501250625 1.6094379124341003 0.0016102430339510758
surveys 5.002501250625312E-4 2.5998366164619773 0.001300568592527252
similarly 0.0010005002501250625 2.0292917579943643 0.0020303069114500894
and 0.05102551275637819 0.017291497110061043 8.823075063662964E-4
negatively 5.002501250625312E-4 1.8689491079191851 9.349420249720786E-4
men 0.0025012506253126563 2.392197251683733 0.005983484871645154
unstructured 0.0010005002501250625 1.6990500711237875 0.0016999000211343545
design 5.002501250625312E-4 1.0376515888784226 5.190853371077652E-4
predict 0.002001000500250125 1.2729656758128876 0.0025472049541028262
construction 5.002501250625312E-4 1.730798769438368 8.658323008696187E-4
douglas 0.002001000500250125 4.471638793363569 0.008947751462458367
stricture 5.002501250625312E-4 5.1647859739235145 0.0025836848293764453
included 0.002001000500250125 0.41985384556026406 8.401277549980271E-4
measurable 5.002501250625312E-4 3.5553480614894135 0.0017785633124009072
clinician 5.002501250625312E-4 2.9675613965872945 0.001484522959773534
chance 5.002501250625312E-4 2.2744142160273495 0.0011377759960116804
radical 0.0030015007503751876 4.0661736852554045 0.012204623367449938
problematic 5.002501250625312E-4 2.5257286443082556 0.0012634960701892223
rates 0.0010005002501250625 1.2329603411991883 0.0012335771297640702
decreasing 5.002501250625312E-4 1.9459101490553132 9.734417954253693E-4
despite 5.002501250625312E-4 0.7221347174331975 3.612479827079527E-4
absorbent 5.002501250625312E-4 5.1647859739235145 0.0025836848293764453
suggested 5.002501250625312E-4 1.121734706088964 5.611479270079859E-4
conduct 5.002501250625312E-4 1.6990500711237875 8.499500105671773E-4
due 0.0010005002501250625 0.20895891632225325 2.0906344804627638E-4
radiation 5.002501250625312E-4 3.373026504695459 0.0016873569308131359
generalizable 5.002501250625312E-4 3.5553480614894135 0.0017785633124009072
consists 5.002501250625312E-4 1.2135422553420867 6.07074665003545E-4
mellitus 5.002501250625312E-4 3.2188758248682006 0.0016102430339510758
radiology 5.002501250625312E-4 3.7784916128036232 0.0018901909018527378
discussion 5.002501250625312E-4 0.2595111954850846 1.2982050799654056E-4
oncology 5.002501250625312E-4 5.1647859739235145 0.0025836848293764453
observed 5.002501250625312E-4 0.6988778552689304 3.4961373450171604E-4
composite 0.0025012506253126563 3.0853444322436783 0.007717219690454423
estimate 5.002501250625312E-4 1.5812670354674039 7.910290322498268E-4
represented 5.002501250625312E-4 0.8881198549074587 4.442820684879733E-4
recent 5.002501250625312E-4 0.5596157879354227 2.7994786790166217E-4
they 0.002001000500250125 0.167573700159399 3.353150578477219E-4
defined 0.0010005002501250625 0.5300569856938783 5.303221467672618E-4
generalizability 0.0010005002501250625 3.5553480614894135 0.0035571266248018143
based 5.002501250625312E-4 0.18805223150293962 9.407315232763363E-5
using 0.007003501750875438 0.083381608939051 5.839632441954547E-4
august 0.0010005002501250625 2.2203469947570738 0.002221457723618883
containing 5.002501250625312E-4 1.4759065198095778 7.383224211153465E-4
received 5.002501250625312E-4 0.9452782687474074 4.7287557215978357E-4
warehouse 5.002501250625312E-4 4.471638793363569 0.0022369378656145918
monitoring 5.002501250625312E-4 1.8325814637483102 9.167491064273688E-4
brooks 0.002001000500250125 5.1647859739235145 0.010334739317505781
each 0.0025012506253126563 0.13434805253107854 3.360381504028978E-4
remaining 5.002501250625312E-4 1.293584963015623 6.471160395275753E-4
quality 0.002001000500250125 0.8080771472339223 0.0016169627758557724
input 5.002501250625312E-4 1.0216512475319812 5.110811643481647E-4
imon 0.002001000500250125 5.1647859739235145 0.010334739317505781
symptom 0.0010005002501250625 2.5998366164619773 0.002601137185054504
dictionary 5.002501250625312E-4 2.2203469947570738 0.0011107288618094416
stanford 5.002501250625312E-4 2.5257286443082556 0.0012634960701892223
unique 5.002501250625312E-4 1.157452788691043 5.790159022966698E-4
grade 0.0010005002501250625 2.8622008809294686 0.0028636326972781073
covariates 0.0015007503751875938 4.0661736852554045 0.006102311683724969
processing 0.0010005002501250625 0.7221347174331975 7.224959654159054E-4
obtained 5.002501250625312E-4 0.6004377824556778 3.0036907576572175E-4
associations 0.0010005002501250625 2.120263536200091 0.0021213241982992403
shared 5.002501250625312E-4 1.730798769438368 8.658323008696187E-4
increased 0.002001000500250125 0.4919571394616079 9.844064821642978E-4
examine 5.002501250625312E-4 1.4512139072192063 7.259699385788926E-4
frequently 5.002501250625312E-4 1.157452788691043 5.790159022966698E-4
document 5.002501250625312E-4 1.4035858582299516 7.021440011155335E-4
concurrent 5.002501250625312E-4 2.7668907011251433 0.0013841374192722076
association 0.0065032516258129065 1.2135422553420867 0.007891970645046086
executed 5.002501250625312E-4 2.7668907011251433 0.0013841374192722076
indicative 5.002501250625312E-4 2.9675613965872945 0.001484522959773534
into 5.002501250625312E-4 0.10854016857520597 5.429723290405501E-5
found 0.005502751375687844 0.27443684570176036 0.0015101577302247943
routine 5.002501250625312E-4 2.2744142160273495 0.0011377759960116804
are 0.003501750875437719 0.028987536873252187 1.01507132622694E-4
does 0.0010005002501250625 0.5696661237889241 5.699510993385934E-4
reported 0.0025012506253126563 0.5300569856938783 0.0013258053669181547
structured 0.0010005002501250625 1.3805963400052528 0.001381286983497001
relationship 5.002501250625312E-4 0.9162907318741551 4.583745532136844E-4
anastomosis 5.002501250625312E-4 5.1647859739235145 0.0025836848293764453
demonstrating 5.002501250625312E-4 2.2203469947570738 0.0011107288618094416
limits 5.002501250625312E-4 2.5257286443082556 0.0012634960701892223
creation 5.002501250625312E-4 1.9867321435755685 9.938630032894288E-4
variables 0.0025012506253126563 0.9452782687474074 0.002364377860798918
decision 5.002501250625312E-4 1.157452788691043 5.790159022966698E-4
one 0.0015007503751875938 0.06491954609931569 9.742803316555631E-5
black 5.002501250625312E-4 2.392197251683733 0.0011966969743290308
many 5.002501250625312E-4 0.20194134366360675 1.0102118242301488E-4
exploiting 5.002501250625312E-4 2.6798793241355137 0.0013406099670512824
understate 5.002501250625312E-4 5.1647859739235145 0.0025836848293764453
confirm 5.002501250625312E-4 1.8325814637483102 9.167491064273688E-4
call 5.002501250625312E-4 2.392197251683733 0.0011966969743290308
single 0.0010005002501250625 0.6429973968744738 6.43319056402675E-4
such 0.007003501750875438 0.10219094089654716 7.156944334925765E-4
nlp 0.004502251125562781 0.41119578281714936 0.0018513066760151796
pads 5.002501250625312E-4 5.1647859739235145 0.0025836848293764453
tumor 0.0010005002501250625 3.5553480614894135 0.0035571266248018143
associated 0.003501750875437719 0.4373981552111735 0.00153165937292557
showed 0.0015007503751875938 0.5398131606392429 8.101248033605446E-4
handled 5.002501250625312E-4 2.9675613965872945 0.001484522959773534
increasing 5.002501250625312E-4 0.9021060968821986 4.512786877849917E-4
progress 5.002501250625312E-4 1.79749014393704 8.991946693031716E-4
chart 0.0010005002501250625 1.8325814637483102 0.0018334982128547376
open 5.002501250625312E-4 1.0872485300177945 5.43896213115455E-4
ratio 5.002501250625312E-4 1.1758019273592397 5.88195061210225E-4
insurance 0.0015007503751875938 2.2744142160273495 0.0034133279880350417
through 0.004502251125562781 0.2595111954850846 0.001168384571968865
but 5.002501250625312E-4 0.083381608939051 4.171166029967534E-5
medical 0.0010005002501250625 0.9600933545325481 9.605736413532246E-4
engagement 5.002501250625312E-4 2.5257286443082556 0.0012634960701892223
strength 5.002501250625312E-4 1.9867321435755685 9.938630032894288E-4
ascertainment 5.002501250625312E-4 4.471638793363569 0.0022369378656145918
seven 5.002501250625312E-4 1.5538680612792897 7.773226919856376E-4
had 0.006003001500750375 0.32059888746492277 0.001924555602590832
source 0.0010005002501250625 0.9452782687474074 9.457511443195671E-4
incorporate 5.002501250625312E-4 2.456735772821304 0.0012289823775994517
research 0.0015007503751875938 0.41119578281714936 6.171022253383933E-4
frequency 0.0010005002501250625 1.121734706088964 0.0011222958540159718
vectorization 5.002501250625312E-4 4.471638793363569 0.0022369378656145918
either 0.0010005002501250625 0.7827593392496325 7.831509147069859E-4
kevin 0.002001000500250125 4.471638793363569 0.008947751462458367
late 5.002501250625312E-4 1.9867321435755685 9.938630032894288E-4
bias 5.002501250625312E-4 1.5271998141971284 7.63981898047588E-4
interquartile 5.002501250625312E-4 3.7784916128036232 0.0018901909018527378
california 5.002501250625312E-4 3.7784916128036232 0.0018901909018527378
has 0.0010005002501250625 0.05279818556697083 5.282459786590378E-5
results 0.002001000500250125 0.08961215868968714 1.7931397436655755E-4
generate 5.002501250625312E-4 1.3361445774344192 6.684064919631912E-4
those 0.0015007503751875938 0.3364722366212129 5.04960835349494E-4
inherent 5.002501250625312E-4 2.2203469947570738 0.0011107288618094416
offers 5.002501250625312E-4 1.6682784124570338 8.345564844707522E-4
given 0.0010005002501250625 0.3526016185510966 3.5277800755487403E-4
coronary 5.002501250625312E-4 3.5553480614894135 0.0017785633124009072
last 5.002501250625312E-4 0.7703368192510752 3.853610901706229E-4
might 5.002501250625312E-4 0.7339691750802005 3.671681716259132E-4
this 0.006003001500750375 0.017291497110061043 1.0380088310191721E-4
labeled 5.002501250625312E-4 1.9867321435755685 9.938630032894288E-4
telephone 5.002501250625312E-4 3.373026504695459 0.0016873569308131359
significant 0.003501750875437719 0.377294231141468 0.0013211904041972365
worse 0.0010005002501250625 1.6094379124341003 0.0016102430339510758
improving 5.002501250625312E-4 1.3361445774344192 6.684064919631912E-4
extract 5.002501250625312E-4 1.3805963400052528 6.906434917485005E-4
incontinence 0.004502251125562781 5.1647859739235145 0.023253163464388008
institutional 5.002501250625312E-4 1.3361445774344192 6.684064919631912E-4
involved 5.002501250625312E-4 1.1043429633770947 5.524477055413179E-4
suggesting 5.002501250625312E-4 1.5812670354674039 7.910290322498268E-4
full 0.0010005002501250625 0.14750613710858965 1.475799270721257E-4
higher 0.002001000500250125 0.41985384556026406 8.401277549980271E-4
allow 0.0010005002501250625 1.252762968495368 0.0012533896633270315
installed 5.002501250625312E-4 3.7784916128036232 0.0018901909018527378
assessed 0.0025012506253126563 1.3581234841531944 0.0033970072139899807
evaluable 0.00400200100050025 5.1647859739235145 0.020669478635011562
ranges 5.002501250625312E-4 2.2744142160273495 0.0011377759960116804
records 5.002501250625312E-4 1.3581234841531944 6.794014427979961E-4
absence 5.002501250625312E-4 1.3581234841531944 6.794014427979961E-4
univariable 0.0010005002501250625 4.471638793363569 0.0044738757312291835
learning 5.002501250625312E-4 0.9306794693262548 4.6557252092358913E-4
life 0.0010005002501250625 1.4271163556401458 0.0014278302707755334
conclusion 5.002501250625312E-4 0.653926467406664 3.2712679710188294E-4
not 0.0065032516258129065 0.03488725900044054 2.268806238147709E-4
urologic 5.002501250625312E-4 5.1647859739235145 0.0025836848293764453
interest 5.002501250625312E-4 1.0539121097502027 5.27219664707455E-4
statement 5.002501250625312E-4 2.331572629867298 0.0011663694996834905
missing 5.002501250625312E-4 1.6384254493073527 8.196225359216371E-4
morbidity 0.0010005002501250625 3.0853444322436783 0.003086887876181769
every 5.002501250625312E-4 1.0539121097502027 5.27219664707455E-4
staging 5.002501250625312E-4 4.471638793363569 0.0022369378656145918
early 5.002501250625312E-4 0.8340526336371831 4.172349342857344E-4
tina 0.002001000500250125 4.471638793363569 0.008947751462458367
summary 5.002501250625312E-4 1.4271163556401458 7.139151353877667E-4
severity 5.002501250625312E-4 2.0292917579943643 0.0010151534557250447
registry 5.002501250625312E-4 3.0853444322436783 0.0015434439380908845
normal 0.0015007503751875938 1.4035858582299516 0.002106432003346601
characteristics 0.002001000500250125 0.7703368192510752 0.0015414443606824916
figure 0.002001000500250125 0.20194134366360675 4.040847296920595E-4
disease 0.0015007503751875938 1.2729656758128876 0.0019104037155771199
previous 0.0025012506253126563 0.32850406697203605 8.216710029315559E-4
race 5.002501250625312E-4 2.8622008809294686 0.0014318163486390536
was 0.008504252126063032 0.058840500022933395 5.003944474186432E-4
functioning 5.002501250625312E-4 2.9675613965872945 0.001484522959773534
logistic 0.0015007503751875938 1.8689491079191851 0.002804826074916236
detailed 5.002501250625312E-4 1.1394342831883648 5.700021426655152E-4
bladder 5.002501250625312E-4 5.1647859739235145 0.0025836848293764453
prostate 0.011005502751375688 4.471638793363569 0.04921263304352102
risk 0.007003501750875438 0.8209805520698303 0.00574973873385574
time 0.009504752376188095 0.20194134366360675 0.001919402466037283
measured 5.002501250625312E-4 1.0704414117014134 5.354884500757446E-4
collected 5.002501250625312E-4 0.8340526336371831 4.172349342857344E-4
program 5.002501250625312E-4 1.8689491079191851 9.349420249720786E-4
during 0.0010005002501250625 0.28958865072236245 2.8973351748110297E-4
type 5.002501250625312E-4 0.5203950747821414 2.6032770124169153E-4
billing 5.002501250625312E-4 3.5553480614894135 0.0017785633124009072
excluded 0.0010005002501250625 1.293584963015623 0.0012942320790551506
explanatory 0.0015007503751875938 2.9675613965872945 0.004453568879320602
instruments 0.0015007503751875938 2.8622008809294686 0.004295449045917161
routinely 0.0010005002501250625 2.8622008809294686 0.0028636326972781073
identified 0.002001000500250125 0.6321864807702582 0.0012650054642726527
terms 5.002501250625312E-4 0.5696661237889241 2.849755496692967E-4
review 5.002501250625312E-4 0.5696661237889241 2.849755496692967E-4
urinary 0.011005502751375688 3.7784916128036232 0.041584199840760235
gleason 0.0010005002501250625 5.1647859739235145 0.0051673696587528906
presence 0.0010005002501250625 0.9751312318970885 9.756190414177973E-4
controlling 5.002501250625312E-4 2.6798793241355137 0.0013406099670512824
guide 5.002501250625312E-4 2.073743520565198 0.001037390455510354
between 0.007503751875937969 0.058840500022933395 4.415245124282146E-4
inclusive 5.002501250625312E-4 4.0661736852554045 0.0020341038945749894
encompasses 5.002501250625312E-4 3.0853444322436783 0.0015434439380908845
pcos 0.0015007503751875938 5.1647859739235145 0.007751054488129337
natural 5.002501250625312E-4 0.6429973968744738 3.216595282013375E-4
inconclusive 5.002501250625312E-4 3.5553480614894135 0.0017785633124009072
method 5.002501250625312E-4 0.4734380916943703 2.3683746457947488E-4
work 0.0010005002501250625 0.5696661237889241 5.699510993385934E-4
linking 5.002501250625312E-4 3.2188758248682006 0.0016102430339510758
epic 5.002501250625312E-4 5.1647859739235145 0.0025836848293764453
baseline 0.009004502251125562 1.5538680612792897 0.013991808455741477
deemed 5.002501250625312E-4 2.5257286443082556 0.0012634960701892223
annotates 5.002501250625312E-4 5.1647859739235145 0.0025836848293764453
toward 5.002501250625312E-4 1.6094379124341003 8.051215169755379E-4
provide 5.002501250625312E-4 0.44628710262841953 2.2325517890366158E-4
among 0.0025012506253126563 0.32850406697203605 8.216710029315559E-4
following 0.02051025512756378 0.2160260835453457 0.004430750087723448
word 5.002501250625312E-4 1.1394342831883648 5.700021426655152E-4
primary 0.0010005002501250625 0.9306794693262548 9.311450418471783E-4
care 5.002501250625312E-4 1.1758019273592397 5.88195061210225E-4
denial 5.002501250625312E-4 4.471638793363569 0.0022369378656145918
study 0.00400200100050025 0.15415067982725836 6.169111748964817E-4
methods 0.002001000500250125 0.20194134366360675 4.040847296920595E-4
sentences 5.002501250625312E-4 1.5812670354674039 7.910290322498268E-4
james 0.002001000500250125 4.0661736852554045 0.008136415578299958
differences 0.0010005002501250625 0.7953381214564925 7.957359894512181E-4
iii 5.002501250625312E-4 2.9675613965872945 0.001484522959773534
foundation 5.002501250625312E-4 2.2744142160273495 0.0011377759960116804
variability 0.0010005002501250625 2.2203469947570738 0.002221457723618883
our 0.005502751375687844 0.19497267434751336 0.0010728861519873172
tools 5.002501250625312E-4 1.252762968495368 6.266948316635157E-4
unknown 5.002501250625312E-4 1.79749014393704 8.991946693031716E-4
weak 5.002501250625312E-4 2.456735772821304 0.0012289823775994517
low 5.002501250625312E-4 0.6761496041913742 3.3824392405771593E-4
recall 0.0010005002501250625 1.8689491079191851 0.0018698840499441571
physician 5.002501250625312E-4 2.2744142160273495 0.0011377759960116804
embedding 5.002501250625312E-4 1.9867321435755685 9.938630032894288E-4
categories 5.002501250625312E-4 1.0216512475319812 5.110811643481647E-4
power 5.002501250625312E-4 1.4759065198095778 7.383224211153465E-4
demonstrated 5.002501250625312E-4 0.8607208807193443 4.30575728223784E-4
informed 5.002501250625312E-4 1.4035858582299516 7.021440011155335E-4
include 0.0010005002501250625 0.5013468798114469 5.015976786507722E-4
explore 5.002501250625312E-4 1.2329603411991883 6.167885648820351E-4
more 0.0030015007503751876 0.05279818556697083 1.5847379359771135E-4
observation 5.002501250625312E-4 1.5538680612792897 7.773226919856376E-4
display 0.0010005002501250625 0.167573700159399 1.6765752892386094E-4
csvdisplay 0.0010005002501250625 0.2669461739726028 2.670797138295175E-4
continued 5.002501250625312E-4 1.906689435902032 9.538216287653987E-4
consistent 5.002501250625312E-4 0.9306794693262548 4.6557252092358913E-4
suggest 5.002501250625312E-4 1.0059028905638423 5.032030468053237E-4
distressing 5.002501250625312E-4 5.1647859739235145 0.0025836848293764453
performed 0.0015007503751875938 0.4643056081310978 6.968068156044489E-4
lead 5.002501250625312E-4 0.7703368192510752 3.853610901706229E-4
pipeline 0.003501750875437719 2.9675613965872945 0.010391660718414738
help 5.002501250625312E-4 0.8743265327751228 4.3738195736624453E-4
highlights 5.002501250625312E-4 1.7635885922613586 8.82235413837598E-4
assess 0.002001000500250125 0.9751312318970885 0.0019512380828355946
january 0.0010005002501250625 1.3581234841531944 0.0013588028855959923
elements 5.002501250625312E-4 1.5012243277938677 7.509876577257967E-4
additionally 5.002501250625312E-4 2.6798793241355137 0.0013406099670512824
connecting 5.002501250625312E-4 2.7668907011251433 0.0013841374192722076
incidence 5.002501250625312E-4 1.6384254493073527 8.196225359216371E-4
diabetes 5.002501250625312E-4 2.456735772821304 0.0012289823775994517
first 0.007003501750875438 0.167573700159399 0.0011736027024670265
statistics 5.002501250625312E-4 1.5538680612792897 7.773226919856376E-4
date 5.002501250625312E-4 1.8689491079191851 9.349420249720786E-4
exponential 5.002501250625312E-4 2.8622008809294686 0.0014318163486390536
categorical 5.002501250625312E-4 2.0292917579943643 0.0010151534557250447
data 0.009004502251125562 0.167573700159399 0.0015089177603147485
used 0.0015007503751875938 0.07103577311675174 1.0660696315670596E-4
experience 5.002501250625312E-4 1.2135422553420867 6.07074665003545E-4
space 5.002501250625312E-4 1.3146383722134554 6.576480101117835E-4
his 5.002501250625312E-4 1.6384254493073527 8.196225359216371E-4
shown 0.0010005002501250625 0.3364722366212129 3.366405568996627E-4
percentage 5.002501250625312E-4 1.3146383722134554 6.576480101117835E-4
only 0.002001000500250125 0.10854016857520597 2.1718893161622004E-4
from 0.002001000500250125 0.023122417420854212 4.626796882612148E-5
assessing 0.0010005002501250625 2.073743520565198 0.002074780911020708
potential 0.0015007503751875938 0.44628710262841953 6.697655367109848E-4
described 0.0015007503751875938 0.44628710262841953 6.697655367109848E-4
group 0.0010005002501250625 0.6321864807702582 6.325027321363263E-4
manually 5.002501250625312E-4 1.4512139072192063 7.259699385788926E-4
percutaneous 5.002501250625312E-4 5.1647859739235145 0.0025836848293764453
like 5.002501250625312E-4 0.7827593392496325 3.9157545735349293E-4
created 0.0015007503751875938 1.0704414117014134 0.0016064653502272338
survival 5.002501250625312E-4 2.392197251683733 0.0011966969743290308
patients 0.016508254127063533 0.9452782687474074 0.01560489388127286
capture 5.002501250625312E-4 1.293584963015623 6.471160395275753E-4
mining 0.0030015007503751876 1.8325814637483102 0.005500494638564213
published 0.002001000500250125 0.03488725900044054 6.98094227122372E-5
prolonged 5.002501250625312E-4 2.6798793241355137 0.0013406099670512824
both 0.0010005002501250625 0.13434805253107854 1.3441526016115912E-4
produced 5.002501250625312E-4 1.3581234841531944 6.794014427979961E-4
important 5.002501250625312E-4 0.2669461739726028 1.3353985691475875E-4
efforts 0.0010005002501250625 1.7635885922613586 0.001764470827675196
comorbidities 5.002501250625312E-4 2.9675613965872945 0.001484522959773534
outside 5.002501250625312E-4 1.4035858582299516 7.021440011155335E-4
effect 0.0010005002501250625 0.758066726659261 7.58445949634078E-4
produces 5.002501250625312E-4 2.073743520565198 0.001037390455510354
barocas 5.002501250625312E-4 5.1647859739235145 0.0025836848293764453
potentially 5.002501250625312E-4 1.1394342831883648 5.700021426655152E-4
who 0.0010005002501250625 0.44628710262841953 4.4651035780732316E-4
note 5.002501250625312E-4 1.0872485300177945 5.43896213115455E-4
limitation 5.002501250625312E-4 1.4035858582299516 7.021440011155335E-4
anatomic 5.002501250625312E-4 2.8622008809294686 0.0014318163486390536
line 5.002501250625312E-4 1.0059028905638423 5.032030468053237E-4
professionals 5.002501250625312E-4 2.2744142160273495 0.0011377759960116804
values 5.002501250625312E-4 0.5900749954201312 2.951850902551932E-4
contribute 5.002501250625312E-4 1.0704414117014134 5.354884500757446E-4
scale 5.002501250625312E-4 1.4271163556401458 7.139151353877667E-4
error 5.002501250625312E-4 1.5538680612792897 7.773226919856376E-4
point 5.002501250625312E-4 0.7703368192510752 3.853610901706229E-4
can 0.0065032516258129065 0.0958817717032825 6.235432877151938E-4
highlight 5.002501250625312E-4 1.6094379124341003 8.051215169755379E-4
alone 5.002501250625312E-4 1.730798769438368 8.658323008696187E-4
validated 5.002501250625312E-4 1.9867321435755685 9.938630032894288E-4
patient 0.00400200100050025 0.9751312318970885 0.003902476165671189
studies 0.002001000500250125 0.24480504809538922 4.898550237026297E-4
predictor 0.0010005002501250625 2.392197251683733 0.0023933939486580616
affirmed 5.002501250625312E-4 4.471638793363569 0.0022369378656145918
introduction 5.002501250625312E-4 0.10219094089654716 5.112103096375546E-5
postoperative 0.004502251125562781 2.0292917579943643 0.009136381101525402
chen 0.0010005002501250625 2.5257286443082556 0.0025269921403784446
limited 5.002501250625312E-4 0.5696661237889241 2.849755496692967E-4
will 5.002501250625312E-4 0.3526016185510966 1.7638900377743702E-4
therapy 5.002501250625312E-4 1.9867321435755685 9.938630032894288E-4
heuristically 5.002501250625312E-4 5.1647859739235145 0.0025836848293764453
studied 5.002501250625312E-4 1.0539121097502027 5.27219664707455E-4
multivariable 0.0015007503751875938 3.2188758248682006 0.004830729101853228
confidence 0.0010005002501250625 1.906689435902032 0.0019076432575307974
also 0.0015007503751875938 0.05279818556697083 7.923689679885567E-5
approaches 0.0015007503751875938 0.9021060968821986 0.0013538360633549753
increase 0.0010005002501250625 0.5013468798114469 5.015976786507722E-4
magnani 0.002001000500250125 5.1647859739235145 0.010334739317505781
ultimately 0.0010005002501250625 2.120263536200091 0.0021213241982992403
factors 0.007003501750875438 0.6321864807702582 0.004427519124954284
performance 5.002501250625312E-4 0.7703368192510752 3.853610901706229E-4
mean 5.002501250625312E-4 0.6214911916535102 3.1090104634993006E-4
variable 0.0010005002501250625 1.3146383722134554 0.001315296020223567
challenge 5.002501250625312E-4 1.4271163556401458 7.139151353877667E-4
uses 5.002501250625312E-4 1.1394342831883648 5.700021426655152E-4
clinic 5.002501250625312E-4 2.5998366164619773 0.001300568592527252
reduction 5.002501250625312E-4 1.4759065198095778 7.383224211153465E-4
frequencies 5.002501250625312E-4 2.2203469947570738 0.0011107288618094416
account 5.002501250625312E-4 1.0539121097502027 5.27219664707455E-4
