been 0.011764705882352941 0.05279818556697083 6.211551243173038E-4
plana 0.00392156862745098 2.2744142160273495 0.00891927143540137
acinetobacter 0.00196078431372549 5.1647859739235145 0.010127031321418655
discussion 0.00196078431372549 0.2595111954850846 5.088454813433032E-4
sameera 0.00392156862745098 5.1647859739235145 0.02025406264283731
acts 0.00196078431372549 2.392197251683733 0.004690582846438692
observed 0.0058823529411764705 0.6988778552689304 0.004111046207464297
these 0.00196078431372549 0.03488725900044054 6.840639019694223E-5
acuity 0.0058823529411764705 1.5271998141971284 0.008983528318806637
outcomes 0.00392156862745098 1.1043429633770947 0.004330756719125861
poor 0.0058823529411764705 1.0539121097502027 0.006199482998530604
rabbit 0.00196078431372549 4.471638793363569 0.008767919202673665
vitreous 0.00196078431372549 1.906689435902032 0.003738606737062808
visual 0.013725490196078431 1.157452788691043 0.01588660690360255
defined 0.00196078431372549 0.5300569856938783 0.001039327422929173
based 0.00196078431372549 0.18805223150293962 3.687298656920385E-4
remain 0.00196078431372549 1.5538680612792897 0.00304680012015547
imipenem 0.00784313725490196 5.1647859739235145 0.04050812528567462
vitek 0.00196078431372549 5.1647859739235145 0.010127031321418655
appropriate 0.00392156862745098 1.0704414117014134 0.004197809457652602
treatment 0.00392156862745098 0.9452782687474074 0.0037069736029310095
systemic 0.00196078431372549 1.5271998141971284 0.0029945094396022125
antimicrobial 0.0058823529411764705 3.0853444322436783 0.01814908489555105
endogenous 0.00196078431372549 2.5998366164619773 0.005097718855807798
corneal 0.00196078431372549 1.9459101490553132 0.0038155100961868886
least 0.00196078431372549 0.653926467406664 0.00128220875962091
strains 0.00196078431372549 3.5553480614894135 0.006971270708802772
two 0.00784313725490196 0.11492996667397702 9.0141150332531E-4
eyes 0.00196078431372549 1.6990500711237875 0.003331470727693701
intraocular 0.00392156862745098 1.6990500711237875 0.006662941455387402
multidrug 0.0058823529411764705 5.1647859739235145 0.030381093964255968
current 0.00392156862745098 0.4919571394616079 0.0019292436841631681
found 0.00196078431372549 0.27443684570176036 5.381114621603144E-4
are 0.00784313725490196 0.028987536873252187 2.273532303784485E-4
procedures 0.00196078431372549 1.4035858582299516 0.002752129133784219
shekhar 0.00392156862745098 5.1647859739235145 0.02025406264283731
reported 0.011764705882352941 0.5300569856938783 0.006235964537575038
after 0.0058823529411764705 0.12136085700426753 7.138873941427502E-4
compared 0.00196078431372549 0.2669461739726028 5.234238705345152E-4
cataract 0.00392156862745098 2.5257286443082556 0.009904818212973551
occurred 0.00196078431372549 1.3581234841531944 0.0026629872238297927
one 0.0058823529411764705 0.06491954609931569 3.818796829371511E-4
nontoxic 0.00196078431372549 4.471638793363569 0.008767919202673665
possible 0.00196078431372549 0.38566248081198473 7.562009427685975E-4
the 0.054901960784313725 0.017291497110061043 9.493370962386455E-4
such 0.00196078431372549 0.10219094089654716 2.0037439391479837E-4
nonsusceptibility 0.00196078431372549 5.1647859739235145 0.010127031321418655
series 0.00392156862745098 1.1758019273592397 0.004610987950428391
associated 0.00392156862745098 0.4373981552111735 0.0017152868831810724
abhishek 0.00392156862745098 5.1647859739235145 0.02025406264283731
increasing 0.00196078431372549 0.9021060968821986 0.0017688354840827423
days 0.0058823529411764705 1.1043429633770947 0.0064961350786887926
surgery 0.00392156862745098 1.6990500711237875 0.006662941455387402
antibiotic 0.00784313725490196 2.5998366164619773 0.020390875423231192
reports 0.00392156862745098 1.0539121097502027 0.0041329886656870695
november 0.00392156862745098 1.1758019273592397 0.004610987950428391
agent 0.00196078431372549 2.6798793241355137 0.005254665341442184
suffering 0.00196078431372549 3.373026504695459 0.006613777460187174
pneumoniae 0.01568627450980392 4.0661736852554045 0.06378311663145732
available 0.00196078431372549 0.5696661237889241 0.0011169923995861257
developing 0.00196078431372549 1.157452788691043 0.0022695152719432216
developed 0.00392156862745098 0.48265474679929443 0.0018927637129384095
good 0.00196078431372549 0.8080771472339223 0.0015844649945763183
avinash 0.00392156862745098 4.471638793363569 0.01753583840534733
bawdekar 0.00392156862745098 5.1647859739235145 0.02025406264283731
either 0.00196078431372549 0.7827593392496325 0.0015348222338228087
has 0.0058823529411764705 0.05279818556697083 3.105775621586519E-4
acquired 0.00196078431372549 2.120263536200091 0.004157379482745276
those 0.00196078431372549 0.3364722366212129 6.597494835710057E-4
which 0.00196078431372549 0.023122417420854212 4.5338073374223945E-5
pre 0.00196078431372549 3.5553480614894135 0.006971270708802772
flynn 0.00392156862745098 3.5553480614894135 0.013942541417605543
commonly 0.00392156862745098 1.0216512475319812 0.0040064754805175734
organism 0.00392156862745098 2.6798793241355137 0.010509330682884368
last 0.00196078431372549 0.7703368192510752 0.0015104643514726964
patterns 0.00196078431372549 1.3146383722134554 0.0025777222984577556
this 0.00196078431372549 0.017291497110061043 3.390489629423734E-5
bacilli 0.00392156862745098 4.471638793363569 0.01753583840534733
inhibiting 0.00196078431372549 3.7784916128036232 0.007408807083928673
leaving 0.00196078431372549 2.5257286443082556 0.004952409106486776
suboptimal 0.00196078431372549 3.373026504695459 0.006613777460187174
additional 0.00196078431372549 0.5300569856938783 0.001039327422929173
for 0.00196078431372549 0.017291497110061043 3.390489629423734E-5
resistant 0.00392156862745098 3.2188758248682006 0.012623042450463532
vitrectomy 0.00392156862745098 2.073743520565198 0.008132327531628228
carbapenemase 0.00196078431372549 5.1647859739235145 0.010127031321418655
not 0.00196078431372549 0.03488725900044054 6.840639019694223E-5
related 0.00196078431372549 0.27443684570176036 5.381114621603144E-4
common 0.00392156862745098 0.3526016185510966 0.0013827514452984181
previously 0.00196078431372549 0.8340526336371831 0.0016353973208572217
ranged 0.00196078431372549 1.8689491079191851 0.0036646060939591863
cases 0.00196078431372549 0.6004377824556778 0.0011773289852072114
was 0.023529411764705882 0.058840500022933395 0.0013844823534807857
multiple 0.00196078431372549 0.5108256237659907 0.0010016188701293936
improvement 0.00196078431372549 1.157452788691043 0.0022695152719432216
with 0.025490196078431372 0.017291497110061043 4.407636518250854E-4
deterioration 0.00196078431372549 3.373026504695459 0.006613777460187174
form 0.00196078431372549 0.664976303593249 0.0013038751050848019
there 0.0058823529411764705 0.12136085700426753 7.138873941427502E-4
well 0.00196078431372549 0.3127557100038969 6.132464902037194E-4
endophthalmitis 0.021568627450980392 2.169053700369523 0.04678351118444069
injection 0.0058823529411764705 2.331572629867298 0.013715133116866458
delayed 0.00196078431372549 2.169053700369523 0.004253046471312791
three 0.0058823529411764705 0.22314355131420976 0.0013126091253777045
options 0.00196078431372549 2.0292917579943643 0.003979003447047773
vancomycin 0.00196078431372549 3.0853444322436783 0.0060496949651836825
bulbi 0.00196078431372549 3.7784916128036232 0.007408807083928673
usually 0.00196078431372549 0.9600933545325481 0.001882535989279506
presence 0.00392156862745098 0.9751312318970885 0.003824044046655249
case 0.00784313725490196 0.38566248081198473 0.00302480377107439
utilized 0.00196078431372549 1.8325814637483102 0.003593296987741785
underwent 0.00392156862745098 1.730798769438368 0.006787446154660266
method 0.00196078431372549 0.4734380916943703 9.283099837144516E-4
animesh 0.00392156862745098 5.1647859739235145 0.02025406264283731
gene 0.00196078431372549 2.456735772821304 0.004817128966316283
testing 0.00196078431372549 1.293584963015623 0.0025364411039522023
savitri 0.00392156862745098 5.1647859739235145 0.02025406264283731
vishal 0.00392156862745098 5.1647859739235145 0.02025406264283731
being 0.00196078431372549 0.48265474679929443 9.463818564692047E-4
sensitive 0.00392156862745098 1.906689435902032 0.007477213474125616
resistance 0.00392156862745098 2.2744142160273495 0.00891927143540137
susceptible 0.00196078431372549 2.8622008809294686 0.005612158590057781
light 0.00784313725490196 1.2729656758128876 0.00998404451617951
even 0.00196078431372549 0.377294231141468 7.397926100813098E-4
determined 0.00196078431372549 1.0376515888784226 0.0020346109585851423
following 0.00196078431372549 0.2160260835453457 4.2358055597126605E-4
intravitreal 0.013725490196078431 2.331572629867298 0.0320019772726884
presenting 0.00196078431372549 1.4759065198095778 0.0028939343525677995
antibiotics 0.00196078431372549 2.2744142160273495 0.004459635717700685
authors 0.0058823529411764705 0.023122417420854212 1.3601422012267183E-4
care 0.00196078431372549 1.1758019273592397 0.0023054939752141955
other 0.00196078431372549 0.0408219945202552 8.004312651030431E-5
diffusion 0.00196078431372549 2.5257286443082556 0.004952409106486776
harry 0.00392156862745098 3.5553480614894135 0.013942541417605543
isolated 0.00980392156862745 2.5998366164619773 0.025488594279038993
microbiological 0.00196078431372549 2.8622008809294686 0.005612158590057781
cell 0.00196078431372549 1.730798769438368 0.003393723077330133
confirmed 0.00196078431372549 1.252762968495368 0.002456397977441898
klebsiella 0.00980392156862745 4.471638793363569 0.04383959601336832
out 0.00196078431372549 0.368995428326773 7.235204476995549E-4
virulent 0.00196078431372549 3.5553480614894135 0.006971270708802772
known 0.00392156862745098 0.8607208807193443 0.0033753760028209577
inflammation 0.00196078431372549 2.120263536200091 0.004157379482745276
have 0.00784313725490196 0.028987536873252187 2.273532303784485E-4
maga 0.00196078431372549 5.1647859739235145 0.010127031321418655
table 0.00784313725490196 0.18805223150293962 0.001474919462768154
outcome 0.0058823529411764705 1.3361445774344192 0.007859673984908349
incidences 0.00196078431372549 4.0661736852554045 0.007972889578932165
illness 0.00196078431372549 2.8622008809294686 0.005612158590057781
characterized 0.00196078431372549 1.7635885922613586 0.0034580168475712913
synthesis 0.00196078431372549 2.5998366164619773 0.005097718855807798
injections 0.00196078431372549 2.7668907011251433 0.005425275884559104
include 0.00196078431372549 0.5013468798114469 9.830330976695037E-4
ceftazidime 0.00196078431372549 3.5553480614894135 0.006971270708802772
may 0.00196078431372549 0.15415067982725836 3.022562349554085E-4
within 0.00196078431372549 0.3127557100038969 6.132464902037194E-4
initial 0.00196078431372549 0.6988778552689304 0.0013703487358214322
attributed 0.00196078431372549 1.79749014393704 0.003524490478307922
more 0.0058823529411764705 0.05279818556697083 3.105775621586519E-4
caused 0.00784313725490196 1.121734706088964 0.008797919263442854
csvdisplay 0.00392156862745098 0.2669461739726028 0.0010468477410690304
health 0.00196078431372549 0.990398704027877 0.0019419582431919157
lacks 0.00196078431372549 2.9675613965872945 0.005818747836445676
generally 0.00196078431372549 0.9021060968821986 0.0017688354840827423
agents 0.00392156862745098 2.2744142160273495 0.00891927143540137
species 0.00196078431372549 2.8622008809294686 0.005612158590057781
isolates 0.00784313725490196 3.5553480614894135 0.027885082835211086
penicillins 0.00196078431372549 5.1647859739235145 0.010127031321418655
hydrolysis 0.00196078431372549 5.1647859739235145 0.010127031321418655
infiltrate 0.00196078431372549 5.1647859739235145 0.010127031321418655
amikacin 0.00196078431372549 4.0661736852554045 0.007972889578932165
bacteria 0.00980392156862745 2.9675613965872945 0.029093739182228375
compact 0.00196078431372549 3.7784916128036232 0.007408807083928673
use 0.00392156862745098 0.20895891632225325 8.194467306755029E-4
recognition 0.00196078431372549 1.6384254493073527 0.0032125989202104956
second 0.00196078431372549 0.4643056081310978 9.10403153198231E-4
perception 0.00392156862745098 1.3805963400052528 0.005414103294138246
that 0.0058823529411764705 0.017291497110061043 1.0171468888271202E-4
download 0.00392156862745098 0.2595111954850846 0.0010176909626866063
capsular 0.00196078431372549 3.5553480614894135 0.006971270708802772
presented 0.00196078431372549 0.4373981552111735 8.576434415905362E-4
than 0.00196078431372549 0.058840500022933395 1.1537352945673214E-4
only 0.00196078431372549 0.10854016857520597 2.1282385995138425E-4
from 0.00784313725490196 0.023122417420854212 1.8135229349689578E-4
mechanisms 0.00196078431372549 1.4759065198095778 0.0028939343525677995
marked 0.00196078431372549 1.79749014393704 0.003524490478307922
all 0.021568627450980392 0.017291497110061043 3.729538592366107E-4
toxic 0.00196078431372549 2.9675613965872945 0.005818747836445676
tap 0.00196078431372549 3.0853444322436783 0.0060496949651836825
patients 0.029411764705882353 0.9452782687474074 0.02780230202198257
phthisis 0.0058823529411764705 3.2188758248682006 0.018934563675695296
tertiary 0.00196078431372549 2.6798793241355137 0.005254665341442184
less 0.00196078431372549 0.368995428326773 7.235204476995549E-4
published 0.00392156862745098 0.03488725900044054 1.3681278039388446E-4
produced 0.00196078431372549 1.3581234841531944 0.0026629872238297927
most 0.00196078431372549 0.0771896386911299 1.5135223272770567E-4
disk 0.00196078431372549 3.7784916128036232 0.007408807083928673
clinical 0.00196078431372549 0.9452782687474074 0.0018534868014655047
were 0.0196078431372549 0.0958817717032825 0.0018800347392800491
organisms 0.00392156862745098 3.373026504695459 0.013227554920374349
intervention 0.00196078431372549 1.79749014393704 0.003524490478307922
who 0.00196078431372549 0.44628710262841953 8.75072750251803E-4
since 0.00196078431372549 0.377294231141468 7.397926100813098E-4
reinjected 0.00196078431372549 5.1647859739235145 0.010127031321418655
potentially 0.00196078431372549 1.1394342831883648 0.0022341848689967935
acute 0.00196078431372549 2.169053700369523 0.004253046471312791
hypopyon 0.00196078431372549 3.373026504695459 0.006613777460187174
susceptibility 0.00392156862745098 3.373026504695459 0.013227554920374349
pars 0.00392156862745098 2.2744142160273495 0.00891927143540137
best 0.00196078431372549 0.6988778552689304 0.0013703487358214322
general 0.00196078431372549 0.4734380916943703 9.283099837144516E-4
can 0.00196078431372549 0.0958817717032825 1.8800347392800492E-4
causing 0.00196078431372549 1.7635885922613586 0.0034580168475712913
and 0.045098039215686274 0.017291497110061043 7.798126147674588E-4
patient 0.00196078431372549 0.9751312318970885 0.0019120220233276245
introduction 0.00196078431372549 0.10219094089654716 2.0037439391479837E-4
fluids 0.00196078431372549 3.7784916128036232 0.007408807083928673
highly 0.00196078431372549 0.9162907318741551 0.0017966484938708924
postoperative 0.011764705882352941 2.0292917579943643 0.02387402068228664
dexamethasone 0.00196078431372549 3.5553480614894135 0.006971270708802772
carried 0.00196078431372549 1.121734706088964 0.0021994798158607135
limited 0.00196078431372549 0.5696661237889241 0.0011169923995861257
studied 0.00196078431372549 1.0539121097502027 0.0020664943328435347
aforementioned 0.00196078431372549 2.0292917579943643 0.003979003447047773
contributing 0.00196078431372549 2.2744142160273495 0.004459635717700685
also 0.00196078431372549 0.05279818556697083 1.0352585405288398E-4
despite 0.0058823529411764705 0.7221347174331975 0.0042478512790188085
any 0.00196078431372549 0.2669461739726028 5.234238705345152E-4
third 0.00196078431372549 1.0059028905638423 0.0019723586089487105
virulence 0.00196078431372549 3.5553480614894135 0.006971270708802772
currently 0.00196078431372549 1.4035858582299516 0.002752129133784219
due 0.00196078431372549 0.20895891632225325 4.0972336533775145E-4
various 0.0058823529411764705 0.5798184952529422 0.00341069703089966
stable 0.00196078431372549 1.8689491079191851 0.0036646060939591863
wall 0.00196078431372549 3.0853444322436783 0.0060496949651836825
