been 0.0017261219792865361 0.05279818556697083 9.113610857359752E-5
conformed 5.753739930955121E-4 4.471638793363569 0.002572864668218394
year 0.0011507479861910242 1.3146383722134554 0.00151281745939408
allowed 0.0011507479861910242 1.4512139072192063 0.0016699814812649095
leading 5.753739930955121E-4 1.0704414117014134 6.159041494254393E-4
undergoing 0.0017261219792865361 2.5998366164619773 0.004487635126228959
sclerotomy 0.0017261219792865361 4.0661736852554045 0.007018711769715888
explanation 5.753739930955121E-4 1.8689491079191851 0.0010753447111157568
resolution 0.0017261219792865361 2.331572629867298 0.004024578762716854
without 5.753739930955121E-4 0.32850406697203605 1.890126967618159E-4
these 0.0017261219792865361 0.03488725900044054 6.021966455772245E-5
intraoperative 5.753739930955121E-4 2.8622008809294686 0.0016468359499018806
conjunctival 0.0017261219792865361 2.9675613965872945 0.005122372951531578
approved 5.753739930955121E-4 1.4035858582299516 8.075867999021586E-4
introduced 5.753739930955121E-4 1.0059028905638423 5.787703628100359E-4
acuity 0.0017261219792865361 1.5271998141971284 0.0026361331660479776
would 0.0017261219792865361 0.5013468798114469 8.653858684892638E-4
outcomes 0.0023014959723820483 1.1043429633770947 0.0025416408823408392
complex 0.0011507479861910242 0.8743265327751228 0.0010061294968643532
vitreous 0.011507479861910242 1.906689435902032 0.021941190286559633
visual 0.0028768699654775605 1.157452788691043 0.0033298411642435073
rank 5.753739930955121E-4 2.7668907011251433 0.0015919969511652148
because 0.0028768699654775605 0.34450440831847723 9.91094385266045E-4
limitations 5.753739930955121E-4 0.9162907318741551 5.272098572348419E-4
agrees 5.753739930955121E-4 4.0661736852554045 0.002339570589905296
conjunctiva 0.0017261219792865361 3.5553480614894135 0.006136964432950656
active 5.753739930955121E-4 1.1944940603713923 6.872808172447597E-4
shaving 5.753739930955121E-4 4.0661736852554045 0.002339570589905296
require 5.753739930955121E-4 1.121734706088964 6.454169770362279E-4
analysis 0.0017261219792865361 0.15415067982725836 2.660828765717923E-4
size 0.0017261219792865361 0.127833371509885 2.2065599224951378E-4
selection 5.753739930955121E-4 1.1043429633770947 6.354102205852098E-4
left 5.753739930955121E-4 1.2729656758128876 7.324313439659883E-4
wakamoto 5.753739930955121E-4 5.1647859739235145 0.0029716835293000657
transscleral 5.753739930955121E-4 4.0661736852554045 0.002339570589905296
treatment 5.753739930955121E-4 0.9452782687474074 5.438885320756084E-4
average 5.753739930955121E-4 0.7459453661269161 4.2919756393953746E-4
compare 0.0011507479861910242 0.9306794693262548 0.0010709775251165187
statistical 0.0028768699654775605 0.653926467406664 0.0018812614137130727
eyes 0.009205983889528193 1.6990500711237875 0.015641427582267317
intraocular 0.005178365937859608 1.6990500711237875 0.008798303015025367
systems 5.753739930955121E-4 0.8743265327751228 5.030647484321766E-4
tractional 0.0011507479861910242 4.0661736852554045 0.004679141179810592
procedures 0.005178365937859608 1.4035858582299516 0.007268281199119427
after 0.01726121979286536 0.12136085700426753 0.0020948364270011654
compared 0.0017261219792865361 0.2669461739726028 4.6078165818055715E-4
hand 5.753739930955121E-4 1.5271998141971284 8.787110553493258E-4
minimize 0.0023014959723820483 2.2203469947570738 0.0051101196657239905
completion 0.0011507479861910242 2.7668907011251433 0.0031839939023304295
set 5.753739930955121E-4 0.5596157879354227 3.219883705036954E-4
decreased 5.753739930955121E-4 1.293584963015623 7.442951455786093E-4
possible 5.753739930955121E-4 0.38566248081198473 2.2190016157191297E-4
the 0.0713463751438435 0.017291497110061043 0.0012336856396131008
advantages 0.0017261219792865361 1.6094379124341003 0.00277808615494954
complicated 5.753739930955121E-4 1.8325814637483102 0.0010544197144696837
days 0.0023014959723820483 1.1043429633770947 0.0025416408823408392
under 5.753739930955121E-4 0.7459453661269161 4.2919756393953746E-4
did 5.753739930955121E-4 0.5108256237659907 2.939157789217438E-4
surgery 0.004027617951668585 1.6990500711237875 0.006843124567241952
standard 0.0011507479861910242 0.7827593392496325 9.007587333137312E-4
november 0.0017261219792865361 1.1758019273592397 0.002029577550102255
neovascular 5.753739930955121E-4 3.2188758248682006 0.0018520574366330269
sites 5.753739930955121E-4 2.120263536200091 0.0012199444972382572
analyses 0.0023014959723820483 0.9021060968821986 0.00207619354863567
hajime 0.0017261219792865361 5.1647859739235145 0.008915050587900196
discharge 0.0028768699654775605 2.8622008809294686 0.008234179749509404
surgical 0.009781357882623706 1.6384254493073527 0.016026025683673763
detachment 0.0017261219792865361 2.2744142160273495 0.003925916368286564
halogen 5.753739930955121E-4 5.1647859739235145 0.0029716835293000657
which 0.0017261219792865361 0.023122417420854212 3.991211292437435E-5
need 0.0011507479861910242 0.5013468798114469 5.769239123261759E-4
its 5.753739930955121E-4 0.19497267434751336 1.1218220618383969E-4
consent 5.753739930955121E-4 1.4271163556401458 8.211256361565857E-4
membranes 0.0023014959723820483 3.5553480614894135 0.008182619243934208
take 5.753739930955121E-4 0.8743265327751228 5.030647484321766E-4
sodium 0.0011507479861910242 3.2188758248682006 0.0037041148732660538
vision 5.753739930955121E-4 1.4271163556401458 8.211256361565857E-4
materials 5.753739930955121E-4 1.4512139072192063 8.349907406324548E-4
incision 0.0017261219792865361 4.0661736852554045 0.007018711769715888
success 0.0023014959723820483 1.6384254493073527 0.00377082957262912
aspiration 0.0011507479861910242 4.0661736852554045 0.004679141179810592
final 0.004027617951668585 0.6988778552689304 0.0028148129959047834
exchange 0.0011507479861910242 1.8325814637483102 0.0021088394289393675
decimal 5.753739930955121E-4 4.0661736852554045 0.002339570589905296
previtrectomy 0.0017261219792865361 5.1647859739235145 0.008915050587900196
some 0.0011507479861910242 0.2160260835453457 2.485915806045405E-4
ordinate 0.0011507479861910242 4.471638793363569 0.005145729336436788
beginning 5.753739930955121E-4 1.6990500711237875 9.775892238917073E-4
additional 5.753739930955121E-4 0.5300569856938783 3.0498100442685744E-4
for 0.014959723820483314 0.017291497110061043 2.5867602120919857E-4
lens 5.753739930955121E-4 1.8689491079191851 0.0010753447111157568
duration 0.0023014959723820483 1.7635885922613586 0.004058892042028443
traumatic 5.753739930955121E-4 2.5257286443082556 0.0014532385755513554
expanded 5.753739930955121E-4 2.2744142160273495 0.0013086387894288547
fibrovascular 0.0028768699654775605 4.471638793363569 0.012864323341091971
signs 5.753739930955121E-4 2.073743520565198 0.001193178090083543
bacterial 5.753739930955121E-4 2.5257286443082556 0.0014532385755513554
laser 0.0011507479861910242 2.8622008809294686 0.003293671899803761
plot 5.753739930955121E-4 2.331572629867298 0.0013415262542389515
rate 0.0017261219792865361 0.7221347174331975 0.0012464926077673142
over 0.0011507479861910242 0.3364722366212129 3.8719474870105053E-4
bimanual 0.0011507479861910242 5.1647859739235145 0.0059433670586001314
sutured 5.753739930955121E-4 3.5553480614894135 0.002045654810983552
illumination 0.0011507479861910242 4.0661736852554045 0.004679141179810592
identify 5.753739930955121E-4 0.6214911916535102 3.5758986861536833E-4
transconjunctival 0.0023014959723820483 3.7784916128036232 0.00869618322854689
length 0.0034522439585730723 1.2329603411991883 0.004256479889065092
multiple 5.753739930955121E-4 0.5108256237659907 2.939157789217438E-4
retrospective 5.753739930955121E-4 1.4271163556401458 8.211256361565857E-4
statistically 0.0011507479861910242 1.1758019273592397 0.00135305170006817
trocar 5.753739930955121E-4 4.0661736852554045 0.002339570589905296
scissors 5.753739930955121E-4 4.471638793363569 0.002572864668218394
sutures 0.0011507479861910242 3.7784916128036232 0.004348091614273445
significance 5.753739930955121E-4 1.2329603411991883 7.09413314844182E-4
better 0.0011507479861910242 0.4285875255290187 4.931962319091125E-4
with 0.026467203682393557 0.017291497110061043 4.5765757598550515E-4
although 5.753739930955121E-4 0.4285875255290187 2.4659811595455623E-4
there 0.0017261219792865361 0.12136085700426753 2.0948364270011657E-4
achieved 5.753739930955121E-4 1.121734706088964 6.454169770362279E-4
fort 5.753739930955121E-4 3.7784916128036232 0.0021740458071367224
endophthalmitis 0.0017261219792865361 2.169053700369523 0.0037440512664606265
significantly 0.00863060989643268 0.5900749954201312 0.0050927070951104535
pdr 0.00863060989643268 5.1647859739235145 0.04457525293950099
phacoemulsification 5.753739930955121E-4 3.2188758248682006 0.0018520574366330269
abscissa 0.0011507479861910242 4.471638793363569 0.005145729336436788
smaller 0.0034522439585730723 1.121734706088964 0.003872501862217367
logmar 5.753739930955121E-4 2.331572629867298 0.0013415262542389515
bleeding 5.753739930955121E-4 3.373026504695459 0.0019407517288236244
considered 0.0017261219792865361 0.32059888746492277 5.53392786188014E-4
cutter 0.0011507479861910242 4.0661736852554045 0.004679141179810592
number 0.0028768699654775605 0.167573700159399 4.820877449925173E-4
shorten 5.753739930955121E-4 4.0661736852554045 0.002339570589905296
four 5.753739930955121E-4 0.4643056081310978 2.671493717670298E-4
injected 5.753739930955121E-4 2.8622008809294686 0.0016468359499018806
usually 5.753739930955121E-4 0.9600933545325481 5.524127471418573E-4
photocoagulation 0.0011507479861910242 3.5553480614894135 0.004091309621967104
per 5.753739930955121E-4 0.7339691750802005 4.2230677507491403E-4
manipulation 5.753739930955121E-4 3.0853444322436783 0.001775226946055051
shorter 0.0028768699654775605 2.120263536200091 0.006099722486191286
gauge 0.0023014959723820483 3.2188758248682006 0.0074082297465321075
reduce 5.753739930955121E-4 0.8340526336371831 4.7989219426765426E-4
silicone 0.0017261219792865361 2.7668907011251433 0.004775990853495644
period 0.0011507479861910242 0.8472978603872037 9.750263065445382E-4
underwent 0.005753739930955121 1.730798769438368 0.009958565992165524
fiber 5.753739930955121E-4 4.471638793363569 0.002572864668218394
lower 0.0017261219792865361 0.5300569856938783 9.149430132805724E-4
signed 5.753739930955121E-4 3.0853444322436783 0.001775226946055051
system 0.0017261219792865361 0.44628710262841953 7.70345976919021E-4
retinopathy 0.0023014959723820483 2.9675613965872945 0.006829830602042105
exclusively 5.753739930955121E-4 2.331572629867298 0.0013415262542389515
kazuyuki 0.0017261219792865361 5.1647859739235145 0.008915050587900196
indication 5.753739930955121E-4 2.0292917579943643 0.001167601701953029
status 0.0017261219792865361 1.3805963400052528 0.0023830776870056147
authors 0.0017261219792865361 0.023122417420854212 3.991211292437435E-5
retinal 0.006329113924050633 1.730798769438368 0.010954422591382075
other 5.753739930955121E-4 0.0408219945202552 2.3487913993242348E-5
curve 0.0011507479861910242 2.2744142160273495 0.0026172775788577095
spss 5.753739930955121E-4 2.5257286443082556 0.0014532385755513554
bando 0.0017261219792865361 5.1647859739235145 0.008915050587900196
local 5.753739930955121E-4 1.0704414117014134 6.159041494254393E-4
preoperative 0.004602991944764097 2.2744142160273495 0.010469110315430838
inserted 0.0023014959723820483 3.2188758248682006 0.0074082297465321075
have 0.0017261219792865361 0.028987536873252187 5.0036024522299515E-5
angle 0.0017261219792865361 2.392197251683733 0.004129224254920137
periods 5.753739930955121E-4 1.906689435902032 0.0010970595143279817
tamponade 0.0017261219792865361 3.0853444322436783 0.005325680838165152
vitreoretinal 0.0011507479861910242 2.5257286443082556 0.002906477151102711
table 0.0034522439585730723 0.18805223150293962 6.492021801022081E-4
characterized 5.753739930955121E-4 1.7635885922613586 0.0010147230105071107
within 0.0011507479861910242 0.3127557100038969 3.599030034567283E-4
could 5.753739930955121E-4 0.22314355131420976 1.283909961531702E-4
mivs 0.011507479861910242 5.1647859739235145 0.05943367058600132
filled 5.753739930955121E-4 2.6798793241355137 0.0015419328677419527
reminded 5.753739930955121E-4 4.471638793363569 0.002572864668218394
removed 0.0017261219792865361 1.79749014393704 0.0031026872450006446
requiring 5.753739930955121E-4 2.120263536200091 0.0012199444972382572
complete 5.753739930955121E-4 0.9600933545325481 5.524127471418573E-4
betamethasone 5.753739930955121E-4 4.471638793363569 0.002572864668218394
comparable 5.753739930955121E-4 1.5812670354674039 9.09819928347183E-4
return 5.753739930955121E-4 2.0292917579943643 0.001167601701953029
hemorrhage 5.753739930955121E-4 2.392197251683733 0.001376408084973379
improvements 5.753739930955121E-4 1.6990500711237875 9.775892238917073E-4
topical 0.0011507479861910242 2.6798793241355137 0.0030838657354839054
bimanually 5.753739930955121E-4 5.1647859739235145 0.0029716835293000657
use 0.0017261219792865361 0.20895891632225325 3.6068857823173746E-4
equally 5.753739930955121E-4 2.073743520565198 0.001193178090083543
eliminating 5.753739930955121E-4 2.6798793241355137 0.0015419328677419527
several 5.753739930955121E-4 0.3526016185510966 2.0287780123768505E-4
blade 5.753739930955121E-4 4.0661736852554045 0.002339570589905296
perception 5.753739930955121E-4 1.3805963400052528 7.943592290018715E-4
that 0.01668584579976985 0.017291497110061043 2.885232544256445E-4
faster 0.0023014959723820483 1.8325814637483102 0.004217678857878735
download 0.0011507479861910242 0.2595111954850846 2.9863198559848634E-4
earlier 0.0017261219792865361 1.5012243277938677 0.002591296308044651
than 0.007479861910241657 0.058840500022933395 4.401188149011129E-4
documented 5.753739930955121E-4 1.730798769438368 9.958565992165523E-4
reviewed 5.753739930955121E-4 1.3805963400052528 7.943592290018715E-4
toshihide 0.0017261219792865361 5.1647859739235145 0.008915050587900196
cannula 5.753739930955121E-4 4.0661736852554045 0.002339570589905296
different 0.005178365937859608 0.18805223150293962 9.738032701533121E-4
closure 5.753739930955121E-4 2.120263536200091 0.0012199444972382572
selected 0.0011507479861910242 0.758066726659261 8.723437591015661E-4
all 0.005753739930955121 0.017291497110061043 9.94907773881533E-5
counting 5.753739930955121E-4 2.120263536200091 0.0012199444972382572
peripheral 0.0011507479861910242 2.2744142160273495 0.0026172775788577095
including 5.753739930955121E-4 0.2669461739726028 1.5359388606018572E-4
months 0.004027617951668585 1.3146383722134554 0.00529486110787928
already 5.753739930955121E-4 1.157452788691043 6.659682328487014E-4
occur 5.753739930955121E-4 1.3146383722134554 7.5640872969704E-4
percentages 5.753739930955121E-4 2.9675613965872945 0.0017074576505105262
less 0.004602991944764097 0.368995428326773 0.0016984829842429138
pressure 0.0011507479861910242 1.6094379124341003 0.0018520574366330269
maintaining 5.753739930955121E-4 1.906689435902032 0.0010970595143279817
differed 5.753739930955121E-4 2.9675613965872945 0.0017074576505105262
undergone 5.753739930955121E-4 2.8622008809294686 0.0016468359499018806
entry 5.753739930955121E-4 1.9867321435755685 0.001143114006660281
perioperative 0.0017261219792865361 3.2188758248682006 0.00555617230989908
clinical 5.753739930955121E-4 0.9452782687474074 5.438885320756084E-4
proliferative 0.0023014959723820483 2.6798793241355137 0.006167731470967811
forceps 0.0011507479861910242 4.471638793363569 0.005145729336436788
substituted 5.753739930955121E-4 3.7784916128036232 0.0021740458071367224
were 0.026467203682393557 0.0958817717032825 0.002537722381099537
kellner 5.753739930955121E-4 4.471638793363569 0.002572864668218394
phakic 5.753739930955121E-4 3.2188758248682006 0.0018520574366330269
position 5.753739930955121E-4 1.2729656758128876 7.324313439659883E-4
since 0.0011507479861910242 0.377294231141468 4.3417057668753507E-4
leakage 5.753739930955121E-4 3.373026504695459 0.0019407517288236244
facilitate 5.753739930955121E-4 1.6384254493073527 9.4270739315728E-4
technique 0.0011507479861910242 1.1758019273592397 0.00135305170006817
scleral 5.753739930955121E-4 2.5257286443082556 0.0014532385755513554
units 0.0011507479861910242 1.7635885922613586 0.0020294460210142215
represents 0.0023014959723820483 0.9751312318970885 0.002244260602755094
wound 0.0011507479861910242 2.6798793241355137 0.0030838657354839054
times 5.753739930955121E-4 0.9600933545325481 5.524127471418573E-4
oil 0.0011507479861910242 2.456735772821304 0.002827083743177565
considerable 5.753739930955121E-4 1.7635885922613586 0.0010147230105071107
and 0.0523590333716916 0.017291497110061043 9.05366074232195E-4
experienced 5.753739930955121E-4 1.6094379124341003 9.260287183165134E-4
microincision 0.0023014959723820483 4.471638793363569 0.010291458672873576
any 0.0011507479861910242 0.2669461739726028 3.0718777212037144E-4
followed 0.0017261219792865361 0.758066726659261 0.0013085156386523492
opening 5.753739930955121E-4 2.7668907011251433 0.0015919969511652148
consecutive 5.753739930955121E-4 1.9867321435755685 0.001143114006660281
conventional 0.0011507479861910242 1.7635885922613586 0.0020294460210142215
santen 5.753739930955121E-4 5.1647859739235145 0.0029716835293000657
accumulating 5.753739930955121E-4 4.0661736852554045 0.002339570589905296
indications 0.0017261219792865361 2.9675613965872945 0.005122372951531578
rosai 0.0011507479861910242 5.1647859739235145 0.0059433670586001314
threatening 5.753739930955121E-4 3.7784916128036232 0.0021740458071367224
about 5.753739930955121E-4 0.377294231141468 2.1708528834376754E-4
xenon 5.753739930955121E-4 5.1647859739235145 0.0029716835293000657
discussion 5.753739930955121E-4 0.2595111954850846 1.4931599279924317E-4
fujii 5.753739930955121E-4 5.1647859739235145 0.0029716835293000657
observed 5.753739930955121E-4 0.6988778552689304 4.021161422721119E-4
concern 5.753739930955121E-4 1.6384254493073527 9.4270739315728E-4
surgically 5.753739930955121E-4 3.2188758248682006 0.0018520574366330269
medications 5.753739930955121E-4 2.331572629867298 0.0013415262542389515
bevacizumab 5.753739930955121E-4 3.5553480614894135 0.002045654810983552
durations 5.753739930955121E-4 3.5553480614894135 0.002045654810983552
recent 5.753739930955121E-4 0.5596157879354227 3.219883705036954E-4
sclerotomies 5.753739930955121E-4 4.0661736852554045 0.002339570589905296
fully 5.753739930955121E-4 1.2729656758128876 7.324313439659883E-4
using 0.006329113924050633 0.083381608939051 5.277317021458924E-4
received 0.0011507479861910242 0.9452782687474074 0.0010877770641512167
sclerocorneal 5.753739930955121E-4 5.1647859739235145 0.0029716835293000657
each 0.0017261219792865361 0.13434805253107854 2.3190112634823682E-4
eye 0.0011507479861910242 1.5012243277938677 0.0017275308720297673
induce 5.753739930955121E-4 2.456735772821304 0.0014135418715887824
undertaken 5.753739930955121E-4 2.5998366164619773 0.0014958783754096532
shionogi 5.753739930955121E-4 5.1647859739235145 0.0029716835293000657
patched 5.753739930955121E-4 5.1647859739235145 0.0029716835293000657
difference 5.753739930955121E-4 0.6004377824556778 3.454762844969377E-4
except 5.753739930955121E-4 1.3805963400052528 7.943592290018715E-4
randomized 5.753739930955121E-4 1.9459101490553132 0.0011196260926670386
systemic 5.753739930955121E-4 1.5271998141971284 8.787110553493258E-4
functional 0.0011507479861910242 1.4759065198095778 0.0016983964554770745
cut 0.0011507479861910242 2.456735772821304 0.002827083743177565
increased 5.753739930955121E-4 0.4919571394616079 2.8305934376387105E-4
corneal 5.753739930955121E-4 1.9459101490553132 0.0011196260926670386
probably 5.753739930955121E-4 1.79749014393704 0.0010342290816668816
another 5.753739930955121E-4 0.40261203912575794 2.316524966201139E-4
sum 0.0011507479861910242 1.8689491079191851 0.0021506894222315135
two 0.004602991944764097 0.11492996667397702 5.290217108123223E-4
acquire 5.753739930955121E-4 2.8622008809294686 0.0016468359499018806
into 0.0017261219792865361 0.10854016857520597 1.8735357061312882E-4
permitted 5.753739930955121E-4 3.373026504695459 0.0019407517288236244
are 0.0034522439585730723 0.028987536873252187 1.0007204904459903E-4
reported 0.0017261219792865361 0.5300569856938783 9.149430132805724E-4
operating 0.004027617951668585 1.6990500711237875 0.006843124567241952
cavities 5.753739930955121E-4 5.1647859739235145 0.0029716835293000657
complications 0.0017261219792865361 1.9459101490553132 0.0033588782780011157
necessary 5.753739930955121E-4 0.8607208807193443 4.95236410080175E-4
one 5.753739930955121E-4 0.06491954609931569 3.7353018469111446E-5
replaced 5.753739930955121E-4 2.331572629867298 0.0013415262542389515
summarized 5.753739930955121E-4 1.4271163556401458 8.211256361565857E-4
declaration 5.753739930955121E-4 1.79749014393704 0.0010342290816668816
stay 5.753739930955121E-4 2.8622008809294686 0.0016468359499018806
controlled 5.753739930955121E-4 1.5271998141971284 8.787110553493258E-4
such 0.0011507479861910242 0.10219094089654716 1.1759601944366763E-4
appear 5.753739930955121E-4 1.4512139072192063 8.349907406324548E-4
friedman 0.0017261219792865361 4.0661736852554045 0.007018711769715888
ratio 0.0023014959723820483 1.1758019273592397 0.00270610340013634
but 0.0011507479861910242 0.083381608939051 9.595121857198044E-5
through 0.0028768699654775605 0.2595111954850846 7.465799639962158E-4
treat 5.753739930955121E-4 1.79749014393704 0.0010342290816668816
bcva 0.005753739930955121 3.0853444322436783 0.01775226946055051
available 5.753739930955121E-4 0.5696661237889241 3.277710723756756E-4
rhegmatogenous 0.0011507479861910242 3.0853444322436783 0.003550453892110102
had 0.0034522439585730723 0.32059888746492277 0.001106785572376028
source 5.753739930955121E-4 0.9452782687474074 5.438885320756084E-4
either 0.0011507479861910242 0.7827593392496325 9.007587333137312E-4
irrigation 5.753739930955121E-4 3.7784916128036232 0.0021740458071367224
has 0.004027617951668585 0.05279818556697083 2.126509200050609E-4
recurrent 5.753739930955121E-4 1.9867321435755685 0.001143114006660281
results 0.0028768699654775605 0.08961215868968714 2.578025278759699E-4
those 0.0017261219792865361 0.3364722366212129 5.807921230515758E-4
last 5.753739930955121E-4 0.7703368192510752 4.432317717209869E-4
systat 5.753739930955121E-4 5.1647859739235145 0.0029716835293000657
this 0.004027617951668585 0.017291497110061043 6.964354417170731E-5
significant 0.0028768699654775605 0.377294231141468 0.0010854264417188377
panretinal 0.0011507479861910242 3.7784916128036232 0.004348091614273445
difficulty 5.753739930955121E-4 1.6990500711237875 9.775892238917073E-4
longer 0.0017261219792865361 1.1758019273592397 0.002029577550102255
institutional 5.753739930955121E-4 1.3361445774344192 7.687828408713574E-4
especially 0.0011507479861910242 0.7104386776700063 8.17535877640974E-4
converted 5.753739930955121E-4 1.5538680612792897 8.940552711618467E-4
laboratories 5.753739930955121E-4 4.471638793363569 0.002572864668218394
ikeda 0.0017261219792865361 5.1647859739235145 0.008915050587900196
involving 5.753739930955121E-4 1.5271998141971284 8.787110553493258E-4
full 5.753739930955121E-4 0.14750613710858965 8.487119511426332E-5
show 0.0011507479861910242 0.6321864807702582 7.274873196435653E-4
detect 0.0017261219792865361 1.3146383722134554 0.0022692261890911196
learning 0.0011507479861910242 0.9306794693262548 0.0010709775251165187
vitrectomy 0.037399309551208286 2.073743520565198 0.0775565758554303
life 5.753739930955121E-4 1.4271163556401458 8.211256361565857E-4
not 0.010356731875719217 0.03488725900044054 3.613179873463347E-4
examination 5.753739930955121E-4 1.5812670354674039 9.09819928347183E-4
gas 5.753739930955121E-4 2.7668907011251433 0.0015919969511652148
nonclearing 0.0017261219792865361 4.0661736852554045 0.007018711769715888
early 5.753739930955121E-4 0.8340526336371831 4.7989219426765426E-4
normal 5.753739930955121E-4 1.4035858582299516 8.075867999021586E-4
types 5.753739930955121E-4 0.7459453661269161 4.2919756393953746E-4
figure 0.0017261219792865361 0.20194134366360675 3.485753918244075E-4
characteristics 5.753739930955121E-4 0.7703368192510752 4.432317717209869E-4
cases 0.014959723820483314 0.6004377824556778 0.008982383396920382
breaks 0.0011507479861910242 2.6798793241355137 0.0030838657354839054
was 0.02991944764096663 0.058840500022933395 0.0017604752596044515
phosphate 5.753739930955121E-4 3.5553480614894135 0.002045654810983552
technology 5.753739930955121E-4 1.5271998141971284 8.787110553493258E-4
ischemia 5.753739930955121E-4 3.0853444322436783 0.001775226946055051
discomfort 5.753739930955121E-4 3.5553480614894135 0.002045654810983552
removal 5.753739930955121E-4 1.9459101490553132 0.0011196260926670386
initially 0.0023014959723820483 1.6990500711237875 0.003910356895566829
risk 5.753739930955121E-4 0.8209805520698303 4.7237085849817625E-4
time 0.00805523590333717 0.20194134366360675 0.0016266851618472352
base 5.753739930955121E-4 1.5538680612792897 8.940552711618467E-4
oblique 5.753739930955121E-4 4.471638793363569 0.002572864668218394
measured 5.753739930955121E-4 1.0704414117014134 6.159041494254393E-4
software 5.753739930955121E-4 1.157452788691043 6.659682328487014E-4
criteria 5.753739930955121E-4 1.121734706088964 6.454169770362279E-4
tested 5.753739930955121E-4 1.3581234841531944 7.814289321940129E-4
during 0.0017261219792865361 0.28958865072236245 4.998653349638016E-4
program 5.753739930955121E-4 1.8689491079191851 0.0010753447111157568
type 0.0011507479861910242 0.5203950747821414 5.988435843292766E-4
when 0.0023014959723820483 0.14750613710858965 3.394847804570533E-4
three 0.0011507479861910242 0.22314355131420976 2.567819923063404E-4
required 5.753739930955121E-4 0.5900749954201312 3.395138063406969E-4
diabetic 0.0023014959723820483 2.5257286443082556 0.005812954302205422
instruments 0.005753739930955121 2.8622008809294686 0.016468359499018807
closing 5.753739930955121E-4 3.373026504695459 0.0019407517288236244
review 5.753739930955121E-4 0.5696661237889241 3.277710723756756E-4
instrumentation 5.753739930955121E-4 3.5553480614894135 0.002045654810983552
between 0.010356731875719217 0.058840500022933395 6.093952821707717E-4
still 5.753739930955121E-4 0.5300569856938783 3.0498100442685744E-4
method 0.0023014959723820483 0.4734380916943703 0.001089615861206836
reduced 5.753739930955121E-4 0.9452782687474074 5.438885320756084E-4
light 0.0017261219792865361 1.2729656758128876 0.0021972940318979645
determined 5.753739930955121E-4 1.0376515888784226 5.970377381348806E-4
intravitreal 5.753739930955121E-4 2.331572629867298 0.0013415262542389515
completely 5.753739930955121E-4 1.3805963400052528 7.943592290018715E-4
diclofenac 5.753739930955121E-4 5.1647859739235145 0.0029716835293000657
primary 0.0017261219792865361 0.9306794693262548 0.001606466287674778
care 5.753739930955121E-4 1.1758019273592397 6.76525850034085E-4
study 0.0028768699654775605 0.15415067982725836 4.4347146095298723E-4
osaka 0.0011507479861910242 5.1647859739235145 0.0059433670586001314
infection 5.753739930955121E-4 1.8689491079191851 0.0010753447111157568
logarithm 0.0017261219792865361 3.0853444322436783 0.005325680838165152
gender 5.753739930955121E-4 2.2744142160273495 0.0013086387894288547
surgeons 0.0017261219792865361 2.5998366164619773 0.004487635126228959
vitrectomies 5.753739930955121E-4 4.0661736852554045 0.002339570589905296
methods 5.753739930955121E-4 0.20194134366360675 1.161917972748025E-4
differences 0.005178365937859608 0.7953381214564925 0.004118551837231549
our 0.0023014959723820483 0.19497267434751336 4.4872882473535875E-4
leaky 5.753739930955121E-4 5.1647859739235145 0.0029716835293000657
demonstrated 5.753739930955121E-4 0.8607208807193443 4.95236410080175E-4
informed 5.753739930955121E-4 1.4035858582299516 8.075867999021586E-4
include 5.753739930955121E-4 0.5013468798114469 2.8846195616308794E-4
chandelier 0.0011507479861910242 4.471638793363569 0.005145729336436788
more 0.0017261219792865361 0.05279818556697083 9.113610857359752E-5
display 5.753739930955121E-4 0.167573700159399 9.641754899850346E-5
tatsuhiko 0.0017261219792865361 5.1647859739235145 0.008915050587900196
csvdisplay 0.0011507479861910242 0.2669461739726028 3.0718777212037144E-4
suggest 0.0011507479861910242 1.0059028905638423 0.0011575407256200717
performed 0.009781357882623706 0.4643056081310978 0.004541539320039507
lead 5.753739930955121E-4 0.7703368192510752 4.432317717209869E-4
disorder 5.753739930955121E-4 2.456735772821304 0.0014135418715887824
implantation 5.753739930955121E-4 3.0853444322436783 0.001775226946055051
prone 5.753739930955121E-4 2.5257286443082556 0.0014532385755513554
incisions 5.753739930955121E-4 4.471638793363569 0.002572864668218394
minimum 0.0017261219792865361 1.3361445774344192 0.002306348522614072
board 5.753739930955121E-4 1.4512139072192063 8.349907406324548E-4
first 0.0011507479861910242 0.167573700159399 1.9283509799700692E-4
indicator 5.753739930955121E-4 2.120263536200091 0.0012199444972382572
pharmaceutical 5.753739930955121E-4 3.373026504695459 0.0019407517288236244
membrane 0.0017261219792865361 2.392197251683733 0.004129224254920137
data 0.0023014959723820483 0.167573700159399 3.8567019599401384E-4
simple 5.753739930955121E-4 1.157452788691043 6.659682328487014E-4
cycles 5.753739930955121E-4 3.5553480614894135 0.002045654810983552
used 0.005178365937859608 0.07103577311675174 3.678492278773105E-4
peritomy 0.0023014959723820483 5.1647859739235145 0.011886734117200263
experience 5.753739930955121E-4 1.2135422553420867 6.9824065324631E-4
indentation 5.753739930955121E-4 5.1647859739235145 0.0029716835293000657
shown 0.0011507479861910242 0.3364722366212129 3.8719474870105053E-4
major 5.753739930955121E-4 0.7104386776700063 4.08767938820487E-4
presented 5.753739930955121E-4 0.4373981552111735 2.5166752313646347E-4
percentage 0.0017261219792865361 1.3146383722134554 0.0022692261890911196
only 0.0011507479861910242 0.10854016857520597 1.2490238040875254E-4
should 5.753739930955121E-4 0.368995428326773 2.1231037303036423E-4
theoretically 5.753739930955121E-4 2.7668907011251433 0.0015919969511652148
create 5.753739930955121E-4 1.0704414117014134 6.159041494254393E-4
from 0.004602991944764097 0.023122417420854212 1.0643230113166496E-4
potential 5.753739930955121E-4 0.44628710262841953 2.567819923063404E-4
raising 5.753739930955121E-4 3.0853444322436783 0.001775226946055051
offset 5.753739930955121E-4 3.373026504695459 0.0019407517288236244
helsinki 5.753739930955121E-4 2.8622008809294686 0.0016468359499018806
patients 0.005178365937859608 0.9452782687474074 0.0048949967886804755
temporarily 5.753739930955121E-4 4.0661736852554045 0.002339570589905296
cavity 5.753739930955121E-4 3.0853444322436783 0.001775226946055051
published 0.0017261219792865361 0.03488725900044054 6.021966455772245E-5
judged 5.753739930955121E-4 2.8622008809294686 0.0016468359499018806
done 5.753739930955121E-4 0.9452782687474074 5.438885320756084E-4
both 0.0034522439585730723 0.13434805253107854 4.6380225269647364E-4
most 5.753739930955121E-4 0.0771896386911299 4.4412910639315244E-5
core 5.753739930955121E-4 1.5271998141971284 8.787110553493258E-4
ranks 5.753739930955121E-4 3.5553480614894135 0.002045654810983552
effect 0.0017261219792865361 0.758066726659261 0.0013085156386523492
anatomical 0.0034522439585730723 3.5553480614894135 0.012273928865901312
replacement 5.753739930955121E-4 2.456735772821304 0.0014135418715887824
who 0.0011507479861910242 0.44628710262841953 5.135639846126808E-4
sutureless 5.753739930955121E-4 4.471638793363569 0.002572864668218394
vertically 5.753739930955121E-4 4.471638793363569 0.002572864668218394
purpose 5.753739930955121E-4 1.0539121097502027 6.063936189586896E-4
according 5.753739930955121E-4 0.4919571394616079 2.8305934376387105E-4
their 5.753739930955121E-4 0.12136085700426753 6.982788090003886E-5
why 5.753739930955121E-4 1.4271163556401458 8.211256361565857E-4
preretinal 5.753739930955121E-4 4.471638793363569 0.002572864668218394
recovery 0.005753739930955121 2.2203469947570738 0.012775299164309976
point 0.0017261219792865361 0.7703368192510752 0.0013296953151629605
ocular 0.0023014959723820483 1.5538680612792897 0.003576221084647387
tenets 5.753739930955121E-4 2.8622008809294686 0.0016468359499018806
levofloxacin 5.753739930955121E-4 4.0661736852554045 0.002339570589905296
retina 5.753739930955121E-4 2.7668907011251433 0.0015919969511652148
patient 0.0034522439585730723 0.9751312318970885 0.0033663909041326415
induced 5.753739930955121E-4 2.392197251683733 0.001376408084973379
hospital 0.0028768699654775605 1.4512139072192063 0.0041749537031622735
value 5.753739930955121E-4 0.6214911916535102 3.5758986861536833E-4
introduction 0.0011507479861910242 0.10219094089654716 1.1759601944366763E-4
macular 5.753739930955121E-4 2.7668907011251433 0.0015919969511652148
postoperative 0.01093210586881473 2.0292917579943643 0.02218443233710755
san 5.753739930955121E-4 3.0853444322436783 0.001775226946055051
hospitalization 0.0034522439585730723 3.7784916128036232 0.013044274842820332
limited 5.753739930955121E-4 0.5696661237889241 3.277710723756756E-4
studied 5.753739930955121E-4 1.0539121097502027 6.063936189586896E-4
clear 5.753739930955121E-4 1.0704414117014134 6.159041494254393E-4
groups 0.0011507479861910242 0.8472978603872037 9.750263065445382E-4
also 0.0011507479861910242 0.05279818556697083 6.0757405715731676E-5
variance 0.0017261219792865361 1.9459101490553132 0.0033588782780011157
mean 5.753739930955121E-4 0.6214911916535102 3.5758986861536833E-4
reduction 5.753739930955121E-4 1.4759065198095778 8.491982277385372E-4
normally 5.753739930955121E-4 2.2744142160273495 0.0013086387894288547
demographics 0.0017261219792865361 2.0292917579943643 0.0035028051058590866
