been 0.004032258064516129 0.05279818556697083 2.128959095442372E-4
acutely 6.720430107526882E-4 3.7784916128036232 0.002539308879572328
plana 0.008736559139784945 2.2744142160273495 0.01987055430669055
coherence 6.720430107526882E-4 2.456735772821304 0.0016510321053906615
causative 0.004032258064516129 2.8622008809294686 0.011541132584393017
surgeon 0.0020161290322580645 2.8622008809294686 0.005770566292196509
sclerotomy 0.006720430107526882 4.0661736852554045 0.027326436056823954
scenarios 6.720430107526882E-4 1.9867321435755685 0.001335169451327667
without 6.720430107526882E-4 0.32850406697203605 2.2076886221238982E-4
these 0.004032258064516129 0.03488725900044054 1.4067443145338927E-4
evaluation 6.720430107526882E-4 0.7953381214564925 5.345014257100084E-4
intraoperative 6.720430107526882E-4 2.8622008809294686 0.0019235220973988366
conjunctival 6.720430107526882E-4 2.9675613965872945 0.0019943288955559775
acuity 0.002688172043010753 1.5271998141971284 0.004105375844615937
outcomes 0.010752688172043012 1.1043429633770947 0.011874655520183816
poor 0.0020161290322580645 1.0539121097502027 0.002124822801915731
vitreous 0.0114247311827957 1.906689435902032 0.02178341425425709
visual 0.008064516129032258 1.157452788691043 0.009334296682992283
fluid 6.720430107526882E-4 2.2744142160273495 0.001528504177437735
because 6.720430107526882E-4 0.34450440831847723 2.315217797839229E-4
soft 6.720430107526882E-4 2.5257286443082556 0.0016973982824652256
conjunctiva 0.0020161290322580645 3.5553480614894135 0.007168040446551237
posterior 6.720430107526882E-4 1.8325814637483102 0.0012315735643469827
active 6.720430107526882E-4 1.1944940603713923 8.027513846581938E-4
require 6.720430107526882E-4 1.121734706088964 7.538539691458091E-4
globe 0.0013440860215053765 2.2203469947570738 0.002984337358544454
size 6.720430107526882E-4 0.127833371509885 8.590952386417003E-5
multicenter 0.0013440860215053765 2.7668907011251433 0.0037189391144155154
poorly 6.720430107526882E-4 2.8622008809294686 0.0019235220973988366
appropriate 6.720430107526882E-4 1.0704414117014134 7.193826691541757E-4
treatment 0.00739247311827957 0.9452782687474074 0.00698794419100906
eyes 0.0020161290322580645 1.6990500711237875 0.0034255041756527972
balanced 0.0013440860215053765 2.392197251683733 0.0032153188866716844
anterior 0.0020161290322580645 1.906689435902032 0.003844131927221839
intraocular 0.003360215053763441 1.6990500711237875 0.005709173626087995
egressing 6.720430107526882E-4 5.1647859739235145 0.0034709583158088137
same 6.720430107526882E-4 0.2972515234679317 1.9976580878221218E-4
after 0.010752688172043012 0.12136085700426753 0.0013049554516587909
scott 6.720430107526882E-4 3.5553480614894135 0.0023893468155170793
close 6.720430107526882E-4 1.1394342831883648 7.657488462287399E-4
hand 6.720430107526882E-4 1.5271998141971284 0.0010263439611539842
compared 0.002688172043010753 0.2669461739726028 7.175972418618355E-4
salt 0.0013440860215053765 3.5553480614894135 0.004778693631034159
emergence 6.720430107526882E-4 2.6798793241355137 0.0018009941694459098
staphylococci 6.720430107526882E-4 5.1647859739235145 0.0034709583158088137
procedure 6.720430107526882E-4 1.1394342831883648 7.657488462287399E-4
possible 0.0013440860215053765 0.38566248081198473 5.183635494784741E-4
sample 0.0020161290322580645 0.7221347174331975 0.0014559167690185433
transition 6.720430107526882E-4 2.331572629867298 0.001566917089964582
the 0.0625 0.017291497110061043 0.0010807185693788152
straight 6.720430107526882E-4 3.373026504695459 0.0022668188875641527
newer 6.720430107526882E-4 3.2188758248682006 0.0021632230005834683
subtle 6.720430107526882E-4 3.0853444322436783 0.002073484161454085
photograph 0.0013440860215053765 3.2188758248682006 0.004326446001166937
series 6.720430107526882E-4 1.1758019273592397 7.901894673113171E-4
severe 0.002688172043010753 1.157452788691043 0.0031114322276640945
subconjunctival 0.0013440860215053765 3.5553480614894135 0.004778693631034159
combined 6.720430107526882E-4 0.9600933545325481 6.452240285837017E-4
did 6.720430107526882E-4 0.5108256237659907 3.4329679016531636E-4
surgery 0.004032258064516129 1.6990500711237875 0.0068510083513055944
november 0.004032258064516129 1.1758019273592397 0.004741136803867902
reports 6.720430107526882E-4 1.0539121097502027 7.082742673052438E-4
sometimes 6.720430107526882E-4 1.9459101490553132 0.001307735315225345
residual 6.720430107526882E-4 2.5257286443082556 0.0016973982824652256
developed 6.720430107526882E-4 0.48265474679929443 3.243647491930742E-4
good 6.720430107526882E-4 0.8080771472339223 5.430625989475285E-4
pravin 0.004032258064516129 5.1647859739235145 0.02082574989485288
later 6.720430107526882E-4 1.3361445774344192 8.979466246199054E-4
post 0.0013440860215053765 1.9867321435755685 0.002670338902655334
prior 6.720430107526882E-4 0.8209805520698303 5.517342419824129E-4
rare 0.0013440860215053765 1.906689435902032 0.0025627546181478927
surgical 0.003360215053763441 1.6384254493073527 0.005505461859231696
serious 6.720430107526882E-4 2.120263536200091 0.0014249082904570505
possibly 6.720430107526882E-4 1.6384254493073527 0.0011010923718463392
which 0.006048387096774193 0.023122417420854212 1.3985333117452143E-4
making 6.720430107526882E-4 1.0704414117014134 7.193826691541757E-4
flynn 0.004032258064516129 3.5553480614894135 0.014336080893102473
predisposing 6.720430107526882E-4 3.7784916128036232 0.002539308879572328
typically 6.720430107526882E-4 1.1394342831883648 7.657488462287399E-4
its 0.0013440860215053765 0.19497267434751336 2.6206004616601263E-4
varied 0.0013440860215053765 1.7635885922613586 0.002370414774544837
often 0.0013440860215053765 0.5900749954201312 7.931115529840473E-4
check 6.720430107526882E-4 2.0292917579943643 0.0013637713427381481
respect 6.720430107526882E-4 1.5812670354674039 0.001062679459319492
lack 0.0020161290322580645 0.6988778552689304 0.0014090279340099403
vision 0.0013440860215053765 1.4271163556401458 0.0019181671446776155
port 6.720430107526882E-4 3.5553480614894135 0.0023893468155170793
incision 6.720430107526882E-4 4.0661736852554045 0.0027326436056823956
cultures 0.0013440860215053765 2.456735772821304 0.003302064210781323
varies 6.720430107526882E-4 2.456735772821304 0.0016510321053906615
final 0.0013440860215053765 0.6988778552689304 9.39351956006627E-4
relatively 0.0020161290322580645 0.8209805520698303 0.0016552027259472385
some 0.0020161290322580645 0.2160260835453457 4.355364587607776E-4
perpendicular 6.720430107526882E-4 4.471638793363569 0.0030051335976905708
beginning 6.720430107526882E-4 1.6990500711237875 0.0011418347252175993
additional 0.0020161290322580645 0.5300569856938783 0.0010686632776086256
for 0.010752688172043012 0.017291497110061043 1.859300764522693E-4
lens 6.720430107526882E-4 1.8689491079191851 0.00125601418542956
india 6.720430107526882E-4 3.0853444322436783 0.002073484161454085
prevent 6.720430107526882E-4 1.4512139072192063 9.752781634537678E-4
perhaps 0.0020161290322580645 1.9459101490553132 0.003923205945676035
strand 6.720430107526882E-4 3.7784916128036232 0.002539308879572328
bacterial 0.0020161290322580645 2.5257286443082556 0.005092194847395677
signs 6.720430107526882E-4 2.073743520565198 0.0013936448390895148
rate 0.002688172043010753 0.7221347174331975 0.001941222358691391
alert 6.720430107526882E-4 4.0661736852554045 0.0027326436056823956
exposed 0.0020161290322580645 2.456735772821304 0.004953096316171983
bacillus 0.0020161290322580645 3.2188758248682006 0.0064896690017504045
end 6.720430107526882E-4 1.1758019273592397 7.901894673113171E-4
surveillance 6.720430107526882E-4 2.7668907011251433 0.0018594695572077577
over 0.0020161290322580645 0.3364722366212129 6.783714448008324E-4
sutured 0.0013440860215053765 3.5553480614894135 0.004778693631034159
transconjunctival 0.0020161290322580645 3.7784916128036232 0.007617926638716982
multiple 0.0013440860215053765 0.5108256237659907 6.865935803306327E-4
microbiology 0.0013440860215053765 3.7784916128036232 0.005078617759144656
statistically 0.0013440860215053765 1.1758019273592397 0.0015803789346226342
versus 0.0013440860215053765 1.6094379124341003 0.0021632230005834683
room 6.720430107526882E-4 2.2203469947570738 0.001492168679272227
trocar 6.720430107526882E-4 4.0661736852554045 0.0027326436056823956
endoscopic 6.720430107526882E-4 4.471638793363569 0.0030051335976905708
better 6.720430107526882E-4 0.4285875255290187 2.8802925102756633E-4
with 0.016801075268817203 0.017291497110061043 2.905157444566707E-4
although 0.0013440860215053765 0.4285875255290187 5.760585020551327E-4
there 0.005376344086021506 0.12136085700426753 6.524777258293954E-4
well 6.720430107526882E-4 0.3127557100038969 2.1018528898111353E-4
endophthalmitis 0.02956989247311828 2.169053700369523 0.06413868468834612
significantly 0.0013440860215053765 0.5900749954201312 7.931115529840473E-4
contributory 6.720430107526882E-4 4.0661736852554045 0.0027326436056823956
prompt 0.0013440860215053765 2.331572629867298 0.003133834179929164
inject 6.720430107526882E-4 4.471638793363569 0.0030051335976905708
gluconate 6.720430107526882E-4 5.1647859739235145 0.0034709583158088137
very 0.002688172043010753 0.5596157879354227 0.0015043435159554374
practice 6.720430107526882E-4 1.2729656758128876 8.554876853581234E-4
hypothesized 0.0013440860215053765 2.5257286443082556 0.003394796564930451
advanced 6.720430107526882E-4 1.4512139072192063 9.752781634537678E-4
considered 6.720430107526882E-4 0.32059888746492277 2.1545624157588898E-4
delayed 6.720430107526882E-4 2.169053700369523 0.0014576973792805937
years 6.720430107526882E-4 0.7104386776700063 4.774453478965097E-4
advances 6.720430107526882E-4 2.169053700369523 0.0014576973792805937
centers 0.0013440860215053765 2.2744142160273495 0.00305700835487547
prolapsing 6.720430107526882E-4 5.1647859739235145 0.0034709583158088137
per 6.720430107526882E-4 0.7339691750802005 4.932588542205649E-4
gauge 6.720430107526882E-4 3.2188758248682006 0.0021632230005834683
poorer 6.720430107526882E-4 2.456735772821304 0.0016510321053906615
reduce 0.0020161290322580645 0.8340526336371831 0.0016815577291072238
likely 0.0013440860215053765 0.5798184952529422 7.79325934479761E-4
silicone 0.0020161290322580645 2.7668907011251433 0.005578408671623273
similar 6.720430107526882E-4 0.20895891632225325 1.4042937924882613E-4
surface 0.002688172043010753 2.073743520565198 0.005574579356358059
large 0.0013440860215053765 0.34450440831847723 4.630435595678458E-4
suspected 6.720430107526882E-4 2.5998366164619773 0.0017472020271921893
lower 6.720430107526882E-4 0.5300569856938783 3.5622109253620856E-4
underlying 6.720430107526882E-4 1.293584963015623 8.693447332094241E-4
removing 6.720430107526882E-4 1.79749014393704 0.0012079906881297313
schwartz 0.004032258064516129 4.471638793363569 0.018030801586143425
retinopathy 6.720430107526882E-4 2.9675613965872945 0.0019943288955559775
authors 0.004704301075268817 0.023122417420854212 1.087748131357389E-4
retinal 0.002688172043010753 1.730798769438368 0.004652684864081635
other 0.0020161290322580645 0.0408219945202552 8.230240830696613E-5
proportion 6.720430107526882E-4 1.4759065198095778 9.918726611623508E-4
curve 0.0013440860215053765 2.2744142160273495 0.00305700835487547
microbiological 0.0013440860215053765 2.8622008809294686 0.003847044194797673
operated 0.0013440860215053765 2.9675613965872945 0.003988657791111955
occurrence 6.720430107526882E-4 2.120263536200091 0.0014249082904570505
phenomenon 6.720430107526882E-4 1.9867321435755685 0.001335169451327667
air 6.720430107526882E-4 2.5257286443082556 0.0016973982824652256
speculum 6.720430107526882E-4 4.0661736852554045 0.0027326436056823956
egress 6.720430107526882E-4 4.471638793363569 0.0030051335976905708
preoperative 0.0013440860215053765 2.2744142160273495 0.00305700835487547
literature 0.004704301075268817 0.9306794693262548 0.004378196428282113
inflammation 0.0020161290322580645 2.120263536200091 0.004274724871371151
indicates 6.720430107526882E-4 1.0376515888784226 6.973464979021657E-4
era 6.720430107526882E-4 2.5257286443082556 0.0016973982824652256
have 0.010752688172043012 0.028987536873252187 3.1169394487367945E-4
tamponade 0.0020161290322580645 3.0853444322436783 0.006220452484362255
vitreoretinal 6.720430107526882E-4 2.5257286443082556 0.0016973982824652256
table 0.006720430107526882 0.18805223150293962 0.0012637918783799705
characterized 6.720430107526882E-4 1.7635885922613586 0.0011852073872724185
lashes 0.0020161290322580645 5.1647859739235145 0.01041287494742644
may 0.008736559139784945 0.15415067982725836 0.0013467465307488969
could 0.0013440860215053765 0.22314355131420976 2.99924128110497E-4
filled 6.720430107526882E-4 2.6798793241355137 0.0018009941694459098
positive 0.0020161290322580645 0.6988778552689304 0.0014090279340099403
generally 0.0013440860215053765 0.9021060968821986 0.001212508194734138
agents 6.720430107526882E-4 2.2744142160273495 0.001528504177437735
microorganisms 0.0020161290322580645 3.7784916128036232 0.007617926638716982
report 0.0013440860215053765 1.0059028905638423 0.001352020014198713
oral 6.720430107526882E-4 2.120263536200091 0.0014249082904570505
shaikh 6.720430107526882E-4 5.1647859739235145 0.0034709583158088137
improvements 6.720430107526882E-4 1.6990500711237875 0.0011418347252175993
bacteria 0.0013440860215053765 2.9675613965872945 0.003988657791111955
use 0.0013440860215053765 0.20895891632225325 2.8085875849765226E-4
eliminating 6.720430107526882E-4 2.6798793241355137 0.0018009941694459098
flora 6.720430107526882E-4 4.471638793363569 0.0030051335976905708
traction 6.720430107526882E-4 3.2188758248682006 0.0021632230005834683
penetrating 6.720430107526882E-4 2.7668907011251433 0.0018594695572077577
while 6.720430107526882E-4 0.20895891632225325 1.4042937924882613E-4
perception 0.0013440860215053765 1.3805963400052528 0.001855640241942544
that 0.005376344086021506 0.017291497110061043 9.296503822613465E-5
download 0.003360215053763441 0.2595111954850846 8.720134256891284E-4
earlier 6.720430107526882E-4 1.5012243277938677 0.0010088873170657714
solution 0.0013440860215053765 1.293584963015623 0.0017386894664188483
than 0.0013440860215053765 0.058840500022933395 7.908669357921156E-5
reviewed 6.720430107526882E-4 1.3805963400052528 9.27820120971272E-4
communication 6.720430107526882E-4 1.6384254493073527 0.0011010923718463392
different 6.720430107526882E-4 0.18805223150293962 1.2637918783799706E-4
directly 0.0020161290322580645 0.7703368192510752 0.0015530984259094257
cannula 6.720430107526882E-4 4.0661736852554045 0.0027326436056823956
closure 0.0013440860215053765 2.120263536200091 0.002849816580914101
all 0.004704301075268817 0.017291497110061043 8.134440844786781E-5
counting 6.720430107526882E-4 2.120263536200091 0.0014249082904570505
vitrectomized 6.720430107526882E-4 4.471638793363569 0.0030051335976905708
less 6.720430107526882E-4 0.368995428326773 2.4798079860670233E-4
entry 0.0020161290322580645 1.9867321435755685 0.0040055083539830005
clinical 0.0020161290322580645 0.9452782687474074 0.0019058029611842891
kaiser 6.720430107526882E-4 4.0661736852554045 0.0027326436056823956
beveled 0.0013440860215053765 5.1647859739235145 0.006941916631617627
proliferative 6.720430107526882E-4 2.6798793241355137 0.0018009941694459098
were 0.004704301075268817 0.0958817717032825 4.5105672172243114E-4
diabetics 0.0013440860215053765 4.471638793363569 0.0060102671953811415
principles 6.720430107526882E-4 1.8325814637483102 0.0012315735643469827
present 6.720430107526882E-4 0.38566248081198473 2.5918177473923705E-4
specialized 6.720430107526882E-4 2.456735772821304 0.0016510321053906615
hypopyon 6.720430107526882E-4 3.373026504695459 0.0022668188875641527
displace 6.720430107526882E-4 4.471638793363569 0.0030051335976905708
exterior 6.720430107526882E-4 4.471638793363569 0.0030051335976905708
cause 6.720430107526882E-4 1.1394342831883648 7.657488462287399E-4
scleral 0.0020161290322580645 2.5257286443082556 0.005092194847395677
prophylaxis 6.720430107526882E-4 3.5553480614894135 0.0023893468155170793
stain 6.720430107526882E-4 3.5553480614894135 0.0023893468155170793
uncommon 6.720430107526882E-4 2.9675613965872945 0.0019943288955559775
wound 0.008064516129032258 2.6798793241355137 0.021611930033350917
oil 0.0020161290322580645 2.456735772821304 0.004953096316171983
and 0.033602150537634407 0.017291497110061043 5.810314889133414E-4
tsv 0.004704301075268817 5.1647859739235145 0.024296708210661697
repeat 6.720430107526882E-4 2.9675613965872945 0.0019943288955559775
construction 6.720430107526882E-4 1.730798769438368 0.0011631712160204088
chlorhexidine 6.720430107526882E-4 5.1647859739235145 0.0034709583158088137
blurred 6.720430107526882E-4 4.0661736852554045 0.0027326436056823956
highly 6.720430107526882E-4 0.9162907318741551 6.157867821734913E-4
incarceration 0.002688172043010753 4.471638793363569 0.012020534390762283
surgeries 0.0020161290322580645 2.392197251683733 0.004822978330007526
rates 0.006048387096774193 1.2329603411991883 0.007457421418543477
decreasing 6.720430107526882E-4 1.9459101490553132 0.001307735315225345
hypotony 0.0020161290322580645 3.7784916128036232 0.007617926638716982
any 0.0013440860215053765 0.2669461739726028 3.5879862093091776E-4
despite 6.720430107526882E-4 0.7221347174331975 4.8530558967284777E-4
consecutive 0.0013440860215053765 1.9867321435755685 0.002670338902655334
risks 0.0013440860215053765 2.073743520565198 0.0027872896781790295
due 0.002688172043010753 0.20895891632225325 5.617175169953045E-4
implicated 6.720430107526882E-4 3.7784916128036232 0.002539308879572328
until 0.0013440860215053765 1.0376515888784226 0.0013946929958043315
properties 6.720430107526882E-4 1.6094379124341003 0.0010816115002917342
insertions 6.720430107526882E-4 4.0661736852554045 0.0027326436056823956
vary 6.720430107526882E-4 1.8325814637483102 0.0012315735643469827
mellitus 0.0013440860215053765 3.2188758248682006 0.004326446001166937
about 6.720430107526882E-4 0.377294231141468 2.535579510359328E-4
wherein 6.720430107526882E-4 3.373026504695459 0.0022668188875641527
integrity 6.720430107526882E-4 3.5553480614894135 0.0023893468155170793
elective 6.720430107526882E-4 4.0661736852554045 0.0027326436056823956
bevacizumab 6.720430107526882E-4 3.5553480614894135 0.0023893468155170793
ipsilateral 6.720430107526882E-4 3.373026504695459 0.0022668188875641527
immunologically 6.720430107526882E-4 5.1647859739235145 0.0034709583158088137
recent 6.720430107526882E-4 0.5596157879354227 3.7608587898885936E-4
sclerotomies 6.720430107526882E-4 4.0661736852554045 0.0027326436056823956
released 6.720430107526882E-4 2.2203469947570738 0.001492168679272227
inadequate 0.0013440860215053765 2.392197251683733 0.0032153188866716844
separately 6.720430107526882E-4 2.331572629867298 0.001566917089964582
tissues 6.720430107526882E-4 2.5998366164619773 0.0017472020271921893
sampling 6.720430107526882E-4 1.8689491079191851 0.00125601418542956
substantial 6.720430107526882E-4 1.5812670354674039 0.001062679459319492
eye 0.002688172043010753 1.5012243277938677 0.004035549268263086
difference 6.720430107526882E-4 0.6004377824556778 4.0352001509118133E-4
enroll 6.720430107526882E-4 4.471638793363569 0.0030051335976905708
obtained 6.720430107526882E-4 0.6004377824556778 4.0352001509118133E-4
aqueous 6.720430107526882E-4 3.7784916128036232 0.002539308879572328
infectious 6.720430107526882E-4 2.7668907011251433 0.0018594695572077577
increased 0.0020161290322580645 0.4919571394616079 9.918490714951771E-4
access 6.720430107526882E-4 1.252762968495368 8.419105971071022E-4
another 6.720430107526882E-4 0.40261203912575794 2.705726069393535E-4
concurrent 6.720430107526882E-4 2.7668907011251433 0.0018594695572077577
association 6.720430107526882E-4 1.2135422553420867 8.155525909557035E-4
two 0.0013440860215053765 0.11492996667397702 1.5447576165857128E-4
into 0.0020161290322580645 0.10854016857520597 2.1883098503065718E-4
are 0.0114247311827957 0.028987536873252187 3.311748164282844E-4
variety 6.720430107526882E-4 1.0872485300177945 7.306777755495932E-4
does 0.0013440860215053765 0.5696661237889241 7.656802739098443E-4
taken 6.720430107526882E-4 0.990398704027877 6.65590526900455E-4
reported 0.015456989247311828 0.5300569856938783 0.008193085128332795
iodine 6.720430107526882E-4 4.471638793363569 0.0030051335976905708
operating 6.720430107526882E-4 1.6990500711237875 0.0011418347252175993
autopsied 6.720430107526882E-4 5.1647859739235145 0.0034709583158088137
detection 6.720430107526882E-4 1.5271998141971284 0.0010263439611539842
cataract 0.003360215053763441 2.5257286443082556 0.008486991412326127
complications 6.720430107526882E-4 1.9459101490553132 0.001307735315225345
gram 6.720430107526882E-4 3.373026504695459 0.0022668188875641527
one 0.002688172043010753 0.06491954609931569 1.7451490886912822E-4
many 6.720430107526882E-4 0.20194134366360675 1.3571326859113358E-4
stay 6.720430107526882E-4 2.8622008809294686 0.0019235220973988366
such 0.0013440860215053765 0.10219094089654716 1.3735341518353113E-4
face 0.0013440860215053765 2.2203469947570738 0.002984337358544454
associated 0.004032258064516129 0.4373981552111735 0.0017637022387547317
ppv 0.008736559139784945 2.456735772821304 0.021463417370078595
increasing 6.720430107526882E-4 0.9021060968821986 6.06254097367069E-4
consequent 6.720430107526882E-4 3.5553480614894135 0.0023893468155170793
coexisting 6.720430107526882E-4 4.471638793363569 0.0030051335976905708
optical 6.720430107526882E-4 2.8622008809294686 0.0019235220973988366
but 0.0013440860215053765 0.083381608939051 1.1207205502560619E-4
antibiotic 0.0013440860215053765 2.5998366164619773 0.0034944040543843785
treat 6.720430107526882E-4 1.79749014393704 0.0012079906881297313
cohen 6.720430107526882E-4 3.7784916128036232 0.002539308879572328
lid 0.0013440860215053765 4.0661736852554045 0.005465287211364791
rhegmatogenous 0.0013440860215053765 3.0853444322436783 0.00414696832290817
had 0.002688172043010753 0.32059888746492277 8.618249663035559E-4
reflecting 6.720430107526882E-4 2.2203469947570738 0.001492168679272227
inside 6.720430107526882E-4 1.906689435902032 0.0012813773090739463
avinash 0.004032258064516129 4.471638793363569 0.018030801586143425
features 0.0013440860215053765 0.8340526336371831 0.0011210384860714827
segment 0.0020161290322580645 2.120263536200091 0.004274724871371151
has 0.0013440860215053765 0.05279818556697083 7.096530318141241E-5
adhesive 6.720430107526882E-4 4.471638793363569 0.0030051335976905708
leaking 6.720430107526882E-4 4.471638793363569 0.0030051335976905708
results 6.720430107526882E-4 0.08961215868968714 6.022322492586502E-5
propionibacterium 6.720430107526882E-4 5.1647859739235145 0.0034709583158088137
those 6.720430107526882E-4 0.3364722366212129 2.2612381493361083E-4
offers 6.720430107526882E-4 1.6682784124570338 0.00112115484708134
tension 0.0013440860215053765 4.471638793363569 0.0060102671953811415
ensure 6.720430107526882E-4 1.4035858582299516 9.432700660147525E-4
last 6.720430107526882E-4 0.7703368192510752 5.176994753031419E-4
organism 6.720430107526882E-4 2.6798793241355137 0.0018009941694459098
this 0.004032258064516129 0.017291497110061043 6.972377866960098E-5
complaints 6.720430107526882E-4 3.2188758248682006 0.0021632230005834683
significant 0.0013440860215053765 0.377294231141468 5.071159020718656E-4
look 6.720430107526882E-4 1.6682784124570338 0.00112115484708134
worse 6.720430107526882E-4 1.6094379124341003 0.0010816115002917342
dense 6.720430107526882E-4 2.456735772821304 0.0016510321053906615
ingress 0.0013440860215053765 5.1647859739235145 0.006941916631617627
longer 6.720430107526882E-4 1.1758019273592397 7.901894673113171E-4
median 6.720430107526882E-4 1.79749014393704 0.0012079906881297313
especially 6.720430107526882E-4 0.7104386776700063 4.774453478965097E-4
vivek 0.004032258064516129 4.471638793363569 0.018030801586143425
demonstrate 6.720430107526882E-4 1.293584963015623 8.693447332094241E-4
support 6.720430107526882E-4 0.7104386776700063 4.774453478965097E-4
full 6.720430107526882E-4 0.14750613710858965 9.913046848695541E-5
higher 0.004704301075268817 0.41985384556026406 0.0019751188971248983
migrate 6.720430107526882E-4 4.471638793363569 0.0030051335976905708
allow 0.0013440860215053765 1.252762968495368 0.0016838211942142045
benefits 6.720430107526882E-4 1.6384254493073527 0.0011010923718463392
pseudomonas 6.720430107526882E-4 3.5553480614894135 0.0023893468155170793
away 6.720430107526882E-4 2.331572629867298 0.001566917089964582
ranges 6.720430107526882E-4 2.2744142160273495 0.001528504177437735
show 0.0013440860215053765 0.6321864807702582 8.497130117879815E-4
rule 6.720430107526882E-4 1.730798769438368 0.0011631712160204088
learning 0.002688172043010753 0.9306794693262548 0.0025018265304469216
vitrectomy 0.008736559139784945 2.073743520565198 0.01811738290816369
conclusion 0.0013440860215053765 0.653926467406664 8.789334239336883E-4
negative 0.0013440860215053765 0.6429973968744738 8.64243813003325E-4
not 0.005376344086021506 0.03488725900044054 1.8756590860451904E-4
common 0.0020161290322580645 0.3526016185510966 7.108903599820496E-4
gas 0.0013440860215053765 2.7668907011251433 0.0037189391144155154
factor 6.720430107526882E-4 0.7703368192510752 5.176994753031419E-4
early 6.720430107526882E-4 0.8340526336371831 5.605192430357414E-4
postponed 6.720430107526882E-4 4.0661736852554045 0.0027326436056823956
successful 6.720430107526882E-4 1.3361445774344192 8.979466246199054E-4
ensures 6.720430107526882E-4 2.392197251683733 0.0016076594433358422
figure 0.0013440860215053765 0.20194134366360675 2.7142653718226716E-4
pain 6.720430107526882E-4 2.120263536200091 0.0014249082904570505
cases 0.006720430107526882 0.6004377824556778 0.0040352001509118135
apply 6.720430107526882E-4 1.3146383722134554 8.834935297133438E-4
was 0.008064516129032258 0.058840500022933395 4.745201614752693E-4
concomitant 6.720430107526882E-4 3.373026504695459 0.0022668188875641527
suturing 6.720430107526882E-4 4.0661736852554045 0.0027326436056823956
contamination 0.0020161290322580645 5.1647859739235145 0.01041287494742644
removal 6.720430107526882E-4 1.9459101490553132 0.001307735315225345
risk 0.006720430107526882 0.8209805520698303 0.005517342419824128
reducing 6.720430107526882E-4 1.5538680612792897 0.0010442661702145764
lids 6.720430107526882E-4 5.1647859739235145 0.0034709583158088137
usage 6.720430107526882E-4 1.8689491079191851 0.00125601418542956
none 0.0013440860215053765 1.6384254493073527 0.0022021847436926784
during 0.004032258064516129 0.28958865072236245 0.0011676961722675906
type 6.720430107526882E-4 0.5203950747821414 3.4972787283746065E-4
preparation 0.0013440860215053765 2.169053700369523 0.0029153947585611874
diabetic 6.720430107526882E-4 2.5257286443082556 0.0016973982824652256
measures 6.720430107526882E-4 1.2329603411991883 8.286023798381643E-4
instruments 0.0020161290322580645 2.8622008809294686 0.005770566292196509
review 0.004704301075268817 0.5696661237889241 0.002679880958684455
positivity 0.003360215053763441 4.0661736852554045 0.013663218028411977
pharmacotherapy 6.720430107526882E-4 3.373026504695459 0.0022668188875641527
controversial 6.720430107526882E-4 3.373026504695459 0.0022668188875641527
enter 6.720430107526882E-4 2.5257286443082556 0.0016973982824652256
between 0.002688172043010753 0.058840500022933395 1.581733871584231E-4
case 0.002688172043010753 0.38566248081198473 0.0010367270989569482
unsutured 0.002688172043010753 5.1647859739235145 0.013883833263235255
having 0.0013440860215053765 0.8340526336371831 0.0011210384860714827
lowest 6.720430107526882E-4 1.6094379124341003 0.0010816115002917342
samples 6.720430107526882E-4 1.6682784124570338 0.00112115484708134
speculated 6.720430107526882E-4 3.7784916128036232 0.002539308879572328
provide 6.720430107526882E-4 0.44628710262841953 2.99924128110497E-4
light 0.002688172043010753 1.2729656758128876 0.0034219507414324935
spectrum 6.720430107526882E-4 2.7668907011251433 0.0018594695572077577
following 0.014112903225806451 0.2160260835453457 0.003048755211325443
intravitreal 0.003360215053763441 2.331572629867298 0.00783458544982291
nationwide 6.720430107526882E-4 3.373026504695459 0.0022668188875641527
antibiotics 0.0020161290322580645 2.2744142160273495 0.004585512532313205
care 0.0013440860215053765 1.1758019273592397 0.0015803789346226342
study 0.004032258064516129 0.15415067982725836 6.215753218841063E-4
infection 6.720430107526882E-4 1.8689491079191851 0.00125601418542956
surgeons 0.0013440860215053765 2.5998366164619773 0.0034944040543843785
harry 0.004032258064516129 3.5553480614894135 0.014336080893102473
differences 6.720430107526882E-4 0.7953381214564925 5.345014257100084E-4
isolated 6.720430107526882E-4 2.5998366164619773 0.0017472020271921893
nonsignificantly 6.720430107526882E-4 5.1647859739235145 0.0034709583158088137
out 0.0020161290322580645 0.368995428326773 7.439423958201069E-4
gain 6.720430107526882E-4 1.5812670354674039 0.001062679459319492
leak 0.0020161290322580645 5.1647859739235145 0.01041287494742644
across 0.002688172043010753 0.7703368192510752 0.0020707979012125678
low 6.720430107526882E-4 0.6761496041913742 4.5440161572000954E-4
tomography 6.720430107526882E-4 2.5257286443082556 0.0016973982824652256
ophthalmic 6.720430107526882E-4 2.169053700369523 0.0014576973792805937
course 6.720430107526882E-4 1.6990500711237875 0.0011418347252175993
older 6.720430107526882E-4 1.8325814637483102 0.0012315735643469827
categories 6.720430107526882E-4 1.0216512475319812 6.865935803306326E-4
demonstrated 6.720430107526882E-4 0.8607208807193443 5.784414520963335E-4
incidences 0.0013440860215053765 4.0661736852554045 0.005465287211364791
injections 6.720430107526882E-4 2.7668907011251433 0.0018594695572077577
include 0.0013440860215053765 0.5013468798114469 6.738533330799017E-4
initial 6.720430107526882E-4 0.6988778552689304 4.696759780033135E-4
more 6.720430107526882E-4 0.05279818556697083 3.5482651590706206E-5
display 6.720430107526882E-4 0.167573700159399 1.1261673397809074E-4
csvdisplay 0.003360215053763441 0.2669461739726028 8.969965523272943E-4
consistent 6.720430107526882E-4 0.9306794693262548 6.254566326117304E-4
lead 6.720430107526882E-4 0.7703368192510752 5.176994753031419E-4
implantation 6.720430107526882E-4 3.0853444322436783 0.002073484161454085
site 0.0013440860215053765 1.730798769438368 0.0023263424320408175
culture 0.004704301075268817 2.0292917579943643 0.009546399399167037
elements 6.720430107526882E-4 1.5012243277938677 0.0010088873170657714
incidence 0.008064516129032258 1.6384254493073527 0.01321310846215607
incisions 0.0013440860215053765 4.471638793363569 0.0060102671953811415
certain 0.0013440860215053765 0.8209805520698303 0.0011034684839648257
diabetes 0.0013440860215053765 2.456735772821304 0.003302064210781323
first 0.0013440860215053765 0.167573700159399 2.2523346795618148E-4
drape 6.720430107526882E-4 4.0661736852554045 0.0027326436056823956
small 6.720430107526882E-4 0.6214911916535102 4.1766881159510097E-4
theoretical 6.720430107526882E-4 1.5538680612792897 0.0010442661702145764
adequate 6.720430107526882E-4 2.120263536200091 0.0014249082904570505
before 6.720430107526882E-4 0.5203950747821414 3.4972787283746065E-4
used 0.0013440860215053765 0.07103577311675174 9.547818967305342E-5
shown 0.002688172043010753 0.3364722366212129 9.044952597344433E-4
contacting 6.720430107526882E-4 5.1647859739235145 0.0034709583158088137
infusion 0.0013440860215053765 4.0661736852554045 0.005465287211364791
chamber 6.720430107526882E-4 2.2744142160273495 0.001528504177437735
describing 6.720430107526882E-4 1.6990500711237875 0.0011418347252175993
theoretically 6.720430107526882E-4 2.7668907011251433 0.0018594695572077577
should 0.004032258064516129 0.368995428326773 0.0014878847916402138
few 0.0013440860215053765 0.6988778552689304 9.39351956006627E-4
from 0.006720430107526882 0.023122417420854212 1.5539259019391272E-4
consider 0.0013440860215053765 0.8080771472339223 0.001086125197895057
potential 0.0020161290322580645 0.44628710262841953 8.99772384331491E-4
group 0.0013440860215053765 0.6321864807702582 8.497130117879815E-4
redraping 6.720430107526882E-4 5.1647859739235145 0.0034709583158088137
tap 6.720430107526882E-4 3.0853444322436783 0.002073484161454085
goes 6.720430107526882E-4 2.7668907011251433 0.0018594695572077577
patients 0.003360215053763441 0.9452782687474074 0.0031763382686404817
comparing 0.0013440860215053765 1.0539121097502027 0.0014165485346104875
published 0.004032258064516129 0.03488725900044054 1.4067443145338927E-4
cavity 0.003360215053763441 3.0853444322436783 0.010367420807270425
done 6.720430107526882E-4 0.9452782687474074 6.352676537280964E-4
both 6.720430107526882E-4 0.13434805253107854 9.028766971174633E-5
most 0.006048387096774193 0.0771896386911299 4.668728146640921E-4
important 0.0013440860215053765 0.2669461739726028 3.5879862093091776E-4
sutureless 0.002688172043010753 4.471638793363569 0.012020534390762283
acnes 6.720430107526882E-4 5.1647859739235145 0.0034709583158088137
potentially 0.0020161290322580645 1.1394342831883648 0.0022972465386862195
pathology 6.720430107526882E-4 3.0853444322436783 0.002073484161454085
kunimoto 6.720430107526882E-4 5.1647859739235145 0.0034709583158088137
pars 0.008064516129032258 2.2744142160273495 0.01834205012925282
frequent 6.720430107526882E-4 1.4271163556401458 9.590835723388078E-4
their 0.0013440860215053765 0.12136085700426753 1.6311943145734886E-4
ocular 0.004032258064516129 1.5538680612792897 0.006265597021287458
can 0.005376344086021506 0.0958817717032825 5.154933962542071E-4
along 0.0013440860215053765 1.2135422553420867 0.001631105181911407
patient 0.0013440860215053765 0.9751312318970885 0.0013106602579261942
studies 0.00739247311827957 0.24480504809538922 0.0018097147372643022
introduction 6.720430107526882E-4 0.10219094089654716 6.867670759176557E-5
postoperative 0.003360215053763441 2.0292917579943643 0.006818856713690741
chen 6.720430107526882E-4 2.5257286443082556 0.0016973982824652256
original 6.720430107526882E-4 1.1944940603713923 8.027513846581938E-4
motion 6.720430107526882E-4 2.120263536200091 0.0014249082904570505
constructed 6.720430107526882E-4 1.8325814637483102 0.0012315735643469827
stephen 0.004032258064516129 3.2188758248682006 0.012979338003500809
ink 0.0013440860215053765 4.471638793363569 0.0060102671953811415
groups 6.720430107526882E-4 0.8472978603872037 5.694206050989273E-4
also 0.0020161290322580645 0.05279818556697083 1.064479547721186E-4
increase 0.0013440860215053765 0.5013468798114469 6.738533330799017E-4
factors 0.003360215053763441 0.6321864807702582 0.0021242825294699535
recommended 0.0013440860215053765 1.6384254493073527 0.0022021847436926784
various 0.0013440860215053765 0.5798184952529422 7.79325934479761E-4
challenge 6.720430107526882E-4 1.4271163556401458 9.590835723388078E-4
growth 6.720430107526882E-4 1.4512139072192063 9.752781634537678E-4
category 6.720430107526882E-4 1.252762968495368 8.419105971071022E-4
