lui 0.0015284677111196026 5.1647859739235145 0.007894208595985502
been 0.0015284677111196026 0.05279818556697083 8.070032184481594E-5
malpositioned 3.8211692777990065E-4 5.1647859739235145 0.0019735521489963755
harpreet 0.0015284677111196026 5.1647859739235145 0.007894208595985502
accuracy 7.642338555598013E-4 1.0539121097502027 8.054353150555618E-4
undergoing 3.8211692777990065E-4 2.5998366164619773 9.934415806121426E-4
spontaneous 3.8211692777990065E-4 2.7668907011251433 0.0010572757742167151
conducting 0.0019105846388995033 2.169053700369523 0.004144160680874137
extracted 3.8211692777990065E-4 1.0704414117014134 4.0903378360772385E-4
via 3.8211692777990065E-4 0.9021060968821986 3.4471001027214313E-4
these 0.006878104700038212 0.03488725900044054 2.399582201023805E-4
giulia 0.0015284677111196026 4.471638793363569 0.006834755511446036
would 0.0019105846388995033 0.5013468798114469 9.578656473279459E-4
outcomes 0.0019105846388995033 1.1043429633770947 0.002109940701905034
record 0.0015284677111196026 1.8689491079191851 0.00285662836518026
diverse 3.8211692777990065E-4 1.7635885922613586 6.738970547425903E-4
because 0.0011463507833397019 0.34450440831847723 3.949228983398669E-4
definitions 3.8211692777990065E-4 1.79749014393704 6.868514115158732E-4
adjudicate 3.8211692777990065E-4 5.1647859739235145 0.0019735521489963755
prevention 3.8211692777990065E-4 2.331572629867298 8.909333702205953E-4
limitations 0.0011463507833397019 0.9162907318741551 0.0010503905982508464
databases 0.0011463507833397019 2.073743520565198 0.002377237509245546
successfully 3.8211692777990065E-4 1.5538680612792897 5.937592897513526E-4
devices 3.8211692777990065E-4 2.7668907011251433 0.0010572757742167151
documentation 7.642338555598013E-4 2.392197251683733 0.0018281981289138196
impact 3.8211692777990065E-4 0.7827593392496325 2.9910559390509457E-4
active 3.8211692777990065E-4 1.1944940603713923 4.564364006004556E-4
analysis 7.642338555598013E-4 0.15415067982725836 1.1780716838155014E-4
ehr 0.0038211692777990066 2.8622008809294686 0.010936954073096937
population 0.0026748184944593045 0.9751312318970885 0.002608299053603217
exposure 3.8211692777990065E-4 2.120263536200091 8.101885885365269E-4
size 7.642338555598013E-4 0.127833371509885 9.769459037820787E-5
multicenter 3.8211692777990065E-4 2.7668907011251433 0.0010572757742167151
institute 3.8211692777990065E-4 2.331572629867298 8.909333702205953E-4
uterine 0.010699273977837218 5.1647859739235145 0.05525946017189851
placement 0.0022927015666794038 2.9675613965872945 0.006803732663173009
theresa 0.0015284677111196026 5.1647859739235145 0.007894208595985502
much 3.8211692777990065E-4 0.7827593392496325 2.9910559390509457E-4
relative 0.0015284677111196026 1.0539121097502027 0.0016108706301111236
southern 7.642338555598013E-4 3.2188758248682006 0.0024599738822072607
accessible 3.8211692777990065E-4 2.331572629867298 8.909333702205953E-4
statistical 3.8211692777990065E-4 0.653926467406664 2.498763727193978E-4
weeks 0.0045854031333588076 1.730798769438368 0.00793641010059626
utilizing 7.642338555598013E-4 2.073743520565198 0.0015848250061636974
necessitating 3.8211692777990065E-4 3.7784916128036232 0.0014438256067266424
manual 3.8211692777990065E-4 1.4512139072192063 5.545333997780689E-4
subsequently 3.8211692777990065E-4 1.79749014393704 6.868514115158732E-4
existed 3.8211692777990065E-4 3.2188758248682006 0.0012299869411036303
result 3.8211692777990065E-4 0.4285875255290187 1.6377054853993837E-4
gold 3.8211692777990065E-4 2.7668907011251433 0.0010572757742167151
coding 0.0011463507833397019 2.2203469947570738 0.0025452965167257246
same 7.642338555598013E-4 0.2972515234679317 2.271696778509222E-4
systems 0.004203286205578907 0.8743265327751228 0.003675044654385308
procedures 3.8211692777990065E-4 1.4035858582299516 5.363339160221443E-4
whom 7.642338555598013E-4 2.2203469947570738 0.0016968643444838164
national 0.0011463507833397019 1.293584963015623 0.0014829021356694188
after 0.0026748184944593045 0.12136085700426753 3.246182648184458E-4
renate 0.0015284677111196026 5.1647859739235145 0.007894208595985502
embedded 3.8211692777990065E-4 1.8689491079191851 7.14157091295065E-4
enrolled 3.8211692777990065E-4 3.0853444322436783 0.0011789623355917761
linked 3.8211692777990065E-4 1.730798769438368 6.613675083830217E-4
hitech 3.8211692777990065E-4 5.1647859739235145 0.0019735521489963755
set 7.642338555598013E-4 0.5596157879354227 4.276773312460242E-4
predictive 0.0011463507833397019 1.5012243277938677 0.0017209296841351176
darios 0.0015284677111196026 5.1647859739235145 0.007894208595985502
kenneth 0.0015284677111196026 4.471638793363569 0.006834755511446036
possible 0.0045854031333588076 0.38566248081198473 0.0017684179479342057
procedure 3.8211692777990065E-4 1.1394342831883648 4.353971276990313E-4
union 3.8211692777990065E-4 2.7668907011251433 0.0010572757742167151
involve 3.8211692777990065E-4 1.8325814637483102 7.002603988338976E-4
sample 0.0022927015666794038 0.7221347174331975 0.0016556393980126803
practices 3.8211692777990065E-4 1.79749014393704 6.868514115158732E-4
the 0.07489491784486053 0.017291497110061043 0.0012950452554726653
americans 3.8211692777990065E-4 3.2188758248682006 0.0012299869411036303
partner 3.8211692777990065E-4 3.0853444322436783 0.0011789623355917761
days 0.0011463507833397019 1.1043429633770947 0.0012659644211430203
information 0.003056935422239205 0.3049735695618419 9.322845076403268E-4
validity 3.8211692777990065E-4 2.073743520565198 7.924125030818487E-4
avulsed 3.8211692777990065E-4 5.1647859739235145 0.0019735521489963755
analytic 3.8211692777990065E-4 3.0853444322436783 0.0011789623355917761
adopted 3.8211692777990065E-4 1.5538680612792897 5.937592897513526E-4
misclassification 3.8211692777990065E-4 3.5553480614894135 0.00135855867844456
standard 7.642338555598013E-4 0.7827593392496325 5.982111878101891E-4
november 0.0015284677111196026 1.1758019273592397 0.0017971752806407943
notes 0.0011463507833397019 2.331572629867298 0.0026728001106617856
evidence 0.0022927015666794038 0.9306794693262548 0.0021337702774006603
perforations 7.642338555598013E-4 5.1647859739235145 0.003947104297992751
ppvs 0.0011463507833397019 4.471638793363569 0.005126066633584527
language 3.8211692777990065E-4 0.6988778552689304 2.6705305894876975E-4
sites 0.004967520061138708 2.120263536200091 0.01053245165097485
completeness 0.0011463507833397019 3.7784916128036232 0.004331476820179927
developed 0.0015284677111196026 0.48265474679929443 7.377221961013289E-4
act 3.8211692777990065E-4 1.4271163556401458 5.453253174016607E-4
prior 7.642338555598013E-4 0.8209805520698303 6.274211326479407E-4
incorporated 3.8211692777990065E-4 2.7668907011251433 0.0010572757742167151
approvals 3.8211692777990065E-4 5.1647859739235145 0.0019735521489963755
prospective 0.0015284677111196026 2.120263536200091 0.0032407543541461076
inquires 3.8211692777990065E-4 5.1647859739235145 0.0019735521489963755
programming 3.8211692777990065E-4 1.79749014393704 6.868514115158732E-4
which 0.0026748184944593045 0.023122417420854212 6.184826975390886E-5
richard 0.0015284677111196026 3.7784916128036232 0.0057753024269065695
visibility 3.8211692777990065E-4 3.7784916128036232 0.0014438256067266424
need 0.0011463507833397019 0.5013468798114469 5.747193883967674E-4
european 0.0011463507833397019 2.456735772821304 0.0028162809776323696
patterns 3.8211692777990065E-4 1.3146383722134554 5.023455759317751E-4
varied 7.642338555598013E-4 1.7635885922613586 0.0013477941094851805
its 0.0011463507833397019 0.19497267434751336 2.2350707796810855E-4
regarding 7.642338555598013E-4 0.758066726659261 5.793402572864051E-4
external 7.642338555598013E-4 1.4759065198095778 0.001127937730079922
euras 0.0011463507833397019 5.1647859739235145 0.005920656446989126
tests 3.8211692777990065E-4 1.3581234841531944 5.189619733103532E-4
materials 7.642338555598013E-4 1.4512139072192063 0.0011090667995561378
susan 0.0015284677111196026 4.471638793363569 0.006834755511446036
immunization 7.642338555598013E-4 4.471638793363569 0.003417377755723018
claims 3.8211692777990065E-4 2.169053700369523 8.288321361748273E-4
final 3.8211692777990065E-4 0.6988778552689304 2.6705305894876975E-4
iud 0.02254489873901414 5.1647859739235145 0.11643957679078615
relatively 3.8211692777990065E-4 0.8209805520698303 3.1371056632397033E-4
exchange 7.642338555598013E-4 1.8325814637483102 0.0014005207976677952
washington 3.8211692777990065E-4 3.5553480614894135 0.00135855867844456
little 3.8211692777990065E-4 1.252762968495368 4.787019367578785E-4
however 3.8211692777990065E-4 1.9459101490553132 7.435652078927449E-4
some 3.8211692777990065E-4 0.2160260835453457 8.254722336467164E-5
identifying 3.8211692777990065E-4 1.0216512475319812 3.903902359694235E-4
sources 0.0022927015666794038 1.293584963015623 0.0029658042713388375
trained 3.8211692777990065E-4 1.3805963400052528 5.275492319469823E-4
united 3.8211692777990065E-4 1.5812670354674039 6.042289015924355E-4
rather 3.8211692777990065E-4 0.758066726659261 2.8967012864320255E-4
additional 0.0011463507833397019 0.5300569856938783 6.076312407648585E-4
provided 0.0011463507833397019 0.7104386776700063 8.144119346618337E-4
for 0.02216278181123424 0.017291497110061043 3.832276776398703E-4
cohort 0.0011463507833397019 2.0292917579943643 0.00232628019640164
perforation 0.007642338555598013 3.2188758248682006 0.024599738822072607
cis 7.642338555598013E-4 3.7784916128036232 0.0028876512134532848
states 3.8211692777990065E-4 1.293584963015623 4.943007118898063E-4
duration 0.0011463507833397019 1.7635885922613586 0.0020216911642277706
random 0.0015284677111196026 1.2329603411991883 0.0018845400706139677
terminology 7.642338555598013E-4 2.6798793241355137 0.002048054508319078
provides 3.8211692777990065E-4 0.6214911916535102 2.3748230479690876E-4
captured 7.642338555598013E-4 1.9459101490553132 0.0014871304157854897
standardized 3.8211692777990065E-4 2.120263536200091 8.101885885365269E-4
surveillance 7.642338555598013E-4 2.7668907011251433 0.0021145515484334303
sampled 0.0015284677111196026 2.9675613965872945 0.004535821775448673
siu 0.0015284677111196026 5.1647859739235145 0.007894208595985502
reporting 3.8211692777990065E-4 1.6384254493073527 6.260700990857289E-4
live 3.8211692777990065E-4 2.7668907011251433 0.0010572757742167151
covers 3.8211692777990065E-4 2.392197251683733 9.140990644569098E-4
over 7.642338555598013E-4 0.3364722366212129 2.571434746818593E-4
tenderness 3.8211692777990065E-4 5.1647859739235145 0.0019735521489963755
six 3.8211692777990065E-4 0.9162907318741551 3.501301994169488E-4
identify 0.0019105846388995033 0.6214911916535102 0.0011874115239845437
multiple 3.8211692777990065E-4 0.5108256237659907 1.9519511798471177E-4
retrospective 0.0011463507833397019 1.4271163556401458 0.0016359759522049818
reviewing 3.8211692777990065E-4 2.9675613965872945 0.0011339554438621682
rich 3.8211692777990065E-4 1.9867321435755685 7.591639830246727E-4
monitor 3.8211692777990065E-4 2.2744142160273495 8.690921727273021E-4
michael 0.0015284677111196026 2.7668907011251433 0.004229103096866861
noted 3.8211692777990065E-4 1.157452788691043 4.422823036648999E-4
with 0.012991975544516622 0.017291497110061043 2.2465070758199293E-4
expulsions 3.8211692777990065E-4 5.1647859739235145 0.0019735521489963755
although 7.642338555598013E-4 0.4285875255290187 3.2754109707987673E-4
there 0.0026748184944593045 0.12136085700426753 3.246182648184458E-4
well 7.642338555598013E-4 0.3127557100038969 2.3901850210462125E-4
unrecognized 3.8211692777990065E-4 5.1647859739235145 0.0019735521489963755
comprehensive 3.8211692777990065E-4 1.3805963400052528 5.275492319469823E-4
age 7.642338555598013E-4 0.9751312318970885 7.452283010294906E-4
smaller 3.8211692777990065E-4 1.121734706088964 4.2863381967480474E-4
practice 3.8211692777990065E-4 1.2729656758128876 4.8642173321088557E-4
considered 3.8211692777990065E-4 0.32059888746492277 1.2250626192775039E-4
focus 3.8211692777990065E-4 0.6874491594453075 2.62685960812116E-4
construct 3.8211692777990065E-4 1.79749014393704 6.868514115158732E-4
accessed 3.8211692777990065E-4 2.8622008809294686 0.0010936954073096938
years 3.8211692777990065E-4 0.7104386776700063 2.714706448872779E-4
investigators 0.0011463507833397019 3.5553480614894135 0.00407567603533368
number 0.0026748184944593045 0.167573700159399 4.4822923237133855E-4
tables 3.8211692777990065E-4 1.8689491079191851 7.14157091295065E-4
burdensome 3.8211692777990065E-4 5.1647859739235145 0.0019735521489963755
four 0.0038211692777990066 0.4643056081310978 0.0017741903253003354
centers 3.8211692777990065E-4 2.2744142160273495 8.690921727273021E-4
whereas 3.8211692777990065E-4 1.0872485300177945 4.1545606802361276E-4
heinemann 3.8211692777990065E-4 5.1647859739235145 0.0019735521489963755
validation 0.00611387084447841 1.8325814637483102 0.011204166381342362
algorithm 0.0022927015666794038 1.0059028905638423 0.0023062351331230623
jane 0.0015284677111196026 4.471638793363569 0.006834755511446036
similar 3.8211692777990065E-4 0.20895891632225325 7.984673913727674E-5
likely 3.8211692777990065E-4 0.5798184952529422 2.2155846207601917E-4
maqdooda 0.0015284677111196026 5.1647859739235145 0.007894208595985502
period 7.642338555598013E-4 0.8472978603872037 6.475337106512829E-4
infants 3.8211692777990065E-4 3.7784916128036232 0.0014438256067266424
large 3.8211692777990065E-4 0.34450440831847723 1.3164096611328896E-4
extruding 3.8211692777990065E-4 5.1647859739235145 0.0019735521489963755
lower 0.0022927015666794038 0.5300569856938783 0.001215262481529717
birth 3.8211692777990065E-4 4.0661736852554045 0.0015537537964292719
classified 0.0026748184944593045 1.2135422553420867 0.003246005268396869
being 3.8211692777990065E-4 0.48265474679929443 1.8443054902533222E-4
classification 7.642338555598013E-4 0.9751312318970885 7.452283010294906E-4
ever 7.642338555598013E-4 2.7668907011251433 0.0021145515484334303
unintended 3.8211692777990065E-4 3.5553480614894135 0.00135855867844456
system 0.0015284677111196026 0.44628710262841953 6.821354262566596E-4
served 3.8211692777990065E-4 3.0853444322436783 0.0011789623355917761
meetings 3.8211692777990065E-4 3.2188758248682006 0.0012299869411036303
interval 0.0019105846388995033 1.79749014393704 0.0034342570575793658
expulsion 0.005349636988918609 4.0661736852554045 0.021752553150009804
debbie 0.0015284677111196026 5.1647859739235145 0.007894208595985502
evaluate 7.642338555598013E-4 0.758066726659261 5.793402572864051E-4
partial 0.0011463507833397019 1.6682784124570338 0.001912432264948835
diagnosed 3.8211692777990065E-4 1.6990500711237875 6.492357933220433E-4
status 0.005349636988918609 1.3805963400052528 0.0073856892472577524
women 0.007642338555598013 2.169053700369523 0.016576642723496546
authors 0.0015284677111196026 0.023122417420854212 3.5341868430805064E-5
larger 0.0011463507833397019 0.9162907318741551 0.0010503905982508464
algorithms 0.008406572411157814 1.1758019273592397 0.009884464043524369
wider 3.8211692777990065E-4 2.2744142160273495 8.690921727273021E-4
other 0.0015284677111196026 0.0408219945202552 6.239510052771143E-5
familiarity 3.8211692777990065E-4 3.2188758248682006 0.0012299869411036303
jennifer 0.0015284677111196026 3.7784916128036232 0.0057753024269065695
proportion 7.642338555598013E-4 1.4759065198095778 0.001127937730079922
minorities 3.8211692777990065E-4 4.0661736852554045 0.0015537537964292719
categorized 7.642338555598013E-4 1.8325814637483102 0.0014005207976677952
skilled 3.8211692777990065E-4 4.471638793363569 0.001708688877861509
healthcare 3.8211692777990065E-4 1.9867321435755685 7.591639830246727E-4
indicating 3.8211692777990065E-4 1.5271998141971284 5.835689011070418E-4
literature 7.642338555598013E-4 0.9306794693262548 7.112567591335535E-4
prevalence 3.8211692777990065E-4 1.8689491079191851 7.14157091295065E-4
conjunction 3.8211692777990065E-4 2.392197251683733 9.140990644569098E-4
inserted 0.0011463507833397019 3.2188758248682006 0.0036899608233108908
electronic 0.0019105846388995033 1.730798769438368 0.003306837541915109
have 0.0045854031333588076 0.028987536873252187 1.3291954240696454E-4
administer 3.8211692777990065E-4 3.0853444322436783 0.0011789623355917761
ability 3.8211692777990065E-4 0.8881198549074587 3.3936563045756924E-4
outcome 0.0011463507833397019 1.3361445774344192 0.0015316903829970415
table 0.005349636988918609 0.18805223150293962 0.0010060111734968111
within 0.004203286205578907 0.3127557100038969 0.0013146017615754168
could 0.0019105846388995033 0.22314355131420976 4.2633464141041225E-4
change 3.8211692777990065E-4 0.7104386776700063 2.714706448872779E-4
health 0.014138326327856323 0.990398704027877 0.014002580072232115
positive 3.8211692777990065E-4 0.6988778552689304 2.6705305894876975E-4
defining 3.8211692777990065E-4 1.906689435902032 7.285783094772763E-4
opportunities 3.8211692777990065E-4 1.8325814637483102 7.002603988338976E-4
generally 3.8211692777990065E-4 0.9021060968821986 3.4471001027214313E-4
adjudicated 3.8211692777990065E-4 5.1647859739235145 0.0019735521489963755
able 3.8211692777990065E-4 0.7703368192510752 2.943587387279615E-4
complete 0.0019105846388995033 0.9600933545325481 0.0018343396150793812
fagen 0.0015284677111196026 5.1647859739235145 0.007894208595985502
codes 0.0015284677111196026 1.906689435902032 0.002914313237909105
minor 3.8211692777990065E-4 2.0292917579943643 7.754267321338802E-4
use 0.0015284677111196026 0.20895891632225325 3.1938695654910697E-4
findings 3.8211692777990065E-4 0.7459453661269161 2.8503835159607034E-4
several 7.642338555598013E-4 0.3526016185510966 2.6947009442193095E-4
traction 3.8211692777990065E-4 3.2188758248682006 0.0012299869411036303
main 3.8211692777990065E-4 0.6004377824556778 2.2943744075493993E-4
northern 3.8211692777990065E-4 3.373026504695459 0.0012888905252944054
upon 7.642338555598013E-4 1.5538680612792897 0.0011875185795027052
while 3.8211692777990065E-4 0.20895891632225325 7.984673913727674E-5
second 3.8211692777990065E-4 0.4643056081310978 1.7741903253003355E-4
that 0.006495987772258311 0.017291497110061043 1.1232535379099646E-4
download 0.0015284677111196026 0.2595111954850846 3.96654482972999E-4
high 0.0015284677111196026 0.2521310881874621 3.853742272639849E-4
geographic 3.8211692777990065E-4 2.392197251683733 9.140990644569098E-4
earlier 3.8211692777990065E-4 1.5012243277938677 5.736432280450392E-4
reviews 3.8211692777990065E-4 1.8689491079191851 7.14157091295065E-4
encounters 3.8211692777990065E-4 4.471638793363569 0.001708688877861509
whether 0.0019105846388995033 0.5300569856938783 0.0010127187346080976
publication 3.8211692777990065E-4 2.073743520565198 7.924125030818487E-4
members 3.8211692777990065E-4 1.8689491079191851 7.14157091295065E-4
than 0.003056935422239205 0.058840500022933395 1.7987160878237186E-4
documented 0.0011463507833397019 1.730798769438368 0.001984102525149065
continuous 0.0019105846388995033 1.1758019273592397 0.002246469100800993
west 7.642338555598013E-4 2.6798793241355137 0.002048054508319078
reviewed 7.642338555598013E-4 1.3805963400052528 0.0010550984638939647
clinicians 7.642338555598013E-4 2.2203469947570738 0.0016968643444838164
international 7.642338555598013E-4 1.5538680612792897 0.0011875185795027052
maintained 3.8211692777990065E-4 2.5257286443082556 9.651236699687641E-4
different 0.0015284677111196026 0.18805223150293962 2.8743176385623173E-4
calculated 7.642338555598013E-4 0.9021060968821986 6.894200205442863E-4
selected 0.0011463507833397019 0.758066726659261 8.690103859296075E-4
all 0.008024455483377914 0.017291497110061043 1.387548488006427E-4
new 7.642338555598013E-4 0.38566248081198473 2.9473632465570096E-4
months 0.0015284677111196026 1.3146383722134554 0.0020093823037271004
including 3.8211692777990065E-4 0.2669461739726028 1.0200465188100985E-4
already 3.8211692777990065E-4 1.157452788691043 4.422823036648999E-4
conducted 0.0015284677111196026 0.664976303593249 0.0010163948087019473
difficult 7.642338555598013E-4 0.7703368192510752 5.88717477455923E-4
percentages 7.642338555598013E-4 2.9675613965872945 0.0022679108877243365
domains 3.8211692777990065E-4 1.9459101490553132 7.435652078927449E-4
includes 3.8211692777990065E-4 0.8472978603872037 3.2376685532564144E-4
summarizing 3.8211692777990065E-4 4.471638793363569 0.001708688877861509
less 0.0011463507833397019 0.368995428326773 4.229981983111651E-4
plus 3.8211692777990065E-4 2.5998366164619773 9.934415806121426E-4
undergone 3.8211692777990065E-4 2.8622008809294686 0.0010936954073096938
clinical 0.0045854031333588076 0.9452782687474074 0.004334481935410351
intervals 7.642338555598013E-4 2.2744142160273495 0.0017381843454546042
kaiser 0.003056935422239205 4.0661736852554045 0.012430030371434175
were 0.013374092472296522 0.0958817717032825 0.0012823316811673242
improve 0.0011463507833397019 0.7104386776700063 8.144119346618337E-4
strengths 0.0011463507833397019 2.331572629867298 0.0026728001106617856
focused 3.8211692777990065E-4 1.0704414117014134 4.0903378360772385E-4
true 7.642338555598013E-4 1.1394342831883648 8.707942553980625E-4
mapped 3.8211692777990065E-4 2.169053700369523 8.288321361748273E-4
present 3.8211692777990065E-4 0.38566248081198473 1.4736816232785048E-4
since 7.642338555598013E-4 0.377294231141468 2.8834102494571494E-4
became 3.8211692777990065E-4 1.8689491079191851 7.14157091295065E-4
tenth 3.8211692777990065E-4 4.0661736852554045 0.0015537537964292719
unclear 3.8211692777990065E-4 2.5257286443082556 9.651236699687641E-4
surveys 3.8211692777990065E-4 2.5998366164619773 9.934415806121426E-4
cervical 3.8211692777990065E-4 4.471638793363569 0.001708688877861509
mixed 3.8211692777990065E-4 1.9459101490553132 7.435652078927449E-4
amy 0.0015284677111196026 5.1647859739235145 0.007894208595985502
around 7.642338555598013E-4 1.0216512475319812 7.80780471938847E-4
juliane 0.0015284677111196026 5.1647859739235145 0.007894208595985502
laura 0.0015284677111196026 5.1647859739235145 0.007894208595985502
total 7.642338555598013E-4 0.5108256237659907 3.9039023596942353E-4
times 7.642338555598013E-4 0.9600933545325481 7.337358460317525E-4
and 0.050057317539166986 0.017291497110061043 8.655659615659139E-4
intended 3.8211692777990065E-4 1.8325814637483102 7.002603988338976E-4
unstructured 7.642338555598013E-4 1.6990500711237875 0.0012984715866440867
chose 3.8211692777990065E-4 1.906689435902032 7.285783094772763E-4
physical 7.642338555598013E-4 1.3146383722134554 0.0010046911518635502
included 0.003439052350019106 0.41985384556026406 0.0014438993542385849
experienced 3.8211692777990065E-4 1.6094379124341003 6.149934705518152E-4
informs 3.8211692777990065E-4 3.7784916128036232 0.0014438256067266424
determine 0.0026748184944593045 0.7221347174331975 0.0019315792976814605
endeavor 3.8211692777990065E-4 4.471638793363569 0.001708688877861509
rates 3.8211692777990065E-4 1.2329603411991883 4.711350176534919E-4
kpnc 3.8211692777990065E-4 5.1647859739235145 0.0019735521489963755
relying 7.642338555598013E-4 2.5257286443082556 0.0019302473399375282
medication 3.8211692777990065E-4 2.2203469947570738 8.484321722419082E-4
control 3.8211692777990065E-4 0.7459453661269161 2.8503835159607034E-4
followed 3.8211692777990065E-4 0.758066726659261 2.8967012864320255E-4
enrollment 7.642338555598013E-4 5.1647859739235145 0.003947104297992751
risks 3.8211692777990065E-4 2.073743520565198 7.924125030818487E-4
conduct 0.0011463507833397019 1.6990500711237875 0.00194770737996613
application 3.8211692777990065E-4 1.0376515888784226 3.9650423724815536E-4
due 3.8211692777990065E-4 0.20895891632225325 7.984673913727674E-5
online 3.8211692777990065E-4 1.3581234841531944 5.189619733103532E-4
strategy 3.8211692777990065E-4 1.2135422553420867 4.637150383424099E-4
contraceptive 3.8211692777990065E-4 4.471638793363569 0.001708688877861509
formerly 3.8211692777990065E-4 5.1647859739235145 0.0019735521489963755
hypothesis 3.8211692777990065E-4 1.9459101490553132 7.435652078927449E-4
increasingly 3.8211692777990065E-4 1.730798769438368 6.613675083830217E-4
insertions 0.0015284677111196026 4.0661736852554045 0.0062150151857170875
readily 3.8211692777990065E-4 2.5257286443082556 9.651236699687641E-4
counts 3.8211692777990065E-4 2.0292917579943643 7.754267321338802E-4
about 0.0015284677111196026 0.377294231141468 5.766820498914299E-4
ehrs 0.004203286205578907 3.2188758248682006 0.013529856352139933
discussion 3.8211692777990065E-4 0.2595111954850846 9.916362074324976E-5
expertise 3.8211692777990065E-4 3.373026504695459 0.0012888905252944054
decided 3.8211692777990065E-4 2.2203469947570738 8.484321722419082E-4
reflect 7.642338555598013E-4 1.252762968495368 9.57403873515757E-4
identification 0.0015284677111196026 1.3146383722134554 0.0020093823037271004
ongoing 3.8211692777990065E-4 2.2203469947570738 8.484321722419082E-4
recent 7.642338555598013E-4 0.5596157879354227 4.276773312460242E-4
they 0.0011463507833397019 0.167573700159399 1.9209824244485938E-4
fully 3.8211692777990065E-4 1.2729656758128876 4.8642173321088557E-4
defined 7.642338555598013E-4 0.5300569856938783 4.05087493843239E-4
based 0.0011463507833397019 0.18805223150293962 2.155738228921738E-4
using 0.0022927015666794038 0.083381608939051 1.9116914544681162E-4
sampling 3.8211692777990065E-4 1.8689491079191851 7.14157091295065E-4
diseases 3.8211692777990065E-4 1.8689491079191851 7.14157091295065E-4
received 3.8211692777990065E-4 0.9452782687474074 3.612068279508626E-4
countries 3.8211692777990065E-4 1.7635885922613586 6.738970547425903E-4
each 0.009170806266717615 0.13434805253107854 0.0012320799620733223
quality 3.8211692777990065E-4 0.8080771472339223 3.0877995691017286E-4
input 3.8211692777990065E-4 1.0216512475319812 3.903902359694235E-4
alex 0.0015284677111196026 3.7784916128036232 0.0057753024269065695
concepts 3.8211692777990065E-4 1.79749014393704 6.868514115158732E-4
processing 3.8211692777990065E-4 0.7221347174331975 2.7593989966878007E-4
difference 3.8211692777990065E-4 0.6004377824556778 2.2943744075493993E-4
must 0.0011463507833397019 1.0376515888784226 0.001189512711744466
obtained 3.8211692777990065E-4 0.6004377824556778 2.2943744075493993E-4
device 0.003439052350019106 2.7668907011251433 0.009515481967950436
populations 3.8211692777990065E-4 2.331572629867298 8.909333702205953E-4
associations 7.642338555598013E-4 2.120263536200091 0.0016203771770730538
shared 3.8211692777990065E-4 1.730798769438368 6.613675083830217E-4
access 3.8211692777990065E-4 1.252762968495368 4.787019367578785E-4
permanente 0.0015284677111196026 5.1647859739235145 0.007894208595985502
another 3.8211692777990065E-4 0.40261203912575794 1.538448754779358E-4
association 3.8211692777990065E-4 1.2135422553420867 4.637150383424099E-4
availability 7.642338555598013E-4 1.6384254493073527 0.0012521401981714579
two 0.0015284677111196026 0.11492996667397702 1.7566674310122587E-4
collecting 3.8211692777990065E-4 2.169053700369523 8.288321361748273E-4
long 3.8211692777990065E-4 0.7827593392496325 2.9910559390509457E-4
into 0.0015284677111196026 0.10854016857520597 1.6590014302668088E-4
current 7.642338555598013E-4 0.4919571394616079 3.7597030146091547E-4
releasing 3.8211692777990065E-4 4.471638793363569 0.001708688877861509
found 3.8211692777990065E-4 0.27443684570176036 1.048669643491633E-4
routine 3.8211692777990065E-4 2.2744142160273495 8.690921727273021E-4
are 0.0072602216278181125 0.028987536873252187 2.1045594214436056E-4
reported 0.0022927015666794038 0.5300569856938783 0.001215262481529717
supplemental 3.8211692777990065E-4 3.0853444322436783 0.0011789623355917761
structured 0.0015284677111196026 1.3805963400052528 0.0021101969277879293
catherine 0.0015284677111196026 5.1647859739235145 0.007894208595985502
where 3.8211692777990065E-4 0.32850406697203605 1.2552696483455716E-4
operating 3.8211692777990065E-4 1.6990500711237875 6.492357933220433E-4
validate 0.0011463507833397019 2.331572629867298 0.0026728001106617856
think 3.8211692777990065E-4 2.0292917579943643 7.754267321338802E-4
variables 0.0022927015666794038 0.9452782687474074 0.0021672409677051755
occurred 0.0011463507833397019 1.3581234841531944 0.0015568859199310595
rti 7.642338555598013E-4 5.1647859739235145 0.003947104297992751
one 0.0026748184944593045 0.06491954609931569 1.73648002558353E-4
summarized 0.0019105846388995033 1.4271163556401458 0.0027266265870083033
many 3.8211692777990065E-4 0.20194134366360675 7.716520583248251E-5
myometrium 3.8211692777990065E-4 5.1647859739235145 0.0019735521489963755
consensus 3.8211692777990065E-4 2.073743520565198 7.924125030818487E-4
such 0.0011463507833397019 0.10219094089654716 1.1714666514697802E-4
appear 3.8211692777990065E-4 1.4512139072192063 5.545333997780689E-4
automated 0.0022927015666794038 1.5538680612792897 0.003562555738508115
nlp 7.642338555598013E-4 0.41119578281714936 3.1424973849228073E-4
ethnically 3.8211692777990065E-4 4.471638793363569 0.001708688877861509
absolute 3.8211692777990065E-4 2.120263536200091 8.101885885365269E-4
associated 0.0019105846388995033 0.4373981552111735 8.356861964294488E-4
ppv 0.003056935422239205 2.456735772821304 0.007510082607019653
showed 3.8211692777990065E-4 0.5398131606392429 2.0627174651862548E-4
describe 3.8211692777990065E-4 1.0216512475319812 3.903902359694235E-4
adverse 3.8211692777990065E-4 2.073743520565198 7.924125030818487E-4
chart 0.0011463507833397019 1.8325814637483102 0.002100781196501693
pregnancies 3.8211692777990065E-4 4.471638793363569 0.001708688877861509
through 0.0015284677111196026 0.2595111954850846 3.96654482972999E-4
but 3.8211692777990065E-4 0.083381608939051 3.186152424113527E-5
medical 0.0026748184944593045 0.9600933545325481 0.0025680754611111336
separate 3.8211692777990065E-4 1.3146383722134554 5.023455759317751E-4
regenstrief 3.8211692777990065E-4 5.1647859739235145 0.0019735521489963755
documents 3.8211692777990065E-4 1.6682784124570338 6.374774216496117E-4
ascertainment 3.8211692777990065E-4 4.471638793363569 0.001708688877861509
available 0.0015284677111196026 0.5696661237889241 8.707162763300331E-4
numbers 3.8211692777990065E-4 1.121734706088964 4.2863381967480474E-4
developing 3.8211692777990065E-4 1.157452788691043 4.422823036648999E-4
project 3.8211692777990065E-4 1.79749014393704 6.868514115158732E-4
anne 0.0015284677111196026 4.471638793363569 0.006834755511446036
iuds 0.0022927015666794038 5.1647859739235145 0.011841312893978252
had 0.0019105846388995033 0.32059888746492277 6.12531309638752E-4
source 0.0019105846388995033 0.9452782687474074 0.001806034139754313
research 0.01757737867787543 0.41119578281714936 0.007227743985322457
frequency 3.8211692777990065E-4 1.121734706088964 4.2863381967480474E-4
mother 3.8211692777990065E-4 3.5553480614894135 0.00135855867844456
unable 3.8211692777990065E-4 1.9459101490553132 7.435652078927449E-4
either 3.8211692777990065E-4 0.7827593392496325 2.9910559390509457E-4
incomplete 3.8211692777990065E-4 2.456735772821304 9.387603258774566E-4
bias 3.8211692777990065E-4 1.5271998141971284 5.835689011070418E-4
postpartum 0.008406572411157814 4.471638793363569 0.03759115531295319
california 0.0011463507833397019 3.7784916128036232 0.004331476820179927
has 7.642338555598013E-4 0.05279818556697083 4.035016092240797E-5
results 0.004203286205578907 0.08961215868968714 3.766655504725099E-4
five 7.642338555598013E-4 0.9021060968821986 6.894200205442863E-4
those 0.0019105846388995033 0.3364722366212129 6.428586867046483E-4
estimates 3.8211692777990065E-4 2.2203469947570738 8.484321722419082E-4
treated 3.8211692777990065E-4 1.0216512475319812 3.903902359694235E-4
actual 3.8211692777990065E-4 1.293584963015623 4.943007118898063E-4
given 7.642338555598013E-4 0.3526016185510966 2.6947009442193095E-4
undertook 3.8211692777990065E-4 5.1647859739235145 0.0019735521489963755
observational 3.8211692777990065E-4 2.9675613965872945 0.0011339554438621682
usual 3.8211692777990065E-4 2.456735772821304 9.387603258774566E-4
solutions 3.8211692777990065E-4 1.4271163556401458 5.453253174016607E-4
might 3.8211692777990065E-4 0.7339691750802005 2.8046204626679426E-4
widely 3.8211692777990065E-4 1.0059028905638423 3.8437252218717703E-4
this 0.008024455483377914 0.017291497110061043 1.387548488006427E-4
weight 3.8211692777990065E-4 1.3361445774344192 5.105634609990138E-4
iterative 3.8211692777990065E-4 2.169053700369523 8.288321361748273E-4
develop 0.0011463507833397019 1.157452788691043 0.0013268469109946996
imaging 0.0011463507833397019 2.331572629867298 0.0026728001106617856
levonorgestrel 3.8211692777990065E-4 5.1647859739235145 0.0019735521489963755
assurance 3.8211692777990065E-4 3.7784916128036232 0.0014438256067266424
institutional 3.8211692777990065E-4 1.3361445774344192 5.105634609990138E-4
median 3.8211692777990065E-4 1.79749014393704 6.868514115158732E-4
laboratory 7.642338555598013E-4 2.331572629867298 0.0017818667404411906
failure 3.8211692777990065E-4 2.0292917579943643 7.754267321338802E-4
abdominal 7.642338555598013E-4 4.471638793363569 0.003417377755723018
suggesting 3.8211692777990065E-4 1.5812670354674039 6.042289015924355E-4
higher 3.8211692777990065E-4 0.41985384556026406 1.6043326158206498E-4
involving 3.8211692777990065E-4 1.5271998141971284 5.835689011070418E-4
lynen 0.0015284677111196026 5.1647859739235145 0.007894208595985502
analysts 3.8211692777990065E-4 3.5553480614894135 0.00135855867844456
assessed 7.642338555598013E-4 1.3581234841531944 0.0010379239466207064
questionnaire 3.8211692777990065E-4 2.456735772821304 9.387603258774566E-4
string 3.8211692777990065E-4 2.8622008809294686 0.0010936954073096938
records 0.003056935422239205 1.3581234841531944 0.004151695786482825
nearly 7.642338555598013E-4 2.120263536200091 0.0016203771770730538
not 0.005349636988918609 0.03488725900044054 1.8663417119074038E-4
negative 3.8211692777990065E-4 0.6429973968744738 2.457001898641474E-4
common 3.8211692777990065E-4 0.3526016185510966 1.3473504721096547E-4
interest 0.0019105846388995033 1.0539121097502027 0.0020135882876389046
ranged 7.642338555598013E-4 1.8689491079191851 0.00142831418259013
examination 7.642338555598013E-4 1.5812670354674039 0.001208457803184871
kpwa 0.0015284677111196026 5.1647859739235145 0.007894208595985502
derived 3.8211692777990065E-4 1.3581234841531944 5.189619733103532E-4
tina 0.0015284677111196026 4.471638793363569 0.006834755511446036
early 3.8211692777990065E-4 0.8340526336371831 3.187056299721754E-4
coverage 3.8211692777990065E-4 2.5257286443082556 9.651236699687641E-4
summary 3.8211692777990065E-4 1.4271163556401458 5.453253174016607E-4
coordinating 3.8211692777990065E-4 4.0661736852554045 0.0015537537964292719
delivery 0.0019105846388995033 2.331572629867298 0.004454666851102977
elizabeth 0.0015284677111196026 3.5553480614894135 0.00543423471377824
overview 3.8211692777990065E-4 1.4271163556401458 5.453253174016607E-4
types 7.642338555598013E-4 0.7459453661269161 5.700767031921407E-4
characteristics 7.642338555598013E-4 0.7703368192510752 5.88717477455923E-4
cases 0.0045854031333588076 0.6004377824556778 0.0027532492890592793
disease 3.8211692777990065E-4 1.2729656758128876 4.8642173321088557E-4
previous 3.8211692777990065E-4 0.32850406697203605 1.2552696483455716E-4
entail 3.8211692777990065E-4 3.7784916128036232 0.0014438256067266424
was 0.01222774168895682 0.058840500022933395 7.194864351294874E-4
mary 0.0045854031333588076 5.1647859739235145 0.023682625787956504
earliest 3.8211692777990065E-4 3.2188758248682006 0.0012299869411036303
lifestyle 3.8211692777990065E-4 4.0661736852554045 0.0015537537964292719
african 3.8211692777990065E-4 3.0853444322436783 0.0011789623355917761
timely 3.8211692777990065E-4 2.6798793241355137 0.001024027254159539
richer 3.8211692777990065E-4 2.9675613965872945 0.0011339554438621682
removal 3.8211692777990065E-4 1.9459101490553132 7.435652078927449E-4
risk 0.0011463507833397019 0.8209805520698303 9.41131698971911E-4
time 0.004967520061138708 0.20194134366360675 0.0010031476758222727
attempted 3.8211692777990065E-4 1.906689435902032 7.285783094772763E-4
proportions 3.8211692777990065E-4 2.331572629867298 8.909333702205953E-4
indiana 3.8211692777990065E-4 5.1647859739235145 0.0019735521489963755
during 0.0011463507833397019 0.28958865072236245 3.319701766018675E-4
infant 0.0011463507833397019 4.471638793363569 0.005126066633584527
type 0.0011463507833397019 0.5203950747821414 5.965553016226305E-4
when 7.642338555598013E-4 0.14750613710858965 1.1272918388123015E-4
three 0.0019105846388995033 0.22314355131420976 4.2633464141041225E-4
required 7.642338555598013E-4 0.5900749954201312 4.5095528881935895E-4
measures 3.8211692777990065E-4 1.2329603411991883 4.711350176534919E-4
identified 0.003439052350019106 0.6321864807702582 0.0021741224023432647
terms 3.8211692777990065E-4 0.5696661237889241 2.1767906908250827E-4
hazard 3.8211692777990065E-4 3.2188758248682006 0.0012299869411036303
largely 3.8211692777990065E-4 1.79749014393704 6.868514115158732E-4
safety 0.003439052350019106 1.8325814637483102 0.0063023435895050795
review 0.0022927015666794038 0.5696661237889241 0.0013060744144950496
specifically 3.8211692777990065E-4 1.3805963400052528 5.275492319469823E-4
plan 7.642338555598013E-4 2.120263536200091 0.0016203771770730538
between 0.0022927015666794038 0.058840500022933395 1.3490370658677888E-4
case 0.0019105846388995033 0.38566248081198473 7.368408116392524E-4
still 3.8211692777990065E-4 0.5300569856938783 2.025437469216195E-4
having 3.8211692777990065E-4 0.8340526336371831 3.187056299721754E-4
natural 3.8211692777990065E-4 0.6429973968744738 2.457001898641474E-4
teams 3.8211692777990065E-4 2.9675613965872945 0.0011339554438621682
work 7.642338555598013E-4 0.5696661237889241 4.3535813816501654E-4
collaborative 3.8211692777990065E-4 2.392197251683733 9.140990644569098E-4
conclusions 3.8211692777990065E-4 1.0872485300177945 4.1545606802361276E-4
procedural 3.8211692777990065E-4 3.2188758248682006 0.0012299869411036303
racially 3.8211692777990065E-4 4.0661736852554045 0.0015537537964292719
dates 3.8211692777990065E-4 2.7668907011251433 0.0010572757742167151
focusing 3.8211692777990065E-4 1.6682784124570338 6.374774216496117E-4
feasibility 0.0011463507833397019 2.169053700369523 0.002486496408524482
insight 3.8211692777990065E-4 1.5271998141971284 5.835689011070418E-4
coast 7.642338555598013E-4 4.0661736852554045 0.0031075075928585437
provide 0.0022927015666794038 0.44628710262841953 0.0010232031393849893
rely 3.8211692777990065E-4 1.6094379124341003 6.149934705518152E-4
among 0.0019105846388995033 0.32850406697203605 6.276348241727858E-4
determined 0.0015284677111196026 1.0376515888784226 0.0015860169489926215
utilize 3.8211692777990065E-4 2.0292917579943643 7.754267321338802E-4
following 7.642338555598013E-4 0.2160260835453457 1.6509444672934328E-4
exact 3.8211692777990065E-4 1.5271998141971284 5.835689011070418E-4
refined 7.642338555598013E-4 2.5257286443082556 0.0019302473399375282
completely 3.8211692777990065E-4 1.3805963400052528 5.275492319469823E-4
care 0.009170806266717615 1.1758019273592397 0.010783051683844766
study 0.012609858616736722 0.15415067982725836 0.0019438182782955775
methods 7.642338555598013E-4 0.20194134366360675 1.5433041166496502E-4
differences 0.0015284677111196026 0.7953381214564925 0.0012156486380687696
pelvis 3.8211692777990065E-4 4.471638793363569 0.001708688877861509
foundation 3.8211692777990065E-4 2.2744142160273495 8.690921727273021E-4
planned 3.8211692777990065E-4 2.392197251683733 9.140990644569098E-4
our 3.8211692777990065E-4 0.19497267434751336 7.450235932270286E-5
across 0.003439052350019106 0.7703368192510752 0.0026492286485516534
low 3.8211692777990065E-4 0.6761496041913742 2.5836820947320373E-4
visibly 3.8211692777990065E-4 3.7784916128036232 0.0014438256067266424
physician 3.8211692777990065E-4 2.2744142160273495 8.690921727273021E-4
categories 0.0019105846388995033 1.0216512475319812 0.0019519511798471174
demonstrated 0.0011463507833397019 0.8607208807193443 9.866880558494584E-4
europe 3.8211692777990065E-4 2.8622008809294686 0.0010936954073096938
include 0.0019105846388995033 0.5013468798114469 9.578656473279459E-4
efficient 7.642338555598013E-4 1.3581234841531944 0.0010379239466207064
initial 3.8211692777990065E-4 0.6988778552689304 2.6705305894876975E-4
more 0.0022927015666794038 0.05279818556697083 1.210504827672239E-4
schoendorf 0.0015284677111196026 5.1647859739235145 0.007894208595985502
aged 3.8211692777990065E-4 2.0292917579943643 7.754267321338802E-4
csvdisplay 0.0015284677111196026 0.2669461739726028 4.080186075240394E-4
consistent 3.8211692777990065E-4 0.9306794693262548 3.5562837956677675E-4
suggest 3.8211692777990065E-4 1.0059028905638423 3.8437252218717703E-4
performed 3.8211692777990065E-4 0.4643056081310978 1.7741903253003355E-4
site 0.00573175391669851 1.730798769438368 0.009920512625745326
assess 0.0015284677111196026 0.9751312318970885 0.0014904566020589813
january 3.8211692777990065E-4 1.3581234841531944 5.189619733103532E-4
ended 3.8211692777990065E-4 2.7668907011251433 0.0010572757742167151
pelvic 3.8211692777990065E-4 5.1647859739235145 0.0019735521489963755
located 7.642338555598013E-4 1.730798769438368 0.0013227350167660434
advancing 3.8211692777990065E-4 3.7784916128036232 0.0014438256067266424
breastfeeding 0.013756209400076424 5.1647859739235145 0.07104787736386951
certain 3.8211692777990065E-4 0.8209805520698303 3.1371056632397033E-4
first 0.0022927015666794038 0.167573700159399 3.8419648488971877E-4
board 3.8211692777990065E-4 1.4512139072192063 5.545333997780689E-4
statistics 3.8211692777990065E-4 1.5538680612792897 5.937592897513526E-4
date 7.642338555598013E-4 1.8689491079191851 0.00142831418259013
small 7.642338555598013E-4 0.6214911916535102 4.749646095938175E-4
categorical 7.642338555598013E-4 2.0292917579943643 0.0015508534642677603
data 0.008406572411157814 0.167573700159399 0.0014087204445956355
passage 3.8211692777990065E-4 3.373026504695459 0.0012888905252944054
before 7.642338555598013E-4 0.5203950747821414 3.9770353441508706E-4
adequate 7.642338555598013E-4 2.120263536200091 0.0016203771770730538
own 3.8211692777990065E-4 1.3361445774344192 5.105634609990138E-4
fewer 3.8211692777990065E-4 1.6384254493073527 6.260700990857289E-4
used 0.003439052350019106 0.07103577311675174 2.442957424725891E-4
experience 7.642338555598013E-4 1.2135422553420867 9.274300766848198E-4
drug 3.8211692777990065E-4 2.073743520565198 7.924125030818487E-4
intrauterine 0.003439052350019106 4.471638793363569 0.015378199900753581
answering 3.8211692777990065E-4 2.169053700369523 8.288321361748273E-4
percentage 0.0022927015666794038 1.3146383722134554 0.00301407345559065
only 3.8211692777990065E-4 0.10854016857520597 4.147503575667022E-5
from 0.006495987772258311 0.023122417420854212 1.5020294083092152E-4
consider 3.8211692777990065E-4 0.8080771472339223 3.0877995691017286E-4
potential 0.003056935422239205 0.44628710262841953 0.0013642708525133192
group 3.8211692777990065E-4 0.6321864807702582 2.415691558159183E-4
described 7.642338555598013E-4 0.44628710262841953 3.410677131283298E-4
combination 3.8211692777990065E-4 0.758066726659261 2.8967012864320255E-4
multidisciplinary 3.8211692777990065E-4 2.9675613965872945 0.0011339554438621682
manually 3.8211692777990065E-4 1.4512139072192063 5.545333997780689E-4
timing 0.0015284677111196026 2.331572629867298 0.003563733480882381
embedment 3.8211692777990065E-4 5.1647859739235145 0.0019735521489963755
comparing 3.8211692777990065E-4 1.0539121097502027 4.027176575277809E-4
capture 7.642338555598013E-4 1.293584963015623 9.886014237796125E-4
cavity 3.8211692777990065E-4 3.0853444322436783 0.0011789623355917761
published 0.0015284677111196026 0.03488725900044054 5.3324048911640105E-5
done 7.642338555598013E-4 0.9452782687474074 7.224136559017252E-4
both 0.0026748184944593045 0.13434805253107854 3.59356655604719E-4
revision 3.8211692777990065E-4 2.7668907011251433 0.0010572757742167151
important 3.8211692777990065E-4 0.2669461739726028 1.0200465188100985E-4
most 0.0011463507833397019 0.0771896386911299 8.848640277928531E-5
core 3.8211692777990065E-4 1.5271998141971284 5.835689011070418E-4
effects 3.8211692777990065E-4 1.0216512475319812 3.903902359694235E-4
insertion 0.00573175391669851 3.2188758248682006 0.018449804116554454
who 0.0026748184944593045 0.44628710262841953 0.0011937369959491542
here 3.8211692777990065E-4 1.3361445774344192 5.105634609990138E-4
largest 3.8211692777990065E-4 1.6094379124341003 6.149934705518152E-4
purpose 3.8211692777990065E-4 1.0539121097502027 4.027176575277809E-4
their 0.0015284677111196026 0.12136085700426753 1.8549615132482618E-4
collaborated 3.8211692777990065E-4 4.0661736852554045 0.0015537537964292719
percent 3.8211692777990065E-4 2.5998366164619773 9.934415806121426E-4
can 0.0019105846388995033 0.0958817717032825 1.8319024016676062E-4
inclusion 3.8211692777990065E-4 1.3581234841531944 5.189619733103532E-4
visits 3.8211692777990065E-4 2.392197251683733 9.140990644569098E-4
database 3.8211692777990065E-4 1.3581234841531944 5.189619733103532E-4
september 3.8211692777990065E-4 2.2203469947570738 8.484321722419082E-4
delia 0.0015284677111196026 5.1647859739235145 0.007894208595985502
validated 0.0019105846388995033 1.9867321435755685 0.0037958199151233636
eligible 3.8211692777990065E-4 2.7668907011251433 0.0010572757742167151
patient 3.8211692777990065E-4 0.9751312318970885 3.726141505147453E-4
studies 0.0019105846388995033 0.24480504809538922 4.6772076441610477E-4
possessing 3.8211692777990065E-4 4.471638793363569 0.001708688877861509
david 0.0015284677111196026 2.2744142160273495 0.0034763686909092084
value 7.642338555598013E-4 0.6214911916535102 4.749646095938175E-4
designed 3.8211692777990065E-4 1.0872485300177945 4.1545606802361276E-4
introduction 3.8211692777990065E-4 0.10219094089654716 3.9048888382326005E-5
vicki 0.0015284677111196026 5.1647859739235145 0.007894208595985502
supplemented 3.8211692777990065E-4 3.0853444322436783 0.0011789623355917761
will 0.003439052350019106 0.3526016185510966 0.0012126154248986892
advantage 7.642338555598013E-4 1.4271163556401458 0.0010906506348033213
confidence 3.8211692777990065E-4 1.906689435902032 7.285783094772763E-4
groups 3.8211692777990065E-4 0.8472978603872037 3.2376685532564144E-4
also 0.0011463507833397019 0.05279818556697083 6.052524138361195E-5
approaches 0.0011463507833397019 0.9021060968821986 0.0010341300308164293
ultrasound 3.8211692777990065E-4 3.7784916128036232 0.0014438256067266424
factors 3.8211692777990065E-4 0.6321864807702582 2.415691558159183E-4
third 3.8211692777990065E-4 1.0059028905638423 3.8437252218717703E-4
round 3.8211692777990065E-4 3.5553480614894135 0.00135855867844456
administrative 3.8211692777990065E-4 2.6798793241355137 0.001024027254159539
mean 3.8211692777990065E-4 0.6214911916535102 2.3748230479690876E-4
anticipate 3.8211692777990065E-4 3.5553480614894135 0.00135855867844456
determining 3.8211692777990065E-4 1.5538680612792897 5.937592897513526E-4
further 3.8211692777990065E-4 0.27443684570176036 1.048669643491633E-4
revised 3.8211692777990065E-4 2.7668907011251433 0.0010572757742167151
