been 5.688282138794084E-4 0.05279818556697083 3.0033097592133575E-5
coherence 5.688282138794084E-4 2.456735772821304 0.0013974606216275904
causative 5.688282138794084E-4 2.8622008809294686 0.0016281006148631788
iop 0.003981797497155859 2.7668907011251433 0.011017198468643914
branch 5.688282138794084E-4 2.5257286443082556 0.0014367057134859246
treatments 5.688282138794084E-4 2.073743520565198 0.0011796038228470977
workup 5.688282138794084E-4 4.471638793363569 0.002543594307942872
without 0.0034129692832764505 0.32850406697203605 0.001121174290006949
these 0.0034129692832764505 0.03488725900044054 1.1906914334621345E-4
approved 5.688282138794084E-4 1.4035858582299516 7.983992367633399E-4
acuity 0.0011376564277588168 1.5271998141971284 0.0017374286850934339
would 0.0022753128555176336 0.5013468798114469 0.001140721000708639
poor 5.688282138794084E-4 1.0539121097502027 5.994949429750868E-4
visual 0.0022753128555176336 1.157452788691043 0.002633567209763465
because 0.0011376564277588168 0.34450440831847723 3.919276545147636E-4
evaluated 5.688282138794084E-4 0.9600933545325481 5.46128188016239E-4
diagnostic 5.688282138794084E-4 2.120263536200091 0.001206065720250336
shortest 0.0022753128555176336 2.8622008809294686 0.006512402459452715
limitations 0.0011376564277588168 0.9162907318741551 0.0010424240408124631
iris 5.688282138794084E-4 3.2188758248682006 0.0018309873861593858
vein 5.688282138794084E-4 3.373026504695459 0.001918672642033822
younger 5.688282138794084E-4 2.120263536200091 0.001206065720250336
carefully 5.688282138794084E-4 2.5257286443082556 0.0014367057134859246
active 5.688282138794084E-4 1.1944940603713923 6.794619228506212E-4
artery 0.008532423208191127 2.6798793241355137 0.022865864540405408
former 5.688282138794084E-4 2.073743520565198 0.0011796038228470977
population 5.688282138794084E-4 0.9751312318970885 5.546821569380481E-4
minnesota 0.0017064846416382253 5.1647859739235145 0.008813627941849
occlusion 0.004550625711035267 3.0853444322436783 0.01404024770076759
multicenter 5.688282138794084E-4 2.7668907011251433 0.0015738854955205592
evaluating 5.688282138794084E-4 1.4512139072192063 8.254914148004585E-4
treatment 0.0034129692832764505 0.9452782687474074 0.003226205695383643
average 5.688282138794084E-4 0.7459453661269161 4.2431477026559503E-4
least 5.688282138794084E-4 0.653926467406664 3.7197182446340387E-4
linkage 5.688282138794084E-4 3.5553480614894135 0.00202238228753664
subsequently 0.0011376564277588168 1.79749014393704 0.0020449262160830944
intraocular 5.688282138794084E-4 1.6990500711237875 9.664676172490258E-4
anterior 0.0011376564277588168 1.906689435902032 0.0021691574924937794
originating 5.688282138794084E-4 3.373026504695459 0.001918672642033822
result 0.0017064846416382253 0.4285875255290187 7.313780299130012E-4
how 5.688282138794084E-4 0.5496654570822546 3.1266522018330746E-4
same 0.0011376564277588168 0.2972515234679317 3.3817010633439327E-4
elevated 5.688282138794084E-4 2.2744142160273495 0.0012937509761247721
after 0.01478953356086462 0.12136085700426753 0.0017948704676399067
close 5.688282138794084E-4 1.1394342831883648 6.481423681390016E-4
compared 0.002844141069397042 0.2669461739726028 7.592325767138874E-4
contain 5.688282138794084E-4 1.4035858582299516 7.983992367633399E-4
staff 5.688282138794084E-4 2.2744142160273495 0.0012937509761247721
procedure 5.688282138794084E-4 1.1394342831883648 6.481423681390016E-4
possible 0.0011376564277588168 0.38566248081198473 4.3875140024116576E-4
blood 0.0011376564277588168 1.906689435902032 0.0021691574924937794
the 0.09044368600682594 0.017291497110061043 0.001563906735210299
jung 0.0011376564277588168 4.471638793363569 0.005087188615885744
series 5.688282138794084E-4 1.1758019273592397 6.688293102157223E-4
insufficiency 5.688282138794084E-4 5.1647859739235145 0.0029378759806163333
severe 0.0011376564277588168 1.157452788691043 0.0013167836048817326
days 0.0022753128555176336 1.1043429633770947 0.0025127257414723427
information 5.688282138794084E-4 0.3049735695618419 1.7347757085429003E-4
combined 5.688282138794084E-4 0.9600933545325481 5.46128188016239E-4
ancillary 5.688282138794084E-4 4.0661736852554045 0.0023129543147072835
did 0.0017064846416382253 0.5108256237659907 8.717160815119296E-4
november 0.0017064846416382253 1.1758019273592397 0.002006487930647167
screening 5.688282138794084E-4 2.2744142160273495 0.0012937509761247721
neovascular 0.0017064846416382253 3.2188758248682006 0.005492962158478158
developed 0.01422070534698521 0.48265474679929443 0.0068636909385565185
red 5.688282138794084E-4 1.9459101490553132 0.001106888594456947
act 5.688282138794084E-4 1.4271163556401458 8.117840475768747E-4
prior 0.0034129692832764505 0.8209805520698303 0.0028019814063816734
suffered 5.688282138794084E-4 2.9675613965872945 0.0016880326487982334
excluding 0.0011376564277588168 2.120263536200091 0.002412131440500672
surgical 0.0011376564277588168 1.6384254493073527 0.0018639652438081373
rep 5.688282138794084E-4 5.1647859739235145 0.0029378759806163333
prospective 5.688282138794084E-4 2.120263536200091 0.001206065720250336
which 0.0022753128555176336 0.023122417420854212 5.261073360831447E-5
commonly 5.688282138794084E-4 1.0216512475319812 5.811440543412863E-4
predisposing 5.688282138794084E-4 3.7784916128036232 0.00214931263526941
need 5.688282138794084E-4 0.5013468798114469 2.8518025017715975E-4
varied 5.688282138794084E-4 1.7635885922613586 0.0010031789489541288
often 0.0017064846416382253 0.5900749954201312 0.0010069539170992
lack 5.688282138794084E-4 0.6988778552689304 3.975414421324974E-4
month 5.688282138794084E-4 2.169053700369523 0.0012338189421897173
final 0.0011376564277588168 0.6988778552689304 7.950828842649948E-4
some 0.0017064846416382253 0.2160260835453457 3.6864519376338855E-4
beginning 5.688282138794084E-4 1.6990500711237875 9.664676172490258E-4
united 5.688282138794084E-4 1.5812670354674039 8.994693034513105E-4
rather 5.688282138794084E-4 0.758066726659261 4.312097421269971E-4
production 5.688282138794084E-4 1.6094379124341003 9.154936930796929E-4
importance 5.688282138794084E-4 0.9600933545325481 5.46128188016239E-4
for 0.009670079635949944 0.017291497110061043 1.672101540790886E-4
cohort 0.0017064846416382253 2.0292917579943643 0.003462955218420417
back 5.688282138794084E-4 1.6682784124570338 9.489638296115095E-4
states 5.688282138794084E-4 1.293584963015623 7.358276240134375E-4
previously 5.688282138794084E-4 0.8340526336371831 4.7443266987325544E-4
responsible 5.688282138794084E-4 1.6682784124570338 9.489638296115095E-4
standardized 5.688282138794084E-4 2.120263536200091 0.001206065720250336
reporting 5.688282138794084E-4 1.6384254493073527 9.319826219040686E-4
retrospective 0.0011376564277588168 1.4271163556401458 0.0016235680951537494
peak 5.688282138794084E-4 2.456735772821304 0.0013974606216275904
etiology 0.0022753128555176336 3.2188758248682006 0.007323949544637543
with 0.026734926052332197 0.017291497110061043 4.6228689657159785E-4
crao 0.02844141069397042 4.0661736852554045 0.11564771573536417
although 0.0011376564277588168 0.4285875255290187 4.875853532753341E-4
management 5.688282138794084E-4 0.9452782687474074 5.377009492306071E-4
there 0.0011376564277588168 0.12136085700426753 1.3806695904922358E-4
detected 5.688282138794084E-4 1.5271998141971284 8.687143425467169E-4
prompt 5.688282138794084E-4 2.331572629867298 0.00132626429457753
age 5.688282138794084E-4 0.9751312318970885 5.546821569380481E-4
very 0.0022753128555176336 0.5596157879354227 0.001273300996440097
practice 5.688282138794084E-4 1.2729656758128876 7.240987917024388E-4
examinations 5.688282138794084E-4 3.7784916128036232 0.00214931263526941
years 0.002844141069397042 0.7104386776700063 0.0020205878204493924
number 5.688282138794084E-4 0.167573700159399 9.532064855483447E-5
impaired 5.688282138794084E-4 2.8622008809294686 0.0016281006148631788
four 0.0022753128555176336 0.4643056081310978 0.0010564405190696194
odds 5.688282138794084E-4 2.7668907011251433 0.0015738854955205592
vessel 5.688282138794084E-4 4.471638793363569 0.002543594307942872
centers 5.688282138794084E-4 2.2744142160273495 0.0012937509761247721
revealed 5.688282138794084E-4 1.3581234841531944 7.725389557185406E-4
majority 0.0011376564277588168 0.9452782687474074 0.0010754018984612142
photocoagulation 5.688282138794084E-4 3.5553480614894135 0.00202238228753664
tariq 0.0017064846416382253 5.1647859739235145 0.008813627941849
order 5.688282138794084E-4 0.6214911916535102 3.5352172449005126E-4
shorter 5.688282138794084E-4 2.120263536200091 0.001206065720250336
reduce 5.688282138794084E-4 0.8340526336371831 4.7443266987325544E-4
similar 0.0034129692832764505 0.20895891632225325 7.131703628745845E-4
likely 0.0022753128555176336 0.5798184952529422 0.0013192684761159092
period 0.0017064846416382253 0.8472978603872037 0.0014459007856436922
underwent 5.688282138794084E-4 1.730798769438368 9.845271726043048E-4
went 5.688282138794084E-4 2.392197251683733 0.0013607492899224873
undilated 5.688282138794084E-4 5.1647859739235145 0.0029378759806163333
large 5.688282138794084E-4 0.34450440831847723 1.959638272573818E-4
made 5.688282138794084E-4 0.6109090823229731 3.4750232214048526E-4
testing 5.688282138794084E-4 1.293584963015623 7.358276240134375E-4
being 5.688282138794084E-4 0.48265474679929443 2.745476375422608E-4
classification 0.0011376564277588168 0.9751312318970885 0.0011093643138760962
system 5.688282138794084E-4 0.44628710262841953 2.538606954655401E-4
driver 5.688282138794084E-4 3.373026504695459 0.001918672642033822
retinopathy 0.0022753128555176336 2.9675613965872945 0.006752130595192933
even 5.688282138794084E-4 0.377294231141468 2.146156036072059E-4
spot 5.688282138794084E-4 3.373026504695459 0.001918672642033822
john 0.0017064846416382253 2.9675613965872945 0.0050640979463947005
interval 5.688282138794084E-4 1.79749014393704 0.0010224631080415472
diagnosed 0.0017064846416382253 1.6990500711237875 0.0028994028517470775
authors 0.0017064846416382253 0.023122417420854212 3.945805020623586E-5
larger 5.688282138794084E-4 0.9162907318741551 5.212120204062316E-4
retinal 0.009101251422070534 1.730798769438368 0.015752434761668876
other 0.002844141069397042 0.0408219945202552 1.1610351114975881E-4
longest 0.002844141069397042 3.0853444322436783 0.008775154812979745
portability 5.688282138794084E-4 2.9675613965872945 0.0016880326487982334
literature 5.688282138794084E-4 0.9306794693262548 5.293967402310891E-4
mason 0.0011376564277588168 4.471638793363569 0.005087188615885744
have 0.006825938566552901 0.028987536873252187 1.978671458925064E-4
electronic 5.688282138794084E-4 1.730798769438368 9.845271726043048E-4
angle 5.688282138794084E-4 2.392197251683733 0.0013607492899224873
reperfusion 5.688282138794084E-4 4.471638793363569 0.002543594307942872
outcome 5.688282138794084E-4 1.3361445774344192 7.600367334666775E-4
table 0.005119453924914676 0.18805223150293962 9.627247346566875E-4
characterized 5.688282138794084E-4 1.7635885922613586 0.0010031789489541288
may 0.005688282138794084 0.15415067982725836 8.768525587443593E-4
within 0.0011376564277588168 0.3127557100038969 3.5580854380420576E-4
could 0.0011376564277588168 0.22314355131420976 2.538606954655401E-4
change 5.688282138794084E-4 0.7104386776700063 4.0411756408987844E-4
health 0.0011376564277588168 0.990398704027877 0.0011267334516813163
future 5.688282138794084E-4 0.48265474679929443 2.745476375422608E-4
skewed 5.688282138794084E-4 3.0853444322436783 0.0017550309625959488
oral 5.688282138794084E-4 2.120263536200091 0.001206065720250336
facilities 5.688282138794084E-4 2.8622008809294686 0.0016281006148631788
return 5.688282138794084E-4 2.0292917579943643 0.001154318406140139
codes 0.0011376564277588168 1.906689435902032 0.0021691574924937794
topical 5.688282138794084E-4 2.6798793241355137 0.0015243909693603605
findings 5.688282138794084E-4 0.7459453661269161 4.2431477026559503E-4
rudkin 5.688282138794084E-4 5.1647859739235145 0.0029378759806163333
while 0.0011376564277588168 0.20895891632225325 2.3772345429152813E-4
duker 0.0017064846416382253 5.1647859739235145 0.008813627941849
that 0.015358361774744027 0.017291497110061043 2.655690682432583E-4
suggests 0.0011376564277588168 1.157452788691043 0.0013167836048817326
download 0.0017064846416382253 0.2595111954850846 4.4285186942847205E-4
falls 5.688282138794084E-4 2.456735772821304 0.0013974606216275904
than 0.0017064846416382253 0.058840500022933395 1.0041040959544949E-4
function 5.688282138794084E-4 0.6321864807702582 3.596055066952549E-4
reviewed 0.0017064846416382253 1.3805963400052528 0.0023559664505209093
international 0.0011376564277588168 1.5538680612792897 0.001767767987803515
directly 5.688282138794084E-4 0.7703368192510752 4.381893169801338E-4
all 0.005119453924914676 0.017291497110061043 8.852302274775277E-5
new 5.688282138794084E-4 0.38566248081198473 2.1937570012058288E-4
including 0.0022753128555176336 0.2669461739726028 6.073860613711098E-4
months 0.0022753128555176336 1.3146383722134554 0.002991213588654051
drove 5.688282138794084E-4 5.1647859739235145 0.0029378759806163333
occur 5.688282138794084E-4 1.3146383722134554 7.478033971635127E-4
aligns 0.0011376564277588168 3.5553480614894135 0.00404476457507328
tertiary 5.688282138794084E-4 2.6798793241355137 0.0015243909693603605
diagnosis 0.01080773606370876 1.4512139072192063 0.015684336881208714
includes 5.688282138794084E-4 0.8472978603872037 4.819669285478974E-4
pressure 0.0011376564277588168 1.6094379124341003 0.0018309873861593858
less 5.688282138794084E-4 0.368995428326773 2.0989501042478556E-4
affected 5.688282138794084E-4 1.3805963400052528 7.853221501736363E-4
condition 5.688282138794084E-4 1.5271998141971284 8.687143425467169E-4
clinical 5.688282138794084E-4 0.9452782687474074 5.377009492306071E-4
proliferative 0.0011376564277588168 2.6798793241355137 0.003048781938720721
were 0.009670079635949944 0.0958817717032825 9.271843680067137E-4
monthly 0.0011376564277588168 2.8622008809294686 0.0032562012297263575
disc 5.688282138794084E-4 3.373026504695459 0.001918672642033822
present 0.0022753128555176336 0.38566248081198473 8.775028004823315E-4
ahmed 5.688282138794084E-4 3.373026504695459 0.001918672642033822
cause 0.0011376564277588168 1.1394342831883648 0.0012962847362780032
hyperglycemia 5.688282138794084E-4 4.471638793363569 0.002543594307942872
total 0.0011376564277588168 0.5108256237659907 5.811440543412864E-4
times 5.688282138794084E-4 0.9600933545325481 5.46128188016239E-4
and 0.03981797497155859 0.017291497110061043 6.885123991491883E-4
smoking 5.688282138794084E-4 3.373026504695459 0.001918672642033822
explanations 5.688282138794084E-4 2.392197251683733 0.0013607492899224873
make 5.688282138794084E-4 0.664976303593249 3.78257283045079E-4
included 0.0011376564277588168 0.41985384556026406 4.7764942612089196E-4
possibility 5.688282138794084E-4 1.252762968495368 7.126069217834858E-4
allows 5.688282138794084E-4 1.2135422553420867 6.902970735734281E-4
determine 0.0011376564277588168 0.7221347174331975 8.215412029956739E-4
nature 5.688282138794084E-4 1.0216512475319812 5.811440543412863E-4
gonioscopy 0.0011376564277588168 4.0661736852554045 0.004625908629414567
any 0.0017064846416382253 0.2669461739726028 4.555395460283324E-4
despite 0.0017064846416382253 0.7221347174331975 0.0012323118044935111
due 0.0017064846416382253 0.20895891632225325 3.5658518143729225E-4
contralateral 0.0011376564277588168 3.373026504695459 0.003837345284067644
accurate 5.688282138794084E-4 1.3805963400052528 7.853221501736363E-4
mellitus 0.0034129692832764505 3.2188758248682006 0.010985924316956316
about 0.0011376564277588168 0.377294231141468 4.292312072144118E-4
county 0.0011376564277588168 3.373026504695459 0.003837345284067644
discussion 5.688282138794084E-4 0.2595111954850846 1.4761728980949068E-4
bhatti 0.0017064846416382253 5.1647859739235145 0.008813627941849
annual 5.688282138794084E-4 2.2203469947570738 0.0012629960152201784
estimate 0.0011376564277588168 1.5812670354674039 0.001798938606902621
ipsilateral 0.0034129692832764505 3.373026504695459 0.011512035852202932
injury 5.688282138794084E-4 1.9867321435755685 0.001130109296686899
they 0.0011376564277588168 0.167573700159399 1.9064129710966895E-4
defined 0.0011376564277588168 0.5300569856938783 6.030227368531037E-4
temporal 5.688282138794084E-4 2.169053700369523 0.0012338189421897173
generalizability 5.688282138794084E-4 3.5553480614894135 0.00202238228753664
based 5.688282138794084E-4 0.18805223150293962 1.0696941496185416E-4
using 0.002844141069397042 0.083381608939051 2.3714905841595846E-4
neovascularization 0.009101251422070534 3.5553480614894135 0.03235811660058624
diseases 0.0011376564277588168 1.8689491079191851 0.0021262219657783676
received 0.0022753128555176336 0.9452782687474074 0.0021508037969224284
monitoring 0.0011376564277588168 1.8325814637483102 0.0020848480816249263
each 5.688282138794084E-4 0.13434805253107854 7.642096275943034E-5
secondary 0.0022753128555176336 1.4271163556401458 0.003247136190307499
eye 0.0011376564277588168 1.5012243277938677 0.0017078775060226025
unique 5.688282138794084E-4 1.157452788691043 6.583918024408663E-4
avastin 5.688282138794084E-4 5.1647859739235145 0.0029378759806163333
consistently 5.688282138794084E-4 2.331572629867298 0.00132626429457753
except 5.688282138794084E-4 1.3805963400052528 7.853221501736363E-4
associations 5.688282138794084E-4 2.120263536200091 0.001206065720250336
systemic 0.0017064846416382253 1.5271998141971284 0.002606143027640151
painless 5.688282138794084E-4 4.471638793363569 0.002543594307942872
increased 0.0011376564277588168 0.4919571394616079 5.596782018903388E-4
simultaneous 5.688282138794084E-4 2.9675613965872945 0.0016880326487982334
association 5.688282138794084E-4 1.2135422553420867 6.902970735734281E-4
believe 0.0011376564277588168 1.5538680612792897 0.001767767987803515
two 0.0022753128555176336 0.11492996667397702 2.615016306575131E-4
accident 5.688282138794084E-4 3.373026504695459 0.001918672642033822
angiography 5.688282138794084E-4 3.373026504695459 0.001918672642033822
seen 0.0011376564277588168 0.8472978603872037 9.639338570957948E-4
notion 5.688282138794084E-4 2.2744142160273495 0.0012937509761247721
found 0.003981797497155859 0.27443684570176036 0.0010927519453426179
are 0.0034129692832764505 0.028987536873252187 9.89335729462532E-5
managed 5.688282138794084E-4 2.073743520565198 0.0011796038228470977
endothelial 5.688282138794084E-4 2.7668907011251433 0.0015738854955205592
does 0.0011376564277588168 0.5696661237889241 6.480843274049193E-4
reported 0.003981797497155859 0.5300569856938783 0.002110579578985863
supports 5.688282138794084E-4 1.6990500711237875 9.664676172490258E-4
relationship 0.0011376564277588168 0.9162907318741551 0.0010424240408124631
accountability 5.688282138794084E-4 2.7668907011251433 0.0015738854955205592
variables 5.688282138794084E-4 0.9452782687474074 5.377009492306071E-4
detection 0.0011376564277588168 1.5271998141971284 0.0017374286850934339
complications 0.0017064846416382253 1.9459101490553132 0.0033206657833708417
one 0.005688282138794084 0.06491954609931569 3.6928069453535657E-4
summarized 0.0017064846416382253 1.4271163556401458 0.002435352142730624
declaration 5.688282138794084E-4 1.79749014393704 0.0010224631080415472
confirm 5.688282138794084E-4 1.8325814637483102 0.0010424240408124631
such 0.0011376564277588168 0.10219094089654716 1.1625818076967822E-4
associated 0.0022753128555176336 0.4373981552111735 9.952176455316803E-4
vast 5.688282138794084E-4 1.8689491079191851 0.0010631109828891838
chart 0.0011376564277588168 1.8325814637483102 0.0020848480816249263
optical 5.688282138794084E-4 2.8622008809294686 0.0016281006148631788
ratio 5.688282138794084E-4 1.1758019273592397 6.688293102157223E-4
insurance 5.688282138794084E-4 2.2744142160273495 0.0012937509761247721
but 0.003981797497155859 0.083381608939051 3.3200868178234186E-4
medical 0.0022753128555176336 0.9600933545325481 0.002184512752064956
charts 0.0017064846416382253 2.9675613965872945 0.0050640979463947005
conforms 5.688282138794084E-4 4.0661736852554045 0.0023129543147072835
glaucoma 0.002844141069397042 2.331572629867298 0.00663132147288765
numbers 5.688282138794084E-4 1.121734706088964 6.380743493111285E-4
project 0.0011376564277588168 1.79749014393704 0.0020449262160830944
seven 5.688282138794084E-4 1.5538680612792897 8.838839939017575E-4
had 0.006825938566552901 0.32059888746492277 0.00218838831034077
research 5.688282138794084E-4 0.41119578281714936 2.338997626946242E-4
frequency 5.688282138794084E-4 1.121734706088964 6.380743493111285E-4
presentation 5.688282138794084E-4 1.6990500711237875 9.664676172490258E-4
features 0.0017064846416382253 0.8340526336371831 0.0014232980096197663
kevin 0.0017064846416382253 4.471638793363569 0.007630782923828616
either 5.688282138794084E-4 0.7827593392496325 4.4525559684279435E-4
leaves 5.688282138794084E-4 2.7668907011251433 0.0015738854955205592
bias 5.688282138794084E-4 1.5271998141971284 8.687143425467169E-4
segment 5.688282138794084E-4 2.120263536200091 0.001206065720250336
embolus 5.688282138794084E-4 5.1647859739235145 0.0029378759806163333
carotid 0.003981797497155859 3.5553480614894135 0.01415667601275648
results 0.0011376564277588168 0.08961215868968714 1.0194784833866568E-4
inherent 5.688282138794084E-4 2.2203469947570738 0.0012629960152201784
those 0.003981797497155859 0.3364722366212129 0.0013397643096407794
craos 5.688282138794084E-4 5.1647859739235145 0.0029378759806163333
estimates 0.0011376564277588168 2.2203469947570738 0.0025259920304403567
fluorescein 5.688282138794084E-4 3.373026504695459 0.001918672642033822
treated 0.002844141069397042 1.0216512475319812 0.0029057202717064313
coronary 5.688282138794084E-4 3.5553480614894135 0.00202238228753664
olmsted 0.005119453924914676 5.1647859739235145 0.026440883825547
widely 5.688282138794084E-4 1.0059028905638423 5.721859445755644E-4
this 0.006825938566552901 0.017291497110061043 1.1803069699700371E-4
degree 0.0011376564277588168 1.2729656758128876 0.0014481975834048776
develop 0.0022753128555176336 1.157452788691043 0.002633567209763465
significant 0.0017064846416382253 0.377294231141468 6.438468108216177E-4
mmhg 5.688282138794084E-4 3.2188758248682006 0.0018309873861593858
prp 0.0022753128555176336 4.0661736852554045 0.009251817258829134
panretinal 5.688282138794084E-4 3.7784916128036232 0.00214931263526941
tube 5.688282138794084E-4 3.2188758248682006 0.0018309873861593858
institutional 5.688282138794084E-4 1.3361445774344192 7.600367334666775E-4
median 0.0011376564277588168 1.79749014393704 0.0020449262160830944
extends 5.688282138794084E-4 2.5257286443082556 0.0014367057134859246
support 0.0011376564277588168 0.7104386776700063 8.082351281797569E-4
higher 0.0011376564277588168 0.41985384556026406 4.7764942612089196E-4
necessitates 5.688282138794084E-4 3.5553480614894135 0.00202238228753664
assessed 5.688282138794084E-4 1.3581234841531944 7.725389557185406E-4
ranges 5.688282138794084E-4 2.2744142160273495 0.0012937509761247721
records 0.0017064846416382253 1.3581234841531944 0.002317616867155622
changes 5.688282138794084E-4 0.9021060968821986 5.131433998192256E-4
stenosis 5.688282138794084E-4 5.1647859739235145 0.0029378759806163333
epidemiology 0.0011376564277588168 3.7784916128036232 0.00429862527053882
not 0.006825938566552901 0.03488725900044054 2.381382866924269E-4
central 0.006257110352673493 1.3805963400052528 0.00863854365191
indexes 5.688282138794084E-4 3.5553480614894135 0.00202238228753664
ranged 5.688282138794084E-4 1.8689491079191851 0.0010631109828891838
ophthalmology 5.688282138794084E-4 2.5998366164619773 0.0014788604189203511
painful 5.688282138794084E-4 3.2188758248682006 0.0018309873861593858
factor 0.0017064846416382253 0.7703368192510752 0.0013145679509404015
morbidity 0.0011376564277588168 3.0853444322436783 0.0035100619251918976
derived 5.688282138794084E-4 1.3581234841531944 7.725389557185406E-4
analogous 5.688282138794084E-4 2.9675613965872945 0.0016880326487982334
early 0.002844141069397042 0.8340526336371831 0.0023721633493662773
characteristics 0.0011376564277588168 0.7703368192510752 8.763786339602676E-4
pain 5.688282138794084E-4 2.120263536200091 0.001206065720250336
disease 0.0011376564277588168 1.2729656758128876 0.0014481975834048776
cases 0.0011376564277588168 0.6004377824556778 6.83091902679952E-4
previous 0.0011376564277588168 0.32850406697203605 3.7372476333564966E-4
center 5.688282138794084E-4 1.8325814637483102 0.0010424240408124631
estimated 5.688282138794084E-4 1.3805963400052528 7.853221501736363E-4
was 0.019908987485779295 0.058840500022933395 0.0011714547786135772
lowering 5.688282138794084E-4 3.373026504695459 0.001918672642033822
earliest 5.688282138794084E-4 3.2188758248682006 0.0018309873861593858
ischemia 0.0017064846416382253 3.0853444322436783 0.005265092887787847
hayreh 5.688282138794084E-4 4.471638793363569 0.002543594307942872
risk 0.0017064846416382253 0.8209805520698303 0.0014009907031908367
time 0.01422070534698521 0.20194134366360675 0.0028717483456144302
proportions 5.688282138794084E-4 2.331572629867298 0.00132626429457753
rise 5.688282138794084E-4 2.0292917579943643 0.001154318406140139
caveat 5.688282138794084E-4 4.0661736852554045 0.0023129543147072835
measured 5.688282138794084E-4 1.0704414117014134 6.088972762806675E-4
cerebrovascular 5.688282138794084E-4 3.7784916128036232 0.00214931263526941
residing 5.688282138794084E-4 5.1647859739235145 0.0029378759806163333
collected 0.0011376564277588168 0.8340526336371831 9.488653397465109E-4
whole 5.688282138794084E-4 1.252762968495368 7.126069217834858E-4
during 0.0017064846416382253 0.28958865072236245 4.941785848504479E-4
none 5.688282138794084E-4 1.6384254493073527 9.319826219040686E-4
type 5.688282138794084E-4 0.5203950747821414 2.9601540089996666E-4
when 5.688282138794084E-4 0.14750613710858965 8.390565250773017E-5
three 0.002844141069397042 0.22314355131420976 6.346517386638503E-4
monitored 5.688282138794084E-4 3.0853444322436783 0.0017550309625959488
excluded 5.688282138794084E-4 1.293584963015623 7.358276240134375E-4
diabetic 0.0034129692832764505 2.5257286443082556 0.008620234280915549
identified 0.0017064846416382253 0.6321864807702582 0.0010788165200857648
review 0.0011376564277588168 0.5696661237889241 6.480843274049193E-4
greater 5.688282138794084E-4 0.8743265327751228 4.973415999858492E-4
between 0.003981797497155859 0.058840500022933395 2.3429095572271544E-4
case 5.688282138794084E-4 0.38566248081198473 2.1937570012058288E-4
surrounding 5.688282138794084E-4 2.120263536200091 0.001206065720250336
laurel 0.0017064846416382253 5.1647859739235145 0.008813627941849
reduced 0.0011376564277588168 0.9452782687474074 0.0010754018984612142
vascular 0.0011376564277588168 2.9675613965872945 0.0033760652975964667
toward 5.688282138794084E-4 1.6094379124341003 9.154936930796929E-4
provide 0.0011376564277588168 0.44628710262841953 5.077213909310802E-4
among 0.0011376564277588168 0.32850406697203605 3.7372476333564966E-4
following 0.005119453924914676 0.2160260835453457 0.0011059355812901657
utilize 5.688282138794084E-4 2.0292917579943643 0.001154318406140139
intravitreal 0.0017064846416382253 2.331572629867298 0.00397879288373259
southeastern 5.688282138794084E-4 4.471638793363569 0.002543594307942872
theory 5.688282138794084E-4 1.5271998141971284 8.687143425467169E-4
care 0.0011376564277588168 1.1758019273592397 0.0013376586204314445
cerebral 5.688282138794084E-4 3.2188758248682006 0.0018309873861593858
primary 5.688282138794084E-4 0.9306794693262548 5.293967402310891E-4
cherry 5.688282138794084E-4 4.471638793363569 0.002543594307942872
internal 5.688282138794084E-4 1.3805963400052528 7.853221501736363E-4
study 0.010238907849829351 0.15415067982725836 0.0015783346057398466
methods 5.688282138794084E-4 0.20194134366360675 1.1486993382457721E-4
crvo 0.002844141069397042 5.1647859739235145 0.014689379903081667
portion 5.688282138794084E-4 2.5257286443082556 0.0014367057134859246
range 0.0011376564277588168 0.6988778552689304 7.950828842649948E-4
confirmed 0.0017064846416382253 1.252762968495368 0.0021378207653504574
our 0.00739476678043231 0.19497267434751336 0.0014417774553570385
out 5.688282138794084E-4 0.368995428326773 2.0989501042478556E-4
across 5.688282138794084E-4 0.7703368192510752 4.381893169801338E-4
fall 5.688282138794084E-4 2.456735772821304 0.0013974606216275904
ophthalmic 0.0022753128555176336 2.169053700369523 0.004935275768758869
tomography 5.688282138794084E-4 2.5257286443082556 0.0014367057134859246
assert 5.688282138794084E-4 3.373026504695459 0.001918672642033822
causes 5.688282138794084E-4 1.5538680612792897 8.838839939017575E-4
injections 0.0011376564277588168 2.7668907011251433 0.0031477709910411183
include 0.0011376564277588168 0.5013468798114469 5.703605003543195E-4
stress 5.688282138794084E-4 1.9867321435755685 0.001130109296686899
initial 0.0017064846416382253 0.6988778552689304 0.0011926243263974921
caused 0.002844141069397042 1.121734706088964 0.003190371746555643
more 0.0017064846416382253 0.05279818556697083 9.009929277640073E-5
csvdisplay 0.0017064846416382253 0.2669461739726028 4.555395460283324E-4
consistent 5.688282138794084E-4 0.9306794693262548 5.293967402310891E-4
suggest 5.688282138794084E-4 1.0059028905638423 5.721859445755644E-4
performed 0.0017064846416382253 0.4643056081310978 7.923303893022146E-4
help 5.688282138794084E-4 0.8743265327751228 4.973415999858492E-4
referral 5.688282138794084E-4 2.6798793241355137 0.0015243909693603605
january 5.688282138794084E-4 1.3581234841531944 7.725389557185406E-4
coinciding 5.688282138794084E-4 5.1647859739235145 0.0029378759806163333
incidence 0.007963594994311717 1.6384254493073527 0.01304775670665696
diabetes 0.006825938566552901 2.456735772821304 0.016769527459531086
first 5.688282138794084E-4 0.167573700159399 9.532064855483447E-5
small 5.688282138794084E-4 0.6214911916535102 3.5352172449005126E-4
data 0.0022753128555176336 0.167573700159399 3.812825942193379E-4
before 0.0011376564277588168 0.5203950747821414 5.920308017999333E-4
adheres 5.688282138794084E-4 4.471638793363569 0.002543594307942872
stringent 5.688282138794084E-4 3.0853444322436783 0.0017550309625959488
chamber 5.688282138794084E-4 2.2744142160273495 0.0012937509761247721
shown 5.688282138794084E-4 0.3364722366212129 1.913949013772542E-4
nva 0.002844141069397042 5.1647859739235145 0.014689379903081667
only 0.0034129692832764505 0.10854016857520597 3.704442613488259E-4
should 0.0011376564277588168 0.368995428326773 4.197900208495711E-4
mayo 0.0022753128555176336 5.1647859739235145 0.011751503922465333
from 0.01080773606370876 0.023122417420854212 2.4990098463949375E-4
nve 5.688282138794084E-4 5.1647859739235145 0.0029378759806163333
nvd 5.688282138794084E-4 5.1647859739235145 0.0029378759806163333
day 0.0011376564277588168 1.4271163556401458 0.0016235680951537494
potential 5.688282138794084E-4 0.44628710262841953 2.538606954655401E-4
nvg 0.010238907849829351 4.0661736852554045 0.041633177664731104
combination 5.688282138794084E-4 0.758066726659261 4.312097421269971E-4
nvi 0.0034129692832764505 5.1647859739235145 0.017627255883698
development 0.003981797497155859 0.6004377824556778 0.002390821659379832
like 5.688282138794084E-4 0.7827593392496325 4.4525559684279435E-4
timing 5.688282138794084E-4 2.331572629867298 0.00132626429457753
patients 0.02844141069397042 0.9452782687474074 0.026885047461530358
history 0.0022753128555176336 1.2729656758128876 0.002896395166809755
published 0.0017064846416382253 0.03488725900044054 5.9534571673106724E-5
towards 5.688282138794084E-4 1.5012243277938677 8.539387530113013E-4
inner 5.688282138794084E-4 2.456735772821304 0.0013974606216275904
both 5.688282138794084E-4 0.13434805253107854 7.642096275943034E-5
most 0.0017064846416382253 0.0771896386911299 1.317229329200169E-4
important 0.0011376564277588168 0.2669461739726028 3.036930306855549E-4
comorbidities 5.688282138794084E-4 2.9675613965872945 0.0016880326487982334
outside 5.688282138794084E-4 1.4035858582299516 7.983992367633399E-4
effect 5.688282138794084E-4 0.758066726659261 4.312097421269971E-4
residents 0.0017064846416382253 3.373026504695459 0.005756017926101466
who 0.006257110352673493 0.44628710262841953 0.0027924676501209413
potentially 0.0011376564277588168 1.1394342831883648 0.0012962847362780032
induces 5.688282138794084E-4 3.2188758248682006 0.0018309873861593858
note 5.688282138794084E-4 1.0872485300177945 6.184576393730344E-4
contribute 5.688282138794084E-4 1.0704414117014134 6.088972762806675E-4
boards 5.688282138794084E-4 5.1647859739235145 0.0029378759806163333
their 0.002844141069397042 0.12136085700426753 3.4516739762305895E-4
elsewhere 5.688282138794084E-4 2.9675613965872945 0.0016880326487982334
point 5.688282138794084E-4 0.7703368192510752 4.381893169801338E-4
ocular 0.01422070534698521 1.5538680612792897 0.022097099847543936
general 0.0017064846416382253 0.4734380916943703 8.079148322429527E-4
can 5.688282138794084E-4 0.0958817717032825 5.454025694157139E-5
september 5.688282138794084E-4 2.2203469947570738 0.0012629960152201784
tenets 5.688282138794084E-4 2.8622008809294686 0.0016281006148631788
paper 5.688282138794084E-4 0.9306794693262548 5.293967402310891E-4
patient 0.002844141069397042 0.9751312318970885 0.0027734107846902403
studies 0.003981797497155859 0.24480504809538922 9.747641277973403E-4
hospital 5.688282138794084E-4 1.4512139072192063 8.254914148004585E-4
macular 5.688282138794084E-4 2.7668907011251433 0.0015738854955205592
chen 0.0017064846416382253 2.5257286443082556 0.004310117140457774
microvascular 5.688282138794084E-4 3.5553480614894135 0.00202238228753664
requirements 5.688282138794084E-4 1.9459101490553132 0.001106888594456947
original 5.688282138794084E-4 1.1944940603713923 6.794619228506212E-4
limited 5.688282138794084E-4 0.5696661237889241 3.2404216370245965E-4
alternative 5.688282138794084E-4 1.3805963400052528 7.853221501736363E-4
groups 5.688282138794084E-4 0.8472978603872037 4.819669285478974E-4
also 0.0034129692832764505 0.05279818556697083 1.8019858555280146E-4
increase 5.688282138794084E-4 0.5013468798114469 2.8518025017715975E-4
controversy 5.688282138794084E-4 3.373026504695459 0.001918672642033822
factors 5.688282138794084E-4 0.6321864807702582 3.596055066952549E-4
educated 5.688282138794084E-4 3.7784916128036232 0.00214931263526941
rochester 0.0011376564277588168 5.1647859739235145 0.005875751961232667
various 5.688282138794084E-4 0.5798184952529422 3.298171190289773E-4
mean 0.003981797497155859 0.6214911916535102 0.002474652071430359
vegf 5.688282138794084E-4 3.7784916128036232 0.00214931263526941
growth 5.688282138794084E-4 1.4512139072192063 8.254914148004585E-4
clinic 0.0022753128555176336 2.5998366164619773 0.0059154416756814045
timothy 0.0017064846416382253 4.471638793363569 0.007630782923828616
demographics 5.688282138794084E-4 2.0292917579943643 0.001154318406140139
