leading 3.003003003003003E-4 1.0704414117014134 3.214538773878118E-4
surgeon 0.0015015015015015015 2.8622008809294686 0.004297598920314517
undergoing 9.009009009009009E-4 2.5998366164619773 0.002342195149965745
recognized 3.003003003003003E-4 1.906689435902032 5.725794101807904E-4
iop 3.003003003003003E-4 2.7668907011251433 8.30898108445989E-4
resolution 3.003003003003003E-4 2.331572629867298 7.001719609211105E-4
branch 3.003003003003003E-4 2.5257286443082556 7.584770703628395E-4
without 9.009009009009009E-4 0.32850406697203605 2.9594960988471716E-4
rupture 0.0024024024024024023 2.8622008809294686 0.006876158272503228
these 0.003003003003003003 0.03488725900044054 1.0476654354486648E-4
properly 3.003003003003003E-4 2.169053700369523 6.513674775884454E-4
score 6.006006006006006E-4 1.121734706088964 6.737145381915699E-4
approved 3.003003003003003E-4 1.4035858582299516 4.214972547237092E-4
introduced 3.003003003003003E-4 1.0059028905638423 3.0207294010926194E-4
acuity 6.006006006006006E-4 1.5271998141971284 9.172371256439209E-4
protected 3.003003003003003E-4 4.0661736852554045 0.0012210731787553766
would 9.009009009009009E-4 0.5013468798114469 4.516638556859882E-4
outcomes 9.009009009009009E-4 1.1043429633770947 9.949035706099953E-4
poor 0.0012012012012012011 1.0539121097502027 0.0012659604921924357
visual 0.003303303303303303 1.157452788691043 0.0038234176203007426
understanding 6.006006006006006E-4 0.990398704027877 5.948340564731994E-4
because 3.003003003003003E-4 0.34450440831847723 1.0345477727281598E-4
educate 3.003003003003003E-4 4.0661736852554045 0.0012210731787553766
definitions 3.003003003003003E-4 1.79749014393704 5.397868300111231E-4
trauma 0.003903903903903904 2.2203469947570738 0.00866802130085344
successfully 3.003003003003003E-4 1.5538680612792897 4.666270454292161E-4
prolapsed 3.003003003003003E-4 4.471638793363569 0.0013428344724815521
notably 3.003003003003003E-4 2.6798793241355137 8.047685658064605E-4
conjunctiva 3.003003003003003E-4 3.5553480614894135 0.0010676720905373614
require 0.0015015015015015015 1.121734706088964 0.0016842863454789249
analysis 0.002102102102102102 0.15415067982725836 3.2404046810534794E-4
adapted 3.003003003003003E-4 1.9459101490553132 5.843574021187127E-4
version 3.003003003003003E-4 1.3805963400052528 4.145934954970729E-4
apparent 6.006006006006006E-4 2.2203469947570738 0.001333541738592837
exam 9.009009009009009E-4 3.5553480614894135 0.0032030162716120843
encountering 3.003003003003003E-4 4.471638793363569 0.0013428344724815521
selection 6.006006006006006E-4 1.1043429633770947 6.632690470733301E-4
multicenter 3.003003003003003E-4 2.7668907011251433 8.30898108445989E-4
dementia 3.003003003003003E-4 4.0661736852554045 0.0012210731787553766
contaminated 3.003003003003003E-4 4.471638793363569 0.0013428344724815521
protective 6.006006006006006E-4 2.8622008809294686 0.001719039568125807
detail 3.003003003003003E-4 1.6990500711237875 5.102252465837199E-4
much 3.003003003003003E-4 0.7827593392496325 2.3506286463952927E-4
appropriate 3.003003003003003E-4 1.0704414117014134 3.214538773878118E-4
fungal 6.006006006006006E-4 3.2188758248682006 0.001933258753674595
statistical 6.006006006006006E-4 0.653926467406664 3.9274862907307147E-4
weeks 3.003003003003003E-4 1.730798769438368 5.19759390221732E-4
role 3.003003003003003E-4 0.6761496041913742 2.0304792918659885E-4
eviscerated 3.003003003003003E-4 5.1647859739235145 0.0015509867789560102
independent 3.003003003003003E-4 1.0059028905638423 3.0207294010926194E-4
debated 3.003003003003003E-4 5.1647859739235145 0.0015509867789560102
uncertainty 3.003003003003003E-4 2.073743520565198 6.227458019715309E-4
booster 3.003003003003003E-4 4.0661736852554045 0.0012210731787553766
result 6.006006006006006E-4 0.4285875255290187 2.5740992524265387E-4
iofb 0.005105105105105105 3.373026504695459 0.017219654828775615
after 0.007207207207207207 0.12136085700426753 8.746728432740003E-4
close 0.0015015015015015015 1.1394342831883648 0.0017108622870696168
hand 6.006006006006006E-4 1.5271998141971284 9.172371256439209E-4
supporters 3.003003003003003E-4 4.471638793363569 0.0013428344724815521
address 3.003003003003003E-4 1.0872485300177945 3.2650106006540375E-4
michigan 0.0015015015015015015 3.7784916128036232 0.00567341083003547
rationale 3.003003003003003E-4 3.373026504695459 0.0010129208722809186
enucleation 0.016216216216216217 2.6798793241355137 0.043457502553548875
the 0.06606606606606606 0.017291497110061043 0.0011423811904544832
descent 3.003003003003003E-4 3.373026504695459 0.0010129208722809186
severe 6.006006006006006E-4 1.157452788691043 6.951668400546805E-4
days 0.002102102102102102 1.1043429633770947 0.0023214416647566556
information 3.003003003003003E-4 0.3049735695618419 9.158365452307564E-5
surgery 0.0018018018018018018 1.6990500711237875 0.0030613514795023197
standard 6.006006006006006E-4 0.7827593392496325 4.7012572927905853E-4
reports 6.006006006006006E-4 1.0539121097502027 6.329802460962178E-4
notes 3.003003003003003E-4 2.331572629867298 7.001719609211105E-4
good 3.003003003003003E-4 0.8080771472339223 2.4266580998015685E-4
analyses 3.003003003003003E-4 0.9021060968821986 2.70902731796456E-4
institution 0.0012012012012012011 2.456735772821304 0.0029510339613469114
act 3.003003003003003E-4 1.4271163556401458 4.2856347016220596E-4
leave 6.006006006006006E-4 2.2744142160273495 0.0013660145441605701
cosmetic 6.006006006006006E-4 5.1647859739235145 0.0031019735579120205
helped 3.003003003003003E-4 2.5998366164619773 7.807317166552484E-4
others 3.003003003003003E-4 1.1758019273592397 3.5309367187965154E-4
area 6.006006006006006E-4 0.9600933545325481 5.766326453648937E-4
chf 3.003003003003003E-4 4.471638793363569 0.0013428344724815521
predetermined 3.003003003003003E-4 2.9675613965872945 8.91159578554743E-4
need 0.003003003003003003 0.5013468798114469 0.0015055461856199606
its 0.0015015015015015015 0.19497267434751336 2.927517632845546E-4
modeled 6.006006006006006E-4 2.7668907011251433 0.001661796216891978
often 0.003003003003003003 0.5900749954201312 0.0017719969832436372
consent 6.006006006006006E-4 1.4271163556401458 8.571269403244119E-4
tests 3.003003003003003E-4 1.3581234841531944 4.0784489013609437E-4
useful 3.003003003003003E-4 0.9162907318741551 2.751623819441907E-4
outgoing 3.003003003003003E-4 5.1647859739235145 0.0015509867789560102
comprehensively 3.003003003003003E-4 3.0853444322436783 9.265298595326361E-4
united 6.006006006006006E-4 1.5812670354674039 9.49709931211654E-4
young 3.003003003003003E-4 1.9459101490553132 5.843574021187127E-4
pressurized 3.003003003003003E-4 4.471638793363569 0.0013428344724815521
provided 9.009009009009009E-4 0.7104386776700063 6.400348447477535E-4
seldomly 3.003003003003003E-4 5.1647859739235145 0.0015509867789560102
lens 9.009009009009009E-4 1.8689491079191851 0.001683737935062329
remove 0.0012012012012012011 1.8689491079191851 0.0022449839134164383
prevent 3.003003003003003E-4 1.4512139072192063 4.3579997213789975E-4
paucity 3.003003003003003E-4 4.0661736852554045 0.0012210731787553766
previously 0.0012012012012012011 0.8340526336371831 0.0010018650253900095
responsible 3.003003003003003E-4 1.6682784124570338 5.009845082453555E-4
standardized 6.006006006006006E-4 2.120263536200091 0.001273431553273328
hard 3.003003003003003E-4 1.8689491079191851 5.612459783541096E-4
surveillance 3.003003003003003E-4 2.7668907011251433 8.30898108445989E-4
perforating 9.009009009009009E-4 3.7784916128036232 0.003404046498021282
multiple 9.009009009009009E-4 0.5108256237659907 4.602032646540457E-4
retrospective 0.0012012012012012011 1.4271163556401458 0.0017142538806488238
pulmonary 3.003003003003003E-4 2.7668907011251433 8.30898108445989E-4
better 0.0012012012012012011 0.4285875255290187 5.148198504853077E-4
occurring 3.003003003003003E-4 2.0292917579943643 6.093969243226319E-4
significance 3.003003003003003E-4 1.2329603411991883 3.7025836072047697E-4
noted 9.009009009009009E-4 1.157452788691043 0.0010427502600820209
with 0.02252252252252252 0.017291497110061043 3.8944813310948294E-4
there 0.006306306306306306 0.12136085700426753 7.653387378647502E-4
well 0.0024024024024024023 0.3127557100038969 7.51365069078431E-4
endophthalmitis 0.0012012012012012011 2.169053700369523 0.0026054699103537815
collectively 3.003003003003003E-4 3.0853444322436783 9.265298595326361E-4
age 0.0015015015015015015 0.9751312318970885 0.0014641610088544873
aesthetic 3.003003003003003E-4 3.7784916128036232 0.001134682166007094
considered 6.006006006006006E-4 0.32059888746492277 1.9255188436331696E-4
implant 3.003003003003003E-4 3.7784916128036232 0.001134682166007094
entire 3.003003003003003E-4 1.1944940603713923 3.587069250364541E-4
changing 3.003003003003003E-4 1.6682784124570338 5.009845082453555E-4
years 3.003003003003003E-4 0.7104386776700063 2.1334494824925114E-4
pupillary 3.003003003003003E-4 2.8622008809294686 8.595197840629035E-4
number 9.009009009009009E-4 0.167573700159399 1.5096729744090001E-4
defect 3.003003003003003E-4 2.6798793241355137 8.047685658064605E-4
tetanus 3.003003003003003E-4 3.7784916128036232 0.001134682166007094
pairwise 3.003003003003003E-4 2.6798793241355137 8.047685658064605E-4
odds 3.003003003003003E-4 2.7668907011251433 8.30898108445989E-4
centers 3.003003003003003E-4 2.2744142160273495 6.830072720802851E-4
corneoscleral 3.003003003003003E-4 3.7784916128036232 0.001134682166007094
per 6.006006006006006E-4 0.7339691750802005 4.408223273754958E-4
evisceration 0.0018018018018018018 3.373026504695459 0.006077525233685512
order 3.003003003003003E-4 0.6214911916535102 1.866339914875406E-4
poorer 3.003003003003003E-4 2.456735772821304 7.377584903367279E-4
similar 3.003003003003003E-4 0.20895891632225325 6.275042532199797E-5
period 6.006006006006006E-4 0.8472978603872037 5.088876038361583E-4
ruptures 3.003003003003003E-4 4.471638793363569 0.0013428344724815521
repaired 3.003003003003003E-4 3.0853444322436783 9.265298595326361E-4
classifying 3.003003003003003E-4 2.169053700369523 6.513674775884454E-4
system 6.006006006006006E-4 0.44628710262841953 2.6804030187893064E-4
even 3.003003003003003E-4 0.377294231141468 1.1330157091335375E-4
strongly 3.003003003003003E-4 1.6990500711237875 5.102252465837199E-4
prosthesis 3.003003003003003E-4 4.0661736852554045 0.0012210731787553766
presenting 0.0024024024024024023 1.4759065198095778 0.0035457213689118984
indication 6.006006006006006E-4 2.0292917579943643 0.0012187938486452638
aid 3.003003003003003E-4 2.169053700369523 6.513674775884454E-4
authors 0.0012012012012012011 0.023122417420854212 2.7774675580605658E-5
gun 3.003003003003003E-4 4.471638793363569 0.0013428344724815521
other 0.004804804804804805 0.0408219945202552 1.961417154126376E-4
against 3.003003003003003E-4 0.9600933545325481 2.8831632268244684E-4
diagnosing 3.003003003003003E-4 3.5553480614894135 0.0010676720905373614
exclusion 3.003003003003003E-4 1.8689491079191851 5.612459783541096E-4
protection 3.003003003003003E-4 2.073743520565198 6.227458019715309E-4
portability 3.003003003003003E-4 2.9675613965872945 8.91159578554743E-4
injured 6.006006006006006E-4 3.0853444322436783 0.0018530597190652722
oculoplastics 3.003003003003003E-4 5.1647859739235145 0.0015509867789560102
potato 3.003003003003003E-4 5.1647859739235145 0.0015509867789560102
have 0.005105105105105105 0.028987536873252187 1.479844224760622E-4
electronic 3.003003003003003E-4 1.730798769438368 5.19759390221732E-4
immunosuppressive 6.006006006006006E-4 3.5553480614894135 0.002135344181074723
elucidate 3.003003003003003E-4 3.5553480614894135 0.0010676720905373614
outcome 0.0012012012012012011 1.3361445774344192 0.0016049784713926957
robust 3.003003003003003E-4 1.6682784124570338 5.009845082453555E-4
thoroughly 3.003003003003003E-4 2.5257286443082556 7.584770703628395E-4
discussed 9.009009009009009E-4 1.0216512475319812 9.204065293080912E-4
carcinoma 3.003003003003003E-4 3.7784916128036232 0.001134682166007094
requiring 0.0018018018018018018 2.120263536200091 0.003820294659819984
future 0.002102102102102102 0.48265474679929443 0.0010145895578363548
urgently 3.003003003003003E-4 4.0661736852554045 0.0012210731787553766
hemorrhage 3.003003003003003E-4 2.392197251683733 7.18377553058178E-4
measuring 3.003003003003003E-4 1.8689491079191851 5.612459783541096E-4
findings 9.009009009009009E-4 0.7459453661269161 6.72022852366591E-4
penetrating 0.0012012012012012011 2.7668907011251433 0.003323592433783956
body 6.006006006006006E-4 1.5012243277938677 9.016362329092298E-4
losses 3.003003003003003E-4 3.0853444322436783 9.265298595326361E-4
perception 0.0012012012012012011 1.3805963400052528 0.0016583739819882916
employed 3.003003003003003E-4 1.4035858582299516 4.214972547237092E-4
iatrogenic 3.003003003003003E-4 3.2188758248682006 9.666293768372975E-4
abilities 3.003003003003003E-4 3.5553480614894135 0.0010676720905373614
academic 6.006006006006006E-4 1.7635885922613586 0.0010592123677245395
whether 3.003003003003003E-4 0.5300569856938783 1.5917627198014362E-4
clinicians 0.0015015015015015015 2.2203469947570738 0.003333854346482093
closure 9.009009009009009E-4 2.120263536200091 0.001910147329909992
all 0.004204204204204204 0.017291497110061043 7.269698484710348E-5
counting 3.003003003003003E-4 2.120263536200091 6.36715776636664E-4
always 3.003003003003003E-4 1.2729656758128876 3.822719747185848E-4
including 0.0036036036036036037 0.2669461739726028 9.619681944958659E-4
tertiary 6.006006006006006E-4 2.6798793241355137 0.001609537131612921
iofbs 6.006006006006006E-4 3.5553480614894135 0.002135344181074723
less 6.006006006006006E-4 0.368995428326773 2.2161887587193572E-4
zhou 0.0012012012012012011 3.0853444322436783 0.0037061194381305443
maintaining 3.003003003003003E-4 1.906689435902032 5.725794101807904E-4
tool 6.006006006006006E-4 1.1758019273592397 7.061873437593031E-4
institutions 3.003003003003003E-4 2.392197251683733 7.18377553058178E-4
clinical 9.009009009009009E-4 0.9452782687474074 8.516020439165833E-4
complexities 3.003003003003003E-4 3.7784916128036232 0.001134682166007094
were 0.012012012012012012 0.0958817717032825 0.001151732993432823
improve 3.003003003003003E-4 0.7104386776700063 2.1334494824925114E-4
durrani 0.0012012012012012011 4.0661736852554045 0.0048842927150215066
october 0.0012012012012012011 2.0292917579943643 0.0024375876972905276
collect 3.003003003003003E-4 1.6682784124570338 5.009845082453555E-4
specialized 3.003003003003003E-4 2.456735772821304 7.377584903367279E-4
complication 3.003003003003003E-4 2.331572629867298 7.001719609211105E-4
hypopyon 3.003003003003003E-4 3.373026504695459 0.0010129208722809186
equipped 3.003003003003003E-4 3.0853444322436783 9.265298595326361E-4
elderly 3.003003003003003E-4 2.6798793241355137 8.047685658064605E-4
university 0.0015015015015015015 1.121734706088964 0.0016842863454789249
influenced 9.009009009009009E-4 1.730798769438368 0.0015592781706651965
cause 3.003003003003003E-4 1.1394342831883648 3.421724574139234E-4
technique 3.003003003003003E-4 1.1758019273592397 3.5309367187965154E-4
respective 3.003003003003003E-4 1.9459101490553132 5.843574021187127E-4
wound 0.003003003003003003 2.6798793241355137 0.008047685658064605
times 3.003003003003003E-4 0.9600933545325481 2.8831632268244684E-4
pursue 6.006006006006006E-4 3.373026504695459 0.002025841744561837
and 0.03333333333333333 0.017291497110061043 5.763832370020347E-4
chose 3.003003003003003E-4 1.906689435902032 5.725794101807904E-4
predict 0.002102102102102102 1.2729656758128876 0.002675903823030094
working 3.003003003003003E-4 1.5538680612792897 4.666270454292161E-4
department 9.009009009009009E-4 1.79749014393704 0.0016193604900333694
possibility 6.006006006006006E-4 1.252762968495368 7.524101912885094E-4
looked 3.003003003003003E-4 2.5257286443082556 7.584770703628395E-4
surgeries 6.006006006006006E-4 2.392197251683733 0.001436755106116356
rates 0.0015015015015015015 1.2329603411991883 0.0018512918036023849
performing 6.006006006006006E-4 1.5812670354674039 9.49709931211654E-4
lengthy 3.003003003003003E-4 3.7784916128036232 0.001134682166007094
specific 3.003003003003003E-4 0.40261203912575794 1.2090451625398136E-4
any 9.009009009009009E-4 0.2669461739726028 2.4049204862396648E-4
followed 6.006006006006006E-4 0.758066726659261 4.5529533132688345E-4
despite 3.003003003003003E-4 0.7221347174331975 2.168572725024617E-4
suggested 3.003003003003003E-4 1.121734706088964 3.3685726909578497E-4
risks 9.009009009009009E-4 2.073743520565198 0.0018682374059145928
until 3.003003003003003E-4 1.0376515888784226 3.11607083747274E-4
remainder 3.003003003003003E-4 2.2744142160273495 6.830072720802851E-4
reason 6.006006006006006E-4 1.0059028905638423 6.041458802185239E-4
maintain 3.003003003003003E-4 1.79749014393704 5.397868300111231E-4
discussion 3.003003003003003E-4 0.2595111954850846 7.793128993546084E-5
neoplasia 3.003003003003003E-4 5.1647859739235145 0.0015509867789560102
concern 6.006006006006006E-4 1.6384254493073527 9.84039308893305E-4
decided 6.006006006006006E-4 2.2203469947570738 0.001333541738592837
eventual 0.0015015015015015015 3.7784916128036232 0.00567341083003547
surgically 6.006006006006006E-4 3.2188758248682006 0.001933258753674595
formulation 3.003003003003003E-4 2.2203469947570738 6.667708692964185E-4
secondarily 6.006006006006006E-4 5.1647859739235145 0.0031019735579120205
defined 6.006006006006006E-4 0.5300569856938783 3.1835254396028723E-4
discussing 3.003003003003003E-4 2.073743520565198 6.227458019715309E-4
using 6.006006006006006E-4 0.083381608939051 5.0079044407838436E-5
containing 3.003003003003003E-4 1.4759065198095778 4.432151711139873E-4
investigating 6.006006006006006E-4 2.0292917579943643 0.0012187938486452638
completed 3.003003003003003E-4 2.169053700369523 6.513674775884454E-4
males 3.003003003003003E-4 2.2203469947570738 6.667708692964185E-4
eye 0.004804804804804805 1.5012243277938677 0.0072130898632738385
univariate 0.0015015015015015015 2.8622008809294686 0.004297598920314517
maxillary 3.003003003003003E-4 4.471638793363569 0.0013428344724815521
prolapse 0.0018018018018018018 4.0661736852554045 0.00732643907253226
formulating 3.003003003003003E-4 3.2188758248682006 9.666293768372975E-4
comparisons 3.003003003003003E-4 1.9867321435755685 5.966162593320025E-4
difference 3.003003003003003E-4 0.6004377824556778 1.803116463830864E-4
must 6.006006006006006E-4 1.0376515888784226 6.23214167494548E-4
populations 3.003003003003003E-4 2.331572629867298 7.001719609211105E-4
predictors 3.003003003003003E-4 2.2203469947570738 6.667708692964185E-4
increased 0.002102102102102102 0.4919571394616079 0.001034144137006383
two 0.0015015015015015015 0.11492996667397702 1.7256751752849403E-4
worth 3.003003003003003E-4 1.8325814637483102 5.503247638883814E-4
found 0.003003003003003003 0.27443684570176036 8.241346717770582E-4
varying 3.003003003003003E-4 2.073743520565198 6.227458019715309E-4
are 0.008408408408408409 0.028987536873252187 2.437390487841025E-4
reported 9.009009009009009E-4 0.5300569856938783 4.775288159404309E-4
where 3.003003003003003E-4 0.32850406697203605 9.864986996157238E-5
expectations 3.003003003003003E-4 2.120263536200091 6.36715776636664E-4
mechanism 0.0012012012012012011 1.4512139072192063 0.001743199888551599
zacks 0.0012012012012012011 3.7784916128036232 0.004538728664028376
participate 3.003003003003003E-4 2.169053700369523 6.513674775884454E-4
complications 6.006006006006006E-4 1.9459101490553132 0.0011687148042374253
black 3.003003003003003E-4 2.392197251683733 7.18377553058178E-4
team 6.006006006006006E-4 2.073743520565198 0.0012454916039430618
declaration 3.003003003003003E-4 1.79749014393704 5.397868300111231E-4
describes 3.003003003003003E-4 1.5012243277938677 4.508181164546149E-4
call 3.003003003003003E-4 2.392197251683733 7.18377553058178E-4
consensus 3.003003003003003E-4 2.073743520565198 6.227458019715309E-4
such 0.0012012012012012011 0.10219094089654716 1.227518809568134E-4
nlp 6.006006006006006E-4 0.41119578281714936 2.46964434124414E-4
ppv 3.003003003003003E-4 2.456735772821304 7.377584903367279E-4
describe 3.003003003003003E-4 1.0216512475319812 3.068021764360304E-4
chart 6.006006006006006E-4 1.8325814637483102 0.0011006495277767628
supported 3.003003003003003E-4 1.79749014393704 5.397868300111231E-4
insurance 3.003003003003003E-4 2.2744142160273495 6.830072720802851E-4
through 3.003003003003003E-4 0.2595111954850846 7.793128993546084E-5
medical 0.002102102102102102 0.9600933545325481 0.002018214258777128
lifetime 3.003003003003003E-4 3.7784916128036232 0.001134682166007094
developing 3.003003003003003E-4 1.157452788691043 3.4758342002734027E-4
had 0.005405405405405406 0.32059888746492277 0.0017329669592698529
research 3.003003003003003E-4 0.41119578281714936 1.23482217062207E-4
uninjured 3.003003003003003E-4 5.1647859739235145 0.0015509867789560102
continue 3.003003003003003E-4 2.2203469947570738 6.667708692964185E-4
segment 3.003003003003003E-4 2.120263536200091 6.36715776636664E-4
bias 3.003003003003003E-4 1.5271998141971284 4.5861856282196047E-4
has 0.0018018018018018018 0.05279818556697083 9.513186588643393E-5
results 3.003003003003003E-4 0.08961215868968714 2.6910558165071212E-5
those 3.003003003003003E-4 0.3364722366212129 1.0104271370006393E-4
bifermentans 3.003003003003003E-4 4.471638793363569 0.0013428344724815521
wounds 3.003003003003003E-4 4.0661736852554045 0.0012210731787553766
insufficient 3.003003003003003E-4 2.073743520565198 6.227458019715309E-4
weight 3.003003003003003E-4 1.3361445774344192 4.012446178481739E-4
significant 0.0024024024024024023 0.377294231141468 9.0641256730683E-4
develop 6.006006006006006E-4 1.157452788691043 6.951668400546805E-4
imaging 3.003003003003003E-4 2.331572629867298 7.001719609211105E-4
difficulty 3.003003003003003E-4 1.6990500711237875 5.102252465837199E-4
longer 3.003003003003003E-4 1.1758019273592397 3.5309367187965154E-4
institutional 3.003003003003003E-4 1.3361445774344192 4.012446178481739E-4
median 3.003003003003003E-4 1.79749014393704 5.397868300111231E-4
converted 3.003003003003003E-4 1.5538680612792897 4.666270454292161E-4
gunshot 6.006006006006006E-4 4.471638793363569 0.0026856689449631043
pathologies 3.003003003003003E-4 3.373026504695459 0.0010129208722809186
overall 9.009009009009009E-4 0.7339691750802005 6.612334910632438E-4
leaving 3.003003003003003E-4 2.5257286443082556 7.584770703628395E-4
benefits 6.006006006006006E-4 1.6384254493073527 9.84039308893305E-4
next 3.003003003003003E-4 0.8080771472339223 2.4266580998015685E-4
blind 9.009009009009009E-4 3.373026504695459 0.003038762616842756
hidden 3.003003003003003E-4 1.730798769438368 5.19759390221732E-4
surroundings 3.003003003003003E-4 4.0661736852554045 0.0012210731787553766
conclusion 3.003003003003003E-4 0.653926467406664 1.9637431453653573E-4
durable 3.003003003003003E-4 5.1647859739235145 0.0015509867789560102
not 0.0036036036036036037 0.03488725900044054 1.257198522538398E-4
avi 0.0012012012012012011 5.1647859739235145 0.006203947115824041
supporting 3.003003003003003E-4 1.9867321435755685 5.966162593320025E-4
painful 9.009009009009009E-4 3.2188758248682006 0.0028998881305118923
factor 0.002102102102102102 0.7703368192510752 0.0016193266470743324
early 3.003003003003003E-4 0.8340526336371831 2.504662563475024E-4
severity 3.003003003003003E-4 2.0292917579943643 6.093969243226319E-4
hours 0.0012012012012012011 1.6682784124570338 0.002003938032981422
pain 0.0012012012012012011 2.120263536200091 0.002546863106546656
adherent 3.003003003003003E-4 3.5553480614894135 0.0010676720905373614
suspicion 3.003003003003003E-4 3.5553480614894135 0.0010676720905373614
center 6.006006006006006E-4 1.8325814637483102 0.0011006495277767628
was 0.016216216216216217 0.058840500022933395 9.541702706421633E-4
yet 3.003003003003003E-4 1.4271163556401458 4.2856347016220596E-4
bone 3.003003003003003E-4 3.7784916128036232 0.001134682166007094
manage 3.003003003003003E-4 2.0292917579943643 6.093969243226319E-4
logistic 0.0012012012012012011 1.8689491079191851 0.0022449839134164383
refer 3.003003003003003E-4 1.6682784124570338 5.009845082453555E-4
timely 3.003003003003003E-4 2.6798793241355137 8.047685658064605E-4
initially 6.006006006006006E-4 1.6990500711237875 0.0010204504931674398
risk 0.012912912912912912 0.8209805520698303 0.010601250372072884
time 0.005705705705705706 0.20194134366360675 0.0011522178767593178
play 3.003003003003003E-4 1.2729656758128876 3.822719747185848E-4
measured 6.006006006006006E-4 1.0704414117014134 6.429077547756236E-4
modeling 3.003003003003003E-4 2.169053700369523 6.513674775884454E-4
criteria 0.0012012012012012011 1.121734706088964 0.0013474290763831399
decide 3.003003003003003E-4 2.5257286443082556 7.584770703628395E-4
tissue 0.0012012012012012011 2.120263536200091 0.002546863106546656
collected 0.0012012012012012011 0.8340526336371831 0.0010018650253900095
when 0.002702702702702703 0.14750613710858965 3.986652354286207E-4
three 3.003003003003003E-4 0.22314355131420976 6.701007546973266E-5
required 0.0018018018018018018 0.5900749954201312 0.0010631981899461823
identified 0.0015015015015015015 0.6321864807702582 9.492289501054927E-4
her 9.009009009009009E-4 2.073743520565198 0.0018682374059145928
options 6.006006006006006E-4 2.0292917579943643 0.0012187938486452638
greater 0.0012012012012012011 0.8743265327751228 0.001050242081411559
case 3.003003003003003E-4 0.38566248081198473 1.1581455880239781E-4
identifies 3.003003003003003E-4 2.0292917579943643 6.093969243226319E-4
counsel 6.006006006006006E-4 4.0661736852554045 0.0024421463575107533
having 3.003003003003003E-4 0.8340526336371831 2.504662563475024E-4
probability 3.003003003003003E-4 1.4271163556401458 4.2856347016220596E-4
ophthalmia 0.003903903903903904 3.7784916128036232 0.014750868158092222
utilizes 3.003003003003003E-4 2.5998366164619773 7.807317166552484E-4
metallic 3.003003003003003E-4 3.373026504695459 0.0010129208722809186
provide 3.003003003003003E-4 0.44628710262841953 1.3402015093946532E-4
light 0.0015015015015015015 1.2729656758128876 0.0019113598735929242
consultation 3.003003003003003E-4 3.5553480614894135 0.0010676720905373614
antibiotics 9.009009009009009E-4 2.2744142160273495 0.0020490218162408556
care 0.0018018018018018018 1.1758019273592397 0.0021185620312779096
primary 0.006606606606606606 0.9306794693262548 0.006148633130683965
keratoplasty 3.003003003003003E-4 4.0661736852554045 0.0012210731787553766
damage 9.009009009009009E-4 1.8325814637483102 0.0016509742916651444
study 0.0045045045045045045 0.15415067982725836 6.94372431654317E-4
computed 3.003003003003003E-4 1.730798769438368 5.19759390221732E-4
logarithm 3.003003003003003E-4 3.0853444322436783 9.265298595326361E-4
methods 3.003003003003003E-4 0.20194134366360675 6.064304614522725E-5
differences 3.003003003003003E-4 0.7953381214564925 2.388402767136614E-4
confirmed 3.003003003003003E-4 1.252762968495368 3.762050956442547E-4
unknown 9.009009009009009E-4 1.79749014393704 0.0016193604900333694
low 3.003003003003003E-4 0.6761496041913742 2.0304792918659885E-4
ophthalmic 6.006006006006006E-4 2.169053700369523 0.0013027349551768908
tomography 3.003003003003003E-4 2.5257286443082556 7.584770703628395E-4
consenting 3.003003003003003E-4 5.1647859739235145 0.0015509867789560102
emergent 3.003003003003003E-4 3.2188758248682006 9.666293768372975E-4
physician 3.003003003003003E-4 2.2744142160273495 6.830072720802851E-4
consult 3.003003003003003E-4 3.5553480614894135 0.0010676720905373614
means 3.003003003003003E-4 0.6988778552689304 2.098732298104896E-4
initial 0.0018018018018018018 0.6988778552689304 0.0012592393788629377
more 0.0015015015015015015 0.05279818556697083 7.92765549053616E-5
csvdisplay 0.0012012012012012011 0.2669461739726028 3.206560648319553E-4
consistent 0.0015015015015015015 0.9306794693262548 0.001397416620609992
performed 0.0018018018018018018 0.4643056081310978 8.365866813172933E-4
january 6.006006006006006E-4 1.3581234841531944 8.156897802721887E-4
incidence 3.003003003003003E-4 1.6384254493073527 4.920196544466525E-4
projectile 3.003003003003003E-4 4.0661736852554045 0.0012210731787553766
board 3.003003003003003E-4 1.4512139072192063 4.3579997213789975E-4
small 3.003003003003003E-4 0.6214911916535102 1.866339914875406E-4
before 3.003003003003003E-4 0.5203950747821414 1.562747972318743E-4
used 0.0018018018018018018 0.07103577311675174 1.279923839941473E-4
experience 0.0012012012012012011 1.2135422553420867 0.0014577084148253293
influence 6.006006006006006E-4 0.9306794693262548 5.589666482439968E-4
protocol 6.006006006006006E-4 1.730798769438368 0.001039518780443464
his 3.003003003003003E-4 1.6384254493073527 4.920196544466525E-4
zone 0.0075075075075075074 2.2744142160273495 0.01707518180200713
presented 0.0018018018018018018 0.4373981552111735 7.881047841642766E-4
consider 3.003003003003003E-4 0.8080771472339223 2.4266580998015685E-4
potential 0.0018018018018018018 0.44628710262841953 8.04120905636792E-4
day 3.003003003003003E-4 1.4271163556401458 4.2856347016220596E-4
necessitate 3.003003003003003E-4 4.0661736852554045 0.0012210731787553766
enucleated 0.003003003003003003 3.5553480614894135 0.010676720905373614
combination 3.003003003003003E-4 0.758066726659261 2.2764766566344172E-4
group 3.003003003003003E-4 0.6321864807702582 1.8984579002109854E-4
timing 9.009009009009009E-4 2.331572629867298 0.0021005158827633315
phthisis 3.003003003003003E-4 3.2188758248682006 9.666293768372975E-4
tree 3.003003003003003E-4 1.7635885922613586 5.296061838622698E-4
particular 6.006006006006006E-4 1.0704414117014134 6.429077547756236E-4
history 3.003003003003003E-4 1.2729656758128876 3.822719747185848E-4
done 3.003003003003003E-4 0.9452782687474074 2.838673479721944E-4
projectiles 6.006006006006006E-4 5.1647859739235145 0.0031019735579120205
both 0.0015015015015015015 0.13434805253107854 2.0172380259921702E-4
most 0.0036036036036036037 0.0771896386911299 2.7816086014821584E-4
yunshu 0.0012012012012012011 4.471638793363569 0.005371337889926209
important 3.003003003003003E-4 0.2669461739726028 8.016401620798882E-5
repairs 9.009009009009009E-4 3.7784916128036232 0.003404046498021282
transfer 3.003003003003003E-4 1.906689435902032 5.725794101807904E-4
refers 6.006006006006006E-4 1.5271998141971284 9.172371256439209E-4
outside 3.003003003003003E-4 1.4035858582299516 4.214972547237092E-4
effect 3.003003003003003E-4 0.758066726659261 2.2764766566344172E-4
repairing 6.006006006006006E-4 5.1647859739235145 0.0031019735579120205
who 0.0018018018018018018 0.44628710262841953 8.04120905636792E-4
request 3.003003003003003E-4 2.6798793241355137 8.047685658064605E-4
classify 3.003003003003003E-4 1.5271998141971284 4.5861856282196047E-4
largest 3.003003003003003E-4 1.6094379124341003 4.8331468841864873E-4
pars 6.006006006006006E-4 2.2744142160273495 0.0013660145441605701
determines 3.003003003003003E-4 2.169053700369523 6.513674775884454E-4
values 3.003003003003003E-4 0.5900749954201312 1.771996983243637E-4
their 0.0075075075075075074 0.12136085700426753 9.111175450770835E-4
investigations 3.003003003003003E-4 2.456735772821304 7.377584903367279E-4
point 6.006006006006006E-4 0.7703368192510752 4.6266475630695207E-4
general 6.006006006006006E-4 0.4734380916943703 2.84347202218841E-4
highlight 3.003003003003003E-4 1.6094379124341003 4.8331468841864873E-4
candidate 3.003003003003003E-4 2.331572629867298 7.001719609211105E-4
alone 3.003003003003003E-4 1.730798769438368 5.19759390221732E-4
intravenous 6.006006006006006E-4 2.6798793241355137 0.001609537131612921
along 3.003003003003003E-4 1.2135422553420867 3.644271037063323E-4
patient 0.005405405405405406 0.9751312318970885 0.005270979631876154
visually 9.009009009009009E-4 2.9675613965872945 0.002673478735664229
david 0.0024024024024024023 2.2744142160273495 0.005464058176642281
hospital 0.0018018018018018018 1.4512139072192063 0.0026147998328273987
mentioned 6.006006006006006E-4 1.0376515888784226 6.23214167494548E-4
designed 3.003003003003003E-4 1.0872485300177945 3.2650106006540375E-4
introduction 3.003003003003003E-4 0.10219094089654716 3.068797023920335E-5
process 3.003003003003003E-4 0.5013468798114469 1.5055461856199604E-4
sas 3.003003003003003E-4 3.373026504695459 0.0010129208722809186
clear 3.003003003003003E-4 1.0704414117014134 3.214538773878118E-4
also 0.0024024024024024023 0.05279818556697083 1.2684248784857857E-4
enough 6.006006006006006E-4 1.4512139072192063 8.715999442757995E-4
heavily 6.006006006006006E-4 2.0292917579943643 0.0012187938486452638
increase 3.003003003003003E-4 0.5013468798114469 1.5055461856199604E-4
sinus 3.003003003003003E-4 3.7784916128036232 0.001134682166007094
listed 9.009009009009009E-4 1.8689491079191851 0.001683737935062329
favor 3.003003003003003E-4 3.7784916128036232 0.001134682166007094
various 3.003003003003003E-4 0.5798184952529422 1.7411966824412676E-4
mean 9.009009009009009E-4 0.6214911916535102 5.599019744626218E-4
asad 0.0012012012012012011 4.0661736852554045 0.0048842927150215066
clinic 3.003003003003003E-4 2.5998366164619773 7.807317166552484E-4
further 6.006006006006006E-4 0.27443684570176036 1.6482693435541161E-4
extent 9.009009009009009E-4 1.3805963400052528 0.0012437804864912187
equivalent 6.006006006006006E-4 1.7635885922613586 0.0010592123677245395
been 0.0015015015015015015 0.05279818556697083 7.92765549053616E-5
regaining 3.003003003003003E-4 5.1647859739235145 0.0015509867789560102
plana 6.006006006006006E-4 2.2744142160273495 0.0013660145441605701
reflected 3.003003003003003E-4 1.9459101490553132 5.843574021187127E-4
extracted 6.006006006006006E-4 1.0704414117014134 6.429077547756236E-4
intraoperative 6.006006006006006E-4 2.8622008809294686 0.001719039568125807
evaluation 9.009009009009009E-4 0.7953381214564925 7.165208301409843E-4
record 3.003003003003003E-4 1.8689491079191851 5.612459783541096E-4
vitreous 9.009009009009009E-4 1.906689435902032 0.0017177382305423713
evaluated 3.003003003003003E-4 0.9600933545325481 2.8831632268244684E-4
limitations 6.006006006006006E-4 0.9162907318741551 5.503247638883814E-4
preference 0.0012012012012012011 2.169053700369523 0.0026054699103537815
impact 6.006006006006006E-4 0.7827593392496325 4.7012572927905853E-4
documentation 3.003003003003003E-4 2.392197251683733 7.18377553058178E-4
july 6.006006006006006E-4 2.331572629867298 0.001400343921842221
posterior 9.009009009009009E-4 1.8325814637483102 0.0016509742916651444
population 6.006006006006006E-4 0.9751312318970885 5.856644035417949E-4
globe 0.013213213213213212 2.2203469947570738 0.029337918249042413
delay 6.006006006006006E-4 2.2744142160273495 0.0013660145441605701
finer 3.003003003003003E-4 3.5553480614894135 0.0010676720905373614
looking 3.003003003003003E-4 1.6990500711237875 5.102252465837199E-4
consideration 3.003003003003003E-4 1.5812670354674039 4.74854965605827E-4
evaluating 3.003003003003003E-4 1.4512139072192063 4.3579997213789975E-4
relative 3.003003003003003E-4 1.0539121097502027 3.164901230481089E-4
average 3.003003003003003E-4 0.7459453661269161 2.2400761745553033E-4
treatment 0.0012012012012012011 0.9452782687474074 0.0011354693918887776
bodies 6.006006006006006E-4 2.7668907011251433 0.001661796216891978
equivalents 3.003003003003003E-4 3.2188758248682006 9.666293768372975E-4
eyes 0.009009009009009009 1.6990500711237875 0.015306757397511599
intraocular 9.009009009009009E-4 1.6990500711237875 0.0015306757397511599
anterior 3.003003003003003E-4 1.906689435902032 5.725794101807904E-4
anesthesia 3.003003003003003E-4 3.0853444322436783 9.265298595326361E-4
timeframe 3.003003003003003E-4 3.7784916128036232 0.001134682166007094
see 3.003003003003003E-4 1.0376515888784226 3.11607083747274E-4
involvement 3.003003003003003E-4 2.2744142160273495 6.830072720802851E-4
peter 0.0012012012012012011 2.8622008809294686 0.003438079136251614
rapd 6.006006006006006E-4 4.0661736852554045 0.0024421463575107533
subsequent 6.006006006006006E-4 1.3581234841531944 8.156897802721887E-4
consisted 6.006006006006006E-4 1.8325814637483102 0.0011006495277767628
compared 0.0012012012012012011 0.2669461739726028 3.206560648319553E-4
keeping 3.003003003003003E-4 2.456735772821304 7.377584903367279E-4
procedure 9.009009009009009E-4 1.1394342831883648 0.0010265173722417702
practices 3.003003003003003E-4 1.79749014393704 5.397868300111231E-4
complicated 3.003003003003003E-4 1.8325814637483102 5.503247638883814E-4
under 3.003003003003003E-4 0.7459453661269161 2.2400761745553033E-4
did 0.0018018018018018018 0.5108256237659907 9.204065293080914E-4
added 3.003003003003003E-4 1.1758019273592397 3.5309367187965154E-4
emergency 6.006006006006006E-4 2.0292917579943643 0.0012187938486452638
residual 3.003003003003003E-4 2.5257286443082556 7.584770703628395E-4
developed 0.0012012012012012011 0.48265474679929443 5.79765461620774E-4
recommendations 3.003003003003003E-4 2.0292917579943643 6.093969243226319E-4
faculty 3.003003003003003E-4 2.9675613965872945 8.91159578554743E-4
differentiate 3.003003003003003E-4 2.6798793241355137 8.047685658064605E-4
prior 6.006006006006006E-4 0.8209805520698303 4.930814126545527E-4
rare 3.003003003003003E-4 1.906689435902032 5.725794101807904E-4
surgical 0.0018018018018018018 1.6384254493073527 0.002952117926679915
prospective 3.003003003003003E-4 2.120263536200091 6.36715776636664E-4
detachment 6.006006006006006E-4 2.2744142160273495 0.0013660145441605701
which 0.0045045045045045045 0.023122417420854212 1.0415503342727123E-4
commonly 3.003003003003003E-4 1.0216512475319812 3.068021764360304E-4
typically 3.003003003003003E-4 1.1394342831883648 3.421724574139234E-4
patterns 3.003003003003003E-4 1.3146383722134554 3.947862979619986E-4
count 3.003003003003003E-4 1.6990500711237875 5.102252465837199E-4
zones 3.003003003003003E-4 2.7668907011251433 8.30898108445989E-4
regarding 0.0024024024024024023 0.758066726659261 0.0018211813253075338
vision 0.002102102102102102 1.4271163556401458 0.0029999442911354418
she 6.006006006006006E-4 2.2744142160273495 0.0013660145441605701
take 3.003003003003003E-4 0.8743265327751228 2.6256052035288974E-4
huvard 0.0012012012012012011 5.1647859739235145 0.006203947115824041
immediate 9.009009009009009E-4 2.073743520565198 0.0018682374059145928
final 9.009009009009009E-4 0.6988778552689304 6.296196894314688E-4
however 6.006006006006006E-4 1.9459101490553132 0.0011687148042374253
some 6.006006006006006E-4 0.2160260835453457 1.2974539552273014E-4
opted 3.003003003003003E-4 3.373026504695459 0.0010129208722809186
rather 3.003003003003003E-4 0.758066726659261 2.2764766566344172E-4
importance 6.006006006006006E-4 0.9600933545325481 5.766326453648937E-4
additional 9.009009009009009E-4 0.5300569856938783 4.775288159404309E-4
for 0.024924924924924926 0.017291497110061043 4.3098926730782784E-4
cohort 0.003003003003003003 2.0292917579943643 0.00609396924322632
exhibits 3.003003003003003E-4 3.5553480614894135 0.0010676720905373614
primarily 3.003003003003003E-4 1.4512139072192063 4.3579997213789975E-4
states 6.006006006006006E-4 1.293584963015623 7.769279057150889E-4
waived 3.003003003003003E-4 5.1647859739235145 0.0015509867789560102
traumatic 3.003003003003003E-4 2.5257286443082556 7.584770703628395E-4
signs 3.003003003003003E-4 2.073743520565198 6.227458019715309E-4
related 9.009009009009009E-4 0.27443684570176036 2.4724040153311744E-4
rate 6.006006006006006E-4 0.7221347174331975 4.337145450049234E-4
highlighting 3.003003003003003E-4 2.2203469947570738 6.667708692964185E-4
over 0.0015015015015015015 0.3364722366212129 5.052135685003196E-4
length 9.009009009009009E-4 1.2329603411991883 0.001110775082161431
statistically 9.009009009009009E-4 1.1758019273592397 0.0010592810156389548
considerations 3.003003003003003E-4 2.392197251683733 7.18377553058178E-4
michael 0.0012012012012012011 2.7668907011251433 0.003323592433783956
retained 3.003003003003003E-4 3.2188758248682006 9.666293768372975E-4
although 6.006006006006006E-4 0.4285875255290187 2.5740992524265387E-4
material 3.003003003003003E-4 1.6384254493073527 4.920196544466525E-4
management 0.002702702702702703 0.9452782687474074 0.0025548061317497497
regression 9.009009009009009E-4 1.3805963400052528 0.0012437804864912187
avoid 6.006006006006006E-4 1.252762968495368 7.524101912885094E-4
significantly 6.006006006006006E-4 0.5900749954201312 3.543993966487274E-4
subset 6.006006006006006E-4 1.6990500711237875 0.0010204504931674398
presents 3.003003003003003E-4 1.1394342831883648 3.421724574139234E-4
logmar 9.009009009009009E-4 2.331572629867298 0.0021005158827633315
practice 6.006006006006006E-4 1.2729656758128876 7.645439494371696E-4
cornea 3.003003003003003E-4 2.7668907011251433 8.30898108445989E-4
attempt 6.006006006006006E-4 1.6682784124570338 0.001001969016490711
soon 3.003003003003003E-4 2.9675613965872945 8.91159578554743E-4
improved 3.003003003003003E-4 0.8607208807193443 2.58474738954758E-4
striking 3.003003003003003E-4 3.5553480614894135 0.0010676720905373614
impaired 3.003003003003003E-4 2.8622008809294686 8.595197840629035E-4
advances 3.003003003003003E-4 2.169053700369523 6.513674775884454E-4
model 0.0015015015015015015 0.48265474679929443 7.247068270259677E-4
majority 0.0012012012012012011 0.9452782687474074 0.0011354693918887776
usually 3.003003003003003E-4 0.9600933545325481 2.8831632268244684E-4
join 3.003003003003003E-4 3.7784916128036232 0.001134682166007094
letters 3.003003003003003E-4 2.5998366164619773 7.807317166552484E-4
counseled 6.006006006006006E-4 5.1647859739235145 0.0031019735579120205
likely 3.003003003003003E-4 0.5798184952529422 1.7411966824412676E-4
underwent 0.0015015015015015015 1.730798769438368 0.0025987969511086606
large 9.009009009009009E-4 0.34450440831847723 3.10364331818448E-4
surface 3.003003003003003E-4 2.073743520565198 6.227458019715309E-4
lower 3.003003003003003E-4 0.5300569856938783 1.5917627198014362E-4
classified 3.003003003003003E-4 1.2135422553420867 3.644271037063323E-4
being 6.006006006006006E-4 0.48265474679929443 2.89882730810387E-4
classification 3.003003003003003E-4 0.9751312318970885 2.9283220177089744E-4
operative 6.006006006006006E-4 2.6798793241355137 0.001609537131612921
removing 3.003003003003003E-4 1.79749014393704 5.397868300111231E-4
ogis 0.0024024024024024023 3.7784916128036232 0.009077457328056752
ophthalmologists 3.003003003003003E-4 3.2188758248682006 9.666293768372975E-4
interval 3.003003003003003E-4 1.79749014393704 5.397868300111231E-4
evaluate 3.003003003003003E-4 0.758066726659261 2.2764766566344172E-4
begin 3.003003003003003E-4 2.5998366164619773 7.807317166552484E-4
diagnosed 3.003003003003003E-4 1.6990500711237875 5.102252465837199E-4
status 3.003003003003003E-4 1.3805963400052528 4.145934954970729E-4
recommending 3.003003003003003E-4 3.7784916128036232 0.001134682166007094
retinal 9.009009009009009E-4 1.730798769438368 0.0015592781706651965
serves 3.003003003003003E-4 2.2203469947570738 6.667708692964185E-4
deliver 3.003003003003003E-4 2.8622008809294686 8.595197840629035E-4
clostridium 3.003003003003003E-4 4.0661736852554045 0.0012210731787553766
operated 3.003003003003003E-4 2.9675613965872945 8.91159578554743E-4
eventually 6.006006006006006E-4 2.073743520565198 0.0012454916039430618
preoperative 6.006006006006006E-4 2.2744142160273495 0.0013660145441605701
literature 3.003003003003003E-4 0.9306794693262548 2.794833241219984E-4
inflammation 3.003003003003003E-4 2.120263536200091 6.36715776636664E-4
member 3.003003003003003E-4 2.5998366164619773 7.807317166552484E-4
angle 3.003003003003003E-4 2.392197251683733 7.18377553058178E-4
ability 3.003003003003003E-4 0.8881198549074587 2.6670265913136896E-4
vitreoretinal 6.006006006006006E-4 2.5257286443082556 0.001516954140725679
table 0.002702702702702703 0.18805223150293962 5.082492743322693E-4
predicting 3.003003003003003E-4 2.169053700369523 6.513674775884454E-4
counseling 0.002102102102102102 4.0661736852554045 0.008547512251287637
may 0.005105105105105105 0.15415067982725836 7.869554225415591E-4
within 0.0024024024024024023 0.3127557100038969 7.51365069078431E-4
seemed 3.003003003003003E-4 2.2744142160273495 6.830072720802851E-4
health 3.003003003003003E-4 0.990398704027877 2.974170282365997E-4
willingness 3.003003003003003E-4 3.2188758248682006 9.666293768372975E-4
gathered 3.003003003003003E-4 2.120263536200091 6.36715776636664E-4
phthisical 3.003003003003003E-4 5.1647859739235145 0.0015509867789560102
eyedrops 3.003003003003003E-4 5.1647859739235145 0.0015509867789560102
generally 6.006006006006006E-4 0.9021060968821986 5.41805463592912E-4
wooden 3.003003003003003E-4 4.0661736852554045 0.0012210731787553766
able 6.006006006006006E-4 0.7703368192510752 4.6266475630695207E-4
report 3.003003003003003E-4 1.0059028905638423 3.0207294010926194E-4
complete 3.003003003003003E-4 0.9600933545325481 2.8831632268244684E-4
improvements 3.003003003003003E-4 1.6990500711237875 5.102252465837199E-4
topical 3.003003003003003E-4 2.6798793241355137 8.047685658064605E-4
concerned 3.003003003003003E-4 2.2744142160273495 6.830072720802851E-4
use 3.003003003003003E-4 0.20895891632225325 6.275042532199797E-5
several 0.003303303303303303 0.3526016185510966 0.0011647500913099288
main 6.006006006006006E-4 0.6004377824556778 3.606232927661728E-4
serve 3.003003003003003E-4 1.730798769438368 5.19759390221732E-4
while 9.009009009009009E-4 0.20895891632225325 1.882512759659939E-4
second 3.003003003003003E-4 0.4643056081310978 1.394311135528822E-4
ogi 0.011411411411411412 3.5553480614894135 0.04057153944041973
that 0.018618618618618618 0.017291497110061043 3.2194379003717255E-4
download 0.0012012012012012011 0.2595111954850846 3.1172515974184334E-4
high 3.003003003003003E-4 0.2521310881874621 7.571504149773636E-5
than 0.003003003003003003 0.058840500022933395 1.7669819826706724E-4
continuous 3.003003003003003E-4 1.1758019273592397 3.5309367187965154E-4
documented 3.003003003003003E-4 1.730798769438368 5.19759390221732E-4
backward 3.003003003003003E-4 2.5257286443082556 7.584770703628395E-4
administered 6.006006006006006E-4 2.331572629867298 0.001400343921842221
different 3.003003003003003E-4 0.18805223150293962 5.6472141592474356E-5
chronic 3.003003003003003E-4 1.8325814637483102 5.503247638883814E-4
regardless 9.009009009009009E-4 1.79749014393704 0.0016193604900333694
oxygen 3.003003003003003E-4 3.0853444322436783 9.265298595326361E-4
selected 3.003003003003003E-4 0.758066726659261 2.2764766566344172E-4
enucleations 9.009009009009009E-4 4.0661736852554045 0.00366321953626613
oculoplastic 3.003003003003003E-4 4.0661736852554045 0.0012210731787553766
months 3.003003003003003E-4 1.3146383722134554 3.947862979619986E-4
disruption 3.003003003003003E-4 2.7668907011251433 8.30898108445989E-4
level 6.006006006006006E-4 0.5798184952529422 3.482393364882535E-4
diagnosis 0.0012012012012012011 1.4512139072192063 0.001743199888551599
includes 9.009009009009009E-4 0.8472978603872037 7.633314057542375E-4
chosen 3.003003003003003E-4 1.252762968495368 3.762050956442547E-4
undergone 3.003003003003003E-4 2.8622008809294686 8.595197840629035E-4
keratitis 3.003003003003003E-4 3.7784916128036232 0.001134682166007094
strengths 3.003003003003003E-4 2.331572629867298 7.001719609211105E-4
devastating 0.0012012012012012011 2.9675613965872945 0.003564638314218972
present 0.0015015015015015015 0.38566248081198473 5.790727940119891E-4
since 3.003003003003003E-4 0.377294231141468 1.1330157091335375E-4
behind 9.009009009009009E-4 1.6682784124570338 0.0015029535247360665
careful 3.003003003003003E-4 2.6798793241355137 8.047685658064605E-4
scleral 6.006006006006006E-4 2.5257286443082556 0.001516954140725679
appears 3.003003003003003E-4 1.4271163556401458 4.2856347016220596E-4
best 3.003003003003003E-4 0.6988778552689304 2.098732298104896E-4
investigate 3.003003003003003E-4 0.9600933545325481 2.8831632268244684E-4
prophylaxis 0.002102102102102102 3.5553480614894135 0.0074737046337615305
pursued 3.003003003003003E-4 4.0661736852554045 0.0012210731787553766
magnitude 3.003003003003003E-4 2.073743520565198 6.227458019715309E-4
viable 6.006006006006006E-4 2.7668907011251433 0.001661796216891978
included 0.0015015015015015015 0.41985384556026406 6.30411179519916E-4
met 6.006006006006006E-4 1.906689435902032 0.0011451588203615808
experienced 3.003003003003003E-4 1.6094379124341003 4.8331468841864873E-4
highly 3.003003003003003E-4 0.9162907318741551 2.751623819441907E-4
allows 3.003003003003003E-4 1.2135422553420867 3.644271037063323E-4
opposed 3.003003003003003E-4 2.6798793241355137 8.047685658064605E-4
immune 3.003003003003003E-4 2.392197251683733 7.18377553058178E-4
chance 3.003003003003003E-4 2.2744142160273495 6.830072720802851E-4
determine 3.003003003003003E-4 0.7221347174331975 2.168572725024617E-4
enucleate 6.006006006006006E-4 5.1647859739235145 0.0031019735579120205
due 0.005105105105105105 0.20895891632225325 0.0010667572304739654
radiation 3.003003003003003E-4 3.373026504695459 0.0010129208722809186
compliant 3.003003003003003E-4 3.5553480614894135 0.0010676720905373614
simplify 3.003003003003003E-4 2.8622008809294686 8.595197840629035E-4
indications 6.006006006006006E-4 2.9675613965872945 0.001782319157109486
inform 3.003003003003003E-4 2.7668907011251433 8.30898108445989E-4
orbital 3.003003003003003E-4 2.5998366164619773 7.807317166552484E-4
intentional 6.006006006006006E-4 3.2188758248682006 0.001933258753674595
about 0.0018018018018018018 0.377294231141468 6.798094254801225E-4
reflect 3.003003003003003E-4 1.252762968495368 3.762050956442547E-4
encouraged 3.003003003003003E-4 2.7668907011251433 8.30898108445989E-4
estimate 3.003003003003003E-4 1.5812670354674039 4.74854965605827E-4
injury 0.0075075075075075074 1.9867321435755685 0.014915406483300064
recent 3.003003003003003E-4 0.5596157879354227 1.680527891697966E-4
released 3.003003003003003E-4 2.2203469947570738 6.667708692964185E-4
they 9.009009009009009E-4 0.167573700159399 1.5096729744090001E-4
inadequate 3.003003003003003E-4 2.392197251683733 7.18377553058178E-4
based 3.003003003003003E-4 0.18805223150293962 5.6472141592474356E-5
grouped 3.003003003003003E-4 1.9459101490553132 5.843574021187127E-4
blindness 3.003003003003003E-4 2.8622008809294686 8.595197840629035E-4
them 9.009009009009009E-4 0.5696661237889241 5.132127241341659E-4
then 0.0018018018018018018 0.4285875255290187 7.722297757279616E-4
remaining 0.002102102102102102 1.293584963015623 0.002719247670002811
benefit 6.006006006006006E-4 1.293584963015623 7.769279057150889E-4
secondary 0.0018018018018018018 1.4271163556401458 0.002571380820973236
necessitated 3.003003003003003E-4 4.471638793363569 0.0013428344724815521
thereby 3.003003003003003E-4 1.730798769438368 5.19759390221732E-4
highest 0.0012012012012012011 1.0872485300177945 0.001306004240261615
attorney 3.003003003003003E-4 5.1647859739235145 0.0015509867789560102
consistently 3.003003003003003E-4 2.331572629867298 7.001719609211105E-4
processing 3.003003003003003E-4 0.7221347174331975 2.168572725024617E-4
obtained 3.003003003003003E-4 0.6004377824556778 1.803116463830864E-4
male 6.006006006006006E-4 1.8689491079191851 0.0011224919567082191
shared 6.006006006006006E-4 1.730798769438368 0.001039518780443464
discovered 6.006006006006006E-4 2.5998366164619773 0.0015614634333104968
functional 3.003003003003003E-4 1.4759065198095778 4.432151711139873E-4
fact 3.003003003003003E-4 0.990398704027877 2.974170282365997E-4
corneal 3.003003003003003E-4 1.9459101490553132 5.843574021187127E-4
association 3.003003003003003E-4 1.2135422553420867 3.644271037063323E-4
global 3.003003003003003E-4 1.6682784124570338 5.009845082453555E-4
collecting 3.003003003003003E-4 2.169053700369523 6.513674775884454E-4
extended 3.003003003003003E-4 1.6682784124570338 5.009845082453555E-4
into 6.006006006006006E-4 0.10854016857520597 6.518929043555914E-5
current 6.006006006006006E-4 0.4919571394616079 2.9546975343039514E-4
variety 6.006006006006006E-4 1.0872485300177945 6.530021201308075E-4
unless 3.003003003003003E-4 3.2188758248682006 9.666293768372975E-4
managed 6.006006006006006E-4 2.073743520565198 0.0012454916039430618
unsuspected 3.003003003003003E-4 5.1647859739235145 0.0015509867789560102
supports 6.006006006006006E-4 1.6990500711237875 0.0010204504931674398
examined 3.003003003003003E-4 1.3805963400052528 4.145934954970729E-4
sclera 6.006006006006006E-4 3.2188758248682006 0.001933258753674595
key 3.003003003003003E-4 1.0216512475319812 3.068021764360304E-4
accountability 3.003003003003003E-4 2.7668907011251433 8.30898108445989E-4
preferred 3.003003003003003E-4 2.2744142160273495 6.830072720802851E-4
dirty 3.003003003003003E-4 4.471638793363569 0.0013428344724815521
maintains 3.003003003003003E-4 3.5553480614894135 0.0010676720905373614
variables 9.009009009009009E-4 0.9452782687474074 8.516020439165833E-4
decision 6.006006006006006E-4 1.157452788691043 6.951668400546805E-4
necessary 3.003003003003003E-4 0.8607208807193443 2.58474738954758E-4
one 0.0018018018018018018 0.06491954609931569 1.1697215513390215E-4
analyzed 3.003003003003003E-4 1.0872485300177945 3.2650106006540375E-4
cardiovascular 3.003003003003003E-4 2.9675613965872945 8.91159578554743E-4
many 3.003003003003003E-4 0.20194134366360675 6.064304614522725E-5
prognosis 9.009009009009009E-4 2.073743520565198 0.0018682374059145928
snellen 3.003003003003003E-4 2.5257286443082556 7.584770703628395E-4
extensive 9.009009009009009E-4 1.5271998141971284 0.0013758556884658814
associated 0.0012012012012012011 0.4373981552111735 5.25403189442851E-4
showed 3.003003003003003E-4 0.5398131606392429 1.621060542460189E-4
open 0.0045045045045045045 1.0872485300177945 0.004897515900981056
ratio 3.003003003003003E-4 1.1758019273592397 3.5309367187965154E-4
coordinated 3.003003003003003E-4 3.373026504695459 0.0010129208722809186
but 0.0012012012012012011 0.083381608939051 1.0015808881567687E-4
tenons 3.003003003003003E-4 5.1647859739235145 0.0015509867789560102
reasonable 3.003003003003003E-4 1.5012243277938677 4.508181164546149E-4
available 9.009009009009009E-4 0.5696661237889241 5.132127241341659E-4
advocate 3.003003003003003E-4 3.7784916128036232 0.001134682166007094
presentation 0.002102102102102102 1.6990500711237875 0.0035715767260860397
leaves 3.003003003003003E-4 2.7668907011251433 8.30898108445989E-4
details 6.006006006006006E-4 1.5012243277938677 9.016362329092298E-4
treated 6.006006006006006E-4 1.0216512475319812 6.136043528720608E-4
admitted 3.003003003003003E-4 2.6798793241355137 8.047685658064605E-4
this 0.006606606606606606 0.017291497110061043 1.1423811904544833E-4
collection 3.003003003003003E-4 1.0216512475319812 3.068021764360304E-4
finding 3.003003003003003E-4 0.9751312318970885 2.9283220177089744E-4
elected 3.003003003003003E-4 4.0661736852554045 0.0012210731787553766
extract 3.003003003003003E-4 1.3805963400052528 4.145934954970729E-4
especially 3.003003003003003E-4 0.7104386776700063 2.1334494824925114E-4
once 3.003003003003003E-4 1.4271163556401458 4.2856347016220596E-4
salvage 3.003003003003003E-4 4.471638793363569 0.0013428344724815521
higher 0.0012012012012012011 0.41985384556026406 5.043289436159327E-4
allow 3.003003003003003E-4 1.252762968495368 3.762050956442547E-4
assessed 6.006006006006006E-4 1.3581234841531944 8.156897802721887E-4
reasons 0.0012012012012012011 1.3581234841531944 0.0016313795605443775
records 3.003003003003003E-4 1.3581234841531944 4.0784489013609437E-4
needed 3.003003003003003E-4 0.8080771472339223 2.4266580998015685E-4
changes 3.003003003003003E-4 0.9021060968821986 2.70902731796456E-4
vitrectomy 0.0012012012012012011 2.073743520565198 0.0024909832078861237
uvea 3.003003003003003E-4 5.1647859739235145 0.0015509867789560102
vegetable 3.003003003003003E-4 4.0661736852554045 0.0012210731787553766
epidemiology 3.003003003003003E-4 3.7784916128036232 0.001134682166007094
common 9.009009009009009E-4 0.3526016185510966 3.1765911581179877E-4
examination 9.009009009009009E-4 1.5812670354674039 0.001424564896817481
throughout 3.003003003003003E-4 1.4759065198095778 4.432151711139873E-4
successful 6.006006006006006E-4 1.3361445774344192 8.024892356963478E-4
characteristics 9.009009009009009E-4 0.7703368192510752 6.939971344604282E-4
cases 0.0015015015015015015 0.6004377824556778 9.015582319154322E-4
previous 0.0024024024024024023 0.32850406697203605 7.891989596925791E-4
intraoperatively 3.003003003003003E-4 3.5553480614894135 0.0010676720905373614
superior 3.003003003003003E-4 2.120263536200091 6.36715776636664E-4
healthy 3.003003003003003E-4 2.456735772821304 7.377584903367279E-4
removal 0.0024024024024024023 1.9459101490553132 0.004674859216949701
employ 3.003003003003003E-4 2.073743520565198 6.227458019715309E-4
during 0.0018018018018018018 0.28958865072236245 5.217813526529053E-4
fingers 6.006006006006006E-4 2.7668907011251433 0.001661796216891978
type 3.003003003003003E-4 0.5203950747821414 1.562747972318743E-4
beyond 3.003003003003003E-4 1.5538680612792897 4.666270454292161E-4
loss 3.003003003003003E-4 0.9162907318741551 2.751623819441907E-4
physicians 3.003003003003003E-4 2.2744142160273495 6.830072720802851E-4
routinely 3.003003003003003E-4 2.8622008809294686 8.595197840629035E-4
closing 3.003003003003003E-4 3.373026504695459 0.0010129208722809186
terms 3.003003003003003E-4 0.5696661237889241 1.7107090804472196E-4
review 6.006006006006006E-4 0.5696661237889241 3.421418160894439E-4
presence 0.0012012012012012011 0.9751312318970885 0.0011713288070835898
between 0.003303303303303303 0.058840500022933395 1.9436801809377398E-4
attempts 6.006006006006006E-4 1.8325814637483102 0.0011006495277767628
surrounding 6.006006006006006E-4 2.120263536200091 0.001273431553273328
method 6.006006006006006E-4 0.4734380916943703 2.84347202218841E-4
come 3.003003003003003E-4 1.8689491079191851 5.612459783541096E-4
ots 6.006006006006006E-4 3.2188758248682006 0.001933258753674595
insight 6.006006006006006E-4 1.5271998141971284 9.172371256439209E-4
following 0.0036036036036036037 0.2160260835453457 7.784723731363808E-4
intravitreal 3.003003003003003E-4 2.331572629867298 7.001719609211105E-4
afferent 3.003003003003003E-4 2.8622008809294686 8.595197840629035E-4
sympathetic 0.004804804804804805 3.5553480614894135 0.017082753448597783
iii 3.003003003003003E-4 2.9675613965872945 8.91159578554743E-4
foundation 3.003003003003003E-4 2.2744142160273495 6.830072720802851E-4
our 0.01021021021021021 0.19497267434751336 0.001990711990334971
tools 3.003003003003003E-4 1.252762968495368 3.762050956442547E-4
foreign 0.0015015015015015015 2.120263536200091 0.0031835788831833197
continues 3.003003003003003E-4 2.2203469947570738 6.667708692964185E-4
course 3.003003003003003E-4 1.6990500711237875 5.102252465837199E-4
power 3.003003003003003E-4 1.4759065198095778 4.432151711139873E-4
event 3.003003003003003E-4 1.8325814637483102 5.503247638883814E-4
demonstrated 6.006006006006006E-4 0.8607208807193443 5.16949477909516E-4
undergo 9.009009009009009E-4 2.7668907011251433 0.0024926943253379672
informed 3.003003003003003E-4 1.4035858582299516 4.214972547237092E-4
include 3.003003003003003E-4 0.5013468798114469 1.5055461856199604E-4
sociodemographic 3.003003003003003E-4 4.0661736852554045 0.0012210731787553766
caused 3.003003003003003E-4 1.121734706088964 3.3685726909578497E-4
observation 3.003003003003003E-4 1.5538680612792897 4.666270454292161E-4
aged 3.003003003003003E-4 2.0292917579943643 6.093969243226319E-4
mentioning 3.003003003003003E-4 2.8622008809294686 8.595197840629035E-4
referral 9.009009009009009E-4 2.6798793241355137 0.0024143056974193816
highlights 6.006006006006006E-4 1.7635885922613586 0.0010592123677245395
assess 0.0012012012012012011 0.9751312318970885 0.0011713288070835898
damaged 6.006006006006006E-4 2.7668907011251433 0.001661796216891978
exists 3.003003003003003E-4 2.073743520565198 6.227458019715309E-4
minimum 6.006006006006006E-4 1.3361445774344192 8.024892356963478E-4
first 0.0018018018018018018 0.167573700159399 3.0193459488180003E-4
data 0.002102102102102102 0.167573700159399 3.522570273621E-4
theoretical 6.006006006006006E-4 1.5538680612792897 9.332540908584322E-4
injuries 0.0036036036036036037 2.5257286443082556 0.009101724844354075
own 3.003003003003003E-4 1.3361445774344192 4.012446178481739E-4
fewer 3.003003003003003E-4 1.6384254493073527 4.920196544466525E-4
reference 3.003003003003003E-4 1.4759065198095778 4.432151711139873E-4
lifesaving 3.003003003003003E-4 4.471638793363569 0.0013428344724815521
chamber 3.003003003003003E-4 2.2744142160273495 6.830072720802851E-4
describing 6.006006006006006E-4 1.6990500711237875 0.0010204504931674398
only 0.0012012012012012011 0.10854016857520597 1.3037858087111827E-4
should 0.0012012012012012011 0.368995428326773 4.4323775174387144E-4
cycloplegic 3.003003003003003E-4 5.1647859739235145 0.0015509867789560102
consequences 3.003003003003003E-4 2.2203469947570738 6.667708692964185E-4
tasked 3.003003003003003E-4 5.1647859739235145 0.0015509867789560102
from 0.0036036036036036037 0.023122417420854212 8.332402674181698E-5
avoiding 3.003003003003003E-4 2.2744142160273495 6.830072720802851E-4
mechanisms 6.006006006006006E-4 1.4759065198095778 8.864303422279746E-4
like 3.003003003003003E-4 0.7827593392496325 2.3506286463952927E-4
patients 0.012912912912912912 0.9452782687474074 0.01220629596280436
uveal 0.002102102102102102 3.373026504695459 0.00709044610596643
published 0.0012012012012012011 0.03488725900044054 4.190661741794659E-5
preparing 3.003003003003003E-4 2.7668907011251433 8.30898108445989E-4
comorbidities 3.003003003003003E-4 2.9675613965872945 8.91159578554743E-4
seems 3.003003003003003E-4 1.4271163556401458 4.2856347016220596E-4
potentially 6.006006006006006E-4 1.1394342831883648 6.843449148278468E-4
repair 0.003003003003003003 2.456735772821304 0.007377584903367279
death 3.003003003003003E-4 2.2203469947570738 6.667708692964185E-4
purpose 3.003003003003003E-4 1.0539121097502027 3.164901230481089E-4
challenges 3.003003003003003E-4 1.3581234841531944 4.0784489013609437E-4
ocular 0.005705705705705706 1.5538680612792897 0.008865913863155106
aware 3.003003003003003E-4 2.169053700369523 6.513674775884454E-4
inclusion 0.0012012012012012011 1.3581234841531944 0.0016313795605443775
can 0.0024024024024024023 0.0958817717032825 2.3034659868656458E-4
corticosteroids 3.003003003003003E-4 2.9675613965872945 8.91159578554743E-4
expedited 3.003003003003003E-4 5.1647859739235145 0.0015509867789560102
car 3.003003003003003E-4 3.5553480614894135 0.0010676720905373614
studies 0.002102102102102102 0.24480504809538922 5.146052062065239E-4
cellulitis 3.003003003003003E-4 4.471638793363569 0.0013428344724815521
postoperative 9.009009009009009E-4 2.0292917579943643 0.0018281907729678958
mediated 3.003003003003003E-4 2.9675613965872945 8.91159578554743E-4
tenants 3.003003003003003E-4 5.1647859739235145 0.0015509867789560102
aims 3.003003003003003E-4 1.4271163556401458 4.2856347016220596E-4
motion 6.006006006006006E-4 2.120263536200091 0.001273431553273328
will 6.006006006006006E-4 0.3526016185510966 2.117727438745325E-4
limited 3.003003003003003E-4 0.5696661237889241 1.7107090804472196E-4
multivariable 0.002102102102102102 3.2188758248682006 0.006766405637861082
confidence 3.003003003003003E-4 1.906689435902032 5.725794101807904E-4
ultimately 0.0018018018018018018 2.120263536200091 0.003820294659819984
factors 0.007807807807807808 0.6321864807702582 0.004935990540548562
carries 3.003003003003003E-4 2.6798793241355137 8.047685658064605E-4
variable 6.006006006006006E-4 1.3146383722134554 7.895725959239972E-4
locations 3.003003003003003E-4 2.2744142160273495 6.830072720802851E-4
providers 3.003003003003003E-4 2.169053700369523 6.513674775884454E-4
demographics 9.009009009009009E-4 2.0292917579943643 0.0018281907729678958
