extent 7.320644216691069E-4 1.3805963400052528 0.001010685461204431
been 0.004026354319180088 0.05279818556697083 2.1258420250244478E-4
hassan 0.0018301610541727673 4.471638793363569 0.00818381916794211
plana 0.0014641288433382138 2.2744142160273495 0.0033300354553841135
coherence 7.320644216691069E-4 2.456735772821304 0.0017984888527242343
optimal 3.6603221083455345E-4 1.2329603411991883 4.5130319956046425E-4
leading 3.6603221083455345E-4 1.0704414117014134 3.918160364939288E-4
allowed 3.6603221083455345E-4 1.4512139072192063 5.311910348532967E-4
evolved 3.6603221083455345E-4 3.373026504695459 0.0012346363487172251
extracted 3.6603221083455345E-4 1.0704414117014134 3.918160364939288E-4
viewing 3.6603221083455345E-4 3.373026504695459 0.0012346363487172251
without 3.6603221083455345E-4 0.32850406697203605 1.2024306990191656E-4
these 0.0036603221083455345 0.03488725900044054 1.2769860541888924E-4
intraoperative 0.0018301610541727673 2.8622008809294686 0.005238288581496099
acuity 0.009882869692532943 1.5271998141971284 0.015093116758170742
outcomes 0.003294289897510981 1.1043429633770947 0.0036380258676405024
poor 0.007320644216691069 1.0539121097502027 0.007715315591143504
complex 3.6603221083455345E-4 0.8743265327751228 3.2003167378298787E-4
vitreous 0.004392386530014641 1.906689435902032 0.008374916995177301
visual 0.022693997071742314 1.157452788691043 0.026267230197234506
subretinal 3.6603221083455345E-4 3.7784916128036232 0.0013830496386543277
fluid 7.320644216691069E-4 2.2744142160273495 0.0016650177276920568
because 0.0018301610541727673 0.34450440831847723 6.304985510953097E-4
persistent 7.320644216691069E-4 2.8622008809294686 0.0020953154325984396
angiogram 3.6603221083455345E-4 5.1647859739235145 0.0018904780285225163
addition 0.0010980966325036604 0.8080771472339223 8.873467941807346E-4
limitations 3.6603221083455345E-4 0.9162907318741551 3.35391922355108E-4
violated 3.6603221083455345E-4 5.1647859739235145 0.0018904780285225163
iris 0.0029282576866764276 3.2188758248682006 0.009425697876627235
successfully 3.6603221083455345E-4 1.5538680612792897 5.687657618152598E-4
thus 7.320644216691069E-4 0.8881198549074587 6.501609479556799E-4
younger 3.6603221083455345E-4 2.120263536200091 7.760847497072076E-4
past 7.320644216691069E-4 1.293584963015623 9.469875278298852E-4
opportunity 3.6603221083455345E-4 1.6384254493073527 5.997164894975669E-4
july 3.6603221083455345E-4 2.331572629867298 8.53430684431661E-4
active 0.0014641288433382138 1.1944940603713923 0.001748893206985933
posterior 0.0010980966325036604 1.8325814637483102 0.002012351534130648
analysis 0.0010980966325036604 0.15415067982725836 1.6927234241646233E-4
population 0.0010980966325036604 0.9751312318970885 0.0010707883219953388
selection 7.320644216691069E-4 1.1043429633770947 8.084501928090005E-4
size 3.6603221083455345E-4 0.127833371509885 4.679113159219802E-5
correlation 3.6603221083455345E-4 1.3805963400052528 5.053427306022155E-4
left 3.6603221083455345E-4 1.2729656758128876 4.659464406342927E-4
looking 7.320644216691069E-4 1.6990500711237875 0.0012438141077040904
nonischemic 7.320644216691069E-4 4.471638793363569 0.003273527667176844
treatment 3.6603221083455345E-4 0.9452782687474074 3.460022945634727E-4
statistical 0.0010980966325036604 0.653926467406664 7.180744517642724E-4
strong 7.320644216691069E-4 1.2135422553420867 8.883911093280284E-4
role 7.320644216691069E-4 0.6761496041913742 4.949850689541539E-4
subgroup 3.6603221083455345E-4 2.9675613965872945 0.0010862230587801224
achieve 3.6603221083455345E-4 1.0376515888784226 3.7981390515315615E-4
least 7.320644216691069E-4 0.653926467406664 4.787163011761816E-4
turn 7.320644216691069E-4 1.730798769438368 0.0012670562001745008
immediately 3.6603221083455345E-4 1.9459101490553132 7.122657939441117E-4
eyes 0.0212298682284041 1.6990500711237875 0.03607060912341862
subsequently 7.320644216691069E-4 1.79749014393704 0.001315878582677189
intraocular 7.320644216691069E-4 1.6990500711237875 0.0012438141077040904
anterior 0.0010980966325036604 1.906689435902032 0.0020937292487943253
result 3.6603221083455345E-4 0.4285875255290187 1.5687683950549734E-4
how 7.320644216691069E-4 0.5496654570822546 4.02390524950406E-4
involvement 3.6603221083455345E-4 2.2744142160273495 8.325088638460284E-4
same 0.0021961932650073207 0.2972515234679317 6.528217938534371E-4
tractional 3.6603221083455345E-4 4.0661736852554045 0.0014883505436513193
procedures 3.6603221083455345E-4 1.4035858582299516 5.137576347840233E-4
unlike 3.6603221083455345E-4 1.6682784124570338 6.106436355992071E-4
subsequent 7.320644216691069E-4 1.3581234841531944 9.942338829818408E-4
indicate 3.6603221083455345E-4 1.0704414117014134 3.918160364939288E-4
after 0.0036603221083455345 0.12136085700426753 4.4421982798048147E-4
compared 0.003294289897510981 0.2669461739726028 8.793980840971541E-4
resolved 3.6603221083455345E-4 2.456735772821304 8.992444263621172E-4
hand 7.320644216691069E-4 1.5271998141971284 0.0011180086487533882
advent 3.6603221083455345E-4 2.6798793241355137 9.80922153783131E-4
predictive 7.320644216691069E-4 1.5012243277938677 0.0010989929193220116
involve 3.6603221083455345E-4 1.8325814637483102 6.70783844710216E-4
right 3.6603221083455345E-4 1.4759065198095778 5.402293264310314E-4
onset 3.6603221083455345E-4 2.169053700369523 7.939435213651256E-4
the 0.07942898975109809 0.017291497110061043 0.0013734461467361809
newer 3.6603221083455345E-4 3.2188758248682006 0.0011782122345784043
photograph 7.320644216691069E-4 3.2188758248682006 0.0023564244691568086
severe 0.0014641288433382138 1.157452788691043 0.0016946600127248068
complicated 3.6603221083455345E-4 1.8325814637483102 6.70783844710216E-4
ablative 3.6603221083455345E-4 5.1647859739235145 0.0018904780285225163
days 0.0018301610541727673 1.1043429633770947 0.0020211254820225013
information 7.320644216691069E-4 0.3049735695618419 2.2326029982565294E-4
combined 0.0010980966325036604 0.9600933545325481 0.0010542752795013339
ancillary 3.6603221083455345E-4 4.0661736852554045 0.0014883505436513193
triamcinolone 3.6603221083455345E-4 4.0661736852554045 0.0014883505436513193
muneera 0.0018301610541727673 5.1647859739235145 0.009452390142612581
alkharashi 0.0018301610541727673 5.1647859739235145 0.009452390142612581
did 0.0010980966325036604 0.5108256237659907 5.609358972540161E-4
surgery 0.0018301610541727673 1.6990500711237875 0.003109535269260226
represent 3.6603221083455345E-4 0.8209805520698303 3.0050532652629223E-4
tributaries 3.6603221083455345E-4 5.1647859739235145 0.0018904780285225163
november 0.0018301610541727673 1.1758019273592397 0.0021519068948741577
nine 3.6603221083455345E-4 1.9459101490553132 7.122657939441117E-4
reports 3.6603221083455345E-4 1.0539121097502027 3.857657795571752E-4
visualization 3.6603221083455345E-4 2.456735772821304 8.992444263621172E-4
neovascular 3.6603221083455345E-4 3.2188758248682006 0.0011782122345784043
residual 7.320644216691069E-4 2.5257286443082556 0.0018489960792886205
developed 0.002562225475841874 0.48265474679929443 0.0012366702882851614
good 7.320644216691069E-4 0.8080771472339223 5.915645294538231E-4
meaningful 3.6603221083455345E-4 1.730798769438368 6.335281000872504E-4
reproduce 3.6603221083455345E-4 3.373026504695459 0.0012346363487172251
assessment 7.320644216691069E-4 1.3146383722134554 9.623999796584593E-4
fundus 0.0010980966325036604 2.9675613965872945 0.0032586691763403673
dragging 7.320644216691069E-4 5.1647859739235145 0.0037809560570450326
later 7.320644216691069E-4 1.3361445774344192 9.781439073458414E-4
transmission 3.6603221083455345E-4 2.8622008809294686 0.0010476577162992198
prior 0.0018301610541727673 0.8209805520698303 0.0015025266326314612
layers 3.6603221083455345E-4 1.730798769438368 6.335281000872504E-4
surgical 0.003294289897510981 1.6384254493073527 0.005397448405478102
khaled 3.6603221083455345E-4 5.1647859739235145 0.0018904780285225163
pan 3.6603221083455345E-4 3.7784916128036232 0.0013830496386543277
signal 3.6603221083455345E-4 2.331572629867298 8.53430684431661E-4
detachment 0.009150805270863836 2.2744142160273495 0.02081272159615071
which 0.0021961932650073207 0.023122417420854212 5.078129741036796E-5
area 3.6603221083455345E-4 0.9600933545325481 3.5142509316711133E-4
test 3.6603221083455345E-4 0.7104386776700063 2.600434398499291E-4
predisposing 3.6603221083455345E-4 3.7784916128036232 0.0013830496386543277
typically 3.6603221083455345E-4 1.1394342831883648 4.1706964977612185E-4
abdullah 0.0018301610541727673 4.471638793363569 0.00818381916794211
alterations 3.6603221083455345E-4 3.2188758248682006 0.0011782122345784043
its 3.6603221083455345E-4 0.19497267434751336 7.136627904374575E-5
varied 3.6603221083455345E-4 1.7635885922613586 6.45530231428023E-4
consent 3.6603221083455345E-4 1.4271163556401458 5.223705547731134E-4
regarding 0.0018301610541727673 0.758066726659261 0.0013873841995960122
obtaining 3.6603221083455345E-4 2.0292917579943643 7.427861486070148E-4
lack 0.0014641288433382138 0.6988778552689304 0.0010232472258695907
membranes 7.320644216691069E-4 3.5553480614894135 0.002602743822466628
vision 0.0010980966325036604 1.4271163556401458 0.0015671116643193404
immediate 3.6603221083455345E-4 2.073743520565198 7.590569255363096E-4
success 3.6603221083455345E-4 1.6384254493073527 5.997164894975669E-4
scrapers 3.6603221083455345E-4 5.1647859739235145 0.0018904780285225163
beneficial 7.320644216691069E-4 1.9459101490553132 0.0014245315878882235
final 0.00951683748169839 0.6988778552689304 0.00665110696815234
relatively 0.0018301610541727673 0.8209805520698303 0.0015025266326314612
preserving 3.6603221083455345E-4 3.0853444322436783 0.0011293354437202337
some 0.0010980966325036604 0.2160260835453457 2.372175148740985E-4
tears 3.6603221083455345E-4 3.7784916128036232 0.0013830496386543277
additional 3.6603221083455345E-4 0.5300569856938783 1.9401793034182953E-4
for 0.016471449487554905 0.017291497110061043 2.848160212125721E-4
back 7.320644216691069E-4 1.6682784124570338 0.0012212872711984141
oxygenation 3.6603221083455345E-4 5.1647859739235145 0.0018904780285225163
lens 3.6603221083455345E-4 1.8689491079191851 6.840955739089257E-4
explained 0.0010980966325036604 1.6094379124341003 0.0017673183518676066
duration 0.006222547584187409 1.7635885922613586 0.01097401393427639
fibrovascular 0.0021961932650073207 4.471638793363569 0.009820583001530533
signs 7.320644216691069E-4 2.073743520565198 0.0015181138510726193
laser 0.0018301610541727673 2.8622008809294686 0.005238288581496099
previously 0.0010980966325036604 0.8340526336371831 9.158703883277999E-4
related 7.320644216691069E-4 0.27443684570176036 2.0090545073335312E-4
rate 0.0014641288433382138 0.7221347174331975 0.0010572982685698353
provides 3.6603221083455345E-4 0.6214911916535102 2.274857948951355E-4
tano 3.6603221083455345E-4 5.1647859739235145 0.0018904780285225163
hard 3.6603221083455345E-4 1.8689491079191851 6.840955739089257E-4
reporting 3.6603221083455345E-4 1.6384254493073527 5.997164894975669E-4
maneuvers 3.6603221083455345E-4 5.1647859739235145 0.0018904780285225163
forty 3.6603221083455345E-4 4.0661736852554045 0.0014883505436513193
over 0.0018301610541727673 0.3364722366212129 6.157983832745478E-4
hypothesize 3.6603221083455345E-4 3.5553480614894135 0.001301371911233314
six 7.320644216691069E-4 0.9162907318741551 6.70783844710216E-4
identify 7.320644216691069E-4 0.6214911916535102 4.54971589790271E-4
illumination 3.6603221083455345E-4 4.0661736852554045 0.0014883505436513193
females 3.6603221083455345E-4 2.5998366164619773 9.516239445322025E-4
approval 3.6603221083455345E-4 1.9459101490553132 7.122657939441117E-4
caliber 7.320644216691069E-4 4.471638793363569 0.003273527667176844
length 3.6603221083455345E-4 1.2329603411991883 4.5130319956046425E-4
multiple 0.0010980966325036604 0.5108256237659907 5.609358972540161E-4
retrospective 0.0010980966325036604 1.4271163556401458 0.0015671116643193404
statistically 0.0010980966325036604 1.1758019273592397 0.0012911441369244947
recorded 3.6603221083455345E-4 1.5012243277938677 5.494964596610058E-4
improvement 0.0010980966325036604 1.157452788691043 0.001270995009543605
better 0.0021961932650073207 0.4285875255290187 9.41261037032984E-4
with 0.02452415812591508 0.017291497110061043 4.2405940936094067E-4
although 0.0021961932650073207 0.4285875255290187 9.41261037032984E-4
material 3.6603221083455345E-4 1.6384254493073527 5.997164894975669E-4
regression 7.320644216691069E-4 1.3805963400052528 0.001010685461204431
progressive 7.320644216691069E-4 2.9675613965872945 0.0021724461175602447
well 0.0029282576866764276 0.3127557100038969 9.158293118708548E-4
achieved 3.6603221083455345E-4 1.121734706088964 4.105910344395915E-4
decades 3.6603221083455345E-4 2.2744142160273495 8.325088638460284E-4
endophthalmitis 3.6603221083455345E-4 2.169053700369523 7.939435213651256E-4
hypertension 3.6603221083455345E-4 3.0853444322436783 0.0011293354437202337
injection 3.6603221083455345E-4 2.331572629867298 8.53430684431661E-4
significantly 0.0014641288433382138 0.5900749954201312 8.639458205272785E-4
age 0.0014641288433382138 0.9751312318970885 0.0014277177626604517
phacoemulsification 7.320644216691069E-4 3.2188758248682006 0.0023564244691568086
explain 3.6603221083455345E-4 1.4759065198095778 5.402293264310314E-4
very 7.320644216691069E-4 0.5596157879354227 4.096748081518468E-4
practice 3.6603221083455345E-4 1.2729656758128876 4.659464406342927E-4
bleeding 3.6603221083455345E-4 3.373026504695459 0.0012346363487172251
advanced 7.320644216691069E-4 1.4512139072192063 0.0010623820697065933
considered 3.6603221083455345E-4 0.32059888746492277 1.1734951956988388E-4
tmd 0.004026354319180088 5.1647859739235145 0.02079525831374768
approach 3.6603221083455345E-4 0.5398131606392429 1.9758900462637003E-4
thick 7.320644216691069E-4 4.471638793363569 0.003273527667176844
years 0.0021961932650073207 0.7104386776700063 0.0015602606390995746
diminution 3.6603221083455345E-4 5.1647859739235145 0.0018904780285225163
improved 3.6603221083455345E-4 0.8607208807193443 3.1505156688116555E-4
number 7.320644216691069E-4 0.167573700159399 1.2267474389414276E-4
four 0.0014641288433382138 0.4643056081310978 6.798032329884302E-4
odds 3.6603221083455345E-4 2.7668907011251433 0.0010127711204704038
guidelines 3.6603221083455345E-4 1.5812670354674039 5.787946689119341E-4
majority 7.320644216691069E-4 0.9452782687474074 6.920045891269454E-4
usually 7.320644216691069E-4 0.9600933545325481 7.028501863342227E-4
photocoagulation 7.320644216691069E-4 3.5553480614894135 0.002602743822466628
per 3.6603221083455345E-4 0.7339691750802005 2.6865635983901924E-4
khalid 3.6603221083455345E-4 4.471638793363569 0.001636763833588422
nonresolving 7.320644216691069E-4 5.1647859739235145 0.0037809560570450326
poorer 3.6603221083455345E-4 2.456735772821304 8.992444263621172E-4
reduce 3.6603221083455345E-4 0.8340526336371831 3.052901294426E-4
similar 3.6603221083455345E-4 0.20895891632225325 7.648569411502682E-5
likely 3.6603221083455345E-4 0.5798184952529422 2.1223224570019846E-4
underwent 3.6603221083455345E-4 1.730798769438368 6.335281000872504E-4
shape 3.6603221083455345E-4 2.120263536200091 7.760847497072076E-4
large 3.6603221083455345E-4 0.34450440831847723 1.2609971021906193E-4
postoperatively 7.320644216691069E-4 3.373026504695459 0.0024692726974344503
lower 3.6603221083455345E-4 0.5300569856938783 1.9401793034182953E-4
testing 3.6603221083455345E-4 1.293584963015623 4.734937639149426E-4
operative 3.6603221083455345E-4 2.6798793241355137 9.80922153783131E-4
altered 3.6603221083455345E-4 2.9675613965872945 0.0010862230587801224
detached 0.0014641288433382138 4.0661736852554045 0.005953402174605277
whitening 3.6603221083455345E-4 4.471638793363569 0.001636763833588422
traditional 0.0010980966325036604 1.1758019273592397 0.0012911441369244947
likelihood 3.6603221083455345E-4 1.7635885922613586 6.45530231428023E-4
retinopathy 7.320644216691069E-4 2.9675613965872945 0.0021724461175602447
even 0.0010980966325036604 0.377294231141468 4.1430552467950363E-4
contrast 7.320644216691069E-4 1.5538680612792897 0.0011375315236305196
partial 3.6603221083455345E-4 1.6682784124570338 6.106436355992071E-4
status 0.0018301610541727673 1.3805963400052528 0.002526713653011078
authors 0.0021961932650073207 0.023122417420854212 5.078129741036796E-5
recommending 3.6603221083455345E-4 3.7784916128036232 0.0013830496386543277
retinal 0.010980966325036604 1.730798769438368 0.019005843002617512
other 0.0018301610541727673 0.0408219945202552 7.471082452462518E-5
retain 3.6603221083455345E-4 4.0661736852554045 0.0014883505436513193
operated 0.0010980966325036604 2.9675613965872945 0.0032586691763403673
occurrence 3.6603221083455345E-4 2.120263536200091 7.760847497072076E-4
air 7.320644216691069E-4 2.5257286443082556 0.0018489960792886205
retinas 3.6603221083455345E-4 4.471638793363569 0.001636763833588422
cell 3.6603221083455345E-4 1.730798769438368 6.335281000872504E-4
eight 0.0010980966325036604 1.7635885922613586 0.0019365906942840688
preoperative 0.012079062957540264 2.2744142160273495 0.027472792506918937
literature 0.0010980966325036604 0.9306794693262548 0.001021975991207454
extramacular 3.6603221083455345E-4 5.1647859739235145 0.0018904780285225163
composed 3.6603221083455345E-4 1.9459101490553132 7.122657939441117E-4
too 3.6603221083455345E-4 1.3361445774344192 4.890719536729207E-4
era 3.6603221083455345E-4 2.5257286443082556 9.244980396443102E-4
have 0.005124450951683748 0.028987536873252187 1.4854521091710492E-4
promptly 3.6603221083455345E-4 3.373026504695459 0.0012346363487172251
tamponade 7.320644216691069E-4 3.0853444322436783 0.0022586708874404674
optic 0.0010980966325036604 2.456735772821304 0.0026977332790863516
elimination 3.6603221083455345E-4 3.373026504695459 0.0012346363487172251
outcome 0.004758418740849195 1.3361445774344192 0.0063579353977479686
table 0.003294289897510981 0.18805223150293962 6.194985664445303E-4
particularly 7.320644216691069E-4 0.9751312318970885 7.138588813302259E-4
may 0.006222547584187409 0.15415067982725836 9.592099403599532E-4
proliferation 3.6603221083455345E-4 2.8622008809294686 0.0010476577162992198
within 3.6603221083455345E-4 0.3127557100038969 1.1447866398385685E-4
attributed 7.320644216691069E-4 1.79749014393704 0.001315878582677189
break 3.6603221083455345E-4 2.9675613965872945 0.0010862230587801224
could 7.320644216691069E-4 0.22314355131420976 1.6335545484202766E-4
health 3.6603221083455345E-4 0.990398704027877 3.6251782724300036E-4
positive 3.6603221083455345E-4 0.6988778552689304 2.558118064673977E-4
angiogenic 3.6603221083455345E-4 5.1647859739235145 0.0018904780285225163
demographic 3.6603221083455345E-4 1.906689435902032 6.979097495981084E-4
agents 0.0010980966325036604 2.2744142160273495 0.0024975265915380854
traditionally 0.0010980966325036604 2.8622008809294686 0.0031429731488976597
detachments 7.320644216691069E-4 3.373026504695459 0.0024692726974344503
able 7.320644216691069E-4 0.7703368192510752 5.639361780754577E-4
report 3.6603221083455345E-4 1.0059028905638423 3.681928589179511E-4
strongest 7.320644216691069E-4 3.5553480614894135 0.002602743822466628
premacular 7.320644216691069E-4 5.1647859739235145 0.0037809560570450326
complete 7.320644216691069E-4 0.9600933545325481 7.028501863342227E-4
comparable 3.6603221083455345E-4 1.5812670354674039 5.787946689119341E-4
hemorrhage 7.320644216691069E-4 2.392197251683733 0.0017512424975722788
almost 7.320644216691069E-4 1.1043429633770947 8.084501928090005E-4
ultrasonography 3.6603221083455345E-4 4.471638793363569 0.001636763833588422
use 0.002562225475841874 0.20895891632225325 5.353998588051877E-4
findings 0.0010980966325036604 0.7459453661269161 8.191200945756765E-4
several 3.6603221083455345E-4 0.3526016185510966 1.290635499820998E-4
traction 0.008784773060029283 3.2188758248682006 0.028277093629881705
while 7.320644216691069E-4 0.20895891632225325 1.5297138823005364E-4
perception 7.320644216691069E-4 1.3805963400052528 0.001010685461204431
second 3.6603221083455345E-4 0.4643056081310978 1.6995080824710755E-4
iatrogenic 0.0029282576866764276 3.2188758248682006 0.009425697876627235
sclerosis 7.320644216691069E-4 5.1647859739235145 0.0037809560570450326
that 0.00841874084919473 0.017291497110061043 1.4557263306420352E-4
suggests 3.6603221083455345E-4 1.157452788691043 4.236650031812017E-4
high 3.6603221083455345E-4 0.2521310881874621 9.228809962937851E-5
download 0.0014641288433382138 0.2595111954850846 3.79957826478894E-4
optimize 3.6603221083455345E-4 2.5257286443082556 9.244980396443102E-4
judgment 3.6603221083455345E-4 2.9675613965872945 0.0010862230587801224
whether 3.6603221083455345E-4 0.5300569856938783 1.9401793034182953E-4
than 0.004392386530014641 0.058840500022933395 2.5845021972005885E-4
documented 7.320644216691069E-4 1.730798769438368 0.0012670562001745008
defective 3.6603221083455345E-4 3.5553480614894135 0.001301371911233314
limit 3.6603221083455345E-4 1.79749014393704 6.579392913385945E-4
reviewed 3.6603221083455345E-4 1.3805963400052528 5.053427306022155E-4
directly 3.6603221083455345E-4 0.7703368192510752 2.8196808903772886E-4
different 3.6603221083455345E-4 0.18805223150293962 6.883317404939225E-5
chronic 0.005490483162518302 1.8325814637483102 0.01006175767065324
all 0.004758418740849195 0.017291497110061043 8.228018390585416E-5
new 3.6603221083455345E-4 0.38566248081198473 1.4116489048754933E-4
fvp 0.0014641288433382138 5.1647859739235145 0.007561912114090065
months 0.004026354319180088 1.3146383722134554 0.005293199888121526
including 0.0014641288433382138 0.2669461739726028 3.908435929320685E-4
irreversibly 3.6603221083455345E-4 4.0661736852554045 0.0014883505436513193
already 3.6603221083455345E-4 1.157452788691043 4.236650031812017E-4
level 7.320644216691069E-4 0.5798184952529422 4.2446449140039693E-4
longstanding 3.6603221083455345E-4 4.0661736852554045 0.0014883505436513193
equipment 3.6603221083455345E-4 3.0853444322436783 0.0011293354437202337
less 0.002562225475841874 0.368995428326773 9.454494869280422E-4
affected 3.6603221083455345E-4 1.3805963400052528 5.053427306022155E-4
maintaining 3.6603221083455345E-4 1.906689435902032 6.979097495981084E-4
entry 3.6603221083455345E-4 1.9867321435755685 7.272079588490369E-4
perioperative 3.6603221083455345E-4 3.2188758248682006 0.0011782122345784043
condition 3.6603221083455345E-4 1.5271998141971284 5.590043243766941E-4
untreatable 3.6603221083455345E-4 5.1647859739235145 0.0018904780285225163
proliferative 0.0010980966325036604 2.6798793241355137 0.002942766461349393
essam 0.0018301610541727673 5.1647859739235145 0.009452390142612581
forceps 7.320644216691069E-4 4.471638793363569 0.003273527667176844
specialist 7.320644216691069E-4 2.9675613965872945 0.0021724461175602447
were 0.013177159590043924 0.0958817717032825 0.0012634494075103113
attached 7.320644216691069E-4 2.331572629867298 0.001706861368863322
prediction 3.6603221083455345E-4 1.6384254493073527 5.997164894975669E-4
present 3.6603221083455345E-4 0.38566248081198473 1.4116489048754933E-4
collect 3.6603221083455345E-4 1.6682784124570338 6.106436355992071E-4
since 0.0021961932650073207 0.377294231141468 8.286110493590073E-4
became 7.320644216691069E-4 1.8689491079191851 0.0013681911478178514
facilitate 3.6603221083455345E-4 1.6384254493073527 5.997164894975669E-4
complication 3.6603221083455345E-4 2.331572629867298 8.53430684431661E-4
influenced 3.6603221083455345E-4 1.730798769438368 6.335281000872504E-4
careful 3.6603221083455345E-4 2.6798793241355137 9.80922153783131E-4
seal 3.6603221083455345E-4 4.471638793363569 0.001636763833588422
progression 3.6603221083455345E-4 2.456735772821304 8.992444263621172E-4
appears 3.6603221083455345E-4 1.4271163556401458 5.223705547731134E-4
media 3.6603221083455345E-4 1.5812670354674039 5.787946689119341E-4
sclerotic 3.6603221083455345E-4 4.471638793363569 0.001636763833588422
oil 7.320644216691069E-4 2.456735772821304 0.0017984888527242343
and 0.043923865300146414 0.017291497110061043 7.595093899001922E-4
magnitude 3.6603221083455345E-4 2.073743520565198 7.590569255363096E-4
reattachment 7.320644216691069E-4 3.7784916128036232 0.0027660992773086554
included 0.0018301610541727673 0.41985384556026406 7.684001565890631E-4
ratios 3.6603221083455345E-4 2.169053700369523 7.939435213651256E-4
direction 3.6603221083455345E-4 1.6682784124570338 6.106436355992071E-4
opposed 3.6603221083455345E-4 2.6798793241355137 9.80922153783131E-4
subjective 3.6603221083455345E-4 2.0292917579943643 7.427861486070148E-4
determine 0.0014641288433382138 0.7221347174331975 0.0010572982685698353
surgeries 3.6603221083455345E-4 2.392197251683733 8.756212487861394E-4
ctmd 0.0014641288433382138 5.1647859739235145 0.007561912114090065
rates 3.6603221083455345E-4 1.2329603411991883 4.5130319956046425E-4
performing 3.6603221083455345E-4 1.5812670354674039 5.787946689119341E-4
aforementioned 3.6603221083455345E-4 2.0292917579943643 7.427861486070148E-4
control 3.6603221083455345E-4 0.7459453661269161 2.730400315252255E-4
decreasing 3.6603221083455345E-4 1.9459101490553132 7.122657939441117E-4
followed 7.320644216691069E-4 0.758066726659261 5.549536798384048E-4
despite 0.0010980966325036604 0.7221347174331975 7.929737014273765E-4
any 3.6603221083455345E-4 0.2669461739726028 9.771089823301713E-5
risks 3.6603221083455345E-4 2.073743520565198 7.590569255363096E-4
due 0.0018301610541727673 0.20895891632225325 3.8242847057513407E-4
stable 7.320644216691069E-4 1.8689491079191851 0.0013681911478178514
evident 3.6603221083455345E-4 2.2203469947570738 8.127185193107884E-4
hypothesis 3.6603221083455345E-4 1.9459101490553132 7.122657939441117E-4
vessels 0.0018301610541727673 3.373026504695459 0.006173181743586126
indications 7.320644216691069E-4 2.9675613965872945 0.0021724461175602447
developments 3.6603221083455345E-4 2.169053700369523 7.939435213651256E-4
edema 3.6603221083455345E-4 2.5998366164619773 9.516239445322025E-4
thought 7.320644216691069E-4 1.9459101490553132 0.0014245315878882235
threatening 7.320644216691069E-4 3.7784916128036232 0.0027660992773086554
about 3.6603221083455345E-4 0.377294231141468 1.3810184155983455E-4
discussion 3.6603221083455345E-4 0.2595111954850846 9.49894566197235E-5
observed 3.6603221083455345E-4 0.6988778552689304 2.558118064673977E-4
circulate 3.6603221083455345E-4 4.0661736852554045 0.0014883505436513193
photoreceptors 7.320644216691069E-4 5.1647859739235145 0.0037809560570450326
bevacizumab 0.0018301610541727673 3.5553480614894135 0.00650685955616657
represented 3.6603221083455345E-4 0.8881198549074587 3.2508047397783994E-4
state 3.6603221083455345E-4 1.0376515888784226 3.7981390515315615E-4
microsurgical 3.6603221083455345E-4 4.0661736852554045 0.0014883505436513193
recent 3.6603221083455345E-4 0.5596157879354227 2.048374040759234E-4
defined 3.6603221083455345E-4 0.5300569856938783 1.9401793034182953E-4
they 3.6603221083455345E-4 0.167573700159399 6.133737194707138E-5
based 3.6603221083455345E-4 0.18805223150293962 6.883317404939225E-5
blindness 3.6603221083455345E-4 2.8622008809294686 0.0010476577162992198
expected 3.6603221083455345E-4 0.9600933545325481 3.5142509316711133E-4
neovascularization 0.0014641288433382138 3.5553480614894135 0.005205487644933256
outer 7.320644216691069E-4 2.9675613965872945 0.0021724461175602447
received 7.320644216691069E-4 0.9452782687474074 6.920045891269454E-4
them 7.320644216691069E-4 0.5696661237889241 4.170323014560206E-4
males 3.6603221083455345E-4 2.2203469947570738 8.127185193107884E-4
each 3.6603221083455345E-4 0.13434805253107854 4.9175714689267405E-5
eye 0.005124450951683748 1.5012243277938677 0.007692950435254081
univariate 7.320644216691069E-4 2.8622008809294686 0.0020953154325984396
slow 3.6603221083455345E-4 2.7668907011251433 0.0010127711204704038
unique 3.6603221083455345E-4 1.157452788691043 4.236650031812017E-4
difference 7.320644216691069E-4 0.6004377824556778 4.395591379616968E-4
obtained 7.320644216691069E-4 0.6004377824556778 4.395591379616968E-4
cataracts 3.6603221083455345E-4 5.1647859739235145 0.0018904780285225163
thirty 3.6603221083455345E-4 4.0661736852554045 0.0014883505436513193
predictors 3.6603221083455345E-4 2.2203469947570738 8.127185193107884E-4
systemic 7.320644216691069E-4 1.5271998141971284 0.0011180086487533882
complexity 3.6603221083455345E-4 1.6094379124341003 5.891061172892022E-4
fact 7.320644216691069E-4 0.990398704027877 7.250356544860007E-4
cut 3.6603221083455345E-4 2.456735772821304 8.992444263621172E-4
increased 7.320644216691069E-4 0.4919571394616079 3.601443187859502E-4
corneal 3.6603221083455345E-4 1.9459101490553132 7.122657939441117E-4
probably 3.6603221083455345E-4 1.79749014393704 6.579392913385945E-4
another 3.6603221083455345E-4 0.40261203912575794 1.4736897478980892E-4
association 0.0010980966325036604 1.2135422553420867 0.0013325866639920425
availability 3.6603221083455345E-4 1.6384254493073527 5.997164894975669E-4
two 0.0014641288433382138 0.11492996667397702 1.6827227917126943E-4
seen 3.6603221083455345E-4 0.8472978603872037 3.1013830907291494E-4
seem 3.6603221083455345E-4 1.6094379124341003 5.891061172892022E-4
into 0.0014641288433382138 0.10854016857520597 1.5891679147175106E-4
found 0.0021961932650073207 0.27443684570176036 6.027163522000594E-4
are 0.0021961932650073207 0.028987536873252187 6.366223325018782E-5
endothelial 3.6603221083455345E-4 2.7668907011251433 0.0010127711204704038
does 7.320644216691069E-4 0.5696661237889241 4.170323014560206E-4
reported 0.0029282576866764276 0.5300569856938783 0.0015521434427346362
supports 3.6603221083455345E-4 1.6990500711237875 6.219070538520452E-4
creation 3.6603221083455345E-4 1.9867321435755685 7.272079588490369E-4
latest 3.6603221083455345E-4 2.2744142160273495 8.325088638460284E-4
variables 0.0036603221083455345 0.9452782687474074 0.003460022945634727
perfusion 0.002562225475841874 4.0661736852554045 0.010418453805559235
complications 0.0029282576866764276 1.9459101490553132 0.005698126351552894
cataract 0.0010980966325036604 2.5257286443082556 0.002773494118932931
occurred 3.6603221083455345E-4 1.3581234841531944 4.971169414909204E-4
one 0.002562225475841874 0.06491954609931569 1.6633851489575763E-4
analyzed 7.320644216691069E-4 1.0872485300177945 7.959359663380634E-4
onh 0.0014641288433382138 5.1647859739235145 0.007561912114090065
many 3.6603221083455345E-4 0.20194134366360675 7.391703648009031E-5
prognosis 7.320644216691069E-4 2.073743520565198 0.0015181138510726193
snellen 3.6603221083455345E-4 2.5257286443082556 9.244980396443102E-4
single 3.6603221083455345E-4 0.6429973968744738 2.3535775873882644E-4
chronicity 3.6603221083455345E-4 5.1647859739235145 0.0018904780285225163
confirm 3.6603221083455345E-4 1.8325814637483102 6.70783844710216E-4
such 0.005490483162518302 0.10219094089654716 5.610776403543952E-4
appear 0.0010980966325036604 1.4512139072192063 0.0015935731045598899
extensive 0.0010980966325036604 1.5271998141971284 0.0016770129731300825
nlp 7.320644216691069E-4 0.41119578281714936 3.0102180294081215E-4
ppv 0.003294289897510981 2.456735772821304 0.008093199837259054
associated 0.004758418740849195 0.4373981552111735 0.002081323578969713
showed 7.320644216691069E-4 0.5398131606392429 3.9517800925274006E-4
chart 3.6603221083455345E-4 1.8325814637483102 6.70783844710216E-4
optical 7.320644216691069E-4 2.8622008809294686 0.0020953154325984396
partially 3.6603221083455345E-4 2.169053700369523 7.939435213651256E-4
but 0.0018301610541727673 0.083381608939051 1.52601773314515E-4
through 3.6603221083455345E-4 0.2595111954850846 9.49894566197235E-5
stabilization 3.6603221083455345E-4 3.0853444322436783 0.0011293354437202337
glaucoma 7.320644216691069E-4 2.331572629867298 0.001706861368863322
approximate 3.6603221083455345E-4 2.331572629867298 8.53430684431661E-4
involuted 3.6603221083455345E-4 5.1647859739235145 0.0018904780285225163
rhegmatogenous 0.0014641288433382138 3.0853444322436783 0.004517341774880935
had 0.007320644216691069 0.32059888746492277 0.002346990391397678
accounting 3.6603221083455345E-4 2.5257286443082556 9.244980396443102E-4
guided 3.6603221083455345E-4 2.392197251683733 8.756212487861394E-4
features 3.6603221083455345E-4 0.8340526336371831 3.052901294426E-4
retrospectively 3.6603221083455345E-4 2.7668907011251433 0.0010127711204704038
either 0.0010980966325036604 0.7827593392496325 8.595453944908116E-4
view 3.6603221083455345E-4 1.4035858582299516 5.137576347840233E-4
late 3.6603221083455345E-4 1.9867321435755685 7.272079588490369E-4
segment 7.320644216691069E-4 2.120263536200091 0.0015521694994144151
adjusting 3.6603221083455345E-4 2.7668907011251433 0.0010127711204704038
details 0.0010980966325036604 1.5012243277938677 0.0016484893789830172
has 0.0029282576866764276 0.05279818556697083 1.5460669272905075E-4
results 0.0014641288433382138 0.08961215868968714 1.312037462513721E-4
those 0.0010980966325036604 0.3364722366212129 3.6947902996472865E-4
fluorescein 0.0010980966325036604 3.373026504695459 0.0037039090461516754
treated 3.6603221083455345E-4 1.0216512475319812 3.739572648360107E-4
vasculature 7.320644216691069E-4 4.471638793363569 0.003273527667176844
this 0.006588579795021962 0.017291497110061043 1.1392640848502884E-4
degree 3.6603221083455345E-4 1.2729656758128876 4.659464406342927E-4
significant 0.004758418740849195 0.377294231141468 0.0017953239402778492
finding 3.6603221083455345E-4 0.9751312318970885 3.5692944066511293E-4
worse 0.0014641288433382138 1.6094379124341003 0.0023564244691568086
decrease 3.6603221083455345E-4 1.3146383722134554 4.811999898292297E-4
dense 0.0010980966325036604 2.456735772821304 0.0026977332790863516
thin 7.320644216691069E-4 3.0853444322436783 0.0022586708874404674
prp 7.320644216691069E-4 4.0661736852554045 0.0029767010873026386
panretinal 3.6603221083455345E-4 3.7784916128036232 0.0013830496386543277
longer 0.0010980966325036604 1.1758019273592397 0.0012911441369244947
institutional 3.6603221083455345E-4 1.3361445774344192 4.890719536729207E-4
median 7.320644216691069E-4 1.79749014393704 0.001315878582677189
especially 3.6603221083455345E-4 0.7104386776700063 2.600434398499291E-4
once 3.6603221083455345E-4 1.4271163556401458 5.223705547731134E-4
failure 3.6603221083455345E-4 2.0292917579943643 7.427861486070148E-4
nicola 0.0018301610541727673 5.1647859739235145 0.009452390142612581
support 3.6603221083455345E-4 0.7104386776700063 2.600434398499291E-4
suggesting 3.6603221083455345E-4 1.5812670354674039 5.787946689119341E-4
involving 0.0018301610541727673 1.5271998141971284 0.002795021621883471
full 3.6603221083455345E-4 0.14750613710858965 5.399199747752184E-5
higher 0.0010980966325036604 0.41985384556026406 4.610400939534379E-4
hyaloid 3.6603221083455345E-4 5.1647859739235145 0.0018904780285225163
capsule 3.6603221083455345E-4 3.373026504695459 0.0012346363487172251
reasons 3.6603221083455345E-4 1.3581234841531944 4.971169414909204E-4
records 3.6603221083455345E-4 1.3581234841531944 4.971169414909204E-4
absence 3.6603221083455345E-4 1.3581234841531944 4.971169414909204E-4
needed 3.6603221083455345E-4 0.8080771472339223 2.9578226472691153E-4
show 3.6603221083455345E-4 0.6321864807702582 2.3140061521605352E-4
impossible 3.6603221083455345E-4 2.2203469947570738 8.127185193107884E-4
changes 3.6603221083455345E-4 0.9021060968821986 3.30199889049121E-4
proper 3.6603221083455345E-4 1.5538680612792897 5.687657618152598E-4
description 3.6603221083455345E-4 1.4512139072192063 5.311910348532967E-4
vitrectomy 0.0076866764275256225 2.073743520565198 0.015940195436262503
thicker 3.6603221083455345E-4 4.0661736852554045 0.0014883505436513193
conclusion 3.6603221083455345E-4 0.653926467406664 2.393581505880908E-4
not 0.00951683748169839 0.03488725900044054 3.3201637408911204E-4
negative 0.0014641288433382138 0.6429973968744738 9.414310349553057E-4
minimal 3.6603221083455345E-4 1.906689435902032 6.979097495981084E-4
common 7.320644216691069E-4 0.3526016185510966 2.581270999641996E-4
gas 3.6603221083455345E-4 2.7668907011251433 0.0010127711204704038
factor 0.0014641288433382138 0.7703368192510752 0.0011278723561509154
nonclearing 3.6603221083455345E-4 4.0661736852554045 0.0014883505436513193
early 3.6603221083455345E-4 0.8340526336371831 3.052901294426E-4
successful 7.320644216691069E-4 1.3361445774344192 9.781439073458414E-4
summary 3.6603221083455345E-4 1.4271163556401458 5.223705547731134E-4
figure 7.320644216691069E-4 0.20194134366360675 1.4783407296018063E-4
cases 0.002562225475841874 0.6004377824556778 0.0015384569828659387
disease 7.320644216691069E-4 1.2729656758128876 9.318928812685854E-4
preclude 3.6603221083455345E-4 5.1647859739235145 0.0018904780285225163
adherent 3.6603221083455345E-4 3.5553480614894135 0.001301371911233314
previous 0.0021961932650073207 0.32850406697203605 7.214584194114994E-4
emad 0.0018301610541727673 5.1647859739235145 0.009452390142612581
breaks 0.0014641288433382138 2.6798793241355137 0.003923688615132524
recently 7.320644216691069E-4 1.5271998141971284 0.0011180086487533882
center 3.6603221083455345E-4 1.8325814637483102 6.70783844710216E-4
intraoperatively 7.320644216691069E-4 3.5553480614894135 0.002602743822466628
was 0.008784773060029283 0.058840500022933395 5.169004394401177E-4
epiretinal 0.0014641288433382138 3.7784916128036232 0.005532198554617311
concomitant 3.6603221083455345E-4 3.373026504695459 0.0012346363487172251
heij 3.6603221083455345E-4 5.1647859739235145 0.0018904780285225163
ischemia 0.0018301610541727673 3.0853444322436783 0.0056466772186011685
ischemic 0.0014641288433382138 2.9675613965872945 0.004344892235120489
logistic 7.320644216691069E-4 1.8689491079191851 0.0013681911478178514
healthy 7.320644216691069E-4 2.456735772821304 0.0017984888527242343
removal 3.6603221083455345E-4 1.9459101490553132 7.122657939441117E-4
short 3.6603221083455345E-4 1.157452788691043 4.236650031812017E-4
risk 0.0010980966325036604 0.8209805520698303 9.015159795788767E-4
time 3.6603221083455345E-4 0.20194134366360675 7.391703648009031E-5
attempted 3.6603221083455345E-4 1.906689435902032 6.979097495981084E-4
play 3.6603221083455345E-4 1.2729656758128876 4.659464406342927E-4
foveal 7.320644216691069E-4 5.1647859739235145 0.0037809560570450326
reattached 7.320644216691069E-4 4.0661736852554045 0.0029767010873026386
comparative 3.6603221083455345E-4 2.2744142160273495 8.325088638460284E-4
collected 0.0010980966325036604 0.8340526336371831 9.158703883277999E-4
tissue 3.6603221083455345E-4 2.120263536200091 7.760847497072076E-4
whole 7.320644216691069E-4 1.252762968495368 9.171031980200352E-4
ambulatory 3.6603221083455345E-4 4.0661736852554045 0.0014883505436513193
during 0.0018301610541727673 0.28958865072236245 5.299938702825081E-4
none 0.0014641288433382138 1.6384254493073527 0.0023988659579902674
type 7.320644216691069E-4 0.5203950747821414 3.8096271945984E-4
when 0.0010980966325036604 0.14750613710858965 1.619759924325655E-4
three 0.0029282576866764276 0.22314355131420976 6.534218193681106E-4
required 0.0014641288433382138 0.5900749954201312 8.639458205272785E-4
diabetic 0.006954612005856516 2.5257286443082556 0.017565462753241896
ghazi 0.0018301610541727673 5.1647859739235145 0.009452390142612581
largely 3.6603221083455345E-4 1.79749014393704 6.579392913385945E-4
review 0.0010980966325036604 0.5696661237889241 6.255484521840309E-4
presence 0.0021961932650073207 0.9751312318970885 0.0021415766439906777
greater 3.6603221083455345E-4 0.8743265327751228 3.2003167378298787E-4
dependent 3.6603221083455345E-4 1.4035858582299516 5.137576347840233E-4
case 7.320644216691069E-4 0.38566248081198473 2.8232978097509866E-4
guide 3.6603221083455345E-4 2.073743520565198 7.590569255363096E-4
between 0.0029282576866764276 0.058840500022933395 1.7230014648003924E-4
promising 3.6603221083455345E-4 1.8325814637483102 6.70783844710216E-4
generation 3.6603221083455345E-4 1.6990500711237875 6.219070538520452E-4
having 7.320644216691069E-4 0.8340526336371831 6.105802588852E-4
method 3.6603221083455345E-4 0.4734380916943703 1.732935913961824E-4
reduced 3.6603221083455345E-4 0.9452782687474074 3.460022945634727E-4
dates 3.6603221083455345E-4 2.7668907011251433 0.0010127711204704038
baseline 0.0014641288433382138 1.5538680612792897 0.002275063047261039
extraction 3.6603221083455345E-4 1.3361445774344192 4.890719536729207E-4
lapse 3.6603221083455345E-4 4.471638793363569 0.001636763833588422
knowing 7.320644216691069E-4 2.7668907011251433 0.0020255422409408076
discrepancy 7.320644216691069E-4 2.9675613965872945 0.0021724461175602447
light 7.320644216691069E-4 1.2729656758128876 9.318928812685854E-4
among 3.6603221083455345E-4 0.32850406697203605 1.2024306990191656E-4
following 0.004026354319180088 0.2160260835453457 8.697975545383611E-4
exact 3.6603221083455345E-4 1.5271998141971284 5.590043243766941E-4
intravitreal 0.0021961932650073207 2.331572629867298 0.005120584106589966
completely 0.0010980966325036604 1.3805963400052528 0.0015160281918066465
antibiotics 3.6603221083455345E-4 2.2744142160273495 8.325088638460284E-4
requires 3.6603221083455345E-4 0.8881198549074587 3.2508047397783994E-4
study 0.003294289897510981 0.15415067982725836 5.07817027249387E-4
vitrectomies 7.320644216691069E-4 4.0661736852554045 0.0029767010873026386
surgeons 3.6603221083455345E-4 2.5998366164619773 9.516239445322025E-4
methods 3.6603221083455345E-4 0.20194134366360675 7.391703648009031E-5
differences 3.6603221083455345E-4 0.7953381214564925 2.9111937095772054E-4
direct 3.6603221083455345E-4 0.990398704027877 3.6251782724300036E-4
teaching 0.0010980966325036604 2.392197251683733 0.0026268637463584183
formation 3.6603221083455345E-4 2.073743520565198 7.590569255363096E-4
distribution 3.6603221083455345E-4 0.9751312318970885 3.5692944066511293E-4
our 0.00951683748169839 0.19497267434751336 0.0018555232551373893
reoperated 7.320644216691069E-4 4.471638793363569 0.003273527667176844
confirmed 7.320644216691069E-4 1.252762968495368 9.171031980200352E-4
out 0.0021961932650073207 0.368995428326773 8.103852745097504E-4
ghost 3.6603221083455345E-4 5.1647859739235145 0.0018904780285225163
ophthalmic 0.0014641288433382138 2.169053700369523 0.0031757740854605025
tomography 3.6603221083455345E-4 2.5257286443082556 9.244980396443102E-4
causes 3.6603221083455345E-4 1.5538680612792897 5.687657618152598E-4
bilateral 3.6603221083455345E-4 2.5998366164619773 9.516239445322025E-4
older 0.0010980966325036604 1.8325814637483102 0.002012351534130648
physician 3.6603221083455345E-4 2.2744142160273495 8.325088638460284E-4
event 3.6603221083455345E-4 1.8325814637483102 6.70783844710216E-4
minimizing 3.6603221083455345E-4 2.8622008809294686 0.0010476577162992198
include 3.6603221083455345E-4 0.5013468798114469 1.8350910681238906E-4
more 0.0036603221083455345 0.05279818556697083 1.9325836591131343E-4
display 3.6603221083455345E-4 0.167573700159399 6.133737194707138E-5
csvdisplay 0.0014641288433382138 0.2669461739726028 3.908435929320685E-4
aged 7.320644216691069E-4 2.0292917579943643 0.0014855722972140295
continued 3.6603221083455345E-4 1.906689435902032 6.979097495981084E-4
suggest 3.6603221083455345E-4 1.0059028905638423 3.681928589179511E-4
performed 0.0010980966325036604 0.4643056081310978 5.098524247413226E-4
lead 7.320644216691069E-4 0.7703368192510752 5.639361780754577E-4
endolaser 0.0018301610541727673 4.0661736852554045 0.007441752718256597
nasal 7.320644216691069E-4 3.373026504695459 0.0024692726974344503
appearance 0.0010980966325036604 2.9675613965872945 0.0032586691763403673
assess 3.6603221083455345E-4 0.9751312318970885 3.5692944066511293E-4
january 3.6603221083455345E-4 1.3581234841531944 4.971169414909204E-4
ended 3.6603221083455345E-4 2.7668907011251433 0.0010127711204704038
incidence 0.0010980966325036604 1.6384254493073527 0.0017991494684927007
scarce 3.6603221083455345E-4 3.373026504695459 0.0012346363487172251
diabetes 3.6603221083455345E-4 2.456735772821304 8.992444263621172E-4
macula 0.006222547584187409 3.5553480614894135 0.022123322490966338
board 3.6603221083455345E-4 1.4512139072192063 5.311910348532967E-4
first 3.6603221083455345E-4 0.167573700159399 6.133737194707138E-5
infrequently 3.6603221083455345E-4 3.7784916128036232 0.0013830496386543277
adjuvants 7.320644216691069E-4 5.1647859739235145 0.0037809560570450326
cystic 3.6603221083455345E-4 5.1647859739235145 0.0018904780285225163
small 3.6603221083455345E-4 0.6214911916535102 2.274857948951355E-4
date 3.6603221083455345E-4 1.8689491079191851 6.840955739089257E-4
confounding 3.6603221083455345E-4 2.9675613965872945 0.0010862230587801224
membrane 7.320644216691069E-4 2.392197251683733 0.0017512424975722788
data 0.0014641288433382138 0.167573700159399 2.453494877882855E-4
before 0.0010980966325036604 0.5203950747821414 5.7144407918976E-4
staining 3.6603221083455345E-4 3.7784916128036232 0.0013830496386543277
existence 3.6603221083455345E-4 1.6990500711237875 6.219070538520452E-4
used 0.0018301610541727673 0.07103577311675174 1.300069054113319E-4
experience 7.320644216691069E-4 1.2135422553420867 8.883911093280284E-4
pole 7.320644216691069E-4 3.7784916128036232 0.0027660992773086554
influence 7.320644216691069E-4 0.9306794693262548 6.81317327471636E-4
barrier 7.320644216691069E-4 2.456735772821304 0.0017984888527242343
shows 3.6603221083455345E-4 0.5596157879354227 2.048374040759234E-4
major 3.6603221083455345E-4 0.7104386776700063 2.600434398499291E-4
only 0.004758418740849195 0.10854016857520597 5.164795722831909E-4
should 3.6603221083455345E-4 0.368995428326773 1.3506421241829173E-4
few 3.6603221083455345E-4 0.6988778552689304 2.558118064673977E-4
from 0.0029282576866764276 0.023122417420854212 6.770839654715729E-5
avoiding 3.6603221083455345E-4 2.2744142160273495 8.325088638460284E-4
totally 3.6603221083455345E-4 3.0853444322436783 0.0011293354437202337
potential 7.320644216691069E-4 0.44628710262841953 3.267109096840553E-4
nvg 0.0010980966325036604 4.0661736852554045 0.004465051630953958
development 0.0018301610541727673 0.6004377824556778 0.001098897844904242
thinner 3.6603221083455345E-4 4.0661736852554045 0.0014883505436513193
king 7.320644216691069E-4 3.5553480614894135 0.002602743822466628
patients 0.004392386530014641 0.9452782687474074 0.004152027534761672
history 0.0010980966325036604 1.2729656758128876 0.001397839321902878
published 0.0018301610541727673 0.03488725900044054 6.384930270944462E-5
cavity 3.6603221083455345E-4 3.0853444322436783 0.0011293354437202337
judged 7.320644216691069E-4 2.8622008809294686 0.0020953154325984396
inner 7.320644216691069E-4 2.456735772821304 0.0017984888527242343
solely 3.6603221083455345E-4 2.073743520565198 7.590569255363096E-4
lensectomy 0.0014641288433382138 3.7784916128036232 0.005532198554617311
both 3.6603221083455345E-4 0.13434805253107854 4.9175714689267405E-5
most 0.002562225475841874 0.0771896386911299 1.9777725872544263E-4
prognostic 0.0021961932650073207 2.9675613965872945 0.006517338352680735
effects 0.0010980966325036604 1.0216512475319812 0.001121871794508032
preoperatively 3.6603221083455345E-4 3.5553480614894135 0.001301371911233314
techniques 7.320644216691069E-4 0.9751312318970885 7.138588813302259E-4
nerve 0.0010980966325036604 2.5998366164619773 0.0028548718335966077
effect 0.0014641288433382138 0.758066726659261 0.0011099073596768096
anatomical 0.0014641288433382138 3.5553480614894135 0.005205487644933256
intervention 3.6603221083455345E-4 1.79749014393704 6.579392913385945E-4
clinically 3.6603221083455345E-4 2.2744142160273495 8.325088638460284E-4
yahya 0.0018301610541727673 5.1647859739235145 0.009452390142612581
atrophic 7.320644216691069E-4 5.1647859739235145 0.0037809560570450326
who 7.320644216691069E-4 0.44628710262841953 3.267109096840553E-4
note 0.0014641288433382138 1.0872485300177945 0.0015918719326761268
repair 3.6603221083455345E-4 2.456735772821304 8.992444263621172E-4
anatomic 0.0014641288433382138 2.8622008809294686 0.004190630865196879
critical 3.6603221083455345E-4 1.2135422553420867 4.441955546640142E-4
acknowledged 3.6603221083455345E-4 3.2188758248682006 0.0011782122345784043
configuration 7.320644216691069E-4 3.2188758248682006 0.0023564244691568086
pars 0.0014641288433382138 2.2744142160273495 0.0033300354553841135
line 7.320644216691069E-4 1.0059028905638423 7.363857178359021E-4
part 3.6603221083455345E-4 0.5496654570822546 2.01195262475203E-4
according 3.6603221083455345E-4 0.4919571394616079 1.800721593929751E-4
their 0.0010980966325036604 0.12136085700426753 1.3326594839414445E-4
ocular 7.320644216691069E-4 1.5538680612792897 0.0011375315236305196
general 7.320644216691069E-4 0.4734380916943703 3.465871827923648E-4
can 7.320644216691069E-4 0.0958817717032825 7.019163375057285E-5
along 3.6603221083455345E-4 1.2135422553420867 4.441955546640142E-4
retina 0.0014641288433382138 2.7668907011251433 0.004051084481881615
patient 3.6603221083455345E-4 0.9751312318970885 3.5692944066511293E-4
studies 0.0014641288433382138 0.24480504809538922 3.58426131911258E-4
predictor 3.6603221083455345E-4 2.392197251683733 8.756212487861394E-4
hospital 3.6603221083455345E-4 1.4512139072192063 5.311910348532967E-4
introduction 7.320644216691069E-4 0.10219094089654716 7.481035204725269E-5
macular 0.01281112737920937 2.7668907011251433 0.035446989216464136
postoperative 0.005124450951683748 2.0292917579943643 0.010399006080498208
microvascular 3.6603221083455345E-4 3.5553480614894135 0.001301371911233314
process 3.6603221083455345E-4 0.5013468798114469 1.8350910681238906E-4
motion 7.320644216691069E-4 2.120263536200091 0.0015521694994144151
limited 3.6603221083455345E-4 0.5696661237889241 2.085161507280103E-4
studied 3.6603221083455345E-4 1.0539121097502027 3.857657795571752E-4
therapy 3.6603221083455345E-4 1.9867321435755685 7.272079588490369E-4
clear 7.320644216691069E-4 1.0704414117014134 7.836320729878575E-4
also 3.6603221083455345E-4 0.05279818556697083 1.9325836591131343E-5
allowing 7.320644216691069E-4 1.5538680612792897 0.0011375315236305196
enough 3.6603221083455345E-4 1.4512139072192063 5.311910348532967E-4
ultrasound 3.6603221083455345E-4 3.7784916128036232 0.0013830496386543277
recommended 3.6603221083455345E-4 1.6384254493073527 5.997164894975669E-4
factors 0.004758418740849195 0.6321864807702582 0.0030082079978086956
performance 3.6603221083455345E-4 0.7703368192510752 2.8196808903772886E-4
currently 3.6603221083455345E-4 1.4035858582299516 5.137576347840233E-4
corresponding 7.320644216691069E-4 1.0872485300177945 7.959359663380634E-4
various 3.6603221083455345E-4 0.5798184952529422 2.1223224570019846E-4
challenge 3.6603221083455345E-4 1.4271163556401458 5.223705547731134E-4
growth 3.6603221083455345E-4 1.4512139072192063 5.311910348532967E-4
determining 3.6603221083455345E-4 1.5538680612792897 5.687657618152598E-4
reduction 7.320644216691069E-4 1.4759065198095778 0.0010804586528620629
treating 7.320644216691069E-4 2.073743520565198 0.0015181138510726193
