extent 9.328358208955224E-4 1.3805963400052528 0.0012878697201541536
been 0.0013992537313432835 0.05279818556697083 7.387805816273903E-5
optimal 4.664179104477612E-4 1.2329603411991883 5.75074786007084E-4
sufficiently 9.328358208955224E-4 2.120263536200091 0.001977857776306055
year 4.664179104477612E-4 1.3146383722134554 6.13170882562246E-4
evolved 4.664179104477612E-4 3.373026504695459 0.0015732399742049716
mutually 9.328358208955224E-4 3.5553480614894135 0.0033165560275087813
accuracy 4.664179104477612E-4 1.0539121097502027 4.915634840252811E-4
areas 9.328358208955224E-4 1.1758019273592397 0.0010968301561186937
scenarios 4.664179104477612E-4 1.9867321435755685 9.266474550259182E-4
extracted 4.664179104477612E-4 1.0704414117014134 4.992730465025249E-4
without 4.664179104477612E-4 0.32850406697203605 1.5322018049068845E-4
via 4.664179104477612E-4 0.9021060968821986 4.207584407099807E-4
setting 0.0023320895522388058 1.3581234841531944 0.00316726558804383
evaluation 4.664179104477612E-4 0.7953381214564925 3.7095994470918493E-4
these 9.328358208955224E-4 0.03488725900044054 3.2544084888470655E-5
introduced 4.664179104477612E-4 1.0059028905638423 4.6917112433015034E-4
approved 4.664179104477612E-4 1.4035858582299516 6.546575831296416E-4
would 0.0018656716417910447 0.5013468798114469 9.353486563646396E-4
poor 9.328358208955224E-4 1.0539121097502027 9.831269680505622E-4
record 0.0023320895522388058 1.8689491079191851 0.004358556688244368
understanding 9.328358208955224E-4 0.990398704027877 9.238793880857061E-4
warrant 4.664179104477612E-4 3.373026504695459 0.0015732399742049716
diagnostic 9.328358208955224E-4 2.120263536200091 0.001977857776306055
evaluated 9.328358208955224E-4 0.9600933545325481 8.956094725117052E-4
because 9.328358208955224E-4 0.34450440831847723 3.213660525358929E-4
prevention 4.664179104477612E-4 2.331572629867298 0.0010874872340798964
assigning 4.664179104477612E-4 2.5257286443082556 0.0011780450766363131
limitations 4.664179104477612E-4 0.9162907318741551 4.2737440852339323E-4
cdc 9.328358208955224E-4 4.0661736852554045 0.003793072467588997
agreement 4.664179104477612E-4 1.906689435902032 8.893141025662463E-4
thus 4.664179104477612E-4 0.8881198549074587 4.1423500695310573E-4
documentation 0.0046641791044776115 2.392197251683733 0.011157636435092037
pool 4.664179104477612E-4 3.373026504695459 0.0015732399742049716
july 9.328358208955224E-4 2.331572629867298 0.0021749744681597927
active 0.0013992537313432835 1.1944940603713923 0.00167140027104206
coincide 4.664179104477612E-4 3.7784916128036232 0.001762356162688257
personal 4.664179104477612E-4 1.8325814637483102 8.547488170467865E-4
require 0.0013992537313432835 1.121734706088964 0.0015695914730722443
analysis 4.664179104477612E-4 0.15415067982725836 7.189863797913169E-5
apparent 4.664179104477612E-4 2.2203469947570738 0.0010356096057635605
population 4.664179104477612E-4 0.9751312318970885 4.548186715937913E-4
prioritization 4.664179104477612E-4 4.471638793363569 0.002085652422277784
duvall 0.0018656716417910447 5.1647859739235145 0.009635794727469242
symptoms 4.664179104477612E-4 1.8325814637483102 8.547488170467865E-4
size 4.664179104477612E-4 0.127833371509885 5.962377402513292E-5
assigned 4.664179104477612E-4 1.3805963400052528 6.439348600770768E-4
evaluating 9.328358208955224E-4 1.4512139072192063 0.0013537443164358268
crabb 4.664179104477612E-4 5.1647859739235145 0.0024089486818673106
jones 0.0018656716417910447 3.7784916128036232 0.007049424650753028
relative 4.664179104477612E-4 1.0539121097502027 4.915634840252811E-4
appropriate 4.664179104477612E-4 1.0704414117014134 4.992730465025249E-4
usefulness 4.664179104477612E-4 2.5998366164619773 0.001212610362155773
concluded 4.664179104477612E-4 1.9867321435755685 9.266474550259182E-4
least 9.328358208955224E-4 0.653926467406664 6.100060330286046E-4
utility 4.664179104477612E-4 2.2744142160273495 0.0010608275261321592
facing 4.664179104477612E-4 3.0853444322436783 0.0014390599030987305
manual 9.328358208955224E-4 1.4512139072192063 0.0013537443164358268
uncertainty 4.664179104477612E-4 2.073743520565198 9.672311196666035E-4
virus 4.664179104477612E-4 2.9675613965872945 0.0013841237857216858
result 4.664179104477612E-4 0.4285875255290187 1.999008981012214E-4
gold 4.664179104477612E-4 2.7668907011251433 0.0012905273792561303
coding 0.0046641791044776115 2.2203469947570738 0.010356096057635605
how 4.664179104477612E-4 0.5496654570822546 2.563738139376187E-4
nightly 4.664179104477612E-4 5.1647859739235145 0.0024089486818673106
adoption 4.664179104477612E-4 2.331572629867298 0.0010874872340798964
systems 0.002798507462686567 0.8743265327751228 0.0024468093267960528
unlike 4.664179104477612E-4 1.6682784124570338 7.78114931183318E-4
elevated 4.664179104477612E-4 2.2744142160273495 0.0010608275261321592
national 4.664179104477612E-4 1.293584963015623 6.033511954363914E-4
consisted 4.664179104477612E-4 1.8325814637483102 8.547488170467865E-4
positives 0.0023320895522388058 3.373026504695459 0.007866199871024857
after 9.328358208955224E-4 0.12136085700426753 1.1320975466816001E-4
scott 0.0018656716417910447 3.5553480614894135 0.006633112055017563
close 4.664179104477612E-4 1.1394342831883648 5.314525574572597E-4
agreed 4.664179104477612E-4 2.2744142160273495 0.0010608275261321592
annotation 9.328358208955224E-4 2.169053700369523 0.0020233709891506746
ordered 4.664179104477612E-4 3.373026504695459 0.0015732399742049716
kristine 0.0018656716417910447 5.1647859739235145 0.009635794727469242
decreased 4.664179104477612E-4 1.293584963015623 6.033511954363914E-4
predictive 0.0046641791044776115 1.5012243277938677 0.007001979140829606
kreisler 0.0018656716417910447 5.1647859739235145 0.009635794727469242
sample 9.328358208955224E-4 0.7221347174331975 6.736331319339529E-4
practices 0.0018656716417910447 1.79749014393704 0.003353526387942239
march 0.0013992537313432835 2.169053700369523 0.003035056483726012
the 0.08582089552238806 0.017291497110061043 0.0014839717669082237
interventions 4.664179104477612E-4 2.169053700369523 0.0010116854945753373
days 9.328358208955224E-4 1.1043429633770947 0.001030170674792066
validity 4.664179104477612E-4 2.073743520565198 9.672311196666035E-4
under 9.328358208955224E-4 0.7459453661269161 6.958445579542127E-4
did 0.0018656716417910447 0.5108256237659907 9.530328801604305E-4
misclassification 4.664179104477612E-4 3.5553480614894135 0.0016582780137543906
quarter 0.005597014925373134 3.2188758248682006 0.018016096034710077
standard 4.664179104477612E-4 0.7827593392496325 3.650929753962838E-4
reports 4.664179104477612E-4 1.0539121097502027 4.915634840252811E-4
acceptable 4.664179104477612E-4 2.120263536200091 9.889288881530275E-4
screening 4.664179104477612E-4 2.2744142160273495 0.0010608275261321592
notes 4.664179104477612E-4 2.331572629867298 0.0010874872340798964
evidence 0.0013992537313432835 0.9306794693262548 0.0013022567201393489
tailored 4.664179104477612E-4 3.2188758248682006 0.0015013413362258397
sharply 4.664179104477612E-4 4.471638793363569 0.002085652422277784
rural 4.664179104477612E-4 2.7668907011251433 0.0012905273792561303
emergency 4.664179104477612E-4 2.0292917579943643 9.464980214525953E-4
language 4.664179104477612E-4 0.6988778552689304 3.259691489127474E-4
sites 4.664179104477612E-4 2.120263536200091 9.889288881530275E-4
pandemic 0.0032649253731343282 2.9675613965872945 0.009688866500051801
developed 4.664179104477612E-4 0.48265474679929443 2.2511881846982017E-4
vaccinated 4.664179104477612E-4 4.471638793363569 0.002085652422277784
assessment 4.664179104477612E-4 1.3146383722134554 6.13170882562246E-4
accounted 4.664179104477612E-4 2.5998366164619773 0.001212610362155773
prior 0.0013992537313432835 0.8209805520698303 0.001148760100843979
midst 4.664179104477612E-4 4.471638793363569 0.002085652422277784
discharge 4.664179104477612E-4 2.8622008809294686 0.001334981754164864
which 0.004197761194029851 0.023122417420854212 9.70623865614216E-5
making 9.328358208955224E-4 1.0704414117014134 9.985460930050497E-4
commonly 9.328358208955224E-4 1.0216512475319812 9.530328801604302E-4
test 0.0032649253731343282 0.7104386776700063 0.0023195292647808043
need 9.328358208955224E-4 0.5013468798114469 4.676743281823198E-4
attributable 4.664179104477612E-4 3.7784916128036232 0.001762356162688257
patterns 4.664179104477612E-4 1.3146383722134554 6.13170882562246E-4
remained 4.664179104477612E-4 1.6384254493073527 7.641909744903697E-4
its 4.664179104477612E-4 0.19497267434751336 9.0938747363579E-5
varied 4.664179104477612E-4 1.7635885922613586 8.225693060920515E-4
often 4.664179104477612E-4 0.5900749954201312 2.752215463713298E-4
consent 4.664179104477612E-4 1.4271163556401458 6.656326285635008E-4
volume 4.664179104477612E-4 1.4512139072192063 6.768721582179134E-4
never 4.664179104477612E-4 2.169053700369523 0.0010116854945753373
take 4.664179104477612E-4 0.8743265327751228 4.0780155446600876E-4
tests 4.664179104477612E-4 1.3581234841531944 6.33453117608766E-4
aside 4.664179104477612E-4 2.7668907011251433 0.0012905273792561303
materials 4.664179104477612E-4 1.4512139072192063 6.768721582179134E-4
immediate 4.664179104477612E-4 2.073743520565198 9.672311196666035E-4
parts 9.328358208955224E-4 1.4035858582299516 0.0013093151662592832
therefore 4.664179104477612E-4 1.1394342831883648 5.314525574572597E-4
relatively 9.328358208955224E-4 0.8209805520698303 7.658400672293193E-4
useful 4.664179104477612E-4 0.9162907318741551 4.2737440852339323E-4
however 4.664179104477612E-4 1.9459101490553132 9.076073456414707E-4
some 0.0023320895522388058 0.2160260835453457 5.037921724471681E-4
identifying 0.0018656716417910447 1.0216512475319812 0.0019060657603208605
private 4.664179104477612E-4 2.331572629867298 0.0010874872340798964
sources 4.664179104477612E-4 1.293584963015623 6.033511954363914E-4
trained 4.664179104477612E-4 1.3805963400052528 6.439348600770768E-4
vaccines 4.664179104477612E-4 4.471638793363569 0.002085652422277784
provided 9.328358208955224E-4 0.7104386776700063 6.627226470802298E-4
additional 4.664179104477612E-4 0.5300569856938783 2.4722807168557756E-4
for 0.024720149253731342 0.017291497110061043 4.2744838938117317E-4
choose 4.664179104477612E-4 1.8689491079191851 8.717113376488737E-4
burden 4.664179104477612E-4 2.073743520565198 9.672311196666035E-4
random 4.664179104477612E-4 1.2329603411991883 5.75074786007084E-4
benjamin 0.0018656716417910447 3.7784916128036232 0.007049424650753028
incentives 4.664179104477612E-4 3.5553480614894135 0.0016582780137543906
related 0.0023320895522388058 0.27443684570176036 6.400113006104485E-4
provider 4.664179104477612E-4 2.7668907011251433 0.0012905273792561303
rate 4.664179104477612E-4 0.7221347174331975 3.3681656596697645E-4
scope 4.664179104477612E-4 1.9459101490553132 9.076073456414707E-4
end 4.664179104477612E-4 1.1758019273592397 5.484150780593469E-4
surveillance 0.0065298507462686565 2.7668907011251433 0.018067383309585825
sampled 4.664179104477612E-4 2.9675613965872945 0.0013841237857216858
pcr 9.328358208955224E-4 3.2188758248682006 0.0030026826724516794
reporting 4.664179104477612E-4 1.6384254493073527 7.641909744903697E-4
over 0.0013992537313432835 0.3364722366212129 4.7081003258565233E-4
unacceptable 4.664179104477612E-4 4.471638793363569 0.002085652422277784
six 4.664179104477612E-4 0.9162907318741551 4.2737440852339323E-4
identify 9.328358208955224E-4 0.6214911916535102 5.797492459454386E-4
quarters 9.328358208955224E-4 4.471638793363569 0.004171304844555568
false 0.0065298507462686565 2.169053700369523 0.014163596924054722
multiple 0.0013992537313432835 0.5108256237659907 7.147746601203228E-4
augmenting 4.664179104477612E-4 3.7784916128036232 0.001762356162688257
retrospective 9.328358208955224E-4 1.4271163556401458 0.0013312652571270016
monitor 4.664179104477612E-4 2.2744142160273495 0.0010608275261321592
counter 4.664179104477612E-4 3.373026504695459 0.0015732399742049716
recorded 9.328358208955224E-4 1.5012243277938677 0.0014003958281659213
improvement 4.664179104477612E-4 1.157452788691043 5.398567111432104E-4
billable 4.664179104477612E-4 5.1647859739235145 0.0024089486818673106
versus 4.664179104477612E-4 1.6094379124341003 7.506706681129199E-4
occurring 0.0023320895522388058 2.0292917579943643 0.004732490107262976
ranging 4.664179104477612E-4 1.6094379124341003 7.506706681129199E-4
better 4.664179104477612E-4 0.4285875255290187 1.999008981012214E-4
with 0.008861940298507462 0.017291497110061043 1.5323621506117528E-4
existing 4.664179104477612E-4 0.9452782687474074 4.40894714900843E-4
accuracies 4.664179104477612E-4 4.0661736852554045 0.0018965362337944984
although 0.0023320895522388058 0.4285875255290187 9.995044905061069E-4
approximately 4.664179104477612E-4 0.9452782687474074 4.40894714900843E-4
there 9.328358208955224E-4 0.12136085700426753 1.1320975466816001E-4
well 9.328358208955224E-4 0.3127557100038969 2.917497294812471E-4
suitable 4.664179104477612E-4 1.121734706088964 5.231971576907481E-4
appealing 4.664179104477612E-4 3.5553480614894135 0.0016582780137543906
comprehensive 9.328358208955224E-4 1.3805963400052528 0.0012878697201541536
assign 9.328358208955224E-4 1.9459101490553132 0.0018152146912829414
slightly 4.664179104477612E-4 1.5271998141971284 7.123133461740338E-4
practice 0.0013992537313432835 1.2729656758128876 0.0017812019717531075
hypothesized 4.664179104477612E-4 2.5257286443082556 0.0011780450766363131
select 4.664179104477612E-4 1.8325814637483102 8.547488170467865E-4
education 4.664179104477612E-4 1.730798769438368 8.072755454469999E-4
release 4.664179104477612E-4 2.392197251683733 0.0011157636435092037
focus 4.664179104477612E-4 0.6874491594453075 3.2063860048755013E-4
favorable 4.664179104477612E-4 2.5257286443082556 0.0011780450766363131
variants 4.664179104477612E-4 2.331572629867298 0.0010874872340798964
changing 4.664179104477612E-4 1.6682784124570338 7.78114931183318E-4
entire 4.664179104477612E-4 1.1944940603713923 5.571334236806867E-4
tracking 4.664179104477612E-4 2.5257286443082556 0.0011780450766363131
approach 0.0018656716417910447 0.5398131606392429 0.0010071141056702292
improved 9.328358208955224E-4 0.8607208807193443 8.029112693277465E-4
newly 4.664179104477612E-4 2.392197251683733 0.0011157636435092037
number 4.664179104477612E-4 0.167573700159399 7.815937507434655E-5
experiencing 4.664179104477612E-4 2.8622008809294686 0.001334981754164864
four 4.664179104477612E-4 0.4643056081310978 2.1656045155368366E-4
centers 9.328358208955224E-4 2.2744142160273495 0.0021216550522643184
paralleled 4.664179104477612E-4 4.471638793363569 0.002085652422277784
context 4.664179104477612E-4 0.9162907318741551 4.2737440852339323E-4
easily 9.328358208955224E-4 1.4271163556401458 0.0013312652571270016
guidelines 9.328358208955224E-4 1.5812670354674039 0.0014750625330852648
majority 0.0013992537313432835 0.9452782687474074 0.001322684144702529
whereas 0.0013992537313432835 1.0872485300177945 0.001521336562524899
portal 4.664179104477612E-4 3.7784916128036232 0.001762356162688257
validation 4.664179104477612E-4 1.8325814637483102 8.547488170467865E-4
reduce 4.664179104477612E-4 0.8340526336371831 3.89017086584507E-4
similar 0.0013992537313432835 0.20895891632225325 2.923865433613618E-4
likely 0.0013992537313432835 0.5798184952529422 8.113131929845273E-4
period 0.0018656716417910447 0.8472978603872037 0.0015807795902746337
researchers 4.664179104477612E-4 1.1043429633770947 5.15085337396033E-4
made 4.664179104477612E-4 0.6109090823229731 2.8493893765064044E-4
templates 4.664179104477612E-4 3.7784916128036232 0.001762356162688257
lower 9.328358208955224E-4 0.5300569856938783 4.944561433711551E-4
testing 9.328358208955224E-4 1.293584963015623 0.0012067023908727827
understand 4.664179104477612E-4 1.121734706088964 5.231971576907481E-4
being 0.002798507462686567 0.48265474679929443 0.001350712910818921
sensitive 4.664179104477612E-4 1.906689435902032 8.893141025662463E-4
underlying 4.664179104477612E-4 1.293584963015623 6.033511954363914E-4
classification 4.664179104477612E-4 0.9751312318970885 4.548186715937913E-4
yielded 4.664179104477612E-4 2.392197251683733 0.0011157636435092037
aimed 4.664179104477612E-4 1.8325814637483102 8.547488170467865E-4
diagnoses 0.002798507462686567 2.6798793241355137 0.007499662287692668
system 0.002798507462686567 0.44628710262841953 0.0012489377872063978
likelihood 9.328358208955224E-4 1.7635885922613586 0.001645138612184103
million 4.664179104477612E-4 1.5012243277938677 7.001979140829606E-4
even 0.0013992537313432835 0.377294231141468 5.279303607389944E-4
supplement 9.328358208955224E-4 3.0853444322436783 0.002878119806197461
integration 4.664179104477612E-4 2.2203469947570738 0.0010356096057635605
interval 4.664179104477612E-4 1.79749014393704 8.383815969855597E-4
compromised 4.664179104477612E-4 3.373026504695459 0.0015732399742049716
evaluate 4.664179104477612E-4 0.758066726659261 3.5357589862838667E-4
diagnosed 0.0013992537313432835 1.6990500711237875 0.002377402151759031
authors 0.0018656716417910447 0.023122417420854212 4.313883847174293E-5
status 4.664179104477612E-4 1.3805963400052528 6.439348600770768E-4
vaccination 9.328358208955224E-4 3.5553480614894135 0.0033165560275087813
other 0.002798507462686567 0.0408219945202552 1.1424065630668432E-4
proportion 9.328358208955224E-4 1.4759065198095778 0.001376778469971621
against 4.664179104477612E-4 0.9600933545325481 4.478047362558526E-4
annotators 0.0032649253731343282 3.0853444322436783 0.010073419321691113
categorized 9.328358208955224E-4 1.8325814637483102 0.001709497634093573
emerged 4.664179104477612E-4 1.79749014393704 8.383815969855597E-4
healthcare 0.0046641791044776115 1.9867321435755685 0.00926647455025918
valid 4.664179104477612E-4 1.79749014393704 8.383815969855597E-4
prevalence 0.0013992537313432835 1.8689491079191851 0.0026151340129466206
world 4.664179104477612E-4 1.4035858582299516 6.546575831296416E-4
too 4.664179104477612E-4 1.3361445774344192 6.232017618630686E-4
have 0.004197761194029851 0.028987536873252187 1.2168275739704743E-4
december 0.0023320895522388058 1.3361445774344192 0.003116008809315343
periods 4.664179104477612E-4 1.906689435902032 8.893141025662463E-4
barbara 0.0018656716417910447 5.1647859739235145 0.009635794727469242
table 0.0037313432835820895 0.18805223150293962 7.01687430981118E-4
particularly 4.664179104477612E-4 0.9751312318970885 4.548186715937913E-4
additions 4.664179104477612E-4 4.0661736852554045 0.0018965362337944984
may 0.0065298507462686565 0.15415067982725836 0.0010065809317078437
within 0.002798507462686567 0.3127557100038969 8.752491884437413E-4
could 0.0013992537313432835 0.22314355131420976 3.1223444680159945E-4
change 4.664179104477612E-4 0.7104386776700063 3.313613235401149E-4
health 4.664179104477612E-4 0.990398704027877 4.6193969404285305E-4
positive 0.01166044776119403 0.6988778552689304 0.008149228722818685
demographic 4.664179104477612E-4 1.906689435902032 8.893141025662463E-4
places 4.664179104477612E-4 2.392197251683733 0.0011157636435092037
corporate 4.664179104477612E-4 3.5553480614894135 0.0016582780137543906
curated 4.664179104477612E-4 3.373026504695459 0.0015732399742049716
future 0.0023320895522388058 0.48265474679929443 0.0011255940923491007
facilities 4.664179104477612E-4 2.8622008809294686 0.001334981754164864
complete 4.664179104477612E-4 0.9600933545325481 4.478047362558526E-4
codes 0.011194029850746268 1.906689435902032 0.02134353846158991
covid 4.664179104477612E-4 3.7784916128036232 0.001762356162688257
instance 0.0013992537313432835 2.2203469947570738 0.0031068288172906816
use 9.328358208955224E-4 0.20895891632225325 1.9492436224090786E-4
findings 0.0013992537313432835 0.7459453661269161 0.0010437668369313192
precision 4.664179104477612E-4 1.8689491079191851 8.717113376488737E-4
several 4.664179104477612E-4 0.3526016185510966 1.6445971014510103E-4
annotations 4.664179104477612E-4 2.8622008809294686 0.001334981754164864
stratified 4.664179104477612E-4 2.7668907011251433 0.0012905273792561303
while 0.002798507462686567 0.20895891632225325 5.847730867227236E-4
lab 0.0013992537313432835 2.9675613965872945 0.004152371357165057
cough 4.664179104477612E-4 4.471638793363569 0.002085652422277784
points 4.664179104477612E-4 0.9751312318970885 4.548186715937913E-4
employed 4.664179104477612E-4 1.4035858582299516 6.546575831296416E-4
second 4.664179104477612E-4 0.4643056081310978 2.1656045155368366E-4
that 0.008395522388059701 0.017291497110061043 1.451711511105871E-4
suggests 4.664179104477612E-4 1.157452788691043 5.398567111432104E-4
download 0.0013992537313432835 0.2595111954850846 3.631220086078609E-4
high 0.0018656716417910447 0.2521310881874621 4.703938212452651E-4
solution 4.664179104477612E-4 1.293584963015623 6.033511954363914E-4
whether 0.0013992537313432835 0.5300569856938783 7.416842150567326E-4
sufficient 9.328358208955224E-4 1.5012243277938677 0.0014003958281659213
than 0.0013992537313432835 0.058840500022933395 8.233278921119412E-5
documented 9.328358208955224E-4 1.730798769438368 0.0016145510908939999
function 4.664179104477612E-4 0.6321864807702582 2.9486309737418757E-4
implemented 4.664179104477612E-4 1.293584963015623 6.033511954363914E-4
drg 4.664179104477612E-4 5.1647859739235145 0.0024089486818673106
reviewed 0.0013992537313432835 1.3805963400052528 0.0019318045802312305
international 4.664179104477612E-4 1.5538680612792897 7.247518942534E-4
different 4.664179104477612E-4 0.18805223150293962 8.771092887263975E-5
administered 4.664179104477612E-4 2.331572629867298 0.0010874872340798964
directly 4.664179104477612E-4 0.7703368192510752 3.5929888957606117E-4
representative 4.664179104477612E-4 1.730798769438368 8.072755454469999E-4
calculated 9.328358208955224E-4 0.9021060968821986 8.415168814199614E-4
all 0.005130597014925373 0.017291497110061043 8.871570345646991E-5
settings 0.0032649253731343282 2.0292917579943643 0.006625486150168167
new 4.664179104477612E-4 0.38566248081198473 1.7987988843842572E-4
including 9.328358208955224E-4 0.2669461739726028 2.490169533326518E-4
constructing 4.664179104477612E-4 2.456735772821304 0.0011458655656815782
months 4.664179104477612E-4 1.3146383722134554 6.13170882562246E-4
ideal 4.664179104477612E-4 2.2203469947570738 0.0010356096057635605
workflow 4.664179104477612E-4 2.7668907011251433 0.0012905273792561303
level 9.328358208955224E-4 0.5798184952529422 5.408754619896848E-4
occur 4.664179104477612E-4 1.3146383722134554 6.13170882562246E-4
lagged 4.664179104477612E-4 3.7784916128036232 0.001762356162688257
bodilsen 4.664179104477612E-4 5.1647859739235145 0.0024089486818673106
differs 4.664179104477612E-4 1.8689491079191851 8.717113376488737E-4
diagnosis 0.008395522388059701 1.4512139072192063 0.01218369884792244
includes 4.664179104477612E-4 0.8472978603872037 3.951948975686584E-4
prompted 4.664179104477612E-4 3.2188758248682006 0.0015013413362258397
less 4.664179104477612E-4 0.368995428326773 1.721060766449501E-4
appropriateness 4.664179104477612E-4 4.0661736852554045 0.0018965362337944984
disagreed 4.664179104477612E-4 4.471638793363569 0.002085652422277784
basis 4.664179104477612E-4 1.3146383722134554 6.13170882562246E-4
expense 4.664179104477612E-4 3.0853444322436783 0.0014390599030987305
tool 0.0018656716417910447 1.1758019273592397 0.0021936603122373875
relevant 4.664179104477612E-4 0.7703368192510752 3.5929888957606117E-4
feed 4.664179104477612E-4 2.5998366164619773 0.001212610362155773
driving 4.664179104477612E-4 2.8622008809294686 0.001334981754164864
entry 4.664179104477612E-4 1.9867321435755685 9.266474550259182E-4
quantify 4.664179104477612E-4 2.456735772821304 0.0011458655656815782
clinical 0.00792910447761194 0.9452782687474074 0.007495210153314331
unit 4.664179104477612E-4 1.5538680612792897 7.247518942534E-4
intervals 9.328358208955224E-4 2.2744142160273495 0.0021216550522643184
hybrid 4.664179104477612E-4 2.073743520565198 9.672311196666035E-4
contemporary 4.664179104477612E-4 2.6798793241355137 0.0012499437146154448
were 0.005130597014925373 0.0958817717032825 4.919307316866173E-4
improve 0.0023320895522388058 0.7104386776700063 0.0016568066177005743
true 0.0013992537313432835 1.1394342831883648 0.001594357672371779
october 9.328358208955224E-4 2.0292917579943643 0.0018929960429051906
comprised 4.664179104477612E-4 2.331572629867298 0.0010874872340798964
present 0.0013992537313432835 0.38566248081198473 5.396396653152771E-4
errors 0.0013992537313432835 1.6990500711237875 0.002377402151759031
since 0.0013992537313432835 0.377294231141468 5.279303607389944E-4
facilitate 4.664179104477612E-4 1.6384254493073527 7.641909744903697E-4
became 4.664179104477612E-4 1.8689491079191851 8.717113376488737E-4
veterans 0.002798507462686567 4.471638793363569 0.012513914533666704
code 0.009794776119402986 1.8325814637483102 0.017949725157982516
paradigm 4.664179104477612E-4 2.9675613965872945 0.0013841237857216858
university 4.664179104477612E-4 1.121734706088964 5.231971576907481E-4
influenced 4.664179104477612E-4 1.730798769438368 8.072755454469999E-4
box 0.0018656716417910447 2.392197251683733 0.004463054574036815
epidemiologic 9.328358208955224E-4 4.0661736852554045 0.003793072467588997
effective 4.664179104477612E-4 0.8472978603872037 3.951948975686584E-4
total 0.0013992537313432835 0.5108256237659907 7.147746601203228E-4
and 0.03404850746268657 0.017291497110061043 5.887496683929367E-4
leadership 4.664179104477612E-4 3.373026504695459 0.0015732399742049716
design 4.664179104477612E-4 1.0376515888784226 4.839792858574732E-4
define 4.664179104477612E-4 1.3146383722134554 6.13170882562246E-4
dictate 4.664179104477612E-4 4.471638793363569 0.002085652422277784
department 0.0023320895522388058 1.79749014393704 0.004191907984927798
viable 4.664179104477612E-4 2.7668907011251433 0.0012905273792561303
included 0.0023320895522388058 0.41985384556026406 9.79136766698377E-4
processes 4.664179104477612E-4 1.293584963015623 6.033511954363914E-4
determine 9.328358208955224E-4 0.7221347174331975 6.736331319339529E-4
categorization 4.664179104477612E-4 3.2188758248682006 0.0015013413362258397
inpatient 0.004197761194029851 3.2188758248682006 0.013512072026032558
rates 0.0013992537313432835 1.2329603411991883 0.0017252243580212522
abstraction 9.328358208955224E-4 3.5553480614894135 0.0033165560275087813
considerably 4.664179104477612E-4 2.331572629867298 0.0010874872340798964
coronavirus 4.664179104477612E-4 3.373026504695459 0.0015732399742049716
unnecessary 4.664179104477612E-4 2.8622008809294686 0.001334981754164864
control 4.664179104477612E-4 0.7459453661269161 3.4792227897710636E-4
requirement 4.664179104477612E-4 2.5257286443082556 0.0011780450766363131
specific 0.0013992537313432835 0.40261203912575794 5.633563980304449E-4
followed 0.0013992537313432835 0.758066726659261 0.0010607276958851598
despite 9.328358208955224E-4 0.7221347174331975 6.736331319339529E-4
budgeting 4.664179104477612E-4 4.471638793363569 0.002085652422277784
monotonically 4.664179104477612E-4 4.471638793363569 0.002085652422277784
surveilling 4.664179104477612E-4 4.471638793363569 0.002085652422277784
due 0.0032649253731343282 0.20895891632225325 6.822352678431775E-4
stable 4.664179104477612E-4 1.8689491079191851 8.717113376488737E-4
generalizable 4.664179104477612E-4 3.5553480614894135 0.0016582780137543906
makoto 0.0018656716417910447 5.1647859739235145 0.009635794727469242
until 4.664179104477612E-4 1.0376515888784226 4.839792858574732E-4
objectives 4.664179104477612E-4 2.456735772821304 0.0011458655656815782
maintenance 4.664179104477612E-4 2.5257286443082556 0.0011780450766363131
reason 0.0013992537313432835 1.0059028905638423 0.0014075133729904508
inform 4.664179104477612E-4 2.7668907011251433 0.0012905273792561303
accurate 0.0013992537313432835 1.3805963400052528 0.0019318045802312305
vary 4.664179104477612E-4 1.8325814637483102 8.547488170467865E-4
counts 4.664179104477612E-4 2.0292917579943643 9.464980214525953E-4
empirical 4.664179104477612E-4 1.8325814637483102 8.547488170467865E-4
led 4.664179104477612E-4 1.3581234841531944 6.33453117608766E-4
periodically 4.664179104477612E-4 3.7784916128036232 0.001762356162688257
discussion 4.664179104477612E-4 0.2595111954850846 1.2104066953595364E-4
outpatient 0.0032649253731343282 2.5257286443082556 0.008246315536454192
identification 4.664179104477612E-4 1.3146383722134554 6.13170882562246E-4
extremely 4.664179104477612E-4 1.9459101490553132 9.076073456414707E-4
concurrently 4.664179104477612E-4 3.5553480614894135 0.0016582780137543906
exclusive 9.328358208955224E-4 3.5553480614894135 0.0033165560275087813
they 0.002798507462686567 0.167573700159399 4.689562504460793E-4
trends 4.664179104477612E-4 1.7635885922613586 8.225693060920515E-4
released 4.664179104477612E-4 2.2203469947570738 0.0010356096057635605
defined 9.328358208955224E-4 0.5300569856938783 4.944561433711551E-4
supplementing 4.664179104477612E-4 4.471638793363569 0.002085652422277784
using 0.004197761194029851 0.083381608939051 3.500160823001208E-4
sampling 4.664179104477612E-4 1.8689491079191851 8.717113376488737E-4
diseases 4.664179104477612E-4 1.8689491079191851 8.717113376488737E-4
unnecessarily 4.664179104477612E-4 4.471638793363569 0.002085652422277784
warehouse 4.664179104477612E-4 4.471638793363569 0.002085652422277784
flood 4.664179104477612E-4 4.0661736852554045 0.0018965362337944984
each 0.0023320895522388058 0.13434805253107854 3.133116896713585E-4
quality 4.664179104477612E-4 0.8080771472339223 3.769016544934339E-4
highest 9.328358208955224E-4 1.0872485300177945 0.0010142243750165994
unique 4.664179104477612E-4 1.157452788691043 5.398567111432104E-4
processing 4.664179104477612E-4 0.7221347174331975 3.3681656596697645E-4
difference 4.664179104477612E-4 0.6004377824556778 2.8005493584686464E-4
receives 4.664179104477612E-4 2.5998366164619773 0.001212610362155773
conditions 4.664179104477612E-4 1.0376515888784226 4.839792858574732E-4
annually 4.664179104477612E-4 3.5553480614894135 0.0016582780137543906
complexity 4.664179104477612E-4 1.6094379124341003 7.506706681129199E-4
shared 4.664179104477612E-4 1.730798769438368 8.072755454469999E-4
nevertheless 4.664179104477612E-4 3.0853444322436783 0.0014390599030987305
access 9.328358208955224E-4 1.252762968495368 0.001168622172103888
increased 4.664179104477612E-4 0.4919571394616079 2.29457621017541E-4
document 4.664179104477612E-4 1.4035858582299516 6.546575831296416E-4
iaa 4.664179104477612E-4 4.0661736852554045 0.0018965362337944984
annotator 4.664179104477612E-4 3.0853444322436783 0.0014390599030987305
availability 4.664179104477612E-4 1.6384254493073527 7.641909744903697E-4
two 9.328358208955224E-4 0.11492996667397702 1.0721078980781439E-4
serving 4.664179104477612E-4 2.9675613965872945 0.0013841237857216858
increases 4.664179104477612E-4 1.1394342831883648 5.314525574572597E-4
into 9.328358208955224E-4 0.10854016857520597 1.0125015725299064E-4
unfamiliarity 4.664179104477612E-4 4.471638793363569 0.002085652422277784
current 9.328358208955224E-4 0.4919571394616079 4.58915242035082E-4
found 0.004197761194029851 0.27443684570176036 0.0011520203410988075
routine 4.664179104477612E-4 2.2744142160273495 0.0010608275261321592
are 0.005597014925373134 0.028987536873252187 1.6224367652939656E-4
does 0.0013992537313432835 0.5696661237889241 7.971074493315169E-4
audit 4.664179104477612E-4 4.471638793363569 0.002085652422277784
specificity 4.664179104477612E-4 2.6798793241355137 0.0012499437146154448
reported 4.664179104477612E-4 0.5300569856938783 2.4722807168557756E-4
structured 0.0013992537313432835 1.3805963400052528 0.0019318045802312305
where 0.0018656716417910447 0.32850406697203605 6.128807219627538E-4
examined 4.664179104477612E-4 1.3805963400052528 6.439348600770768E-4
attribute 4.664179104477612E-4 2.6798793241355137 0.0012499437146154448
emerging 4.664179104477612E-4 2.0292917579943643 9.464980214525953E-4
validate 4.664179104477612E-4 2.331572629867298 0.0010874872340798964
participants 4.664179104477612E-4 1.6094379124341003 7.506706681129199E-4
situations 4.664179104477612E-4 2.120263536200091 9.889288881530275E-4
calendar 0.0018656716417910447 3.373026504695459 0.0062929598968198865
phenotype 4.664179104477612E-4 3.5553480614894135 0.0016582780137543906
occurred 0.0013992537313432835 1.3581234841531944 0.001900359352826298
necessary 4.664179104477612E-4 0.8607208807193443 4.0145563466387327E-4
accordance 4.664179104477612E-4 1.6384254493073527 7.641909744903697E-4
one 0.002798507462686567 0.06491954609931569 1.8167783423315956E-4
restrictive 4.664179104477612E-4 4.0661736852554045 0.0018965362337944984
services 9.328358208955224E-4 1.6682784124570338 0.001556229862366636
many 9.328358208955224E-4 0.20194134366360675 1.883781190891854E-4
declaration 4.664179104477612E-4 1.79749014393704 8.383815969855597E-4
prognosis 4.664179104477612E-4 2.073743520565198 9.672311196666035E-4
resampling 4.664179104477612E-4 5.1647859739235145 0.0024089486818673106
confirm 4.664179104477612E-4 1.8325814637483102 8.547488170467865E-4
single 4.664179104477612E-4 0.6429973968744738 2.9990550227354187E-4
such 0.0013992537313432835 0.10219094089654716 1.4299105535897457E-4
appear 4.664179104477612E-4 1.4512139072192063 6.768721582179134E-4
nlp 0.0018656716417910447 0.41119578281714936 7.671563112260249E-4
ppv 0.010727611940298507 2.456735772821304 0.0263549080106763
associated 4.664179104477612E-4 0.4373981552111735 2.0401033358730106E-4
mortality 4.664179104477612E-4 2.392197251683733 0.0011157636435092037
fourth 4.664179104477612E-4 2.0292917579943643 9.464980214525953E-4
chart 0.0013992537313432835 1.8325814637483102 0.0025642464511403595
shifted 4.664179104477612E-4 2.7668907011251433 0.0012905273792561303
hospitalizations 9.328358208955224E-4 4.0661736852554045 0.003793072467588997
seeks 4.664179104477612E-4 2.8622008809294686 0.001334981754164864
but 0.0018656716417910447 0.083381608939051 1.5556270324449813E-4
through 0.002798507462686567 0.2595111954850846 7.262440172157218E-4
detriment 4.664179104477612E-4 5.1647859739235145 0.0024089486818673106
calculation 4.664179104477612E-4 1.8689491079191851 8.717113376488737E-4
medical 0.0023320895522388058 0.9600933545325481 0.002239023681279263
documents 4.664179104477612E-4 1.6682784124570338 7.78114931183318E-4
available 4.664179104477612E-4 0.5696661237889241 2.6570248311050563E-4
seven 0.0013992537313432835 1.5538680612792897 0.0021742556827602
had 0.0023320895522388058 0.32059888746492277 7.47665315916331E-4
icd 0.0023320895522388058 5.1647859739235145 0.012044743409336553
source 4.664179104477612E-4 0.9452782687474074 4.40894714900843E-4
individuals 4.664179104477612E-4 1.4759065198095778 6.883892349858105E-4
descriptions 4.664179104477612E-4 1.8325814637483102 8.547488170467865E-4
research 0.0023320895522388058 0.41119578281714936 9.58945389032531E-4
frequency 9.328358208955224E-4 1.121734706088964 0.0010463943153814963
either 9.328358208955224E-4 0.7827593392496325 7.301859507925676E-4
ambiguity 4.664179104477612E-4 2.9675613965872945 0.0013841237857216858
trivial 4.664179104477612E-4 3.5553480614894135 0.0016582780137543906
kadri 0.0013992537313432835 5.1647859739235145 0.007226846045601932
differing 4.664179104477612E-4 2.7668907011251433 0.0012905273792561303
continue 4.664179104477612E-4 2.2203469947570738 0.0010356096057635605
has 0.0032649253731343282 0.05279818556697083 1.7238213571305774E-4
written 4.664179104477612E-4 1.121734706088964 5.231971576907481E-4
expansions 4.664179104477612E-4 3.7784916128036232 0.001762356162688257
results 0.0013992537313432835 0.08961215868968714 1.2539014742027118E-4
five 4.664179104477612E-4 0.9021060968821986 4.207584407099807E-4
sector 4.664179104477612E-4 2.2203469947570738 0.0010356096057635605
estimates 4.664179104477612E-4 2.2203469947570738 0.0010356096057635605
treated 4.664179104477612E-4 1.0216512475319812 4.765164400802151E-4
given 4.664179104477612E-4 0.3526016185510966 1.6445971014510103E-4
statistic 4.664179104477612E-4 2.9675613965872945 0.0013841237857216858
ensure 4.664179104477612E-4 1.4035858582299516 6.546575831296416E-4
authoritative 4.664179104477612E-4 3.7784916128036232 0.001762356162688257
attractive 4.664179104477612E-4 3.373026504695459 0.0015732399742049716
usual 4.664179104477612E-4 2.456735772821304 0.0011458655656815782
outreach 4.664179104477612E-4 5.1647859739235145 0.0024089486818673106
might 9.328358208955224E-4 0.7339691750802005 6.846727379479483E-4
adapt 4.664179104477612E-4 2.392197251683733 0.0011157636435092037
degree 0.0013992537313432835 1.2729656758128876 0.0017812019717531075
this 0.008395522388059701 0.017291497110061043 1.451711511105871E-4
insufficient 4.664179104477612E-4 2.073743520565198 9.672311196666035E-4
reasonably 4.664179104477612E-4 3.0853444322436783 0.0014390599030987305
significant 4.664179104477612E-4 0.377294231141468 1.759767869129981E-4
intrinsic 4.664179104477612E-4 2.7668907011251433 0.0012905273792561303
surprising 4.664179104477612E-4 2.6798793241355137 0.0012499437146154448
phenotyping 4.664179104477612E-4 4.471638793363569 0.002085652422277784
inquiries 4.664179104477612E-4 4.0661736852554045 0.0018965362337944984
longer 4.664179104477612E-4 1.1758019273592397 5.484150780593469E-4
measure 4.664179104477612E-4 1.0216512475319812 4.765164400802151E-4
institutional 9.328358208955224E-4 1.3361445774344192 0.0012464035237261372
especially 4.664179104477612E-4 0.7104386776700063 3.313613235401149E-4
laboratory 0.0037313432835820895 2.331572629867298 0.00869989787263917
colleagues 4.664179104477612E-4 2.6798793241355137 0.0012499437146154448
overall 0.0013992537313432835 0.7339691750802005 0.0010270091069219224
suboptimal 9.328358208955224E-4 3.373026504695459 0.0031464799484099432
support 4.664179104477612E-4 0.7104386776700063 3.313613235401149E-4
updated 4.664179104477612E-4 2.073743520565198 9.672311196666035E-4
full 9.328358208955224E-4 0.14750613710858965 1.375990084968187E-4
higher 0.0013992537313432835 0.41985384556026406 5.874820600190262E-4
assessed 0.0018656716417910447 1.3581234841531944 0.002533812470435064
reasons 0.0013992537313432835 1.3581234841531944 0.001900359352826298
records 0.0018656716417910447 1.3581234841531944 0.002533812470435064
breakthrough 4.664179104477612E-4 4.0661736852554045 0.0018965362337944984
pending 4.664179104477612E-4 4.471638793363569 0.002085652422277784
changes 4.664179104477612E-4 0.9021060968821986 4.207584407099807E-4
update 4.664179104477612E-4 2.5257286443082556 0.0011780450766363131
conclusion 4.664179104477612E-4 0.653926467406664 3.050030165143023E-4
not 0.009794776119402986 0.03488725900044054 3.417128913289419E-4
minimal 4.664179104477612E-4 1.906689435902032 8.893141025662463E-4
negative 9.328358208955224E-4 0.6429973968744738 5.998110045470837E-4
common 0.0013992537313432835 0.3526016185510966 4.93379130435303E-4
interest 4.664179104477612E-4 1.0539121097502027 4.915634840252811E-4
ranged 4.664179104477612E-4 1.8689491079191851 8.717113376488737E-4
throughout 0.002798507462686567 1.4759065198095778 0.004130335409914863
definition 0.0013992537313432835 1.6990500711237875 0.002377402151759031
factor 9.328358208955224E-4 0.7703368192510752 7.185977791521223E-4
early 0.002798507462686567 0.8340526336371831 0.002334102519507042
summary 4.664179104477612E-4 1.4271163556401458 6.656326285635008E-4
allocation 9.328358208955224E-4 2.120263536200091 0.001977857776306055
figure 9.328358208955224E-4 0.20194134366360675 1.883781190891854E-4
disease 0.002798507462686567 1.2729656758128876 0.003562403943506215
cases 0.006063432835820896 0.6004377824556778 0.0036407141660092404
slight 4.664179104477612E-4 2.7668907011251433 0.0012905273792561303
apply 4.664179104477612E-4 1.3146383722134554 6.13170882562246E-4
was 0.012126865671641791 0.058840500022933395 7.13550839830349E-4
way 4.664179104477612E-4 0.9306794693262548 4.34085573379783E-4
bothered 4.664179104477612E-4 4.471638793363569 0.002085652422277784
bypass 4.664179104477612E-4 3.7784916128036232 0.001762356162688257
vaccine 4.664179104477612E-4 4.0661736852554045 0.0018965362337944984
what 4.664179104477612E-4 0.8209805520698303 3.8292003361465964E-4
guidance 4.664179104477612E-4 2.7668907011251433 0.0012905273792561303
detailed 4.664179104477612E-4 1.1394342831883648 5.314525574572597E-4
risk 4.664179104477612E-4 0.8209805520698303 3.8292003361465964E-4
location 4.664179104477612E-4 1.4512139072192063 6.768721582179134E-4
time 0.005130597014925373 0.20194134366360675 0.0010360796549905198
tested 9.328358208955224E-4 1.3581234841531944 0.001266906235217532
reach 4.664179104477612E-4 1.730798769438368 8.072755454469999E-4
ambulatory 4.664179104477612E-4 4.0661736852554045 0.0018965362337944984
during 4.664179104477612E-4 0.28958865072236245 1.3506933335931084E-4
repository 9.328358208955224E-4 3.373026504695459 0.0031464799484099432
type 4.664179104477612E-4 0.5203950747821414 2.4272158338719282E-4
april 0.005597014925373134 1.906689435902032 0.010671769230794955
when 0.0013992537313432835 0.14750613710858965 2.0639851274522803E-4
three 9.328358208955224E-4 0.22314355131420976 2.0815629786773298E-4
consistency 4.664179104477612E-4 2.456735772821304 0.0011458655656815782
required 4.664179104477612E-4 0.5900749954201312 2.752215463713298E-4
presumptive 4.664179104477612E-4 4.471638793363569 0.002085652422277784
annotated 4.664179104477612E-4 1.9459101490553132 9.076073456414707E-4
modest 4.664179104477612E-4 3.0853444322436783 0.0014390599030987305
billing 4.664179104477612E-4 3.5553480614894135 0.0016582780137543906
excluded 4.664179104477612E-4 1.293584963015623 6.033511954363914E-4
feedback 4.664179104477612E-4 1.79749014393704 8.383815969855597E-4
measures 4.664179104477612E-4 1.2329603411991883 5.75074786007084E-4
identified 0.0037313432835820895 0.6321864807702582 0.0023589047789935006
physicians 4.664179104477612E-4 2.2744142160273495 0.0010608275261321592
enable 4.664179104477612E-4 1.5012243277938677 7.001979140829606E-4
review 0.0018656716417910447 0.5696661237889241 0.0010628099324420225
specifically 4.664179104477612E-4 1.3805963400052528 6.439348600770768E-4
case 0.002798507462686567 0.38566248081198473 0.0010792793306305542
between 9.328358208955224E-4 0.058840500022933395 5.488852614079608E-5
phase 4.664179104477612E-4 1.5538680612792897 7.247518942534E-4
still 9.328358208955224E-4 0.5300569856938783 4.944561433711551E-4
having 9.328358208955224E-4 0.8340526336371831 7.78034173169014E-4
natural 4.664179104477612E-4 0.6429973968744738 2.9990550227354187E-4
inconclusive 4.664179104477612E-4 3.5553480614894135 0.0016582780137543906
double 4.664179104477612E-4 2.6798793241355137 0.0012499437146154448
work 4.664179104477612E-4 0.5696661237889241 2.6570248311050563E-4
extraction 4.664179104477612E-4 1.3361445774344192 6.232017618630686E-4
lowest 4.664179104477612E-4 1.6094379124341003 7.506706681129199E-4
exist 4.664179104477612E-4 1.5271998141971284 7.123133461740338E-4
utah 4.664179104477612E-4 5.1647859739235145 0.0024089486818673106
insight 4.664179104477612E-4 1.5271998141971284 7.123133461740338E-4
toward 4.664179104477612E-4 1.6094379124341003 7.506706681129199E-4
provide 4.664179104477612E-4 0.44628710262841953 2.0815629786773298E-4
phone 4.664179104477612E-4 3.2188758248682006 0.0015013413362258397
rely 9.328358208955224E-4 1.6094379124341003 0.0015013413362258397
among 0.0013992537313432835 0.32850406697203605 4.5966054147206535E-4
nationwide 4.664179104477612E-4 3.373026504695459 0.0015732399742049716
prioritized 4.664179104477612E-4 3.5553480614894135 0.0016582780137543906
sensitivity 0.002798507462686567 2.0292917579943643 0.0056789881287155715
care 0.0023320895522388058 1.1758019273592397 0.0027420753902967342
requires 4.664179104477612E-4 0.8881198549074587 4.1423500695310573E-4
study 0.0046641791044776115 0.15415067982725836 7.189863797913169E-4
infection 0.0013992537313432835 1.8689491079191851 0.0026151340129466206
explicitly 4.664179104477612E-4 1.5812670354674039 7.375312665426324E-4
regions 4.664179104477612E-4 2.0292917579943643 9.464980214525953E-4
methods 4.664179104477612E-4 0.20194134366360675 9.41890595445927E-5
bootstrap 4.664179104477612E-4 3.373026504695459 0.0015732399742049716
distribution 0.0018656716417910447 0.9751312318970885 0.001819274686375165
our 9.328358208955224E-4 0.19497267434751336 1.81877494727158E-4
confirmed 0.0013992537313432835 1.252762968495368 0.0017529332581558321
nst 9.328358208955224E-4 5.1647859739235145 0.004817897363734621
unknown 4.664179104477612E-4 1.79749014393704 8.383815969855597E-4
receiving 4.664179104477612E-4 1.6990500711237875 7.92467383919677E-4
across 0.005130597014925373 0.7703368192510752 0.003952287785336673
ways 4.664179104477612E-4 1.4035858582299516 6.546575831296416E-4
low 9.328358208955224E-4 0.6761496041913742 6.30736571074043E-4
feeds 4.664179104477612E-4 3.2188758248682006 0.0015013413362258397
precise 4.664179104477612E-4 2.2744142160273495 0.0010608275261321592
categories 4.664179104477612E-4 1.0216512475319812 4.765164400802151E-4
demonstrated 4.664179104477612E-4 0.8607208807193443 4.0145563466387327E-4
enables 4.664179104477612E-4 1.6990500711237875 7.92467383919677E-4
informed 4.664179104477612E-4 1.4035858582299516 6.546575831296416E-4
means 4.664179104477612E-4 0.6988778552689304 3.259691489127474E-4
disagreement 4.664179104477612E-4 4.0661736852554045 0.0018965362337944984
initial 4.664179104477612E-4 0.6988778552689304 3.259691489127474E-4
more 0.0037313432835820895 0.05279818556697083 1.9700815510063742E-4
observation 0.0023320895522388058 1.5538680612792897 0.0036237594712669997
display 4.664179104477612E-4 0.167573700159399 7.815937507434655E-5
csvdisplay 0.0013992537313432835 0.2669461739726028 3.7352542999897776E-4
continued 4.664179104477612E-4 1.906689435902032 8.893141025662463E-4
performed 9.328358208955224E-4 0.4643056081310978 4.331209031073673E-4
great 4.664179104477612E-4 1.3361445774344192 6.232017618630686E-4
evolving 4.664179104477612E-4 3.373026504695459 0.0015732399742049716
assess 4.664179104477612E-4 0.9751312318970885 4.548186715937913E-4
january 0.0023320895522388058 1.3581234841531944 0.00316726558804383
elements 4.664179104477612E-4 1.5012243277938677 7.001979140829606E-4
minimum 4.664179104477612E-4 1.3361445774344192 6.232017618630686E-4
runs 4.664179104477612E-4 2.5998366164619773 0.001212610362155773
first 0.002798507462686567 0.167573700159399 4.689562504460793E-4
board 4.664179104477612E-4 1.4512139072192063 6.768721582179134E-4
statistics 9.328358208955224E-4 1.5538680612792897 0.0014495037885068
date 9.328358208955224E-4 1.8689491079191851 0.0017434226752977473
data 0.009328358208955223 0.167573700159399 0.001563187501486931
before 4.664179104477612E-4 0.5203950747821414 2.4272158338719282E-4
existence 4.664179104477612E-4 1.6990500711237875 7.92467383919677E-4
used 0.0023320895522388058 0.07103577311675174 1.6566178432078296E-4
experience 4.664179104477612E-4 1.2135422553420867 5.660178429767195E-4
presented 4.664179104477612E-4 0.4373981552111735 2.0401033358730106E-4
only 0.0032649253731343282 0.10854016857520597 3.5437555038546727E-4
should 4.664179104477612E-4 0.368995428326773 1.721060766449501E-4
from 0.011194029850746268 0.023122417420854212 2.588330308304576E-4
potential 4.664179104477612E-4 0.44628710262841953 2.0815629786773298E-4
necessitate 4.664179104477612E-4 4.0661736852554045 0.0018965362337944984
mechanisms 4.664179104477612E-4 1.4759065198095778 6.883892349858105E-4
enumerated 4.664179104477612E-4 4.471638793363569 0.002085652422277784
strain 4.664179104477612E-4 3.5553480614894135 0.0016582780137543906
development 4.664179104477612E-4 0.6004377824556778 2.8005493584686464E-4
manually 4.664179104477612E-4 1.4512139072192063 6.768721582179134E-4
individual 4.664179104477612E-4 0.7221347174331975 3.3681656596697645E-4
resource 9.328358208955224E-4 1.5812670354674039 0.0014750625330852648
like 9.328358208955224E-4 0.7827593392496325 7.301859507925676E-4
uptake 9.328358208955224E-4 2.9675613965872945 0.0027682475714433715
patients 0.002798507462686567 0.9452782687474074 0.002645368289405058
exceptionally 4.664179104477612E-4 5.1647859739235145 0.0024089486818673106
particular 4.664179104477612E-4 1.0704414117014134 4.992730465025249E-4
history 0.0018656716417910447 1.2729656758128876 0.0023749359623374765
published 0.0018656716417910447 0.03488725900044054 6.508816977694131E-5
posed 4.664179104477612E-4 2.8622008809294686 0.001334981754164864
solely 4.664179104477612E-4 2.073743520565198 9.672311196666035E-4
both 0.0013992537313432835 0.13434805253107854 1.8798701380281512E-4
denominator 4.664179104477612E-4 3.5553480614894135 0.0016582780137543906
most 0.0023320895522388058 0.0771896386911299 1.8001314993267232E-4
important 9.328358208955224E-4 0.2669461739726028 2.490169533326518E-4
efforts 0.0018656716417910447 1.7635885922613586 0.003290277224368206
proposed 4.664179104477612E-4 0.7459453661269161 3.4792227897710636E-4
perceived 4.664179104477612E-4 1.730798769438368 8.072755454469999E-4
elise 0.0018656716417910447 4.471638793363569 0.008342609689111135
outside 0.0018656716417910447 1.4035858582299516 0.0026186303325185663
purposes 4.664179104477612E-4 1.906689435902032 8.893141025662463E-4
covered 4.664179104477612E-4 1.79749014393704 8.383815969855597E-4
who 4.664179104477612E-4 0.44628710262841953 2.0815629786773298E-4
option 4.664179104477612E-4 2.331572629867298 0.0010874872340798964
note 0.0013992537313432835 1.0872485300177945 0.001521336562524899
classify 4.664179104477612E-4 1.5271998141971284 7.123133461740338E-4
acute 4.664179104477612E-4 2.169053700369523 0.0010116854945753373
largest 4.664179104477612E-4 1.6094379124341003 7.506706681129199E-4
ease 4.664179104477612E-4 2.6798793241355137 0.0012499437146154448
critical 4.664179104477612E-4 1.2135422553420867 5.660178429767195E-4
purpose 4.664179104477612E-4 1.0539121097502027 4.915634840252811E-4
instances 0.0046641791044776115 1.9459101490553132 0.009076073456414707
values 0.0013992537313432835 0.5900749954201312 8.256646391139895E-4
part 4.664179104477612E-4 0.5496654570822546 2.563738139376187E-4
according 4.664179104477612E-4 0.4919571394616079 2.29457621017541E-4
their 0.0013992537313432835 0.12136085700426753 1.6981463200224002E-4
distinct 4.664179104477612E-4 1.6990500711237875 7.92467383919677E-4
inherently 4.664179104477612E-4 3.2188758248682006 0.0015013413362258397
error 4.664179104477612E-4 1.5538680612792897 7.247518942534E-4
point 4.664179104477612E-4 0.7703368192510752 3.5929888957606117E-4
integrated 9.328358208955224E-4 1.6384254493073527 0.0015283819489807394
can 0.002798507462686567 0.0958817717032825 2.683258536472458E-4
inclusion 4.664179104477612E-4 1.3581234841531944 6.33453117608766E-4
alone 4.664179104477612E-4 1.730798769438368 8.072755454469999E-4
provenance 4.664179104477612E-4 4.471638793363569 0.002085652422277784
public 9.328358208955224E-4 1.3361445774344192 0.0012464035237261372
pneumonia 4.664179104477612E-4 4.0661736852554045 0.0018965362337944984
coders 4.664179104477612E-4 3.2188758248682006 0.0015013413362258397
equitable 4.664179104477612E-4 5.1647859739235145 0.0024089486818673106
patient 0.0046641791044776115 0.9751312318970885 0.004548186715937912
craig 0.0018656716417910447 5.1647859739235145 0.009635794727469242
hospital 4.664179104477612E-4 1.4512139072192063 6.768721582179134E-4
value 0.002798507462686567 0.6214911916535102 0.0017392477378363157
designed 4.664179104477612E-4 1.0872485300177945 5.071121875082997E-4
introduction 0.0013992537313432835 0.10219094089654716 1.4299105535897457E-4
affairs 4.664179104477612E-4 4.471638793363569 0.002085652422277784
administrations 4.664179104477612E-4 4.471638793363569 0.002085652422277784
original 9.328358208955224E-4 1.1944940603713923 0.0011142668473613734
cost 4.664179104477612E-4 1.3581234841531944 6.33453117608766E-4
supplemented 4.664179104477612E-4 3.0853444322436783 0.0014390599030987305
will 0.0013992537313432835 0.3526016185510966 4.93379130435303E-4
confidence 4.664179104477612E-4 1.906689435902032 8.893141025662463E-4
february 4.664179104477612E-4 2.2203469947570738 0.0010356096057635605
clear 4.664179104477612E-4 1.0704414117014134 4.992730465025249E-4
match 4.664179104477612E-4 2.2744142160273495 0.0010608275261321592
resources 4.664179104477612E-4 1.3805963400052528 6.439348600770768E-4
also 0.0018656716417910447 0.05279818556697083 9.850407755031871E-5
standardize 4.664179104477612E-4 3.7784916128036232 0.001762356162688257
encounter 4.664179104477612E-4 3.2188758248682006 0.0015013413362258397
heavily 4.664179104477612E-4 2.0292917579943643 9.464980214525953E-4
increase 9.328358208955224E-4 0.5013468798114469 4.676743281823198E-4
differ 4.664179104477612E-4 1.5271998141971284 7.123133461740338E-4
performance 9.328358208955224E-4 0.7703368192510752 7.185977791521223E-4
administrative 0.0018656716417910447 2.6798793241355137 0.004999774858461779
investigation 9.328358208955224E-4 2.169053700369523 0.0020233709891506746
independently 4.664179104477612E-4 1.9459101490553132 9.076073456414707E-4
latter 4.664179104477612E-4 1.8325814637483102 8.547488170467865E-4
further 4.664179104477612E-4 0.27443684570176036 1.2800226012208972E-4
inaccuracies 4.664179104477612E-4 4.0661736852554045 0.0018965362337944984
informal 4.664179104477612E-4 3.373026504695459 0.0015732399742049716
category 9.328358208955224E-4 1.252762968495368 0.001168622172103888
