been 0.002366863905325444 0.05279818556697083 1.2496611968513806E-4
half 7.889546351084812E-4 1.3805963400052528 0.0010892278816609488
numerous 7.889546351084812E-4 1.6384254493073527 0.0012926433525107318
sufficiently 3.944773175542406E-4 2.120263536200091 8.363958722682805E-4
interacting 3.944773175542406E-4 2.7668907011251433 0.0010914756217456187
accuracy 0.001183431952662722 1.0539121097502027 0.0012472332659765712
resemble 3.944773175542406E-4 3.373026504695459 0.0013305824476116208
spontaneous 7.889546351084812E-4 2.7668907011251433 0.0021829512434912374
extracted 7.889546351084812E-4 1.0704414117014134 8.445297133738961E-4
coagulation 0.0015779092702169625 3.5553480614894135 0.005610016665072053
treatments 3.944773175542406E-4 2.073743520565198 8.180447812880465E-4
via 0.001183431952662722 0.9021060968821986 0.0010675811797422469
evaluation 7.889546351084812E-4 0.7953381214564925 6.27485697401572E-4
these 0.0039447731755424065 0.03488725900044054 1.3762232347313823E-4
properly 3.944773175542406E-4 2.169053700369523 8.556424853528691E-4
would 0.0019723865877712033 0.5013468798114469 9.888498615610393E-4
fix 3.944773175542406E-4 3.7784916128036232 0.0014905292358199697
poor 3.944773175542406E-4 1.0539121097502027 4.157444219921904E-4
record 0.002366863905325444 1.8689491079191851 0.004423548184424106
complex 3.944773175542406E-4 0.8743265327751228 3.449019853156303E-4
because 0.0035502958579881655 0.34450440831847723 0.0012230925739117535
diagnostic 0.001183431952662722 2.120263536200091 0.0025091876168048415
ten 3.944773175542406E-4 2.0292917579943643 8.005095692285461E-4
prevention 3.944773175542406E-4 2.331572629867298 9.19752516712938E-4
mucosal 3.944773175542406E-4 3.7784916128036232 0.0014905292358199697
addition 0.001183431952662722 0.8080771472339223 9.563043162531625E-4
limitations 0.0015779092702169625 0.9162907318741551 0.0014458236400381145
knowledge 3.944773175542406E-4 0.8080771472339223 3.187681054177208E-4
databases 3.944773175542406E-4 2.073743520565198 8.180447812880465E-4
coagulopathies 3.944773175542406E-4 5.1647859739235145 0.002037390916735114
narratives 3.944773175542406E-4 3.373026504695459 0.0013305824476116208
appendix 3.944773175542406E-4 2.456735772821304 9.691265376020922E-4
unspecified 3.944773175542406E-4 3.5553480614894135 0.0014025041662680132
documentation 7.889546351084812E-4 2.392197251683733 0.0018873351098096511
july 3.944773175542406E-4 2.331572629867298 9.19752516712938E-4
analysis 0.002366863905325444 0.15415067982725836 3.6485368006451685E-4
whose 7.889546351084812E-4 1.730798769438368 0.0013655217115884559
easy 3.944773175542406E-4 1.5538680612792897 6.129657046466626E-4
ehr 0.0035502958579881655 2.8622008809294686 0.010161659932293971
population 0.0027613412228796844 0.9751312318970885 0.0026926700683548794
apparent 3.944773175542406E-4 2.2203469947570738 8.7587652653139E-4
symptoms 0.003155818540433925 1.8325814637483102 0.005783294560152458
selection 3.944773175542406E-4 1.1043429633770947 4.356382498528973E-4
size 0.0015779092702169625 0.127833371509885 2.0170946194853647E-4
exposure 3.944773175542406E-4 2.120263536200091 8.363958722682805E-4
interpretation 3.944773175542406E-4 1.4759065198095778 5.822116448952969E-4
mentions 0.0035502958579881655 2.9675613965872945 0.010535720934629447
inactivation 3.944773175542406E-4 4.0661736852554045 0.0016040132880691931
multicenter 3.944773175542406E-4 2.7668907011251433 0.0010914756217456187
recognizes 3.944773175542406E-4 3.373026504695459 0.0013305824476116208
extracts 3.944773175542406E-4 3.2188758248682006 0.0012697735009342013
assigned 3.944773175542406E-4 1.3805963400052528 5.446139408304744E-4
much 3.944773175542406E-4 0.7827593392496325 3.0878080443772486E-4
heterozygous 3.944773175542406E-4 5.1647859739235145 0.002037390916735114
treatment 0.004339250493096647 0.9452782687474074 0.004101799193775732
strong 3.944773175542406E-4 1.2135422553420867 4.7871489362606967E-4
affect 3.944773175542406E-4 0.990398704027877 3.906898240741132E-4
least 7.889546351084812E-4 0.653926467406664 5.159183174806028E-4
result 3.944773175542406E-4 0.4285875255290187 1.690680574078969E-4
coding 0.004733727810650888 2.2203469947570738 0.01051051831837668
how 3.944773175542406E-4 0.5496654570822546 2.1683055506203336E-4
same 3.944773175542406E-4 0.2972515234679317 1.172589836165411E-4
subsequent 3.944773175542406E-4 1.3581234841531944 5.357489089361713E-4
term 7.889546351084812E-4 1.1944940603713923 9.4240162553956E-4
indicate 0.001183431952662722 1.0704414117014134 0.0012667945700608444
after 0.0015779092702169625 0.12136085700426753 1.9149642130850892E-4
acquisition 3.944773175542406E-4 2.456735772821304 9.691265376020922E-4
legibility 3.944773175542406E-4 4.471638793363569 0.001763960076277542
set 7.889546351084812E-4 0.5596157879354227 4.415114697715366E-4
words 3.944773175542406E-4 0.9751312318970885 3.8466715262212565E-4
alternate 3.944773175542406E-4 3.7784916128036232 0.0014905292358199697
staff 7.889546351084812E-4 2.2744142160273495 0.0017944096378914
entered 0.0015779092702169625 2.2744142160273495 0.0035888192757828
blood 0.001183431952662722 1.906689435902032 0.0022564372022509257
handwritten 3.944773175542406E-4 4.471638793363569 0.001763960076277542
gaps 3.944773175542406E-4 2.5998366164619773 0.001025576574541214
sample 3.944773175542406E-4 0.7221347174331975 2.8486576624583727E-4
the 0.05207100591715976 0.017291497110061043 9.003856483345394E-4
entering 3.944773175542406E-4 3.0853444322436783 0.0012170983953623978
characterize 3.944773175542406E-4 2.392197251683733 9.436675549048256E-4
difficulties 7.889546351084812E-4 2.120263536200091 0.001672791744536561
severe 7.889546351084812E-4 1.157452788691043 9.131777425570359E-4
information 0.007495069033530572 0.3049735695618419 0.002285797957268243
phrases 3.944773175542406E-4 2.169053700369523 8.556424853528691E-4
under 3.944773175542406E-4 0.7459453661269161 2.9425852707176177E-4
replicated 3.944773175542406E-4 3.7784916128036232 0.0014905292358199697
did 0.001183431952662722 0.5108256237659907 6.045273654035393E-4
screening 3.944773175542406E-4 2.2744142160273495 8.972048189457E-4
notes 0.00631163708086785 2.331572629867298 0.014716040267407008
keywords 3.944773175542406E-4 1.906689435902032 7.521457340836418E-4
generates 3.944773175542406E-4 2.2203469947570738 8.7587652653139E-4
evidence 7.889546351084812E-4 0.9306794693262548 7.342638811252503E-4
added 3.944773175542406E-4 1.1758019273592397 4.6382719027977896E-4
language 7.889546351084812E-4 0.6988778552689304 5.51382923289097E-4
sites 0.0015779092702169625 2.120263536200091 0.003345583489073122
promise 3.944773175542406E-4 2.9675613965872945 0.001170635659403272
developed 3.944773175542406E-4 0.48265474679929443 1.9039634982220686E-4
prothrombin 0.001183431952662722 4.0661736852554045 0.004812039864207579
hold 3.944773175542406E-4 2.073743520565198 8.180447812880465E-4
acid 3.944773175542406E-4 2.8622008809294686 0.0011290733258104413
red 3.944773175542406E-4 1.9459101490553132 7.676174158009125E-4
analyses 3.944773175542406E-4 0.9021060968821986 3.558603932474156E-4
later 3.944773175542406E-4 1.3361445774344192 5.270787287709741E-4
prior 7.889546351084812E-4 0.8209805520698303 6.477164118894124E-4
rare 0.002366863905325444 1.906689435902032 0.004512874404501851
female 0.0027613412228796844 2.392197251683733 0.006605672884333779
interferes 3.944773175542406E-4 5.1647859739235145 0.002037390916735114
contributed 0.001183431952662722 1.5812670354674039 0.0018713219354643833
which 0.00631163708086785 0.023122417420854212 1.459403071927682E-4
vocabularies 3.944773175542406E-4 4.0661736852554045 0.0016040132880691931
duplicates 3.944773175542406E-4 4.0661736852554045 0.0016040132880691931
making 3.944773175542406E-4 1.0704414117014134 4.2226485668694805E-4
commonly 3.944773175542406E-4 1.0216512475319812 4.030182436023594E-4
test 0.002366863905325444 0.7104386776700063 0.0016815116631242754
autoimmune 3.944773175542406E-4 3.5553480614894135 0.0014025041662680132
typically 0.0015779092702169625 1.1394342831883648 0.0017979239182459405
need 7.889546351084812E-4 0.5013468798114469 3.9553994462441567E-4
patterns 3.944773175542406E-4 1.3146383722134554 5.185950186246372E-4
its 3.944773175542406E-4 0.19497267434751336 7.691229757298357E-5
often 0.001183431952662722 0.5900749954201312 6.983136040474926E-4
gather 3.944773175542406E-4 2.6798793241355137 0.0010571516071540487
list 3.944773175542406E-4 1.3581234841531944 5.357489089361713E-4
obtaining 0.001183431952662722 2.0292917579943643 0.0024015287076856384
regarding 0.0015779092702169625 0.758066726659261 0.001196160515438676
lack 0.0019723865877712033 0.6988778552689304 0.0013784573082227425
she 0.002366863905325444 2.2744142160273495 0.0053832289136742
tests 3.944773175542406E-4 1.3581234841531944 5.357489089361713E-4
spending 3.944773175542406E-4 3.7784916128036232 0.0014905292358199697
materials 3.944773175542406E-4 1.4512139072192063 5.724709693172411E-4
claims 7.889546351084812E-4 2.169053700369523 0.0017112849707057382
relatively 3.944773175542406E-4 0.8209805520698303 3.238582059447062E-4
useful 0.001183431952662722 0.9162907318741551 0.001084367730028586
confusion 3.944773175542406E-4 2.7668907011251433 0.0010914756217456187
little 3.944773175542406E-4 1.252762968495368 4.941865753433404E-4
some 0.002366863905325444 0.2160260835453457 5.113043397522976E-4
identifying 3.944773175542406E-4 1.0216512475319812 4.030182436023594E-4
sources 0.001183431952662722 1.293584963015623 0.0015308697787167137
analytical 3.944773175542406E-4 1.9459101490553132 7.676174158009125E-4
united 7.889546351084812E-4 1.5812670354674039 0.0012475479569762555
rather 0.0015779092702169625 0.758066726659261 0.001196160515438676
importance 3.944773175542406E-4 0.9600933545325481 3.787350510976521E-4
additional 0.0027613412228796844 0.5300569856938783 0.0014636682050718532
regulatory 3.944773175542406E-4 2.2203469947570738 8.7587652653139E-4
provided 3.944773175542406E-4 0.7104386776700063 2.802519438540459E-4
for 0.015384615384615385 0.017291497110061043 2.660230324624776E-4
cohort 3.944773175542406E-4 2.0292917579943643 8.005095692285461E-4
training 3.944773175542406E-4 1.0059028905638423 3.968058739896814E-4
states 3.944773175542406E-4 1.293584963015623 5.102899262389045E-4
inconsistencies 3.944773175542406E-4 3.7784916128036232 0.0014905292358199697
related 3.944773175542406E-4 0.27443684570176036 1.0825911073047745E-4
previously 3.944773175542406E-4 0.8340526336371831 3.290148456162458E-4
extrinsic 3.944773175542406E-4 4.0661736852554045 0.0016040132880691931
sourced 3.944773175542406E-4 3.7784916128036232 0.0014905292358199697
terminology 3.944773175542406E-4 2.6798793241355137 0.0010571516071540487
provides 7.889546351084812E-4 0.6214911916535102 4.903283563341303E-4
stratify 3.944773175542406E-4 4.471638793363569 0.001763960076277542
captured 7.889546351084812E-4 1.9459101490553132 0.001535234831601825
standardized 3.944773175542406E-4 2.120263536200091 8.363958722682805E-4
surveillance 3.944773175542406E-4 2.7668907011251433 0.0010914756217456187
reporting 3.944773175542406E-4 1.6384254493073527 6.463216762553659E-4
over 0.0019723865877712033 0.3364722366212129 6.63653326669059E-4
effectiveness 3.944773175542406E-4 1.5271998141971284 6.024456860738178E-4
practical 3.944773175542406E-4 1.5538680612792897 6.129657046466626E-4
identify 0.001183431952662722 0.6214911916535102 7.354925345011955E-4
females 0.005128205128205128 2.5998366164619773 0.01333249546903578
approval 3.944773175542406E-4 1.9459101490553132 7.676174158009125E-4
blocks 3.944773175542406E-4 2.6798793241355137 0.0010571516071540487
multiple 0.004339250493096647 0.5108256237659907 0.0022166003398129777
false 7.889546351084812E-4 2.169053700369523 0.0017112849707057382
artifactual 3.944773175542406E-4 5.1647859739235145 0.002037390916735114
recorded 3.944773175542406E-4 1.5012243277938677 5.92198945875293E-4
home 7.889546351084812E-4 2.2203469947570738 0.00175175305306278
occurring 3.944773175542406E-4 2.0292917579943643 8.005095692285461E-4
michael 0.0019723865877712033 2.7668907011251433 0.005457378108728094
noted 3.944773175542406E-4 1.157452788691043 4.5658887127851793E-4
ranging 3.944773175542406E-4 1.6094379124341003 6.348867504671007E-4
with 0.01932938856015779 0.017291497110061043 3.3423406642721544E-4
approximately 0.0039447731755424065 0.9452782687474074 0.0037289083579779385
although 7.889546351084812E-4 0.4285875255290187 3.381361148157938E-4
service 3.944773175542406E-4 1.6990500711237875 6.702367144472535E-4
there 3.944773175542406E-4 0.12136085700426753 4.787410532712723E-5
translation 3.944773175542406E-4 1.9867321435755685 7.837207666964767E-4
platelet 3.944773175542406E-4 3.5553480614894135 0.0014025041662680132
well 0.0015779092702169625 0.3127557100038969 4.935001341284369E-4
suitable 3.944773175542406E-4 1.121734706088964 4.4249889786546903E-4
inconsistency 3.944773175542406E-4 3.7784916128036232 0.0014905292358199697
avoid 3.944773175542406E-4 1.252762968495368 4.941865753433404E-4
family 3.944773175542406E-4 1.9867321435755685 7.837207666964767E-4
age 0.001183431952662722 0.9751312318970885 0.001154001457866377
degenerative 3.944773175542406E-4 3.7784916128036232 0.0014905292358199697
summaries 3.944773175542406E-4 3.2188758248682006 0.0012697735009342013
explain 7.889546351084812E-4 1.4759065198095778 0.0011644232897905938
big 3.944773175542406E-4 1.6682784124570338 6.580979930796978E-4
thrombotic 3.944773175542406E-4 5.1647859739235145 0.002037390916735114
bleeding 0.005128205128205128 3.373026504695459 0.01729757181895107
transcription 3.944773175542406E-4 2.456735772821304 9.691265376020922E-4
helping 3.944773175542406E-4 2.6798793241355137 0.0010571516071540487
canadian 3.944773175542406E-4 3.373026504695459 0.0013305824476116208
focus 3.944773175542406E-4 0.6874491594453075 2.7118310037290235E-4
american 3.944773175542406E-4 2.169053700369523 8.556424853528691E-4
favorable 3.944773175542406E-4 2.5257286443082556 9.963426604766294E-4
approach 0.001183431952662722 0.5398131606392429 6.388321427683348E-4
attempt 3.944773175542406E-4 1.6682784124570338 6.580979930796978E-4
years 0.004339250493096647 0.7104386776700063 0.003082771382394505
number 3.944773175542406E-4 0.167573700159399 6.610402373151834E-5
discharged 3.944773175542406E-4 3.5553480614894135 0.0014025041662680132
centers 7.889546351084812E-4 2.2744142160273495 0.0017944096378914
context 0.002366863905325444 0.9162907318741551 0.002168735460057172
text 0.001183431952662722 0.8607208807193443 0.0010186045925672713
whereas 7.889546351084812E-4 1.0872485300177945 8.577897672724217E-4
prescriptions 0.001183431952662722 3.5553480614894135 0.00420751249880404
algorithm 3.944773175542406E-4 1.0059028905638423 3.968058739896814E-4
likely 7.889546351084812E-4 0.5798184952529422 4.5745048935143365E-4
acronyms 3.944773175542406E-4 4.0661736852554045 0.0016040132880691931
large 0.004733727810650888 0.34450440831847723 0.0016307900985490047
testing 0.0015779092702169625 1.293584963015623 0.002041159704955618
classification 0.001183431952662722 0.9751312318970885 0.001154001457866377
loading 3.944773175542406E-4 3.2188758248682006 0.0012697735009342013
yielded 3.944773175542406E-4 2.392197251683733 9.436675549048256E-4
diagnoses 0.0015779092702169625 2.6798793241355137 0.004228606428616195
resulting 3.944773175542406E-4 1.0059028905638423 3.968058739896814E-4
mutation 3.944773175542406E-4 3.7784916128036232 0.0014905292358199697
system 3.944773175542406E-4 0.44628710262841953 1.7605013910391304E-4
million 3.944773175542406E-4 1.5012243277938677 5.92198945875293E-4
even 0.0019723865877712033 0.377294231141468 7.441700811468797E-4
strongly 3.944773175542406E-4 1.6990500711237875 6.702367144472535E-4
analyze 3.944773175542406E-4 1.5271998141971284 6.024456860738178E-4
partial 0.001183431952662722 1.6682784124570338 0.0019742939792390933
evaluate 3.944773175542406E-4 0.758066726659261 2.99040128859669E-4
diagnosed 0.001183431952662722 1.6990500711237875 0.0020107101433417605
authors 0.0019723865877712033 0.023122417420854212 4.5606345997740065E-5
other 0.0027613412228796844 0.0408219945202552 1.1272345626894927E-4
aim 3.944773175542406E-4 1.0376515888784226 4.0933001533665584E-4
indicated 7.889546351084812E-4 1.3361445774344192 0.0010541574575419481
save 3.944773175542406E-4 2.7668907011251433 0.0010914756217456187
exclusion 3.944773175542406E-4 1.8689491079191851 7.372580307373511E-4
mention 0.0015779092702169625 2.2744142160273495 0.0035888192757828
products 7.889546351084812E-4 1.9867321435755685 0.0015674415333929534
prevalence 7.889546351084812E-4 1.8689491079191851 0.0014745160614747022
known 3.944773175542406E-4 0.8607208807193443 3.395348641890904E-4
strings 3.944773175542406E-4 3.5553480614894135 0.0014025041662680132
have 0.0039447731755424065 0.028987536873252187 1.1434925788265163E-4
electronic 0.002366863905325444 1.730798769438368 0.004096565134765368
december 0.0019723865877712033 1.3361445774344192 0.0026353936438548702
ability 7.889546351084812E-4 0.8881198549074587 7.006862760611114E-4
table 7.889546351084812E-4 0.18805223150293962 1.4836467968673737E-4
together 0.001183431952662722 1.1394342831883648 0.0013484429386844555
anissa 0.0019723865877712033 4.471638793363569 0.00881980038138771
particularly 0.001183431952662722 0.9751312318970885 0.001154001457866377
may 0.010256410256410256 0.15415067982725836 0.0015810326136129062
within 0.0019723865877712033 0.3127557100038969 6.168751676605462E-4
seemed 3.944773175542406E-4 2.2744142160273495 8.972048189457E-4
could 7.889546351084812E-4 0.22314355131420976 1.7605013910391304E-4
change 3.944773175542406E-4 0.7104386776700063 2.802519438540459E-4
health 0.005128205128205128 0.990398704027877 0.0050789677129634715
systematic 3.944773175542406E-4 2.0292917579943643 8.005095692285461E-4
positive 3.944773175542406E-4 0.6988778552689304 2.756914616445485E-4
dosing 7.889546351084812E-4 3.5553480614894135 0.0028050083325360264
inconsistent 3.944773175542406E-4 2.6798793241355137 0.0010571516071540487
picture 3.944773175542406E-4 2.5257286443082556 9.963426604766294E-4
lyonization 3.944773175542406E-4 5.1647859739235145 0.002037390916735114
deriving 3.944773175542406E-4 3.2188758248682006 0.0012697735009342013
regard 3.944773175542406E-4 2.120263536200091 8.363958722682805E-4
report 3.944773175542406E-4 1.0059028905638423 3.968058739896814E-4
complete 3.944773175542406E-4 0.9600933545325481 3.787350510976521E-4
comparable 3.944773175542406E-4 1.5812670354674039 6.237739784881278E-4
codes 0.005917159763313609 1.906689435902032 0.011282186011254627
coder 3.944773175542406E-4 4.0661736852554045 0.0016040132880691931
instance 3.944773175542406E-4 2.2203469947570738 8.7587652653139E-4
concerned 3.944773175542406E-4 2.2744142160273495 8.972048189457E-4
use 0.003155818540433925 0.20895891632225325 6.594364223187479E-4
findings 3.944773175542406E-4 0.7459453661269161 2.9425852707176177E-4
recognition 3.944773175542406E-4 1.6384254493073527 6.463216762553659E-4
feel 3.944773175542406E-4 2.392197251683733 9.436675549048256E-4
upon 3.944773175542406E-4 1.5538680612792897 6.129657046466626E-4
correspond 3.944773175542406E-4 1.9459101490553132 7.676174158009125E-4
identical 3.944773175542406E-4 2.2744142160273495 8.972048189457E-4
that 0.007889546351084813 0.017291497110061043 1.364220679294757E-4
circulating 3.944773175542406E-4 3.0853444322436783 0.0012170983953623978
suggests 3.944773175542406E-4 1.157452788691043 4.5658887127851793E-4
download 3.944773175542406E-4 0.2595111954850846 1.0237128027025034E-4
high 3.944773175542406E-4 0.2521310881874621 9.945999534022174E-5
inheritable 3.944773175542406E-4 5.1647859739235145 0.002037390916735114
academic 3.944773175542406E-4 1.7635885922613586 6.956956971445201E-4
than 0.003155818540433925 0.058840500022933395 1.85689940900776E-4
function 3.944773175542406E-4 0.6321864807702582 2.49383227128307E-4
limit 3.944773175542406E-4 1.79749014393704 7.090690903104695E-4
reviewed 3.944773175542406E-4 1.3805963400052528 5.446139408304744E-4
clinicians 7.889546351084812E-4 2.2203469947570738 0.00175175305306278
international 0.001183431952662722 1.5538680612792897 0.0018388971139399878
different 3.944773175542406E-4 0.18805223150293962 7.418233984336869E-5
chronic 0.001183431952662722 1.8325814637483102 0.002168735460057172
selected 3.944773175542406E-4 0.758066726659261 2.99040128859669E-4
perforated 3.944773175542406E-4 4.0661736852554045 0.0016040132880691931
all 0.0027613412228796844 0.017291497110061043 4.774772377531649E-5
new 3.944773175542406E-4 0.38566248081198473 1.5213510091202553E-4
including 0.002366863905325444 0.2669461739726028 6.3182526384048E-4
months 7.889546351084812E-4 1.3146383722134554 0.0010371900372492743
level 3.944773175542406E-4 0.5798184952529422 2.2872524467571682E-4
occur 7.889546351084812E-4 1.3146383722134554 0.0010371900372492743
diagnosis 0.007495069033530572 1.4512139072192063 0.010876948417027582
less 3.944773175542406E-4 0.368995428326773 1.4556032675612347E-4
affected 7.889546351084812E-4 1.3805963400052528 0.0010892278816609488
fviii 0.0035502958579881655 4.471638793363569 0.01587564068649788
steps 3.944773175542406E-4 1.3146383722134554 5.185950186246372E-4
chosen 3.944773175542406E-4 1.252762968495368 4.941865753433404E-4
coded 7.889546351084812E-4 2.7668907011251433 0.0021829512434912374
relevant 0.001183431952662722 0.7703368192510752 9.116412062142903E-4
clinical 0.004733727810650888 0.9452782687474074 0.004474690029573526
were 0.009861932938856016 0.0958817717032825 9.455796025964744E-4
improve 0.001183431952662722 0.7104386776700063 8.407558315621377E-4
principles 3.944773175542406E-4 1.8325814637483102 7.229118200190572E-4
individually 3.944773175542406E-4 2.5998366164619773 0.001025576574541214
survey 3.944773175542406E-4 1.5812670354674039 6.237739784881278E-4
errors 0.001183431952662722 1.6990500711237875 0.0020107101433417605
rarity 7.889546351084812E-4 3.373026504695459 0.0026611648952232416
code 0.002366863905325444 1.8325814637483102 0.004337470920114344
unexpectedly 3.944773175542406E-4 3.7784916128036232 0.0014905292358199697
predominant 7.889546351084812E-4 2.5998366164619773 0.002051153149082428
scores 7.889546351084812E-4 1.6094379124341003 0.0012697735009342013
abdomen 3.944773175542406E-4 4.471638793363569 0.001763960076277542
influenced 3.944773175542406E-4 1.730798769438368 6.827608557942279E-4
unclear 3.944773175542406E-4 2.5257286443082556 9.963426604766294E-4
cause 3.944773175542406E-4 1.1394342831883648 4.4948097956148513E-4
effective 3.944773175542406E-4 0.8472978603872037 3.342397871349916E-4
uncommon 3.944773175542406E-4 2.9675613965872945 0.001170635659403272
total 3.944773175542406E-4 0.5108256237659907 2.0150912180117976E-4
and 0.046153846153846156 0.017291497110061043 7.980690973874329E-4
unstructured 0.001183431952662722 1.6990500711237875 0.0020107101433417605
define 3.944773175542406E-4 1.3146383722134554 5.185950186246372E-4
contrasts 3.944773175542406E-4 3.373026504695459 0.0013305824476116208
department 3.944773175542406E-4 1.79749014393704 7.090690903104695E-4
universal 3.944773175542406E-4 2.5257286443082556 9.963426604766294E-4
included 0.0067061143984220905 0.41985384556026406 0.0028155879189445715
experienced 0.0015779092702169625 1.6094379124341003 0.0025395470018684026
highly 7.889546351084812E-4 0.9162907318741551 7.229118200190572E-4
clinician 7.889546351084812E-4 2.9675613965872945 0.002341271318806544
miscarriage 3.944773175542406E-4 5.1647859739235145 0.002037390916735114
problematic 3.944773175542406E-4 2.5257286443082556 9.963426604766294E-4
control 3.944773175542406E-4 0.7459453661269161 2.9425852707176177E-4
deviation 3.944773175542406E-4 1.8325814637483102 7.229118200190572E-4
specific 7.889546351084812E-4 0.40261203912575794 3.176426344187439E-4
iyer 0.0019723865877712033 4.471638793363569 0.00881980038138771
despite 0.001183431952662722 0.7221347174331975 8.545972987375119E-4
any 0.0019723865877712033 0.2669461739726028 5.265210532004E-4
structure 3.944773175542406E-4 1.0216512475319812 4.030182436023594E-4
probe 3.944773175542406E-4 4.0661736852554045 0.0016040132880691931
due 0.0015779092702169625 0.20895891632225325 3.2971821115937395E-4
leiden 7.889546351084812E-4 4.471638793363569 0.003527920152555084
ninth 0.001183431952662722 3.373026504695459 0.003991747342834862
descriptive 3.944773175542406E-4 1.9867321435755685 7.837207666964767E-4
strategy 0.001183431952662722 1.2135422553420867 0.0014361446808782092
extending 3.944773175542406E-4 2.392197251683733 9.436675549048256E-4
activated 0.001183431952662722 2.456735772821304 0.002907379612806277
indications 7.889546351084812E-4 2.9675613965872945 0.002341271318806544
accurate 0.001183431952662722 1.3805963400052528 0.0016338418224914235
joints 3.944773175542406E-4 4.471638793363569 0.001763960076277542
enters 3.944773175542406E-4 3.5553480614894135 0.0014025041662680132
about 3.944773175542406E-4 0.377294231141468 1.4883401622937592E-4
compiling 3.944773175542406E-4 4.471638793363569 0.001763960076277542
led 3.944773175542406E-4 1.3581234841531944 5.357489089361713E-4
ehrs 0.005128205128205128 3.2188758248682006 0.016507055512144618
anticoagulant 3.944773175542406E-4 3.7784916128036232 0.0014905292358199697
discussion 3.944773175542406E-4 0.2595111954850846 1.0237128027025034E-4
observed 0.001183431952662722 0.6988778552689304 8.270743849336455E-4
reflect 7.889546351084812E-4 1.252762968495368 9.883731506866809E-4
identification 0.002366863905325444 1.3146383722134554 0.0031115701117478234
sizes 3.944773175542406E-4 2.331572629867298 9.19752516712938E-4
meaning 0.001183431952662722 1.121734706088964 0.0013274966935964071
initiatives 3.944773175542406E-4 3.5553480614894135 0.0014025041662680132
refinement 7.889546351084812E-4 3.2188758248682006 0.0025395470018684026
they 0.0019723865877712033 0.167573700159399 3.305201186575918E-4
defined 3.944773175542406E-4 0.5300569856938783 2.090954578674076E-4
moderate 3.944773175542406E-4 2.073743520565198 8.180447812880465E-4
based 0.0027613412228796844 0.18805223150293962 5.192763789035808E-4
using 0.0027613412228796844 0.083381608939051 2.302450739934347E-4
aminocaproic 3.944773175542406E-4 5.1647859739235145 0.002037390916735114
closely 3.944773175542406E-4 1.6990500711237875 6.702367144472535E-4
expected 0.001183431952662722 0.9600933545325481 0.0011362051532929564
investigating 0.001183431952662722 2.0292917579943643 0.0024015287076856384
minimally 3.944773175542406E-4 5.1647859739235145 0.002037390916735114
diseases 3.944773175542406E-4 1.8689491079191851 7.372580307373511E-4
received 0.004339250493096647 0.9452782687474074 0.004101799193775732
them 3.944773175542406E-4 0.5696661237889241 2.2472036441377677E-4
multimodal 3.944773175542406E-4 2.9675613965872945 0.001170635659403272
congenital 0.008678500986193294 3.7784916128036232 0.032791643188039336
males 0.005522682445759369 2.2203469947570738 0.01226227137143946
then 3.944773175542406E-4 0.4285875255290187 1.690680574078969E-4
recognize 3.944773175542406E-4 2.169053700369523 8.556424853528691E-4
each 0.001183431952662722 0.13434805253107854 1.589917781432882E-4
remaining 7.889546351084812E-4 1.293584963015623 0.001020579852477809
labels 3.944773175542406E-4 1.8689491079191851 7.372580307373511E-4
quality 7.889546351084812E-4 0.8080771472339223 6.375362108354416E-4
secondary 7.889546351084812E-4 1.4271163556401458 0.0011259300636214168
avoided 3.944773175542406E-4 3.0853444322436783 0.0012170983953623978
specifying 3.944773175542406E-4 3.7784916128036232 0.0014905292358199697
abnormal 3.944773175542406E-4 2.392197251683733 9.436675549048256E-4
offering 3.944773175542406E-4 2.392197251683733 9.436675549048256E-4
processing 3.944773175542406E-4 0.7221347174331975 2.8486576624583727E-4
consistently 7.889546351084812E-4 2.331572629867298 0.001839505033425876
viral 3.944773175542406E-4 3.373026504695459 0.0013305824476116208
obtained 0.001183431952662722 0.6004377824556778 7.105772573439975E-4
interpreted 3.944773175542406E-4 1.7635885922613586 6.956956971445201E-4
male 0.0015779092702169625 1.8689491079191851 0.0029490321229494044
systemic 3.944773175542406E-4 1.5271998141971284 6.024456860738178E-4
access 0.0015779092702169625 1.252762968495368 0.0019767463013733617
increased 3.944773175542406E-4 0.4919571394616079 1.9406593272647255E-4
activity 3.944773175542406E-4 1.3805963400052528 5.446139408304744E-4
examine 3.944773175542406E-4 1.4512139072192063 5.724709693172411E-4
probably 3.944773175542406E-4 1.79749014393704 7.090690903104695E-4
frequently 7.889546351084812E-4 1.157452788691043 9.131777425570359E-4
document 3.944773175542406E-4 1.4035858582299516 5.536827843116179E-4
another 3.944773175542406E-4 0.40261203912575794 1.5882131720937196E-4
association 3.944773175542406E-4 1.2135422553420867 4.7871489362606967E-4
availability 3.944773175542406E-4 1.6384254493073527 6.463216762553659E-4
long 3.944773175542406E-4 0.7827593392496325 3.0878080443772486E-4
serving 3.944773175542406E-4 2.9675613965872945 0.001170635659403272
seem 7.889546351084812E-4 1.6094379124341003 0.0012697735009342013
into 0.0019723865877712033 0.10854016857520597 2.140831727321617E-4
found 7.889546351084812E-4 0.27443684570176036 2.165182214609549E-4
are 0.005522682445759369 0.028987536873252187 1.6008896103571226E-4
defense 3.944773175542406E-4 2.9675613965872945 0.001170635659403272
purification 3.944773175542406E-4 4.0661736852554045 0.0016040132880691931
analyzes 3.944773175542406E-4 3.373026504695459 0.0013305824476116208
identifiable 3.944773175542406E-4 2.9675613965872945 0.001170635659403272
specificity 3.944773175542406E-4 2.6798793241355137 0.0010571516071540487
reported 0.0015779092702169625 0.5300569856938783 8.363818314696304E-4
structured 7.889546351084812E-4 1.3805963400052528 0.0010892278816609488
attribute 3.944773175542406E-4 2.6798793241355137 0.0010571516071540487
free 3.944773175542406E-4 1.6990500711237875 6.702367144472535E-4
key 3.944773175542406E-4 1.0216512475319812 4.030182436023594E-4
validate 7.889546351084812E-4 2.331572629867298 0.001839505033425876
participants 3.944773175542406E-4 1.6094379124341003 6.348867504671007E-4
dictation 3.944773175542406E-4 4.0661736852554045 0.0016040132880691931
variables 3.944773175542406E-4 0.9452782687474074 3.7289083579779384E-4
though 3.944773175542406E-4 1.1043429633770947 4.356382498528973E-4
childhood 3.944773175542406E-4 3.7784916128036232 0.0014905292358199697
rarer 3.944773175542406E-4 4.471638793363569 0.001763960076277542
strategies 7.889546351084812E-4 1.4271163556401458 0.0011259300636214168
replaces 3.944773175542406E-4 3.7784916128036232 0.0014905292358199697
analyzed 7.889546351084812E-4 1.0872485300177945 8.577897672724217E-4
thorough 3.944773175542406E-4 2.7668907011251433 0.0010914756217456187
many 0.0015779092702169625 0.20194134366360675 3.1864511820687457E-4
cardiovascular 3.944773175542406E-4 2.9675613965872945 0.001170635659403272
people 7.889546351084812E-4 1.0539121097502027 8.314888439843808E-4
single 0.001183431952662722 0.6429973968744738 7.609436649402057E-4
actually 3.944773175542406E-4 1.5812670354674039 6.237739784881278E-4
such 0.003155818540433925 0.10219094089654716 3.2249606594571094E-4
appear 3.944773175542406E-4 1.4512139072192063 5.724709693172411E-4
nlp 0.0027613412228796844 0.41119578281714936 0.0011354518657672762
associated 0.003155818540433925 0.4373981552111735 0.0013803492077670168
showed 3.944773175542406E-4 0.5398131606392429 2.1294404758944493E-4
handled 3.944773175542406E-4 2.9675613965872945 0.001170635659403272
progress 3.944773175542406E-4 1.79749014393704 7.090690903104695E-4
consequent 3.944773175542406E-4 3.5553480614894135 0.0014025041662680132
describe 7.889546351084812E-4 1.0216512475319812 8.060364872047188E-4
chart 0.009861932938856016 1.8325814637483102 0.018072795500476434
through 7.889546351084812E-4 0.2595111954850846 2.0474256054050068E-4
pregnancies 3.944773175542406E-4 4.471638793363569 0.001763960076277542
but 0.001183431952662722 0.083381608939051 9.86764602829006E-5
insurance 3.944773175542406E-4 2.2744142160273495 8.972048189457E-4
incorporation 7.889546351084812E-4 4.0661736852554045 0.0032080265761383862
medical 0.0015779092702169625 0.9600933545325481 0.0015149402043906084
joint 0.0019723865877712033 1.906689435902032 0.0037607286704182093
predominantly 3.944773175542406E-4 2.5257286443082556 9.963426604766294E-4
separate 3.944773175542406E-4 1.3146383722134554 5.185950186246372E-4
documents 3.944773175542406E-4 1.6682784124570338 6.580979930796978E-4
willing 3.944773175542406E-4 2.8622008809294686 0.0011290733258104413
guiding 3.944773175542406E-4 3.0853444322436783 0.0012170983953623978
numbers 0.0019723865877712033 1.121734706088964 0.0022124944893273453
had 0.0067061143984220905 0.32059888746492277 0.002149972815346622
source 3.944773175542406E-4 0.9452782687474074 3.7289083579779384E-4
individuals 0.001183431952662722 1.4759065198095778 0.001746634934685891
descriptions 7.889546351084812E-4 1.8325814637483102 0.0014458236400381145
presentation 3.944773175542406E-4 1.6990500711237875 6.702367144472535E-4
unable 3.944773175542406E-4 1.9459101490553132 7.676174158009125E-4
features 3.944773175542406E-4 0.8340526336371831 3.290148456162458E-4
incomplete 7.889546351084812E-4 2.456735772821304 0.0019382530752041845
either 7.889546351084812E-4 0.7827593392496325 6.175616088754497E-4
funded 3.944773175542406E-4 3.5553480614894135 0.0014025041662680132
has 7.889546351084812E-4 0.05279818556697083 4.165537322837935E-5
helpful 3.944773175542406E-4 2.2203469947570738 8.7587652653139E-4
keyword 3.944773175542406E-4 2.7668907011251433 0.0010914756217456187
recurrent 0.0019723865877712033 1.9867321435755685 0.0039186038334823835
generate 3.944773175542406E-4 1.3361445774344192 5.270787287709741E-4
results 0.002366863905325444 0.08961215868968714 2.120997838809163E-4
those 0.001183431952662722 0.3364722366212129 3.981919960014354E-4
acquired 0.0019723865877712033 2.120263536200091 0.004181979361341403
inherent 3.944773175542406E-4 2.2203469947570738 8.7587652653139E-4
offers 3.944773175542406E-4 1.6682784124570338 6.580979930796978E-4
given 3.944773175542406E-4 0.3526016185510966 1.3909334065132016E-4
chest 7.889546351084812E-4 3.7784916128036232 0.0029810584716399393
studying 3.944773175542406E-4 1.9459101490553132 7.676174158009125E-4
last 3.944773175542406E-4 0.7703368192510752 3.0388040207143005E-4
might 3.944773175542406E-4 0.7339691750802005 2.895341913531363E-4
this 0.0067061143984220905 0.017291497110061043 1.1595875774005433E-4
insufficient 0.001183431952662722 2.073743520565198 0.0024541343438641396
collection 3.944773175542406E-4 1.0216512475319812 4.030182436023594E-4
significant 7.889546351084812E-4 0.377294231141468 2.9766803245875184E-4
intrinsic 3.944773175542406E-4 2.7668907011251433 0.0010914756217456187
modification 3.944773175542406E-4 2.6798793241355137 0.0010571516071540487
imaging 3.944773175542406E-4 2.331572629867298 9.19752516712938E-4
sections 3.944773175542406E-4 1.6094379124341003 6.348867504671007E-4
anemia 3.944773175542406E-4 4.0661736852554045 0.0016040132880691931
gastrointestinal 3.944773175542406E-4 3.2188758248682006 0.0012697735009342013
improving 3.944773175542406E-4 1.3361445774344192 5.270787287709741E-4
especially 3.944773175542406E-4 0.7104386776700063 2.802519438540459E-4
institutional 3.944773175542406E-4 1.3361445774344192 5.270787287709741E-4
laboratory 0.0015779092702169625 2.331572629867298 0.003679010066851752
medial 3.944773175542406E-4 4.0661736852554045 0.0016040132880691931
name 3.944773175542406E-4 1.8325814637483102 7.229118200190572E-4
overall 7.889546351084812E-4 0.7339691750802005 5.790683827062726E-4
thrombasthenia 3.944773175542406E-4 5.1647859739235145 0.002037390916735114
support 0.001183431952662722 0.7104386776700063 8.407558315621377E-4
neeraj 0.0019723865877712033 4.471638793363569 0.00881980038138771
full 0.0015779092702169625 0.14750613710858965 2.327513011575379E-4
higher 3.944773175542406E-4 0.41985384556026406 1.656228187614454E-4
allow 3.944773175542406E-4 1.252762968495368 4.941865753433404E-4
aptt 0.003155818540433925 4.471638793363569 0.014111680610220336
assessed 3.944773175542406E-4 1.3581234841531944 5.357489089361713E-4
clotting 0.0015779092702169625 4.0661736852554045 0.0064160531522767725
records 0.0027613412228796844 1.3581234841531944 0.0037502423625531993
sequential 3.944773175542406E-4 2.169053700369523 8.556424853528691E-4
nearly 7.889546351084812E-4 2.120263536200091 0.001672791744536561
concept 3.944773175542406E-4 1.3581234841531944 5.357489089361713E-4
thromboplastin 0.001183431952662722 3.7784916128036232 0.004471587707459909
resistant 3.944773175542406E-4 3.2188758248682006 0.0012697735009342013
lupus 7.889546351084812E-4 3.2188758248682006 0.0025395470018684026
conclusion 3.944773175542406E-4 0.653926467406664 2.579591587403014E-4
not 0.004733727810650888 0.03488725900044054 1.6514678816776588E-4
common 0.002366863905325444 0.3526016185510966 8.34560043907921E-4
transcribed 3.944773175542406E-4 2.6798793241355137 0.0010571516071540487
throughout 7.889546351084812E-4 1.4759065198095778 0.0011644232897905938
missing 0.001183431952662722 1.6384254493073527 0.001938965028766098
symptomatically 3.944773175542406E-4 5.1647859739235145 0.002037390916735114
supporting 7.889546351084812E-4 1.9867321435755685 0.0015674415333929534
factor 0.00631163708086785 0.7703368192510752 0.004862086433142881
derived 3.944773175542406E-4 1.3581234841531944 5.357489089361713E-4
early 3.944773175542406E-4 0.8340526336371831 3.290148456162458E-4
incorporating 7.889546351084812E-4 2.392197251683733 0.0018873351098096511
normal 0.0015779092702169625 1.4035858582299516 0.0022147311372464717
delivery 3.944773175542406E-4 2.331572629867298 9.19752516712938E-4
pain 0.0027613412228796844 2.120263536200091 0.0058547711058779634
figure 0.003155818540433925 0.20194134366360675 6.372902364137491E-4
characteristics 3.944773175542406E-4 0.7703368192510752 3.0388040207143005E-4
disease 7.889546351084812E-4 1.2729656758128876 0.001004312170266578
cases 0.0015779092702169625 0.6004377824556778 9.474363431253299E-4
wide 3.944773175542406E-4 1.3361445774344192 5.270787287709741E-4
introduce 3.944773175542406E-4 1.7635885922613586 6.956956971445201E-4
again 3.944773175542406E-4 1.79749014393704 7.090690903104695E-4
estimated 3.944773175542406E-4 1.3805963400052528 5.446139408304744E-4
was 0.009467455621301775 0.058840500022933395 5.57069822702328E-4
technology 7.889546351084812E-4 1.5271998141971284 0.0012048913721476357
informatics 3.944773175542406E-4 3.2188758248682006 0.0012697735009342013
editing 3.944773175542406E-4 3.0853444322436783 0.0012170983953623978
equal 3.944773175542406E-4 1.3805963400052528 5.446139408304744E-4
deficiency 0.0039447731755424065 3.7784916128036232 0.014905292358199698
detailed 0.001183431952662722 1.1394342831883648 0.0013484429386844555
typical 3.944773175542406E-4 1.4512139072192063 5.724709693172411E-4
relational 3.944773175542406E-4 2.7668907011251433 0.0010914756217456187
location 7.889546351084812E-4 1.4512139072192063 0.0011449419386344822
risk 3.944773175542406E-4 0.8209805520698303 3.238582059447062E-4
time 0.003155818540433925 0.20194134366360675 6.372902364137491E-4
applications 3.944773175542406E-4 1.2135422553420867 4.7871489362606967E-4
hemophilia 0.020118343195266272 4.471638793363569 0.08996196389015465
software 0.001183431952662722 1.157452788691043 0.001369766613835554
criteria 0.0015779092702169625 1.121734706088964 0.0017699955914618761
anonymized 3.944773175542406E-4 3.5553480614894135 0.0014025041662680132
extracting 3.944773175542406E-4 2.0292917579943643 8.005095692285461E-4
collected 0.001183431952662722 0.8340526336371831 9.870445368487374E-4
during 0.001183431952662722 0.28958865072236245 3.427084623933283E-4
type 7.889546351084812E-4 0.5203950747821414 4.105681063369952E-4
issues 7.889546351084812E-4 1.121734706088964 8.849977957309381E-4
when 0.002366863905325444 0.14750613710858965 3.4912695173630685E-4
beyond 7.889546351084812E-4 1.5538680612792897 0.0012259314092933251
required 7.889546351084812E-4 0.5900749954201312 4.6554240269832835E-4
billing 7.889546351084812E-4 3.5553480614894135 0.0028050083325360264
identified 0.005128205128205128 0.6321864807702582 0.0032419819526679906
subgroups 3.944773175542406E-4 3.0853444322436783 0.0012170983953623978
physicians 0.002366863905325444 2.2744142160273495 0.0053832289136742
relate 3.944773175542406E-4 2.0292917579943643 8.005095692285461E-4
her 0.0039447731755424065 2.073743520565198 0.008180447812880466
terms 0.0015779092702169625 0.5696661237889241 8.988814576551071E-4
review 0.0015779092702169625 0.5696661237889241 8.988814576551071E-4
safety 3.944773175542406E-4 1.8325814637483102 7.229118200190572E-4
broad 7.889546351084812E-4 1.4759065198095778 0.0011644232897905938
aligned 3.944773175542406E-4 2.2744142160273495 8.972048189457E-4
presence 0.001183431952662722 0.9751312318970885 0.001154001457866377
greater 3.944773175542406E-4 0.8743265327751228 3.449019853156303E-4
dependent 3.944773175542406E-4 1.4035858582299516 5.536827843116179E-4
between 3.944773175542406E-4 0.058840500022933395 2.3211242612597E-5
case 0.003155818540433925 0.38566248081198473 0.0012170808072962042
having 0.0015779092702169625 0.8340526336371831 0.0013160593824649831
viii 0.002366863905325444 4.471638793363569 0.010583760457665252
natural 3.944773175542406E-4 0.6429973968744738 2.5364788831340186E-4
method 3.944773175542406E-4 0.4734380916943703 1.867605884395938E-4
comprising 3.944773175542406E-4 2.8622008809294686 0.0011290733258104413
infancy 3.944773175542406E-4 4.471638793363569 0.001763960076277542
baseline 3.944773175542406E-4 1.5538680612792897 6.129657046466626E-4
bruising 7.889546351084812E-4 4.471638793363569 0.003527920152555084
symptomatic 3.944773175542406E-4 3.5553480614894135 0.0014025041662680132
toward 7.889546351084812E-4 1.6094379124341003 0.0012697735009342013
examples 3.944773175542406E-4 1.1394342831883648 4.4948097956148513E-4
provide 3.944773175542406E-4 0.44628710262841953 1.7605013910391304E-4
among 0.0027613412228796844 0.32850406697203605 9.071118220135118E-4
following 3.944773175542406E-4 0.2160260835453457 8.521738995871625E-5
refined 3.944773175542406E-4 2.5257286443082556 9.963426604766294E-4
federally 3.944773175542406E-4 5.1647859739235145 0.002037390916735114
valuable 0.0015779092702169625 1.730798769438368 0.0027310434231769118
care 0.002366863905325444 1.1758019273592397 0.002782963141678674
primary 3.944773175542406E-4 0.9306794693262548 3.6713194056262516E-4
damage 3.944773175542406E-4 1.8325814637483102 7.229118200190572E-4
study 0.002366863905325444 0.15415067982725836 3.6485368006451685E-4
internal 3.944773175542406E-4 1.3805963400052528 5.446139408304744E-4
methods 3.944773175542406E-4 0.20194134366360675 7.966127955171864E-5
bright 3.944773175542406E-4 4.0661736852554045 0.0016040132880691931
pattern 3.944773175542406E-4 1.6682784124570338 6.580979930796978E-4
direct 3.944773175542406E-4 0.990398704027877 3.906898240741132E-4
range 3.944773175542406E-4 0.6988778552689304 2.756914616445485E-4
variability 3.944773175542406E-4 2.2203469947570738 8.7587652653139E-4
tools 3.944773175542406E-4 1.252762968495368 4.941865753433404E-4
confirmed 3.944773175542406E-4 1.252762968495368 4.941865753433404E-4
evidenced 3.944773175542406E-4 3.0853444322436783 0.0012170983953623978
our 7.889546351084812E-4 0.19497267434751336 1.5382459514596715E-4
specified 3.944773175542406E-4 1.8325814637483102 7.229118200190572E-4
derive 3.944773175542406E-4 2.6798793241355137 0.0010571516071540487
out 3.944773175542406E-4 0.368995428326773 1.4556032675612347E-4
receiving 0.0015779092702169625 1.6990500711237875 0.002680946857789014
across 3.944773175542406E-4 0.7703368192510752 3.0388040207143005E-4
flexibility 3.944773175542406E-4 2.6798793241355137 0.0010571516071540487
computer 0.001183431952662722 1.5538680612792897 0.0018388971139399878
low 7.889546351084812E-4 0.6761496041913742 5.334513642535496E-4
physician 7.889546351084812E-4 2.2744142160273495 0.0017944096378914
confusing 3.944773175542406E-4 4.471638793363569 0.001763960076277542
demonstrated 3.944773175542406E-4 0.8607208807193443 3.395348641890904E-4
regular 3.944773175542406E-4 1.9459101490553132 7.676174158009125E-4
undergo 3.944773175542406E-4 2.7668907011251433 0.0010914756217456187
means 3.944773175542406E-4 0.6988778552689304 2.756914616445485E-4
include 3.944773175542406E-4 0.5013468798114469 1.9776997231220784E-4
initial 0.001183431952662722 0.6988778552689304 8.270743849336455E-4
shortcomings 3.944773175542406E-4 3.0853444322436783 0.0012170983953623978
caused 3.944773175542406E-4 1.121734706088964 4.4249889786546903E-4
more 0.002366863905325444 0.05279818556697083 1.2496611968513806E-4
display 0.0015779092702169625 0.167573700159399 2.6441609492607336E-4
csvdisplay 3.944773175542406E-4 0.2669461739726028 1.0530421064008E-4
downstream 3.944773175542406E-4 2.5998366164619773 0.001025576574541214
consistent 0.0015779092702169625 0.9306794693262548 0.0014685277622505006
suggest 0.0015779092702169625 1.0059028905638423 0.0015872234959587255
hepatitis 7.889546351084812E-4 4.0661736852554045 0.0032080265761383862
inaccurate 3.944773175542406E-4 2.9675613965872945 0.001170635659403272
encountered 0.001183431952662722 2.331572629867298 0.002759257550138814
disorder 7.889546351084812E-4 2.456735772821304 0.0019382530752041845
highlights 3.944773175542406E-4 1.7635885922613586 6.956956971445201E-4
january 3.944773175542406E-4 1.3581234841531944 5.357489089361713E-4
prescription 0.0015779092702169625 3.0853444322436783 0.004868393581449591
ended 3.944773175542406E-4 2.7668907011251433 0.0010914756217456187
ages 3.944773175542406E-4 3.2188758248682006 0.0012697735009342013
homecare 3.944773175542406E-4 5.1647859739235145 0.002037390916735114
randomly 7.889546351084812E-4 1.6384254493073527 0.0012926433525107318
diabetes 3.944773175542406E-4 2.456735772821304 9.691265376020922E-4
levels 3.944773175542406E-4 0.9452782687474074 3.7289083579779384E-4
board 3.944773175542406E-4 1.4512139072192063 5.724709693172411E-4
first 0.001183431952662722 0.167573700159399 1.9831207119455505E-4
voice 3.944773175542406E-4 2.7668907011251433 0.0010914756217456187
categorical 3.944773175542406E-4 2.0292917579943643 8.005095692285461E-4
pharmaceutical 3.944773175542406E-4 3.373026504695459 0.0013305824476116208
data 0.016568047337278107 0.167573700159399 0.0027763689967237708
prefer 3.944773175542406E-4 2.7668907011251433 0.0010914756217456187
before 0.0015779092702169625 0.5203950747821414 8.211362126739904E-4
section 3.944773175542406E-4 0.7953381214564925 3.13742848700786E-4
used 0.0027613412228796844 0.07103577311675174 1.9615400860641507E-4
stringent 3.944773175542406E-4 3.0853444322436783 0.0012170983953623978
reference 3.944773175542406E-4 1.4759065198095778 5.822116448952969E-4
his 0.0019723865877712033 1.6384254493073527 0.00323160838127683
describing 3.944773175542406E-4 1.6990500711237875 6.702367144472535E-4
presented 3.944773175542406E-4 0.4373981552111735 1.725436509708771E-4
percentage 3.944773175542406E-4 1.3146383722134554 5.185950186246372E-4
only 0.0027613412228796844 0.10854016857520597 2.9971644182502633E-4
few 0.001183431952662722 0.6988778552689304 8.270743849336455E-4
from 0.009467455621301775 0.023122417420854212 2.189104607891523E-4
potential 0.002366863905325444 0.44628710262841953 0.0010563008346234782
day 3.944773175542406E-4 1.4271163556401458 5.629650318107084E-4
described 3.944773175542406E-4 0.44628710262841953 1.7605013910391304E-4
obtain 3.944773175542406E-4 1.0872485300177945 4.2889488363621084E-4
individual 0.001183431952662722 0.7221347174331975 8.545972987375119E-4
insights 3.944773175542406E-4 1.6990500711237875 6.702367144472535E-4
meniscus 3.944773175542406E-4 5.1647859739235145 0.002037390916735114
patients 0.01222879684418146 0.9452782687474074 0.011559615909731608
miscoding 3.944773175542406E-4 5.1647859739235145 0.002037390916735114
capture 7.889546351084812E-4 1.293584963015623 0.001020579852477809
particular 3.944773175542406E-4 1.0704414117014134 4.2226485668694805E-4
history 0.0019723865877712033 1.2729656758128876 0.002510780425666445
mining 3.944773175542406E-4 1.8325814637483102 7.229118200190572E-4
published 0.0019723865877712033 0.03488725900044054 6.881116173656911E-5
prolonged 0.0015779092702169625 2.6798793241355137 0.004228606428616195
revision 3.944773175542406E-4 2.7668907011251433 0.0010914756217456187
both 3.944773175542406E-4 0.13434805253107854 5.299725938109607E-5
important 0.0015779092702169625 0.2669461739726028 4.2121684256032E-4
most 0.004339250493096647 0.0771896386911299 3.349451777524374E-4
proposed 3.944773175542406E-4 0.7459453661269161 2.9425852707176177E-4
daily 3.944773175542406E-4 1.6384254493073527 6.463216762553659E-4
clinically 3.944773175542406E-4 2.2744142160273495 8.972048189457E-4
replacement 7.889546351084812E-4 2.456735772821304 0.0019382530752041845
who 0.0019723865877712033 0.44628710262841953 8.802506955195652E-4
potentially 0.0015779092702169625 1.1394342831883648 0.0017979239182459405
erroneous 3.944773175542406E-4 3.7784916128036232 0.0014905292358199697
note 0.0027613412228796844 1.0872485300177945 0.003002264185453476
acute 3.944773175542406E-4 2.169053700369523 8.556424853528691E-4
critical 3.944773175542406E-4 1.2135422553420867 4.7871489362606967E-4
challenges 7.889546351084812E-4 1.3581234841531944 0.0010714978178723426
instances 7.889546351084812E-4 1.9459101490553132 0.001535234831601825
unexpected 3.944773175542406E-4 2.169053700369523 8.556424853528691E-4
normalized 3.944773175542406E-4 2.392197251683733 9.436675549048256E-4
professionals 3.944773175542406E-4 2.2744142160273495 8.972048189457E-4
obtainable 3.944773175542406E-4 5.1647859739235145 0.002037390916735114
frequent 7.889546351084812E-4 1.4271163556401458 0.0011259300636214168
affiliated 3.944773175542406E-4 2.9675613965872945 0.001170635659403272
their 0.001183431952662722 0.12136085700426753 1.436223159813817E-4
network 3.944773175542406E-4 1.0704414117014134 4.2226485668694805E-4
integrated 3.944773175542406E-4 1.6384254493073527 6.463216762553659E-4
differential 3.944773175542406E-4 2.392197251683733 9.436675549048256E-4
seemingly 3.944773175542406E-4 3.2188758248682006 0.0012697735009342013
can 0.0027613412228796844 0.0958817717032825 2.647622887270128E-4
inclusion 0.0015779092702169625 1.3581234841531944 0.002142995635744685
highlight 3.944773175542406E-4 1.6094379124341003 6.348867504671007E-4
database 0.0039447731755424065 1.3581234841531944 0.005357489089361714
alone 3.944773175542406E-4 1.730798769438368 6.827608557942279E-4
public 3.944773175542406E-4 1.3361445774344192 5.270787287709741E-4
coders 7.889546351084812E-4 3.2188758248682006 0.0025395470018684026
patient 0.011834319526627219 0.9751312318970885 0.01154001457866377
david 0.0019723865877712033 2.2744142160273495 0.0044860240947285
mentioned 3.944773175542406E-4 1.0376515888784226 4.0933001533665584E-4
value 7.889546351084812E-4 0.6214911916535102 4.903283563341303E-4
accompanying 3.944773175542406E-4 3.5553480614894135 0.0014025041662680132
introduction 3.944773175542406E-4 0.10219094089654716 4.031200824321387E-5
nose 3.944773175542406E-4 4.471638793363569 0.001763960076277542
postoperative 3.944773175542406E-4 2.0292917579943643 8.005095692285461E-4
applying 3.944773175542406E-4 1.1758019273592397 4.6382719027977896E-4
costs 3.944773175542406E-4 1.9459101490553132 7.676174158009125E-4
process 0.001183431952662722 0.5013468798114469 5.933099169366235E-4
requirements 7.889546351084812E-4 1.9459101490553132 0.001535234831601825
epidemiological 3.944773175542406E-4 3.2188758248682006 0.0012697735009342013
limited 0.001183431952662722 0.5696661237889241 6.741610932413303E-4
will 3.944773175542406E-4 0.3526016185510966 1.3909334065132016E-4
studied 3.944773175542406E-4 1.0539121097502027 4.157444219921904E-4
advantage 3.944773175542406E-4 1.4271163556401458 5.629650318107084E-4
therapy 7.889546351084812E-4 1.9867321435755685 0.0015674415333929534
spent 3.944773175542406E-4 2.392197251683733 9.436675549048256E-4
also 0.0039447731755424065 0.05279818556697083 2.0827686614189678E-4
ddavp 3.944773175542406E-4 5.1647859739235145 0.002037390916735114
factors 7.889546351084812E-4 0.6321864807702582 4.98766454256614E-4
ineffective 3.944773175542406E-4 3.5553480614894135 0.0014025041662680132
contained 7.889546351084812E-4 1.730798769438368 0.0013655217115884559
mean 3.944773175542406E-4 0.6214911916535102 2.4516417816706517E-4
response 3.944773175542406E-4 1.1758019273592397 4.6382719027977896E-4
administrative 3.944773175542406E-4 2.6798793241355137 0.0010571516071540487
fulfilling 3.944773175542406E-4 4.471638793363569 0.001763960076277542
variable 7.889546351084812E-4 1.3146383722134554 0.0010371900372492743
independently 3.944773175542406E-4 1.9459101490553132 7.676174158009125E-4
challenge 3.944773175542406E-4 1.4271163556401458 5.629650318107084E-4
cooper 0.0019723865877712033 4.471638793363569 0.00881980038138771
locations 7.889546351084812E-4 2.2744142160273495 0.0017944096378914
uses 3.944773175542406E-4 1.1394342831883648 4.4948097956148513E-4
further 0.001183431952662722 0.27443684570176036 3.247773321914324E-4
front 3.944773175542406E-4 3.373026504695459 0.0013305824476116208
category 3.944773175542406E-4 1.252762968495368 4.941865753433404E-4
providers 3.944773175542406E-4 2.169053700369523 8.556424853528691E-4
account 3.944773175542406E-4 1.0539121097502027 4.157444219921904E-4
