been 0.0022641509433962265 0.05279818556697083 1.1954306166106603E-4
plana 0.0037735849056603774 2.2744142160273495 0.008582695154820187
causative 0.0037735849056603774 2.8622008809294686 0.010800758041243278
sufficiently 7.547169811320754E-4 2.120263536200091 0.0016001988952453515
bae 0.014339622641509434 4.0661736852554045 0.05830739624139825
iop 0.0060377358490566035 2.7668907011251433 0.01670575517660464
discussion 7.547169811320754E-4 0.2595111954850846 1.9585750602647893E-4
these 0.0015094339622641509 0.03488725900044054 5.2660013585570623E-5
approved 7.547169811320754E-4 1.4035858582299516 0.0010593100816829824
acuity 7.547169811320754E-4 1.5271998141971284 0.0011526036333563232
outcomes 0.018113207547169812 1.1043429633770947 0.020003193298905868
poor 0.0060377358490566035 1.0539121097502027 0.006363242926793676
vitreous 7.547169811320754E-4 1.906689435902032 0.0014390108950204014
visual 0.007547169811320755 1.157452788691043 0.00873549274483806
filtering 0.0022641509433962265 2.9675613965872945 0.006719006935669346
defined 7.547169811320754E-4 0.5300569856938783 4.000430080708515E-4
discussing 7.547169811320754E-4 2.073743520565198 0.0015650894494831681
using 7.547169811320754E-4 0.083381608939051 6.292951618041584E-5
grouped 7.547169811320754E-4 1.9459101490553132 0.0014686114332492929
past 0.0015094339622641509 1.293584963015623 0.001952581076249997
posterior 7.547169811320754E-4 1.8325814637483102 0.0013830803499987245
july 7.547169811320754E-4 2.331572629867298 0.001759677456503621
bascom 7.547169811320754E-4 4.471638793363569 0.0033748217308404295
received 0.0030188679245283017 0.9452782687474074 0.002853670245275192
analysis 0.0030188679245283017 0.15415067982725836 4.653605428747422E-4
eye 0.006792452830188679 1.5012243277938677 0.010196995434071553
miller 0.006792452830188679 2.8622008809294686 0.019441364474237898
steven 0.0060377358490566035 3.7784916128036232 0.022813534265984137
size 0.0030188679245283017 0.127833371509885 3.859120649355019E-4
left 0.004528301886792453 1.2729656758128876 0.0057643728716055284
difference 0.005283018867924529 0.6004377824556778 0.0031721241337281094
institute 7.547169811320754E-4 2.331572629867298 0.001759677456503621
assigned 7.547169811320754E-4 1.3805963400052528 0.0010419595018907567
randomized 7.547169811320754E-4 1.9459101490553132 0.0014686114332492929
male 0.0030188679245283017 1.8689491079191851 0.005642110514473012
associations 0.0030188679245283017 2.120263536200091 0.006400795580981406
treatment 0.0022641509433962265 0.9452782687474074 0.002140252683956394
statistical 7.547169811320754E-4 0.653926467406664 4.9352940936352E-4
strengthening 7.547169811320754E-4 3.2188758248682006 0.0024293402451835474
increased 7.547169811320754E-4 0.4919571394616079 3.7128840714083613E-4
role 0.0015094339622641509 0.6761496041913742 0.0010206031761379232
achieve 7.547169811320754E-4 1.0376515888784226 7.831332746252246E-4
frequently 7.547169811320754E-4 1.157452788691043 8.735492744838061E-4
another 7.547169811320754E-4 0.40261203912575794 3.0385814273642105E-4
equivalents 7.547169811320754E-4 3.2188758248682006 0.0024293402451835474
association 0.0015094339622641509 1.2135422553420867 0.0018317618948559798
bleb 7.547169811320754E-4 4.471638793363569 0.0033748217308404295
eyes 0.009811320754716982 1.6990500711237875 0.01666992522612018
two 0.0030188679245283017 0.11492996667397702 3.469583899591759E-4
intraocular 0.009811320754716982 1.6990500711237875 0.01666992522612018
result 0.00830188679245283 0.4285875255290187 0.0035580851175994006
how 7.547169811320754E-4 0.5496654570822546 4.148418544017015E-4
into 0.0015094339622641509 0.10854016857520597 1.6383421671729202E-4
current 0.004528301886792453 0.4919571394616079 0.002227730442845017
interestingly 7.547169811320754E-4 3.7784916128036232 0.002851691783248017
involvement 7.547169811320754E-4 2.2744142160273495 0.0017165390309640373
varying 7.547169811320754E-4 2.073743520565198 0.0015650894494831681
compelled 7.547169811320754E-4 5.1647859739235145 0.003897951678432841
are 0.0022641509433962265 0.028987536873252187 6.563215895830684E-5
does 7.547169811320754E-4 0.5696661237889241 4.29936697199188E-4
reported 0.0037735849056603774 0.5300569856938783 0.0020002150403542578
after 0.0022641509433962265 0.12136085700426753 2.7477929887758686E-4
aggressive 7.547169811320754E-4 2.7668907011251433 0.00208821939707558
key 7.547169811320754E-4 1.0216512475319812 7.710575453071556E-4
hand 0.0022641509433962265 1.5271998141971284 0.00345781090006897
compared 0.0030188679245283017 0.2669461739726028 8.058752421814423E-4
cataract 7.547169811320754E-4 2.5257286443082556 0.0019062102975911362
serratia 0.007547169811320755 4.471638793363569 0.03374821730840429
one 0.0030188679245283017 0.06491954609931569 1.9598353539416056E-4
subjects 7.547169811320754E-4 1.79749014393704 0.0013565963350468226
medicine 7.547169811320754E-4 2.120263536200091 0.0016001988952453515
right 0.0015094339622641509 1.4759065198095778 0.0022277834261276645
onset 0.0015094339622641509 2.169053700369523 0.003274043321312488
many 7.547169811320754E-4 0.20194134366360675 1.5240856125555224E-4
prognosis 0.0015094339622641509 2.073743520565198 0.0031301788989663362
enucleation 0.0022641509433962265 2.6798793241355137 0.006067651299929465
the 0.052075471698113204 0.017291497110061043 9.004628683729901E-4
snellen 0.0015094339622641509 2.5257286443082556 0.0038124205951822723
such 0.0015094339622641509 0.10219094089654716 1.5425047682497684E-4
photograph 0.0060377358490566035 3.2188758248682006 0.01943472196146838
series 0.0030188679245283017 1.1758019273592397 0.003549590724103365
showed 0.004528301886792453 0.5398131606392429 0.0024444369538380814
associated 0.011320754716981131 0.4373981552111735 0.004951677228805737
information 0.0022641509433962265 0.3049735695618419 6.905061952343591E-4
did 7.547169811320754E-4 0.5108256237659907 3.855287726535779E-4
surgery 7.547169811320754E-4 1.6990500711237875 0.0012823019404707829
but 0.0015094339622641509 0.083381608939051 1.2585903236083168E-4
shunts 7.547169811320754E-4 5.1647859739235145 0.003897951678432841
november 0.0060377358490566035 1.1758019273592397 0.00709918144820673
nine 7.547169811320754E-4 1.9459101490553132 0.0014686114332492929
reports 7.547169811320754E-4 1.0539121097502027 7.954053658492095E-4
medical 7.547169811320754E-4 0.9600933545325481 7.245987581377721E-4
presently 7.547169811320754E-4 4.471638793363569 0.0033748217308404295
powered 7.547169811320754E-4 3.373026504695459 0.002545680380902233
glaucoma 0.0015094339622641509 2.331572629867298 0.003519354913007242
seven 7.547169811320754E-4 1.5538680612792897 0.0011727306122862563
had 0.004528301886792453 0.32059888746492277 0.001451768547010971
accounting 7.547169811320754E-4 2.5257286443082556 0.0019062102975911362
good 7.547169811320754E-4 0.8080771472339223 6.098695450822055E-4
presentation 0.009056603773584906 1.6990500711237875 0.015387623285649396
miami 7.547169811320754E-4 4.471638793363569 0.0033748217308404295
fundus 0.004528301886792453 2.9675613965872945 0.013438013871338693
view 0.00830188679245283 1.4035858582299516 0.011652410898512806
school 7.547169811320754E-4 2.169053700369523 0.001637021660656244
prior 7.547169811320754E-4 0.8209805520698303 6.19607963826287E-4
has 0.0015094339622641509 0.05279818556697083 7.969537444071068E-5
female 0.0030188679245283017 2.392197251683733 0.007221727552252778
results 0.0037735849056603774 0.08961215868968714 3.381590893950458E-4
five 7.547169811320754E-4 0.9021060968821986 6.808347900997725E-4
others 7.547169811320754E-4 1.1758019273592397 8.873976810258412E-4
inherent 7.547169811320754E-4 2.2203469947570738 0.0016757335809487349
prospective 7.547169811320754E-4 2.120263536200091 0.0016001988952453515
which 0.0022641509433962265 0.023122417420854212 5.235264321702841E-5
treated 0.0015094339622641509 1.0216512475319812 0.0015421150906143111
given 7.547169811320754E-4 0.3526016185510966 2.6611442909516724E-4
flynn 0.0060377358490566035 3.5553480614894135 0.021466252446728534
last 7.547169811320754E-4 0.7703368192510752 5.813862786800567E-4
organism 0.0015094339622641509 2.6798793241355137 0.0040451008666196435
this 0.0022641509433962265 0.017291497110061043 3.9150559494477837E-5
significant 0.0060377358490566035 0.377294231141468 0.0022780029050050894
worse 0.011320754716981131 1.6094379124341003 0.018220051838876605
vision 7.547169811320754E-4 1.4271163556401458 0.00107706894765294
tube 7.547169811320754E-4 3.2188758248682006 0.0024293402451835474
microbiologic 7.547169811320754E-4 4.0661736852554045 0.0030688103284946446
institutional 7.547169811320754E-4 1.3361445774344192 0.0010084110018372975
month 7.547169811320754E-4 2.169053700369523 0.001637021660656244
converted 7.547169811320754E-4 1.5538680612792897 0.0011727306122862563
final 0.006792452830188679 0.6988778552689304 0.004747094865977641
relatively 0.0015094339622641509 0.8209805520698303 0.001239215927652574
higher 0.007547169811320755 0.41985384556026406 0.0031687082683793514
full 0.0030188679245283017 0.14750613710858965 4.4530154598819514E-4
moraxella 0.006792452830188679 5.1647859739235145 0.03508156510589557
however 0.0015094339622641509 1.9459101490553132 0.0029372228664985857
pseudomonas 0.004528301886792453 3.5553480614894135 0.0160996893350464
records 0.0015094339622641509 1.3581234841531944 0.00204999771192935
cefazolin 7.547169811320754E-4 4.0661736852554045 0.0030688103284946446
additional 7.547169811320754E-4 0.5300569856938783 4.000430080708515E-4
provided 7.547169811320754E-4 0.7104386776700063 5.361801340905708E-4
for 0.0060377358490566035 0.017291497110061043 1.0440149198527422E-4
detect 0.0015094339622641509 1.3146383722134554 0.0019843598071146496
vitrectomy 0.0015094339622641509 2.073743520565198 0.0031301788989663362
primarily 7.547169811320754E-4 1.4512139072192063 0.0010952557790333633
precisely 7.547169811320754E-4 2.5998366164619773 0.001962140842612813
not 0.0030188679245283017 0.03488725900044054 1.0532002717114125E-4
negative 7.547169811320754E-4 0.6429973968744738 4.852810542448858E-4
provides 7.547169811320754E-4 0.6214911916535102 4.690499559649133E-4
confirms 0.0015094339622641509 2.6798793241355137 0.0040451008666196435
human 7.547169811320754E-4 0.9162907318741551 6.915401749993623E-4
figure 0.0060377358490566035 0.20194134366360675 0.001219268490044418
cases 0.030943396226415093 0.6004377824556778 0.018579584211836066
disease 7.547169811320754E-4 1.2729656758128876 9.607288119342547E-4
six 7.547169811320754E-4 0.9162907318741551 6.915401749993623E-4
identify 7.547169811320754E-4 0.6214911916535102 4.690499559649133E-4
previous 0.0030188679245283017 0.32850406697203605 9.917103908589767E-4
wide 7.547169811320754E-4 1.3361445774344192 0.0010084110018372975
was 0.006792452830188679 0.058840500022933395 3.99671320910491E-4
perform 7.547169811320754E-4 0.9600933545325481 7.245987581377721E-4
statistically 7.547169811320754E-4 1.1758019273592397 8.873976810258412E-4
recorded 7.547169811320754E-4 1.5012243277938677 0.001132999492674617
better 0.005283018867924529 0.4285875255290187 0.002264235983926891
with 0.033962264150943396 0.017291497110061043 5.872583924171675E-4
what 7.547169811320754E-4 0.8209805520698303 6.19607963826287E-4
management 7.547169811320754E-4 0.9452782687474074 7.13417561318798E-4
there 0.0015094339622641509 0.12136085700426753 1.8318619925172458E-4
achieved 0.0022641509433962265 1.121734706088964 0.0025397766930316166
endophthalmitis 0.0015094339622641509 2.169053700369523 0.003274043321312488
injection 7.547169811320754E-4 2.331572629867298 0.001759677456503621
significantly 7.547169811320754E-4 0.5900749954201312 4.4533961918500465E-4
presents 7.547169811320754E-4 1.1394342831883648 8.59950402406313E-4
play 7.547169811320754E-4 1.2729656758128876 9.607288119342547E-4
logmar 0.0022641509433962265 2.331572629867298 0.005279032369510863
smaller 7.547169811320754E-4 1.121734706088964 8.465922310105388E-4
considered 7.547169811320754E-4 0.32059888746492277 2.419614245018285E-4
comparative 0.0022641509433962265 2.2744142160273495 0.005149617092892112
favorable 7.547169811320754E-4 2.5257286443082556 0.0019062102975911362
when 0.0015094339622641509 0.14750613710858965 2.2265077299409757E-4
number 0.0037735849056603774 0.167573700159399 6.323535855071661E-4
loss 7.547169811320754E-4 0.9162907318741551 6.915401749993623E-4
measures 7.547169811320754E-4 1.2329603411991883 9.30536106565425E-4
review 7.547169811320754E-4 0.5696661237889241 4.29936697199188E-4
broad 7.547169811320754E-4 1.4759065198095778 0.0011138917130638323
vancomycin 0.0030188679245283017 3.0853444322436783 0.009314247342622425
presence 7.547169811320754E-4 0.9751312318970885 7.359480995449725E-4
greater 0.0015094339622641509 0.8743265327751228 0.0013197381626794307
evisceration 0.0022641509433962265 3.373026504695459 0.0076370411427067
between 0.0060377358490566035 0.058840500022933395 3.5526339636488083E-4
case 0.0037735849056603774 0.38566248081198473 0.0014553301162716404
inability 0.0015094339622641509 3.0853444322436783 0.004657123671311212
likely 7.547169811320754E-4 0.5798184952529422 4.3759886434184314E-4
large 7.547169811320754E-4 0.34450440831847723 2.6000332703281296E-4
suspected 7.547169811320754E-4 2.5998366164619773 0.001962140842612813
inadvertent 7.547169811320754E-4 5.1647859739235145 0.003897951678432841
vas 0.0015094339622641509 3.7784916128036232 0.005703383566496034
theodore 0.0060377358490566035 4.471638793363569 0.026998573846723436
sensitive 7.547169811320754E-4 1.906689435902032 0.0014390108950204014
baseline 0.0022641509433962265 1.5538680612792897 0.0035181918368587693
classification 7.547169811320754E-4 0.9751312318970885 7.359480995449725E-4
insight 0.0015094339622641509 1.5271998141971284 0.0023052072667126464
likelihood 7.547169811320754E-4 1.7635885922613586 0.0013310102583104593
provide 7.547169811320754E-4 0.44628710262841953 3.3682045481390154E-4
light 0.0030188679245283017 1.2729656758128876 0.003842915247737019
determined 0.0015094339622641509 1.0376515888784226 0.0015662665492504491
intravitreal 0.0022641509433962265 2.331572629867298 0.005279032369510863
narrowed 7.547169811320754E-4 4.0661736852554045 0.0030688103284946446
presenting 0.022641509433962263 1.4759065198095778 0.03341675139191497
antibiotics 0.0015094339622641509 2.2744142160273495 0.0034330780619280746
authors 0.0060377358490566035 0.023122417420854212 1.396070485787424E-4
study 0.007547169811320755 0.15415067982725836 0.0011634013571868555
infection 0.0015094339622641509 1.8689491079191851 0.002821055257236506
other 7.547169811320754E-4 0.0408219945202552 3.0809052468117134E-5
methods 7.547169811320754E-4 0.20194134366360675 1.5240856125555224E-4
harry 0.0060377358490566035 3.5553480614894135 0.021466252446728534
isolated 0.0015094339622641509 2.5998366164619773 0.003924281685225626
range 7.547169811320754E-4 0.6988778552689304 5.274549851086267E-4
berrocal 7.547169811320754E-4 5.1647859739235145 0.003897951678432841
protection 7.547169811320754E-4 2.073743520565198 0.0015650894494831681
respectively 7.547169811320754E-4 1.9459101490553132 0.0014686114332492929
presentations 0.0015094339622641509 3.2188758248682006 0.004858680490367095
receiving 7.547169811320754E-4 1.6990500711237875 0.0012823019404707829
virulent 7.547169811320754E-4 3.5553480614894135 0.002683281555841067
low 7.547169811320754E-4 0.6761496041913742 5.103015880689616E-4
have 0.0037735849056603774 0.028987536873252187 1.0938693159717806E-4
gentamicin 0.0015094339622641509 4.0661736852554045 0.006137620656989289
december 7.547169811320754E-4 1.3361445774344192 0.0010084110018372975
wei 0.0060377358490566035 3.5553480614894135 0.021466252446728534
power 7.547169811320754E-4 1.4759065198095778 0.0011138917130638323
ability 7.547169811320754E-4 0.8881198549074587 6.702791357792141E-4
bpei 7.547169811320754E-4 5.1647859739235145 0.003897951678432841
demonstrated 7.547169811320754E-4 0.8607208807193443 6.496006646938447E-4
outcome 0.007547169811320755 1.3361445774344192 0.010084110018372975
table 0.0060377358490566035 0.18805223150293962 0.00113540969964039
injections 7.547169811320754E-4 2.7668907011251433 0.00208821939707558
include 0.0015094339622641509 0.5013468798114469 7.567500072625613E-4
may 0.004528301886792453 0.15415067982725836 6.980408143121133E-4
ceftazidime 0.0015094339622641509 3.5553480614894135 0.005366563111682134
within 0.0015094339622641509 0.3127557100038969 4.720840905719198E-4
initial 7.547169811320754E-4 0.6988778552689304 5.274549851086267E-4
more 0.0022641509433962265 0.05279818556697083 1.1954306166106603E-4
change 0.0015094339622641509 0.7104386776700063 0.0010723602681811416
display 0.0030188679245283017 0.167573700159399 5.058828684057329E-4
csvdisplay 0.0030188679245283017 0.2669461739726028 8.058752421814423E-4
unfortunately 7.547169811320754E-4 3.7784916128036232 0.002851691783248017
positive 0.0015094339622641509 0.6988778552689304 0.0010549099702172535
streptococcus 0.01509433962264151 3.7784916128036232 0.05703383566496035
january 0.0015094339622641509 1.3581234841531944 0.00204999771192935
culture 0.01509433962264151 2.0292917579943643 0.03063081898859418
report 7.547169811320754E-4 1.0059028905638423 7.591719928783715E-4
blebs 7.547169811320754E-4 5.1647859739235145 0.003897951678432841
board 7.547169811320754E-4 1.4512139072192063 0.0010952557790333633
small 0.0015094339622641509 0.6214911916535102 9.380999119298266E-4
amikacin 0.0015094339622641509 4.0661736852554045 0.006137620656989289
topical 7.547169811320754E-4 2.6798793241355137 0.0020225504333098217
data 7.547169811320754E-4 0.167573700159399 1.2647071710143322E-4
before 7.547169811320754E-4 0.5203950747821414 3.927509998355784E-4
fewer 7.547169811320754E-4 1.6384254493073527 0.0012365475089112096
clearly 7.547169811320754E-4 1.6384254493073527 0.0012365475089112096
manner 7.547169811320754E-4 1.9459101490553132 0.0014686114332492929
used 0.0015094339622641509 0.07103577311675174 1.0722380847811583E-4
while 0.0015094339622641509 0.20895891632225325 3.1540968501472187E-4
perception 7.547169811320754E-4 1.3805963400052528 0.0010419595018907567
that 0.0037735849056603774 0.017291497110061043 6.525093249079639E-5
protocol 7.547169811320754E-4 1.730798769438368 0.0013062632222176362
download 0.0030188679245283017 0.2595111954850846 7.834300241059157E-4
high 7.547169811320754E-4 0.2521310881874621 1.9028761372638647E-4
presented 0.0015094339622641509 0.4373981552111735 6.602236305074317E-4
staphylococcus 0.009056603773584906 3.373026504695459 0.0305481645708268
than 0.00830188679245283 0.058840500022933395 4.884871700017112E-4
percentage 7.547169811320754E-4 1.3146383722134554 9.921799035573248E-4
only 0.005283018867924529 0.10854016857520597 5.734197585105221E-4
from 0.005283018867924529 0.023122417420854212 1.2215616750639962E-4
clinicians 0.0015094339622641509 2.2203469947570738 0.0033514671618974697
feasible 7.547169811320754E-4 2.331572629867298 0.001759677456503621
consider 0.0015094339622641509 0.8080771472339223 0.001219739090164411
administered 7.547169811320754E-4 2.331572629867298 0.001759677456503621
gedde 0.0060377358490566035 5.1647859739235145 0.031183613427462727
all 0.009056603773584906 0.017291497110061043 1.5660223797791135E-4
tap 0.005283018867924529 3.0853444322436783 0.016299932849589246
months 0.0015094339622641509 1.3146383722134554 0.0019843598071146496
comparison 0.0015094339622641509 0.758066726659261 0.0011442516628819034
individual 0.0015094339622641509 0.7221347174331975 0.0010900146678236942
patients 0.0030188679245283017 0.9452782687474074 0.002853670245275192
differs 7.547169811320754E-4 1.8689491079191851 0.001410527628618253
comparing 0.0015094339622641509 1.0539121097502027 0.001590810731698419
history 7.547169811320754E-4 1.2729656758128876 9.607288119342547E-4
pressure 7.547169811320754E-4 1.6094379124341003 0.0012146701225917737
published 0.0060377358490566035 0.03488725900044054 2.106400543422825E-4
less 7.547169811320754E-4 0.368995428326773 2.7848711571831926E-4
most 0.0022641509433962265 0.0771896386911299 1.747689932629356E-4
clinical 0.006792452830188679 0.9452782687474074 0.006420758051869182
subcommittee 7.547169811320754E-4 5.1647859739235145 0.003897951678432841
addressed 7.547169811320754E-4 1.4271163556401458 0.00107706894765294
were 0.021132075471698115 0.0958817717032825 0.0020261808359938946
purposes 7.547169811320754E-4 1.906689435902032 0.0014390108950204014
glaucomatous 7.547169811320754E-4 4.0661736852554045 0.0030688103284946446
organisms 0.009811320754716982 3.373026504695459 0.03309384495172903
clinically 0.0015094339622641509 2.2744142160273495 0.0034330780619280746
purpose 7.547169811320754E-4 1.0539121097502027 7.954053658492095E-4
university 7.547169811320754E-4 1.121734706088964 8.465922310105388E-4
pars 0.0037735849056603774 2.2744142160273495 0.008582695154820187
unclear 7.547169811320754E-4 2.5257286443082556 0.0019062102975911362
values 7.547169811320754E-4 0.5900749954201312 4.4533961918500465E-4
frequent 0.0022641509433962265 1.4271163556401458 0.0032312068429588207
affecting 7.547169811320754E-4 2.169053700369523 0.001637021660656244
best 7.547169811320754E-4 0.6988778552689304 5.274549851086267E-4
ocular 7.547169811320754E-4 1.5538680612792897 0.0011727306122862563
can 0.0015094339622641509 0.0958817717032825 1.4472720257099246E-4
alone 7.547169811320754E-4 1.730798769438368 0.0013062632222176362
similarly 7.547169811320754E-4 2.0292917579943643 0.001531540949429709
and 0.06037735849056604 0.017291497110061043 0.0010440149198527422
patient 7.547169811320754E-4 0.9751312318970885 7.359480995449725E-4
studies 0.0022641509433962265 0.24480504809538922 5.542755805933341E-4
david 0.0060377358490566035 2.2744142160273495 0.013732312247712299
included 0.0015094339622641509 0.41985384556026406 6.337416536758702E-4
designed 7.547169811320754E-4 1.0872485300177945 8.205649283153166E-4
introduction 7.547169811320754E-4 0.10219094089654716 7.712523841248842E-5
dexamethasone 7.547169811320754E-4 3.5553480614894135 0.002683281555841067
clinician 0.0015094339622641509 2.9675613965872945 0.004479337957112897
plays 7.547169811320754E-4 1.79749014393704 0.0013565963350468226
determine 0.0015094339622641509 0.7221347174331975 0.0010900146678236942
limited 0.0030188679245283017 0.5696661237889241 0.001719746788796752
performing 7.547169811320754E-4 1.5812670354674039 0.0011934090833716255
groups 7.547169811320754E-4 0.8472978603872037 6.394700833110971E-4
also 0.0030188679245283017 0.05279818556697083 1.5939074888142137E-4
control 7.547169811320754E-4 0.7459453661269161 5.629776348127668E-4
darlene 0.0060377358490566035 4.471638793363569 0.026998573846723436
despite 7.547169811320754E-4 0.7221347174331975 5.450073339118471E-4
factors 7.547169811320754E-4 0.6321864807702582 4.7712187227944014E-4
due 0.0022641509433962265 0.20895891632225325 4.7311452752208283E-4
favor 7.547169811320754E-4 3.7784916128036232 0.002851691783248017
mean 0.00830188679245283 0.6214911916535102 0.005159549515614047
palmer 7.547169811320754E-4 4.471638793363569 0.0033748217308404295
treating 7.547169811320754E-4 2.073743520565198 0.0015650894494831681
demographics 0.0015094339622641509 2.0292917579943643 0.003063081898859418
