extent 7.304601899196494E-4 1.3805963400052528 0.0010084706647226099
been 0.002191380569758948 0.05279818556697083 1.1570091796998721E-4
optimal 7.304601899196494E-4 1.2329603411991883 9.006284449957548E-4
surgeon 7.304601899196494E-4 2.8622008809294686 0.0020907237990719276
arteries 7.304601899196494E-4 4.0661736852554045 0.0029701780023779433
undergoing 7.304601899196494E-4 2.5998366164619773 0.0018990771486208746
iop 0.0029218407596785976 2.7668907011251433 0.008084414028123136
without 0.0014609203798392988 0.32850406697203605 4.7991828629954133E-4
setting 7.304601899196494E-4 1.3581234841531944 9.920551381688784E-4
rupture 7.304601899196494E-4 2.8622008809294686 0.0020907237990719276
apposition 0.0029218407596785976 4.471638793363569 0.013065416489009699
intraoperative 0.0014609203798392988 2.8622008809294686 0.004181447598143855
these 0.0029218407596785976 0.03488725900044054 1.0193501534095118E-4
approved 0.0014609203798392988 1.4035858582299516 0.0020505271851423692
depending 7.304601899196494E-4 1.2729656758128876 9.298507493154767E-4
acuity 0.005843681519357195 1.5271998141971284 0.008924469330589501
would 7.304601899196494E-4 0.5013468798114469 3.662139370426931E-4
outcomes 0.006574141709276844 1.1043429633770947 0.007260107136883749
poor 7.304601899196494E-4 1.0539121097502027 7.698408398467514E-4
vitreous 0.0014609203798392988 1.906689435902032 0.002785521454933575
sch 0.022644265887509132 5.1647859739235145 0.11695278684560187
visual 0.008765522279035792 1.157452788691043 0.010145678206203445
rank 7.304601899196494E-4 2.7668907011251433 0.002021103507030784
limitations 7.304601899196494E-4 0.9162907318741551 6.693139020264099E-4
clot 0.0014609203798392988 3.7784916128036232 0.005520075402196674
thus 0.0014609203798392988 0.8881198549074587 0.0012974723957742274
preference 7.304601899196494E-4 2.169053700369523 0.0015844073779178402
artery 7.304601899196494E-4 2.6798793241355137 0.001957545160069769
analysis 0.0014609203798392988 0.15415067982725836 2.2520186972572442E-4
appositional 0.015339663988312637 5.1647859739235145 0.07922608141153674
symptoms 7.304601899196494E-4 1.8325814637483102 0.0013386278040528198
size 0.0014609203798392988 0.127833371509885 1.867543776623594E-4
correlation 7.304601899196494E-4 1.3805963400052528 0.0010084706647226099
plans 7.304601899196494E-4 3.0853444322436783 0.0022537212799442503
relative 7.304601899196494E-4 1.0539121097502027 7.698408398467514E-4
treatment 7.304601899196494E-4 0.9452782687474074 6.904881437161486E-4
least 7.304601899196494E-4 0.653926467406664 4.7766725157535726E-4
notable 7.304601899196494E-4 2.392197251683733 0.0017474048587901628
eyes 0.0029218407596785976 1.6990500711237875 0.004964353750544302
intraocular 0.004382761139517896 1.6990500711237875 0.007446530625816453
anterior 0.008765522279035792 1.906689435902032 0.01671312872960145
adoption 7.304601899196494E-4 2.331572629867298 0.0017031209860243228
sudden 0.0014609203798392988 2.9675613965872945 0.004335370922698751
elevated 0.0014609203798392988 2.2744142160273495 0.0033227380803905766
after 0.01241782322863404 0.12136085700426753 0.0015070376691545275
acquisition 7.304601899196494E-4 2.456735772821304 0.0017945476791974464
scott 0.0014609203798392988 3.5553480614894135 0.005194080440452028
hand 0.002191380569758948 1.5271998141971284 0.003346675998971063
compared 7.304601899196494E-4 0.2669461739726028 1.949935529383512E-4
decreased 0.0014609203798392988 1.293584963015623 0.0018898246355231894
subjects 7.304601899196494E-4 1.79749014393704 0.0013129949919189483
kenneth 0.003652300949598247 4.471638793363569 0.016331770611262123
onset 0.002191380569758948 2.169053700369523 0.00475322213375352
blood 0.0014609203798392988 1.906689435902032 0.002785521454933575
accumulates 7.304601899196494E-4 4.471638793363569 0.0032663541222524247
the 0.04747991234477721 0.017291497110061043 8.209987670956668E-4
photograph 0.0014609203798392988 3.2188758248682006 0.004702521292721988
interventions 7.304601899196494E-4 2.169053700369523 0.0015844073779178402
series 0.002191380569758948 1.1758019273592397 0.00257662949750016
severe 0.0014609203798392988 1.157452788691043 0.0016909463677005742
days 0.002191380569758948 1.1043429633770947 0.0024200357122945828
combined 0.0014609203798392988 0.9600933545325481 0.0014026199481848767
did 0.002191380569758948 0.5108256237659907 0.001119413346455787
surgery 0.01241782322863404 1.6990500711237875 0.021098503439813288
represent 7.304601899196494E-4 0.8209805520698303 5.996936099852668E-4
reports 7.304601899196494E-4 1.0539121097502027 7.698408398467514E-4
evidence 7.304601899196494E-4 0.9306794693262548 6.798243019183746E-4
miami 0.0014609203798392988 4.471638793363569 0.0065327082445048494
institution 7.304601899196494E-4 2.456735772821304 0.0017945476791974464
prior 0.002191380569758948 0.8209805520698303 0.0017990808299558005
accounted 0.0014609203798392988 2.5998366164619773 0.003798154297241749
theorized 7.304601899196494E-4 4.471638793363569 0.0032663541222524247
contact 7.304601899196494E-4 2.2744142160273495 0.0016613690401952883
surgical 0.005113221329437546 1.6384254493073527 0.008377631954091651
justin 0.003652300949598247 4.471638793363569 0.016331770611262123
female 7.304601899196494E-4 2.392197251683733 0.0017474048587901628
prospective 0.0014609203798392988 2.120263536200091 0.0030975362106648516
which 0.0029218407596785976 0.023122417420854212 6.756002168255431E-5
detachment 0.0014609203798392988 2.2744142160273495 0.0033227380803905766
flynn 0.003652300949598247 3.5553480614894135 0.012985201101130071
typically 7.304601899196494E-4 1.1394342831883648 8.323113828987325E-4
need 7.304601899196494E-4 0.5013468798114469 3.662139370426931E-4
its 0.002191380569758948 0.19497267434751336 4.2725933019907965E-4
consent 7.304601899196494E-4 1.4271163556401458 0.0010424516841783388
regarding 7.304601899196494E-4 0.758066726659261 5.537375651272908E-4
volume 7.304601899196494E-4 1.4512139072192063 0.0010600539862813778
vision 0.002191380569758948 1.4271163556401458 0.0031273550525350163
external 0.003652300949598247 1.4759065198095778 0.005390454783818765
materials 7.304601899196494E-4 1.4512139072192063 0.0010600539862813778
final 0.006574141709276844 0.6988778552689304 0.0045945220580134215
therefore 7.304601899196494E-4 1.1394342831883648 8.323113828987325E-4
relatively 7.304601899196494E-4 0.8209805520698303 5.996936099852668E-4
identifying 7.304601899196494E-4 1.0216512475319812 7.462755643038578E-4
rather 7.304601899196494E-4 0.758066726659261 5.537375651272908E-4
for 0.008765522279035792 0.017291497110061043 1.515690031561231E-4
cohort 0.002191380569758948 2.0292917579943643 0.004446950528840828
perforation 7.304601899196494E-4 3.2188758248682006 0.002351260646360994
lens 7.304601899196494E-4 1.8689491079191851 0.0013651929203208073
duration 0.0029218407596785976 1.7635885922613586 0.005152925032173437
benjamin 0.003652300949598247 3.7784916128036232 0.013800188505491685
traumatic 0.0029218407596785976 2.5257286443082556 0.007379776900827628
signs 7.304601899196494E-4 2.073743520565198 0.0015147870858766969
previously 7.304601899196494E-4 0.8340526336371831 6.092422451696005E-4
thomas 0.003652300949598247 2.8622008809294686 0.010453618995359638
reporting 7.304601899196494E-4 1.6384254493073527 0.0011968045648702358
over 7.304601899196494E-4 0.3364722366212129 2.457795738650204E-4
echographic 7.304601899196494E-4 5.1647859739235145 0.0037726705434065117
multiple 7.304601899196494E-4 0.5108256237659907 3.7313778215192895E-4
retrospective 0.004382761139517896 1.4271163556401458 0.006254710105070033
versus 0.002191380569758948 1.6094379124341003 0.0035268909695414905
serous 7.304601899196494E-4 4.471638793363569 0.0032663541222524247
etiology 7.304601899196494E-4 3.2188758248682006 0.002351260646360994
ranging 7.304601899196494E-4 1.6094379124341003 0.001175630323180497
better 0.002191380569758948 0.4285875255290187 9.391983758853587E-4
occurring 7.304601899196494E-4 2.0292917579943643 0.0014823168429469425
with 0.03433162892622352 0.017291497110061043 5.936452623614821E-4
management 0.005843681519357195 0.9452782687474074 0.005523905149729189
there 0.003652300949598247 0.12136085700426753 4.432463732807434E-4
well 7.304601899196494E-4 0.3127557100038969 2.284555953279013E-4
achieved 0.0029218407596785976 1.121734706088964 0.003277530185796827
showing 0.002191380569758948 1.5012243277938677 0.00328975382277692
waiver 7.304601899196494E-4 3.7784916128036232 0.002760037701098337
age 7.304601899196494E-4 0.9751312318970885 7.122945448481289E-4
phacoemulsification 0.0014609203798392988 3.2188758248682006 0.004702521292721988
taking 7.304601899196494E-4 1.3581234841531944 9.920551381688784E-4
logmar 0.003652300949598247 2.331572629867298 0.008515604930121615
advanced 7.304601899196494E-4 1.4512139072192063 0.0010600539862813778
considered 0.0014609203798392988 0.32059888746492277 4.6836944845131157E-4
focus 7.304601899196494E-4 0.6874491594453075 5.021542435685227E-4
delayed 0.009495982468955442 2.169053700369523 0.020597295912931923
occurs 0.0014609203798392988 1.6682784124570338 0.0024372219320044322
pupillary 7.304601899196494E-4 2.8622008809294686 0.0020907237990719276
improved 7.304601899196494E-4 0.8607208807193443 6.287223379980601E-4
number 0.002191380569758948 0.167573700159399 3.672177505319189E-4
defect 7.304601899196494E-4 2.6798793241355137 0.001957545160069769
william 0.003652300949598247 4.0661736852554045 0.014850890011889717
advances 0.002191380569758948 2.169053700369523 0.00475322213375352
precipitated 7.304601899196494E-4 3.373026504695459 0.0024638615812238563
majority 7.304601899196494E-4 0.9452782687474074 6.904881437161486E-4
usually 0.002191380569758948 0.9600933545325481 0.002103929922277315
order 7.304601899196494E-4 0.6214911916535102 4.5397457388861225E-4
poorer 0.0029218407596785976 2.456735772821304 0.007178190716789786
likely 7.304601899196494E-4 0.5798184952529422 4.2353432816138943E-4
underwent 0.005113221329437546 1.730798769438368 0.008849957184856521
made 0.0014609203798392988 0.6109090823229731 8.924895285945554E-4
classified 7.304601899196494E-4 1.2135422553420867 8.864443063127003E-4
confirmation 7.304601899196494E-4 2.9675613965872945 0.0021676854613493753
atypical 7.304601899196494E-4 3.7784916128036232 0.002760037701098337
contrast 7.304601899196494E-4 1.5538680612792897 0.0011350387591521473
presenting 0.004382761139517896 1.4759065198095778 0.006468545740582517
aid 7.304601899196494E-4 2.169053700369523 0.0015844073779178402
diagnosed 7.304601899196494E-4 1.6990500711237875 0.0012410884376360756
authors 0.003652300949598247 0.023122417420854212 8.445002710319289E-5
retinal 0.004382761139517896 1.730798769438368 0.007585677587019874
other 0.0014609203798392988 0.0408219945202552 5.9637683740329E-5
proportion 7.304601899196494E-4 1.4759065198095778 0.001078090956763753
respectively 7.304601899196494E-4 1.9459101490553132 0.0014214098970455173
preoperative 7.304601899196494E-4 2.2744142160273495 0.0016613690401952883
have 0.004382761139517896 0.028987536873252187 1.270454501384318E-4
december 0.003652300949598247 1.3361445774344192 0.004880002108964277
decisions 0.0014609203798392988 1.6094379124341003 0.002351260646360994
vitreoretinal 7.304601899196494E-4 2.5257286443082556 0.001844944225206907
table 0.004382761139517896 0.18805223150293962 8.241880124307069E-4
outcome 0.0029218407596785976 1.3361445774344192 0.003904001687171422
may 0.003652300949598247 0.15415067982725836 5.630046743143111E-4
within 0.0014609203798392988 0.3127557100038969 4.569111906558026E-4
filled 7.304601899196494E-4 2.6798793241355137 0.001957545160069769
defining 7.304601899196494E-4 1.906689435902032 0.0013927607274667876
generally 0.002191380569758948 0.9021060968821986 0.001976857772568733
tended 7.304601899196494E-4 2.7668907011251433 0.002021103507030784
future 7.304601899196494E-4 0.48265474679929443 3.525600780126329E-4
ciliary 0.0014609203798392988 3.5553480614894135 0.005194080440452028
comparable 0.002191380569758948 1.5812670354674039 0.003465157857123602
vanner 0.003652300949598247 5.1647859739235145 0.018863352717032558
hemorrhage 0.013878743608473338 2.392197251683733 0.03320069231701309
presumably 7.304601899196494E-4 3.7784916128036232 0.002760037701098337
quadrants 7.304601899196494E-4 3.5553480614894135 0.002597040220226014
ultrasonography 0.0029218407596785976 4.471638793363569 0.013065416489009699
findings 0.0014609203798392988 0.7459453661269161 0.001089766787621499
several 0.0014609203798392988 0.3526016185510966 5.151228905056196E-4
penetrating 7.304601899196494E-4 2.7668907011251433 0.002021103507030784
while 0.004382761139517896 0.20895891632225325 9.158170182129434E-4
perception 0.003652300949598247 1.3805963400052528 0.005042353323613049
atherosclerotic 7.304601899196494E-4 5.1647859739235145 0.0037726705434065117
that 0.003652300949598247 0.017291497110061043 6.31537513150513E-5
suggests 7.304601899196494E-4 1.157452788691043 8.454731838502871E-4
suprachoroidal 0.014609203798392988 4.0661736852554045 0.05940356004755887
high 7.304601899196494E-4 0.2521310881874621 1.8417172256206144E-4
download 0.002191380569758948 0.2595111954850846 5.686877914209304E-4
shallowing 7.304601899196494E-4 5.1647859739235145 0.0037726705434065117
whether 7.304601899196494E-4 0.5300569856938783 3.871855264381872E-4
than 0.0014609203798392988 0.058840500022933395 8.596128564343813E-5
continuous 7.304601899196494E-4 1.1758019273592397 8.588764991667201E-4
reviewed 7.304601899196494E-4 1.3805963400052528 0.0010084706647226099
supplementary 7.304601899196494E-4 2.5257286443082556 0.001844944225206907
directly 7.304601899196494E-4 0.7703368192510752 5.627003792922391E-4
representative 0.002191380569758948 1.730798769438368 0.003792838793509937
selected 0.002191380569758948 0.758066726659261 0.0016612126953818721
all 0.003652300949598247 0.017291497110061043 6.31537513150513E-5
counting 0.002191380569758948 2.120263536200091 0.004646304315997277
months 7.304601899196494E-4 1.3146383722134554 9.602909950426993E-4
comparison 7.304601899196494E-4 0.758066726659261 5.537375651272908E-4
including 0.0014609203798392988 0.2669461739726028 3.899871058767024E-4
occur 7.304601899196494E-4 1.3146383722134554 9.602909950426993E-4
differs 7.304601899196494E-4 1.8689491079191851 0.0013651929203208073
touch 7.304601899196494E-4 3.5553480614894135 0.002597040220226014
conducted 7.304601899196494E-4 0.664976303593249 4.857387170147911E-4
diagnosis 7.304601899196494E-4 1.4512139072192063 0.0010600539862813778
pressure 0.0014609203798392988 1.6094379124341003 0.002351260646360994
becomes 7.304601899196494E-4 1.79749014393704 0.0013129949919189483
institutions 7.304601899196494E-4 2.392197251683733 0.0017474048587901628
perioperative 7.304601899196494E-4 3.2188758248682006 0.002351260646360994
clinical 0.0014609203798392988 0.9452782687474074 0.0013809762874322973
adhesions 7.304601899196494E-4 5.1647859739235145 0.0037726705434065117
were 0.017531044558071585 0.0958817717032825 0.0016809076120370928
individually 7.304601899196494E-4 2.5998366164619773 0.0018990771486208746
october 7.304601899196494E-4 2.0292917579943643 0.0014823168429469425
present 7.304601899196494E-4 0.38566248081198473 2.817110889788055E-4
became 7.304601899196494E-4 1.8689491079191851 0.0013651929203208073
complication 7.304601899196494E-4 2.331572629867298 0.0017031209860243228
code 7.304601899196494E-4 1.8325814637483102 0.0013386278040528198
university 0.0014609203798392988 1.121734706088964 0.0016387650928984135
anticoagulation 7.304601899196494E-4 4.471638793363569 0.0032663541222524247
scleral 0.0014609203798392988 2.5257286443082556 0.003689888450413814
cause 7.304601899196494E-4 1.1394342831883648 8.323113828987325E-4
best 7.304601899196494E-4 0.6988778552689304 5.105024508903802E-4
investigate 7.304601899196494E-4 0.9600933545325481 7.013099740924383E-4
and 0.03725346968590212 0.017291497110061043 6.441682634135232E-4
design 7.304601899196494E-4 1.0376515888784226 7.579631766825585E-4
included 0.005843681519357195 0.41985384556026406 0.002453492158131565
highly 7.304601899196494E-4 0.9162907318741551 6.693139020264099E-4
elevation 0.0014609203798392988 3.2188758248682006 0.004702521292721988
relieve 7.304601899196494E-4 4.471638793363569 0.0032663541222524247
hypotony 0.002191380569758948 3.7784916128036232 0.00828011310329501
followed 7.304601899196494E-4 0.758066726659261 5.537375651272908E-4
despite 7.304601899196494E-4 0.7221347174331975 5.274906628438258E-4
declarations 7.304601899196494E-4 5.1647859739235145 0.0037726705434065117
due 0.0014609203798392988 0.20895891632225325 3.052723394043145E-4
choroidal 0.002191380569758948 2.5998366164619773 0.005697231445862623
drainage 0.006574141709276844 3.2188758248682006 0.021161345817248944
maintenance 7.304601899196494E-4 2.5257286443082556 0.001844944225206907
remainder 7.304601899196494E-4 2.2744142160273495 0.0016613690401952883
anticoagulant 7.304601899196494E-4 3.7784916128036232 0.002760037701098337
discussion 7.304601899196494E-4 0.2595111954850846 1.8956259714031015E-4
stretching 7.304601899196494E-4 3.7784916128036232 0.002760037701098337
observed 0.0029218407596785976 0.6988778552689304 0.0020420098035615207
surgically 7.304601899196494E-4 3.2188758248682006 0.002351260646360994
mimicking 7.304601899196494E-4 3.7784916128036232 0.002760037701098337
choroidals 7.304601899196494E-4 5.1647859739235145 0.0037726705434065117
recent 7.304601899196494E-4 0.5596157879354227 4.0877705473734306E-4
defined 0.002191380569758948 0.5300569856938783 0.0011615565793145616
based 7.304601899196494E-4 0.18805223150293962 1.3736466873845115E-4
smiddy 0.003652300949598247 5.1647859739235145 0.018863352717032558
remain 7.304601899196494E-4 1.5538680612792897 0.0011350387591521473
townsend 0.003652300949598247 5.1647859739235145 0.018863352717032558
then 0.0014609203798392988 0.4285875255290187 6.261322505902392E-4
each 0.002191380569758948 0.13434805253107854 2.9440771190155995E-4
secondary 7.304601899196494E-4 1.4271163556401458 0.0010424516841783388
parastou 0.003652300949598247 5.1647859739235145 0.018863352717032558
requested 7.304601899196494E-4 3.2188758248682006 0.002351260646360994
highest 7.304601899196494E-4 1.0872485300177945 7.941917677266578E-4
qureshi 7.304601899196494E-4 5.1647859739235145 0.0037726705434065117
systemic 7.304601899196494E-4 1.5271998141971284 0.0011155586663236876
complexity 7.304601899196494E-4 1.6094379124341003 0.001175630323180497
increased 7.304601899196494E-4 0.4919571394616079 3.5935510552345353E-4
corneal 0.0014609203798392988 1.9459101490553132 0.0028428197940910346
concurrent 0.0014609203798392988 2.7668907011251433 0.004042207014061568
liquefaction 7.304601899196494E-4 5.1647859739235145 0.0037726705434065117
hypoechoic 7.304601899196494E-4 5.1647859739235145 0.0037726705434065117
two 7.304601899196494E-4 0.11492996667397702 8.395176528413223E-5
long 7.304601899196494E-4 0.7827593392496325 5.717745356096658E-4
into 7.304601899196494E-4 0.10854016857520597 7.928427215135571E-5
current 0.007304601899196494 0.4919571394616079 0.0035935510552345356
are 0.002191380569758948 0.028987536873252187 6.35227250692159E-5
managed 0.003652300949598247 2.073743520565198 0.007573935429383485
reported 0.0014609203798392988 0.5300569856938783 7.743710528763744E-4
where 0.002191380569758948 0.32850406697203605 7.19877429449312E-4
variables 0.002191380569758948 0.9452782687474074 0.002071464431148446
reynolds 0.0014609203798392988 5.1647859739235145 0.0075453410868130235
cataract 0.0014609203798392988 2.5257286443082556 0.003689888450413814
decision 7.304601899196494E-4 1.157452788691043 8.454731838502871E-4
occurred 0.002191380569758948 1.3581234841531944 0.002976165414506635
accordance 0.0014609203798392988 1.6384254493073527 0.0023936091297404715
many 7.304601899196494E-4 0.20194134366360675 1.4751011224514737E-4
single 7.304601899196494E-4 0.6429973968744738 4.696840006387683E-4
such 7.304601899196494E-4 0.10219094089654716 7.464641409535951E-5
nlp 0.0014609203798392988 0.41119578281714936 6.007242992215477E-4
ppv 0.005843681519357195 2.456735772821304 0.014356381433579571
associated 0.004382761139517896 0.4373981552111735 0.0019170116371563482
intervene 7.304601899196494E-4 4.0661736852554045 0.0029701780023779433
pseudophakic 7.304601899196494E-4 3.2188758248682006 0.002351260646360994
seeks 7.304601899196494E-4 2.8622008809294686 0.0020907237990719276
through 0.0014609203798392988 0.2595111954850846 3.791251942806203E-4
but 0.002191380569758948 0.083381608939051 1.8272083770427537E-4
hyperechoic 7.304601899196494E-4 5.1647859739235145 0.0037726705434065117
medical 7.304601899196494E-4 0.9600933545325481 7.013099740924383E-4
glaucoma 0.002191380569758948 2.331572629867298 0.005109362958072968
reasonable 7.304601899196494E-4 1.5012243277938677 0.0010965846075923066
remains 0.0029218407596785976 1.4512139072192063 0.004240215945125511
had 0.005843681519357195 0.32059888746492277 0.0018734777938052463
challenging 7.304601899196494E-4 1.5538680612792897 0.0011350387591521473
presentation 7.304601899196494E-4 1.6990500711237875 0.0012410884376360756
features 0.002191380569758948 0.8340526336371831 0.0018277267355088014
uncontrolled 7.304601899196494E-4 3.5553480614894135 0.002597040220226014
ruled 7.304601899196494E-4 3.373026504695459 0.0024638615812238563
segment 0.007304601899196494 2.120263536200091 0.01548768105332426
has 0.002191380569758948 0.05279818556697083 1.1570091796998721E-4
helpful 7.304601899196494E-4 2.2203469947570738 0.0016218750874777749
results 7.304601899196494E-4 0.08961215868968714 6.545811445557862E-5
those 0.0014609203798392988 0.3364722366212129 4.915591477300408E-4
given 7.304601899196494E-4 0.3526016185510966 2.575614452528098E-4
treated 7.304601899196494E-4 1.0216512475319812 7.462755643038578E-4
last 0.004382761139517896 0.7703368192510752 0.003376202275753434
cutdown 7.304601899196494E-4 5.1647859739235145 0.0037726705434065117
degree 0.002191380569758948 1.2729656758128876 0.0027895522479464297
this 0.006574141709276844 0.017291497110061043 1.1367675236709232E-4
significant 7.304601899196494E-4 0.377294231141468 2.755984157351848E-4
worse 0.0014609203798392988 1.6094379124341003 0.002351260646360994
decrease 7.304601899196494E-4 1.3146383722134554 9.602909950426993E-4
institutional 7.304601899196494E-4 1.3361445774344192 9.760004217928555E-4
involved 0.002191380569758948 1.1043429633770947 0.0024200357122945828
once 7.304601899196494E-4 1.4271163556401458 0.0010424516841783388
leads 7.304601899196494E-4 1.1758019273592397 8.588764991667201E-4
demonstrate 7.304601899196494E-4 1.293584963015623 9.449123177615947E-4
full 0.0014609203798392988 0.14750613710858965 2.1549472185330849E-4
higher 0.0014609203798392988 0.41985384556026406 6.133730395328912E-4
assessed 7.304601899196494E-4 1.3581234841531944 9.920551381688784E-4
records 7.304601899196494E-4 1.3581234841531944 9.920551381688784E-4
needed 7.304601899196494E-4 0.8080771472339223 5.902681864382194E-4
parametric 7.304601899196494E-4 3.2188758248682006 0.002351260646360994
changes 7.304601899196494E-4 0.9021060968821986 6.589525908562444E-4
vitrectomy 0.0014609203798392988 2.073743520565198 0.0030295741717533938
video 7.304601899196494E-4 2.5257286443082556 0.001844944225206907
caveats 7.304601899196494E-4 5.1647859739235145 0.0037726705434065117
conclusion 7.304601899196494E-4 0.653926467406664 4.7766725157535726E-4
not 0.005113221329437546 0.03488725900044054 1.7838627684666457E-4
common 7.304601899196494E-4 0.3526016185510966 2.575614452528098E-4
ranged 7.304601899196494E-4 1.8689491079191851 0.0013651929203208073
severity 7.304601899196494E-4 2.0292917579943643 0.0014823168429469425
elizabeth 0.003652300949598247 3.5553480614894135 0.012985201101130071
opposing 7.304601899196494E-4 3.5553480614894135 0.002597040220226014
figure 0.0029218407596785976 0.20194134366360675 5.900404489805895E-4
characteristics 7.304601899196494E-4 0.7703368192510752 5.627003792922391E-4
cases 0.005843681519357195 0.6004377824556778 0.0035087671728600603
previous 7.304601899196494E-4 0.32850406697203605 2.3995914314977067E-4
intraoperatively 7.304601899196494E-4 3.5553480614894135 0.002597040220226014
center 7.304601899196494E-4 1.8325814637483102 0.0013386278040528198
was 0.013878743608473338 0.058840500022933395 8.166322136126621E-4
superior 7.304601899196494E-4 2.120263536200091 0.0015487681053324258
jason 0.003652300949598247 4.0661736852554045 0.014850890011889717
short 7.304601899196494E-4 1.157452788691043 8.454731838502871E-4
risk 7.304601899196494E-4 0.8209805520698303 5.996936099852668E-4
time 7.304601899196494E-4 0.20194134366360675 1.4751011224514737E-4
measured 7.304601899196494E-4 1.0704414117014134 7.819148368892721E-4
assignments 7.304601899196494E-4 3.2188758248682006 0.002351260646360994
audina 0.003652300949598247 5.1647859739235145 0.018863352717032558
type 0.0014609203798392988 0.5203950747821414 7.602557703172264E-4
fingers 7.304601899196494E-4 2.7668907011251433 0.002021103507030784
when 0.002191380569758948 0.14750613710858965 3.232420827799627E-4
choroid 0.0014609203798392988 3.7784916128036232 0.005520075402196674
fan 0.003652300949598247 3.373026504695459 0.012319307906119282
identified 7.304601899196494E-4 0.6321864807702582 4.6178705680807757E-4
terms 7.304601899196494E-4 0.5696661237889241 4.16118424973648E-4
nicolas 0.003652300949598247 5.1647859739235145 0.018863352717032558
review 0.0014609203798392988 0.5696661237889241 8.32236849947296E-4
dissemination 7.304601899196494E-4 3.7784916128036232 0.002760037701098337
lazzarini 0.003652300949598247 5.1647859739235145 0.018863352717032558
greater 0.002191380569758948 0.8743265327751228 0.0019159821755481143
between 0.002191380569758948 0.058840500022933395 1.2894192846515717E-4
case 7.304601899196494E-4 0.38566248081198473 2.817110889788055E-4
images 7.304601899196494E-4 1.8689491079191851 0.0013651929203208073
method 7.304601899196494E-4 0.4734380916943703 3.458276783742661E-4
jayanth 0.003652300949598247 5.1647859739235145 0.018863352717032558
light 0.003652300949598247 1.2729656758128876 0.004649253746577383
determined 7.304601899196494E-4 1.0376515888784226 7.579631766825585E-4
following 7.304601899196494E-4 0.2160260835453457 1.5779845401413126E-4
afferent 7.304601899196494E-4 2.8622008809294686 0.0020907237990719276
study 0.01095690284879474 0.15415067982725836 0.0016890140229429331
methods 7.304601899196494E-4 0.20194134366360675 1.4751011224514737E-4
harry 0.003652300949598247 3.5553480614894135 0.012985201101130071
differences 7.304601899196494E-4 0.7953381214564925 5.809628352494467E-4
out 7.304601899196494E-4 0.368995428326773 2.69536470655057E-4
julia 0.003652300949598247 5.1647859739235145 0.018863352717032558
flat 7.304601899196494E-4 2.9675613965872945 0.0021676854613493753
causes 7.304601899196494E-4 1.5538680612792897 0.0011350387591521473
federal 7.304601899196494E-4 3.5553480614894135 0.002597040220226014
physician 0.0014609203798392988 2.2744142160273495 0.0033227380803905766
valsalva 7.304601899196494E-4 5.1647859739235145 0.0037726705434065117
include 0.0014609203798392988 0.5013468798114469 7.324278740853862E-4
observation 0.004382761139517896 1.5538680612792897 0.006810232554912883
more 0.0014609203798392988 0.05279818556697083 7.71339453133248E-5
display 0.0014609203798392988 0.167573700159399 2.44811833687946E-4
csvdisplay 0.002191380569758948 0.2669461739726028 5.849806588150535E-4
consistent 7.304601899196494E-4 0.9306794693262548 6.798243019183746E-4
great 7.304601899196494E-4 1.3361445774344192 9.760004217928555E-4
performed 0.002191380569758948 0.4643056081310978 0.0010174702880886
buckle 7.304601899196494E-4 3.7784916128036232 0.002760037701098337
assess 7.304601899196494E-4 0.9751312318970885 7.122945448481289E-4
january 7.304601899196494E-4 1.3581234841531944 9.920551381688784E-4
regulations 7.304601899196494E-4 2.6798793241355137 0.001957545160069769
sides 7.304601899196494E-4 3.2188758248682006 0.002351260646360994
incidence 0.002191380569758948 1.6384254493073527 0.003590413694610707
board 7.304601899196494E-4 1.4512139072192063 0.0010600539862813778
cohorts 7.304601899196494E-4 2.7668907011251433 0.002021103507030784
indicator 7.304601899196494E-4 2.120263536200091 0.0015487681053324258
small 7.304601899196494E-4 0.6214911916535102 4.5397457388861225E-4
used 0.0014609203798392988 0.07103577311675174 1.037776086439032E-4
space 7.304601899196494E-4 1.3146383722134554 9.602909950426993E-4
chamber 7.304601899196494E-4 2.2744142160273495 0.0016613690401952883
shown 7.304601899196494E-4 0.3364722366212129 2.457795738650204E-4
percentage 0.0014609203798392988 1.3146383722134554 0.0019205819900853986
only 0.004382761139517896 0.10854016857520597 4.7570563290813425E-4
should 7.304601899196494E-4 0.368995428326773 2.69536470655057E-4
from 0.003652300949598247 0.023122417420854212 8.445002710319289E-5
potential 0.002191380569758948 0.44628710262841953 9.779848852339362E-4
group 0.0014609203798392988 0.6321864807702582 9.235741136161551E-4
development 7.304601899196494E-4 0.6004377824556778 4.3859589660750754E-4
visible 0.0014609203798392988 2.7668907011251433 0.004042207014061568
demonstrates 7.304601899196494E-4 2.120263536200091 0.0015487681053324258
individual 7.304601899196494E-4 0.7221347174331975 5.274906628438258E-4
timing 0.0014609203798392988 2.331572629867298 0.0034062419720486455
patients 0.02337472607742878 0.9452782687474074 0.022095620598916756
history 7.304601899196494E-4 1.2729656758128876 9.298507493154767E-4
published 0.003652300949598247 0.03488725900044054 1.27418769176189E-4
prolonged 7.304601899196494E-4 2.6798793241355137 0.001957545160069769
inner 7.304601899196494E-4 2.456735772821304 0.0017945476791974464
both 7.304601899196494E-4 0.13434805253107854 9.813590396718666E-5
most 7.304601899196494E-4 0.0771896386911299 5.638395813815186E-5
clinically 7.304601899196494E-4 2.2744142160273495 0.0016613690401952883
intervention 0.0029218407596785976 1.79749014393704 0.005251979967675793
who 0.0029218407596785976 0.44628710262841953 0.0013039798469785815
largest 7.304601899196494E-4 1.6094379124341003 0.001175630323180497
pathology 7.304601899196494E-4 3.0853444322436783 0.0022537212799442503
their 0.0014609203798392988 0.12136085700426753 1.7729854931229736E-4
distinct 7.304601899196494E-4 1.6990500711237875 0.0012410884376360756
ocular 0.0014609203798392988 1.5538680612792897 0.0022700775183042946
can 0.0014609203798392988 0.0958817717032825 1.400756343364244E-4
guarded 7.304601899196494E-4 4.0661736852554045 0.0029701780023779433
alone 7.304601899196494E-4 1.730798769438368 0.0012642795978366457
causing 7.304601899196494E-4 1.7635885922613586 0.0012882312580433592
public 7.304601899196494E-4 1.3361445774344192 9.760004217928555E-4
patient 7.304601899196494E-4 0.9751312318970885 7.122945448481289E-4
studies 0.002191380569758948 0.24480504809538922 5.364610257751407E-4
introduction 7.304601899196494E-4 0.10219094089654716 7.464641409535951E-5
motion 0.0014609203798392988 2.120263536200091 0.0030975362106648516
limited 7.304601899196494E-4 0.5696661237889241 4.16118424973648E-4
studied 7.304601899196494E-4 1.0539121097502027 7.698408398467514E-4
also 0.0014609203798392988 0.05279818556697083 7.71339453133248E-5
follow 7.304601899196494E-4 1.4512139072192063 0.0010600539862813778
factors 0.0014609203798392988 0.6321864807702582 9.235741136161551E-4
serial 7.304601899196494E-4 4.471638793363569 0.0032663541222524247
mean 0.004382761139517896 0.6214911916535102 0.0027238474433316736
variable 7.304601899196494E-4 1.3146383722134554 9.602909950426993E-4
determining 7.304601899196494E-4 1.5538680612792897 0.0011350387591521473
treating 7.304601899196494E-4 2.073743520565198 0.0015147870858766969
